Porites_evermani_scaffold_1	3106	4488	gene-Peve_00000001	0	24
Porites_evermani_scaffold_1	8491	11026	gene-Peve_00000039	0.3070175395	76
Porites_evermani_scaffold_1	26133	26404	gene-Peve_00000112	0	4
Porites_evermani_scaffold_1	30312	42225	gene-Peve_00000117	0.6700966531	294
Porites_evermani_scaffold_1	32615	67628	gene-Peve_00000122	0.3858917661	560
Porites_evermani_scaffold_1	48873	51224	gene-Peve_00000008	0.5128205333	15
Porites_evermani_scaffold_1	65319	86407	gene-Peve_00000013	4.620913265	117
Porites_evermani_scaffold_1	101849	109532	gene-Peve_00000032	33.07817429	95
Porites_evermani_scaffold_1	109875	149116	gene-Peve_00000035	22.54395702	578
Porites_evermani_scaffold_1	149637	155026	gene-Peve_00000042	59.43444548	73
Porites_evermani_scaffold_1	158890	162135	gene-Peve_00000058	0.09074410345	58
Porites_evermani_scaffold_1	166064	171253	gene-Peve_00000069	0.1049653133	166
Porites_evermani_scaffold_1	179201	188092	gene-Peve_00000090	0.7205119065	246
Porites_evermani_scaffold_1	192184	193786	gene-Peve_00000105	0	12
Porites_evermani_scaffold_1	205240	208000	gene-Peve_00000106	0.1096491228	57
Porites_evermani_scaffold_1	210456	220608	gene-Peve_00000107	10.38442802	181
Porites_evermani_scaffold_1	220724	266805	gene-Peve_00000108	21.39452752	869
Porites_evermani_scaffold_1	269247	269691	gene-Peve_00000109	0	16
Porites_evermani_scaffold_1	274649	275762	gene-Peve_00000110	2.077400895	19
Porites_evermani_scaffold_1	283309	286314	gene-Peve_00000111	0.4588744533	75
Porites_evermani_scaffold_1	294365	306012	gene-Peve_00000113	68.23476464	87
Porites_evermani_scaffold_1	307342	313927	gene-Peve_00000114	19.84051588	106
Porites_evermani_scaffold_1	322287	330562	gene-Peve_00000115	23.95567799	131
Porites_evermani_scaffold_1	339934	348309	gene-Peve_00000116	17.91054979	160
Porites_evermani_scaffold_1	358045	370091	gene-Peve_00000118	14.8980131	262
Porites_evermani_scaffold_1	374768	375728	gene-Peve_00000119	0.3443863488	43
Porites_evermani_scaffold_1	380176	381157	gene-Peve_00000120	0	10
Porites_evermani_scaffold_1	384174	413351	gene-Peve_00000121	15.51895971	268
Porites_evermani_scaffold_1	414968	420513	gene-Peve_00000123	84.76031671	49
Porites_evermani_scaffold_1	424478	429034	gene-Peve_00000002	49.04978684	43
Porites_evermani_scaffold_1	429393	438909	gene-Peve_00000003	49.25307367	45
Porites_evermani_scaffold_1	440254	447192	gene-Peve_00000004	61.03560568	138
Porites_evermani_scaffold_1	448044	460031	gene-Peve_00000005	60.14161173	71
Porites_evermani_scaffold_1	462456	477071	gene-Peve_00000006	67.84762714	175
Porites_evermani_scaffold_1	480231	486047	gene-Peve_00000007	72.68979744	68
Porites_evermani_scaffold_1	486174	486885	gene-Peve_00000009	85.93406587	8
Porites_evermani_scaffold_1	490252	491251	gene-Peve_00000010	0.4674311304	46
Porites_evermani_scaffold_1	492611	523648	gene-Peve_00000011	58.14765083	311
Porites_evermani_scaffold_1	529278	534693	gene-Peve_00000012	21.47058013	92
Porites_evermani_scaffold_1	549082	552387	gene-Peve_00000014	0.9538737069	58
Porites_evermani_scaffold_1	554421	571855	gene-Peve_00000015	8.819966556	225
Porites_evermani_scaffold_1	578221	581946	gene-Peve_00000016	0.759424517	147
Porites_evermani_scaffold_1	589497	608927	gene-Peve_00000017	31.90462633	193
Porites_evermani_scaffold_1	621432	636474	gene-Peve_00000018	0.2649656242	322
Porites_evermani_scaffold_1	636607	643646	gene-Peve_00000019	0.7962890273	220
Porites_evermani_scaffold_1	646712	647465	gene-Peve_00000020	0	12
Porites_evermani_scaffold_1	649101	649467	gene-Peve_00000021	0	2
Porites_evermani_scaffold_1	652977	653955	gene-Peve_00000022	0.378787875	24
Porites_evermani_scaffold_1	661551	662574	gene-Peve_00000023	0.1984126905	42
Porites_evermani_scaffold_1	665139	669140	gene-Peve_00000024	57.56906908	65
Porites_evermani_scaffold_1	669356	672011	gene-Peve_00000025	18.62851661	23
Porites_evermani_scaffold_1	679763	680210	gene-Peve_00000027	0.3125	20
Porites_evermani_scaffold_1	685639	686293	gene-Peve_00000028	0.7807981579	19
Porites_evermani_scaffold_1	688204	690745	gene-Peve_00000029	0	55
Porites_evermani_scaffold_1	691153	691828	gene-Peve_00000030	0	1
Porites_evermani_scaffold_1	700640	711574	gene-Peve_00000031	1.03041393	227
Porites_evermani_scaffold_1	716352	717549	gene-Peve_00000033	0	59
Porites_evermani_scaffold_1	725768	737893	gene-Peve_00000034	36.22287964	157
Porites_evermani_scaffold_1	744217	790660	gene-Peve_00000036	3.410929586	1163
Porites_evermani_scaffold_1	779044	781351	gene-Peve_00000038	0.8665024098	61
Porites_evermani_scaffold_1	794902	805009	gene-Peve_00000041	4.257290951	243
Porites_evermani_scaffold_1	807558	811754	gene-Peve_00000040	29.74331632	34
Porites_evermani_scaffold_1	812862	813174	gene-Peve_00000043	0	1
Porites_evermani_scaffold_1	818678	819860	gene-Peve_00000044	4.072732893	28
Porites_evermani_scaffold_1	822045	827927	gene-Peve_00000045	27.06370222	103
Porites_evermani_scaffold_1	829786	835541	gene-Peve_00000046	67.85796775	61
Porites_evermani_scaffold_1	835705	857204	gene-Peve_00000047	46.99599628	400
Porites_evermani_scaffold_1	882548	912504	gene-Peve_00000048	17.00099947	598
Porites_evermani_scaffold_1	920565	973149	gene-Peve_00000049	0.8054144253	1453
Porites_evermani_scaffold_1	975591	989941	gene-Peve_00000050	0.9313331056	303
Porites_evermani_scaffold_1	998527	1015492	gene-Peve_00000052	0.9950774301	472
Porites_evermani_scaffold_1	1023009	1030894	gene-Peve_00000053	0.5197142194	237
Porites_evermani_scaffold_1	1045506	1045824	gene-Peve_00000054	0	10
Porites_evermani_scaffold_1	1046286	1048284	gene-Peve_00000055	1.165463091	66
Porites_evermani_scaffold_1	1057487	1064479	gene-Peve_00000056	0.5324370423	142
Porites_evermani_scaffold_1	1070074	1075588	gene-Peve_00000057	3.445540812	16
Porites_evermani_scaffold_1	1093418	1096995	gene-Peve_00000059	1.137838457	116
Porites_evermani_scaffold_1	1125589	1150628	gene-Peve_00000060	3.49913197	625
Porites_evermani_scaffold_1	1153460	1186636	gene-Peve_00000061	0.7585622704	921
Porites_evermani_scaffold_1	1206472	1206925	gene-Peve_00000063	0	4
Porites_evermani_scaffold_1	1207862	1256716	gene-Peve_00000064	0.7928048305	1109
Porites_evermani_scaffold_1	1264162	1283085	gene-Peve_00000066	1.250070113	452
Porites_evermani_scaffold_1	1289231	1305449	gene-Peve_00000067	0.9947298901	473
Porites_evermani_scaffold_1	1306243	1319585	gene-Peve_00000068	33.6550081	229
Porites_evermani_scaffold_1	1320175	1320885	gene-Peve_00000070	16.55400158	12
Porites_evermani_scaffold_1	1321938	1323128	gene-Peve_00000071	3.133353108	37
Porites_evermani_scaffold_1	1328832	1329768	gene-Peve_00000072	0	25
Porites_evermani_scaffold_1	1333444	1348996	gene-Peve_00000073	0.328866888	384
Porites_evermani_scaffold_1	1361458	1369469	gene-Peve_00000075	87.52004195	125
Porites_evermani_scaffold_1	1371698	1377818	gene-Peve_00000076	83.55633912	109
Porites_evermani_scaffold_1	1380412	1416448	gene-Peve_00000077	30.74192907	472
Porites_evermani_scaffold_1	1417083	1431618	gene-Peve_00000078	46.1346977	296
Porites_evermani_scaffold_1	1435394	1450173	gene-Peve_00000079	53.2090446	151
Porites_evermani_scaffold_1	1482181	1482907	gene-Peve_00000080	0	14
Porites_evermani_scaffold_1	1485980	1489082	gene-Peve_00000081	1.583097357	98
Porites_evermani_scaffold_1	1491331	1511188	gene-Peve_00000082	11.85768048	400
Porites_evermani_scaffold_1	1514128	1520070	gene-Peve_00000083	0.749514052	173
Porites_evermani_scaffold_1	1552339	1573658	gene-Peve_00000084	0.4353988047	594
Porites_evermani_scaffold_1	1575836	1631357	gene-Peve_00000085	4.658975461	1508
Porites_evermani_scaffold_1	1579058	1579301	gene-Peve_00000086	.	0
Porites_evermani_scaffold_1	1595288	1600769	gene-Peve_00000087	2.948057658	149
Porites_evermani_scaffold_1	1604964	1611229	gene-Peve_00000088	0.6671335822	225
Porites_evermani_scaffold_1	1616159	1620029	gene-Peve_00000089	0.6742186812	138
Porites_evermani_scaffold_1	1635368	1639749	gene-Peve_00000091	89.14731013	15
Porites_evermani_scaffold_1	1643415	1660003	gene-Peve_00000092	.	0
Porites_evermani_scaffold_1	1661565	1664765	gene-Peve_00000093	.	0
Porites_evermani_scaffold_1	1665512	1668492	gene-Peve_00000094	.	0
Porites_evermani_scaffold_1	1671729	1673714	gene-Peve_00000095	0.1698444103	78
Porites_evermani_scaffold_1	1680201	1687620	gene-Peve_00000096	67.16759635	78
Porites_evermani_scaffold_1	1690383	1697585	gene-Peve_00000097	61.09632737	87
Porites_evermani_scaffold_1	1704038	1711162	gene-Peve_00000098	0.7226002479	238
Porites_evermani_scaffold_1	1715634	1725081	gene-Peve_00000099	50.51144204	175
Porites_evermani_scaffold_1	1729856	1741704	gene-Peve_00000100	0.7739464918	183
Porites_evermani_scaffold_1	1748488	1781241	gene-Peve_00000101	62.69484929	347
Porites_evermani_scaffold_1	1785757	1786303	gene-Peve_00000102	0	21
Porites_evermani_scaffold_1	1788107	1800428	gene-Peve_00000103	24.23502105	160
Porites_evermani_scaffold_1	1800468	1802489	gene-Peve_00000104	60.18379354	41
Porites_evermani_scaffold_10	16485	16833	gene-Peve_00000176	0	9
Porites_evermani_scaffold_10	142409	152395	gene-Peve_00000138	29.62029006	214
Porites_evermani_scaffold_10	152574	158802	gene-Peve_00000142	28.02057398	111
Porites_evermani_scaffold_10	161353	186747	gene-Peve_00000149	11.90654735	504
Porites_evermani_scaffold_10	190275	198925	gene-Peve_00000162	20.18048512	175
Porites_evermani_scaffold_10	208208	220689	gene-Peve_00000175	0.8525205438	331
Porites_evermani_scaffold_10	227006	231780	gene-Peve_00000177	0	36
Porites_evermani_scaffold_10	231898	250381	gene-Peve_00000178	0.2894211557	167
Porites_evermani_scaffold_10	250755	254859	gene-Peve_00000179	0.9361508673	113
Porites_evermani_scaffold_10	264840	270359	gene-Peve_00000180	2.030638248	125
Porites_evermani_scaffold_10	284174	285163	gene-Peve_00000181	0.4374307907	43
Porites_evermani_scaffold_10	305881	310686	gene-Peve_00000183	0.728921284	81
Porites_evermani_scaffold_10	330174	339383	gene-Peve_00000184	18.65032423	155
Porites_evermani_scaffold_10	348921	349896	gene-Peve_00000185	1.388078636	33
Porites_evermani_scaffold_10	352044	409006	gene-Peve_00000186	3.968510206	1170
Porites_evermani_scaffold_10	420534	421857	gene-Peve_00000187	0	28
Porites_evermani_scaffold_10	422198	427707	gene-Peve_00000188	0.6667953179	151
Porites_evermani_scaffold_10	455316	456408	gene-Peve_00000189	0	34
Porites_evermani_scaffold_10	464404	465626	gene-Peve_00000191	0.8333333182	22
Porites_evermani_scaffold_10	467964	472361	gene-Peve_00000192	2.884969126	119
Porites_evermani_scaffold_10	494759	495845	gene-Peve_00000193	0.39285714	50
Porites_evermani_scaffold_10	499549	499901	gene-Peve_00000194	0	9
Porites_evermani_scaffold_10	517921	520657	gene-Peve_00000125	0	48
Porites_evermani_scaffold_10	547963	549085	gene-Peve_00000126	0.3609625682	44
Porites_evermani_scaffold_10	562194	564790	gene-Peve_00000127	0.8142534493	69
Porites_evermani_scaffold_10	572522	573395	gene-Peve_00000128	0	20
Porites_evermani_scaffold_10	588449	589960	gene-Peve_00000130	0.3299128491	53
Porites_evermani_scaffold_10	591404	592592	gene-Peve_00000131	0.5526083103	29
Porites_evermani_scaffold_10	594440	597371	gene-Peve_00000132	0.2091377027	74
Porites_evermani_scaffold_10	598317	599406	gene-Peve_00000133	1.287878773	22
Porites_evermani_scaffold_10	602830	604015	gene-Peve_00000134	0	43
Porites_evermani_scaffold_10	612387	617900	gene-Peve_00000135	87.09872663	46
Porites_evermani_scaffold_10	624449	627164	gene-Peve_00000136	0	71
Porites_evermani_scaffold_10	635405	691379	gene-Peve_00000137	5.14746819	1247
Porites_evermani_scaffold_10	691896	692814	gene-Peve_00000139	0	29
Porites_evermani_scaffold_10	695456	696610	gene-Peve_00000140	0	2
Porites_evermani_scaffold_10	698618	727334	gene-Peve_00000141	0.5992494742	776
Porites_evermani_scaffold_10	755413	755962	gene-Peve_00000143	3.468515346	26
Porites_evermani_scaffold_10	764132	772718	gene-Peve_00000144	1.64757486	235
Porites_evermani_scaffold_10	780074	781473	gene-Peve_00000145	.	0
Porites_evermani_scaffold_10	794414	812077	gene-Peve_00000146	0.4231001231	520
Porites_evermani_scaffold_10	815185	821439	gene-Peve_00000147	0.3519072922	154
Porites_evermani_scaffold_10	823853	858949	gene-Peve_00000148	3.057287932	785
Porites_evermani_scaffold_10	859089	862281	gene-Peve_00000150	59.77431881	59
Porites_evermani_scaffold_10	868849	871101	gene-Peve_00000151	0	54
Porites_evermani_scaffold_10	892255	917469	gene-Peve_00000155	6.275860696	631
Porites_evermani_scaffold_10	921935	924406	gene-Peve_00000156	.	0
Porites_evermani_scaffold_10	928890	931235	gene-Peve_00000157	0.310559	23
Porites_evermani_scaffold_10	936363	946950	gene-Peve_00000158	0.5519359129	356
Porites_evermani_scaffold_10	960783	967260	gene-Peve_00000159	0.2329794852	169
Porites_evermani_scaffold_10	971430	1027426	gene-Peve_00000160	6.392259631	1401
Porites_evermani_scaffold_10	990859	995544	gene-Peve_00000161	.	0
Porites_evermani_scaffold_10	1036110	1043131	gene-Peve_00000164	57.63132159	101
Porites_evermani_scaffold_10	1048397	1055014	gene-Peve_00000165	0.3440939831	177
Porites_evermani_scaffold_10	1059959	1060607	gene-Peve_00000166	0	21
Porites_evermani_scaffold_10	1085694	1089813	gene-Peve_00000168	0.06410256731	104
Porites_evermani_scaffold_10	1090557	1091643	gene-Peve_00000169	24.19677138	8
Porites_evermani_scaffold_10	1101834	1102482	gene-Peve_00000171	0	25
Porites_evermani_scaffold_10	1103310	1111402	gene-Peve_00000170	0.1351351351	74
Porites_evermani_scaffold_10	1112665	1115093	gene-Peve_00000172	.	0
Porites_evermani_scaffold_10	1116565	1124222	gene-Peve_00000173	0.47610295	120
Porites_evermani_scaffold_10	1137956	1155879	gene-Peve_00000174	1.135715031	447
Porites_evermani_scaffold_100	2447	10576	gene-Peve_00000209	0.7683625045	224
Porites_evermani_scaffold_100	11767	22736	gene-Peve_00000218	0.6443708699	246
Porites_evermani_scaffold_100	26933	31961	gene-Peve_00000225	46.95076039	70
Porites_evermani_scaffold_100	36060	36597	gene-Peve_00000232	0	4
Porites_evermani_scaffold_100	39365	41000	gene-Peve_00000195	37.776547	20
Porites_evermani_scaffold_100	42921	44571	gene-Peve_00000207	27.91291395	19
Porites_evermani_scaffold_100	49375	71827	gene-Peve_00000208	8.546528257	331
Porites_evermani_scaffold_100	76892	85189	gene-Peve_00000210	16.09041508	106
Porites_evermani_scaffold_100	90922	91951	gene-Peve_00000212	0	32
Porites_evermani_scaffold_100	96686	97079	gene-Peve_00000213	21.940737	11
Porites_evermani_scaffold_100	102557	103953	gene-Peve_00000214	1.3397395	30
Porites_evermani_scaffold_100	111278	121274	gene-Peve_00000215	0.5360567658	158
Porites_evermani_scaffold_100	126279	127281	gene-Peve_00000216	0	21
Porites_evermani_scaffold_100	135703	144748	gene-Peve_00000217	0.8680292727	198
Porites_evermani_scaffold_100	147846	152138	gene-Peve_00000219	7.258922557	79
Porites_evermani_scaffold_100	160422	161514	gene-Peve_00000220	0.6360646957	46
Porites_evermani_scaffold_100	180349	205505	gene-Peve_00000221	31.08026493	482
Porites_evermani_scaffold_100	208305	216507	gene-Peve_00000222	68.86322997	91
Porites_evermani_scaffold_100	220523	231722	gene-Peve_00000223	0.5105519436	266
Porites_evermani_scaffold_100	232466	238657	gene-Peve_00000224	0.2046826493	134
Porites_evermani_scaffold_100	248550	275221	gene-Peve_00000226	0.6164924311	675
Porites_evermani_scaffold_100	277388	293660	gene-Peve_00000227	0.5843160462	390
Porites_evermani_scaffold_100	303839	306424	gene-Peve_00000228	46.20297215	33
Porites_evermani_scaffold_100	308293	328460	gene-Peve_00000229	0.3402983769	260
Porites_evermani_scaffold_100	338105	341123	gene-Peve_00000230	0.1403985543	92
Porites_evermani_scaffold_100	354004	374369	gene-Peve_00000231	0.6438759086	361
Porites_evermani_scaffold_100	362047	364720	gene-Peve_00000234	.	0
Porites_evermani_scaffold_100	377614	378658	gene-Peve_00000196	0	15
Porites_evermani_scaffold_100	385267	412680	gene-Peve_00000197	0.7235573339	632
Porites_evermani_scaffold_100	399628	400056	gene-Peve_00000198	0	8
Porites_evermani_scaffold_100	417913	438089	gene-Peve_00000199	0.4399362448	339
Porites_evermani_scaffold_100	445551	446676	gene-Peve_00000200	0.24410775	60
Porites_evermani_scaffold_100	467739	468875	gene-Peve_00000202	75.62845656	9
Porites_evermani_scaffold_100	479227	480232	gene-Peve_00000204	0.75757575	24
Porites_evermani_scaffold_100	483931	486756	gene-Peve_00000203	0.1421188721	86
Porites_evermani_scaffold_100	493524	527357	gene-Peve_00000205	0.8666201854	631
Porites_evermani_scaffold_100	522102	523479	gene-Peve_00000206	.	0
Porites_evermani_scaffold_1000	5674	19682	gene-Peve_00000240	3.423879283	120
Porites_evermani_scaffold_1000	20973	21834	gene-Peve_00000247	0	28
Porites_evermani_scaffold_1000	25802	26600	gene-Peve_00000248	.	0
Porites_evermani_scaffold_1000	41625	42516	gene-Peve_00000249	.	0
Porites_evermani_scaffold_1000	52182	60157	gene-Peve_00000235	0.2640190286	175
Porites_evermani_scaffold_1000	64855	65740	gene-Peve_00000236	0	23
Porites_evermani_scaffold_1000	67210	76904	gene-Peve_00000237	76.71485428	60
Porites_evermani_scaffold_1000	81597	83661	gene-Peve_00000238	1.132652661	59
Porites_evermani_scaffold_1000	86285	103843	gene-Peve_00000239	0.6785480596	537
Porites_evermani_scaffold_1000	107390	116965	gene-Peve_00000241	10.60902808	213
Porites_evermani_scaffold_1000	117768	125055	gene-Peve_00000242	68.35301819	36
Porites_evermani_scaffold_1000	125806	129180	gene-Peve_00000243	93.08338729	7
Porites_evermani_scaffold_1000	132750	143261	gene-Peve_00000244	16.39718958	97
Porites_evermani_scaffold_1000	146768	152943	gene-Peve_00000245	.	0
Porites_evermani_scaffold_1000	160977	163688	gene-Peve_00000246	1.954902922	51
Porites_evermani_scaffold_1001	5839	15982	gene-Peve_00000254	0.4456715472	265
Porites_evermani_scaffold_1001	28622	30604	gene-Peve_00000265	15.03729385	27
Porites_evermani_scaffold_1001	30774	35748	gene-Peve_00000266	21.11788458	72
Porites_evermani_scaffold_1001	37423	38648	gene-Peve_00000250	39.80994341	34
Porites_evermani_scaffold_1001	44513	45108	gene-Peve_00000251	40.9056955	10
Porites_evermani_scaffold_1001	51313	54123	gene-Peve_00000252	76.08447664	36
Porites_evermani_scaffold_1001	60013	61961	gene-Peve_00000255	49.19197806	32
Porites_evermani_scaffold_1001	69697	70057	gene-Peve_00000256	88.003663	10
Porites_evermani_scaffold_1001	71545	73746	gene-Peve_00000257	86.19055891	77
Porites_evermani_scaffold_1001	75597	76173	gene-Peve_00000258	84.61174244	16
Porites_evermani_scaffold_1001	76344	76639	gene-Peve_00000259	43.63636367	3
Porites_evermani_scaffold_1001	76715	77140	gene-Peve_00000260	46.773088	9
Porites_evermani_scaffold_1001	79958	80592	gene-Peve_00000261	59.78996	10
Porites_evermani_scaffold_1001	82062	89463	gene-Peve_00000262	56.72960104	45
Porites_evermani_scaffold_1001	90468	91441	gene-Peve_00000263	57.589257	9
Porites_evermani_scaffold_1001	99257	100574	gene-Peve_00000264	48.11061847	15
Porites_evermani_scaffold_1001	117071	117453	gene-Peve_00000268	66.2354312	5
Porites_evermani_scaffold_1001	119233	119749	gene-Peve_00000269	92.95601624	25
Porites_evermani_scaffold_1001	120541	124924	gene-Peve_00000270	27.179487	3
Porites_evermani_scaffold_1001	127108	128335	gene-Peve_00000271	51.45566225	4
Porites_evermani_scaffold_1001	131848	132436	gene-Peve_00000272	.	0
Porites_evermani_scaffold_1001	142399	144613	gene-Peve_00000273	0.8671724247	73
Porites_evermani_scaffold_1001	149778	151448	gene-Peve_00000274	23.41943288	16
Porites_evermani_scaffold_1002	3371	60038	gene-Peve_00000275	2.306501468	126
Porites_evermani_scaffold_1002	48412	50724	gene-Peve_00000278	2.470391435	23
Porites_evermani_scaffold_1002	123917	125467	gene-Peve_00000279	.	0
Porites_evermani_scaffold_1003	138	18725	gene-Peve_00000283	50.15864085	222
Porites_evermani_scaffold_1003	22593	36200	gene-Peve_00000286	0.2265628029	421
Porites_evermani_scaffold_1003	50051	50904	gene-Peve_00000285	.	0
Porites_evermani_scaffold_1003	53374	58732	gene-Peve_00000284	0	31
Porites_evermani_scaffold_1003	63202	67413	gene-Peve_00000287	0.3636363636	55
Porites_evermani_scaffold_1003	69331	80464	gene-Peve_00000288	65.65287215	117
Porites_evermani_scaffold_1003	80613	96673	gene-Peve_00000289	22.78971993	170
Porites_evermani_scaffold_1003	99177	101474	gene-Peve_00000290	0	24
Porites_evermani_scaffold_1003	102876	105619	gene-Peve_00000291	.	0
Porites_evermani_scaffold_1003	108859	114807	gene-Peve_00000292	0.1646403191	94
Porites_evermani_scaffold_1003	116444	120989	gene-Peve_00000293	.	0
Porites_evermani_scaffold_1003	121328	133037	gene-Peve_00000294	6.146007559	186
Porites_evermani_scaffold_1003	135413	142237	gene-Peve_00000295	66.09649616	68
Porites_evermani_scaffold_1003	147866	162450	gene-Peve_00000296	77.81885824	51
Porites_evermani_scaffold_1004	10060	10863	gene-Peve_00000297	1.098901077	13
Porites_evermani_scaffold_1004	11538	11917	gene-Peve_00000301	.	0
Porites_evermani_scaffold_1004	49516	50728	gene-Peve_00000308	.	0
Porites_evermani_scaffold_1004	59937	63373	gene-Peve_00000309	1.633140786	84
Porites_evermani_scaffold_1004	87121	96412	gene-Peve_00000298	6.476068569	58
Porites_evermani_scaffold_1004	112933	113308	gene-Peve_00000299	.	0
Porites_evermani_scaffold_1004	117278	118618	gene-Peve_00000300	0.2777777778	18
Porites_evermani_scaffold_1004	145202	145988	gene-Peve_00000302	0	2
Porites_evermani_scaffold_1004	150694	151135	gene-Peve_00000303	.	0
Porites_evermani_scaffold_1004	155561	156605	gene-Peve_00000306	0	18
Porites_evermani_scaffold_1004	158689	159112	gene-Peve_00000307	0	2
Porites_evermani_scaffold_1005	28089	31480	gene-Peve_00000310	2.070060441	195
Porites_evermani_scaffold_1005	34818	43843	gene-Peve_00000311	15.24897481	160
Porites_evermani_scaffold_1005	57592	58669	gene-Peve_00000314	.	0
Porites_evermani_scaffold_1005	59172	60605	gene-Peve_00000315	.	0
Porites_evermani_scaffold_1005	59477	60180	gene-Peve_00000313	.	0
Porites_evermani_scaffold_1005	63085	63872	gene-Peve_00000316	.	0
Porites_evermani_scaffold_1005	68875	69196	gene-Peve_00000317	.	0
Porites_evermani_scaffold_1005	69387	69846	gene-Peve_00000318	.	0
Porites_evermani_scaffold_1005	86037	86490	gene-Peve_00000319	.	0
Porites_evermani_scaffold_1005	94867	95992	gene-Peve_00000321	.	0
Porites_evermani_scaffold_1005	97706	98831	gene-Peve_00000322	.	0
Porites_evermani_scaffold_1005	108796	109141	gene-Peve_00000323	.	0
Porites_evermani_scaffold_1005	109114	110031	gene-Peve_00000325	.	0
Porites_evermani_scaffold_1005	110486	111196	gene-Peve_00000324	52	5
Porites_evermani_scaffold_1005	114472	133413	gene-Peve_00000326	40.65215068	62
Porites_evermani_scaffold_1005	137517	138588	gene-Peve_00000329	11.111111	3
Porites_evermani_scaffold_1005	140388	141540	gene-Peve_00000330	.	0
Porites_evermani_scaffold_1005	150513	150963	gene-Peve_00000332	.	0
Porites_evermani_scaffold_1005	151082	152503	gene-Peve_00000333	.	0
Porites_evermani_scaffold_1006	9523	12590	gene-Peve_00000334	0.2304599417	103
Porites_evermani_scaffold_1006	14202	30263	gene-Peve_00000339	2.831804063	303
Porites_evermani_scaffold_1006	91430	107870	gene-Peve_00000338	0.9000446019	314
Porites_evermani_scaffold_1006	119211	143248	gene-Peve_00000340	0.7258187153	706
Porites_evermani_scaffold_1007	1063	2221	gene-Peve_00000345	0	1
Porites_evermani_scaffold_1007	3291	24435	gene-Peve_00000351	0.726117652	431
Porites_evermani_scaffold_1007	22926	55530	gene-Peve_00000350	1.120846295	662
Porites_evermani_scaffold_1007	59596	64373	gene-Peve_00000342	82.0449236	55
Porites_evermani_scaffold_1007	88085	89327	gene-Peve_00000344	1.13630175	48
Porites_evermani_scaffold_1007	96141	104394	gene-Peve_00000346	0.371997572	250
Porites_evermani_scaffold_1007	104673	118766	gene-Peve_00000347	30.32860085	129
Porites_evermani_scaffold_1007	118814	138620	gene-Peve_00000348	47.16434995	60
Porites_evermani_scaffold_1007	124286	124869	gene-Peve_00000349	82.5	2
Porites_evermani_scaffold_1007	148604	151985	gene-Peve_00000353	0.6400850667	60
Porites_evermani_scaffold_1008	35227	36029	gene-Peve_00000360	0	13
Porites_evermani_scaffold_1008	51965	53779	gene-Peve_00000354	3.538321983	120
Porites_evermani_scaffold_1008	147915	149786	gene-Peve_00000358	15.57328885	26
Porites_evermani_scaffold_1009	9368	10441	gene-Peve_00000371	1.832167833	30
Porites_evermani_scaffold_1009	28208	29609	gene-Peve_00000361	0.3584229355	31
Porites_evermani_scaffold_1009	72254	75384	gene-Peve_00000362	1.573156409	88
Porites_evermani_scaffold_1009	85764	86685	gene-Peve_00000363	0.7913338125	32
Porites_evermani_scaffold_1009	117860	124432	gene-Peve_00000365	0.383429824	125
Porites_evermani_scaffold_1009	129467	130247	gene-Peve_00000366	.	0
Porites_evermani_scaffold_1009	133617	135621	gene-Peve_00000367	86.66179064	14
Porites_evermani_scaffold_1009	137336	142524	gene-Peve_00000368	82.89521871	21
Porites_evermani_scaffold_1009	146576	150044	gene-Peve_00000369	44.66471276	25
Porites_evermani_scaffold_1009	149802	158358	gene-Peve_00000370	82.02089575	24
Porites_evermani_scaffold_101	2689	10064	gene-Peve_00000372	25.4140904	15
Porites_evermani_scaffold_101	14684	17888	gene-Peve_00000378	0.5865102581	31
Porites_evermani_scaffold_101	19478	27867	gene-Peve_00000392	0.6222943571	28
Porites_evermani_scaffold_101	21087	23871	gene-Peve_00000396	0	4
Porites_evermani_scaffold_101	36468	41180	gene-Peve_00000402	0.1063627778	135
Porites_evermani_scaffold_101	41523	51453	gene-Peve_00000407	0.5370053377	228
Porites_evermani_scaffold_101	53122	55942	gene-Peve_00000374	0	52
Porites_evermani_scaffold_101	58651	86928	gene-Peve_00000377	3.266819287	672
Porites_evermani_scaffold_101	89526	110333	gene-Peve_00000379	5.774576121	404
Porites_evermani_scaffold_101	112585	115490	gene-Peve_00000381	1.431588618	55
Porites_evermani_scaffold_101	119176	139250	gene-Peve_00000380	15.27611029	462
Porites_evermani_scaffold_101	141345	147942	gene-Peve_00000384	67.88053211	83
Porites_evermani_scaffold_101	151297	178894	gene-Peve_00000386	18.05160638	216
Porites_evermani_scaffold_101	180227	184724	gene-Peve_00000385	0.3402235064	156
Porites_evermani_scaffold_101	186725	192546	gene-Peve_00000387	79.6386165	60
Porites_evermani_scaffold_101	193885	201856	gene-Peve_00000388	0.8514565	210
Porites_evermani_scaffold_101	204308	208526	gene-Peve_00000389	0.4096262151	93
Porites_evermani_scaffold_101	224228	229532	gene-Peve_00000391	77.53044768	44
Porites_evermani_scaffold_101	238747	245968	gene-Peve_00000393	34.10009504	83
Porites_evermani_scaffold_101	248237	257700	gene-Peve_00000394	2.188713345	177
Porites_evermani_scaffold_101	269438	294645	gene-Peve_00000395	1.169113548	734
Porites_evermani_scaffold_101	296192	296706	gene-Peve_00000397	0	27
Porites_evermani_scaffold_101	319895	325818	gene-Peve_00000398	79.73069557	112
Porites_evermani_scaffold_101	329063	354769	gene-Peve_00000399	11.16216548	478
Porites_evermani_scaffold_101	357935	372426	gene-Peve_00000400	33.46098864	140
Porites_evermani_scaffold_101	374915	376816	gene-Peve_00000401	1.93597183	47
Porites_evermani_scaffold_101	380669	381794	gene-Peve_00000403	0.5	30
Porites_evermani_scaffold_101	386769	488223	gene-Peve_00000404	9.847626602	1849
Porites_evermani_scaffold_101	392689	392990	gene-Peve_00000406	1.020408143	7
Porites_evermani_scaffold_101	496134	497626	gene-Peve_00000375	1.951459811	37
Porites_evermani_scaffold_101	509836	510412	gene-Peve_00000376	0.8928572	10
Porites_evermani_scaffold_1010	201	5109	gene-Peve_00000408	0.1642935422	83
Porites_evermani_scaffold_1010	14709	18380	gene-Peve_00000410	.	0
Porites_evermani_scaffold_1010	19495	69254	gene-Peve_00000409	6.758367226	1017
Porites_evermani_scaffold_1010	69905	75725	gene-Peve_00000411	48.91743071	17
Porites_evermani_scaffold_1010	82442	86650	gene-Peve_00000412	66.39926277	31
Porites_evermani_scaffold_1010	90052	103813	gene-Peve_00000413	0.3319724218	294
Porites_evermani_scaffold_1010	111907	117041	gene-Peve_00000414	0.1216404096	166
Porites_evermani_scaffold_1010	136089	162769	gene-Peve_00000415	1.814761375	643
Porites_evermani_scaffold_1011	3493	4247	gene-Peve_00000416	2.084920536	28
Porites_evermani_scaffold_1011	10504	27124	gene-Peve_00000427	48.63306905	232
Porites_evermani_scaffold_1011	30599	34529	gene-Peve_00000417	1.024236331	130
Porites_evermani_scaffold_1011	42045	82245	gene-Peve_00000418	5.712840426	575
Porites_evermani_scaffold_1011	64592	65881	gene-Peve_00000420	3.19368125	16
Porites_evermani_scaffold_1011	66882	68294	gene-Peve_00000421	3.5691392	20
Porites_evermani_scaffold_1011	70866	71422	gene-Peve_00000422	0	13
Porites_evermani_scaffold_1011	72990	74288	gene-Peve_00000423	1.274120767	30
Porites_evermani_scaffold_1011	78876	80087	gene-Peve_00000424	52.33916132	19
Porites_evermani_scaffold_1011	89982	92791	gene-Peve_00000426	1.79628573	63
Porites_evermani_scaffold_1011	99445	118070	gene-Peve_00000425	0.3771173125	192
Porites_evermani_scaffold_1011	123769	140376	gene-Peve_00000428	0.6001699536	366
Porites_evermani_scaffold_1011	140614	141103	gene-Peve_00000429	1.740411125	16
Porites_evermani_scaffold_1011	147565	150548	gene-Peve_00000430	0.7876654815	27
Porites_evermani_scaffold_1011	151284	152543	gene-Peve_00000431	0	15
Porites_evermani_scaffold_1011	161809	162199	gene-Peve_00000432	.	0
Porites_evermani_scaffold_1012	3930	8450	gene-Peve_00000433	0.6788256757	37
Porites_evermani_scaffold_1012	22470	27379	gene-Peve_00000441	0.126262625	72
Porites_evermani_scaffold_1012	31907	37335	gene-Peve_00000443	0.1478494597	124
Porites_evermani_scaffold_1012	38497	59253	gene-Peve_00000442	0.2930233926	433
Porites_evermani_scaffold_1012	66650	67682	gene-Peve_00000434	0.229885069	29
Porites_evermani_scaffold_1012	80865	85476	gene-Peve_00000435	0.09920634524	84
Porites_evermani_scaffold_1012	89345	90425	gene-Peve_00000436	0	26
Porites_evermani_scaffold_1012	94095	98683	gene-Peve_00000437	54.74739393	56
Porites_evermani_scaffold_1012	108720	121314	gene-Peve_00000438	12.24173635	26
Porites_evermani_scaffold_1012	131448	147599	gene-Peve_00000439	58.28218289	71
Porites_evermani_scaffold_1012	155244	162239	gene-Peve_00000440	0.390625	16
Porites_evermani_scaffold_1013	440	1203	gene-Peve_00000446	.	0
Porites_evermani_scaffold_1013	8752	10869	gene-Peve_00000454	0	37
Porites_evermani_scaffold_1013	54054	54611	gene-Peve_00000444	.	0
Porites_evermani_scaffold_1013	61454	61991	gene-Peve_00000445	.	0
Porites_evermani_scaffold_1013	72579	75107	gene-Peve_00000447	6.031027765	17
Porites_evermani_scaffold_1013	86866	91943	gene-Peve_00000448	0	16
Porites_evermani_scaffold_1013	103017	114785	gene-Peve_00000450	0	18
Porites_evermani_scaffold_1013	123437	123998	gene-Peve_00000453	.	0
Porites_evermani_scaffold_1014	33570	37969	gene-Peve_00000465	0.3568931687	83
Porites_evermani_scaffold_1014	42107	51462	gene-Peve_00000455	0.7175200287	174
Porites_evermani_scaffold_1014	58846	74466	gene-Peve_00000456	0.9489149128	367
Porites_evermani_scaffold_1014	83512	95550	gene-Peve_00000457	0.4574645238	294
Porites_evermani_scaffold_1014	101999	104319	gene-Peve_00000458	72.83967776	33
Porites_evermani_scaffold_1014	112610	115047	gene-Peve_00000459	2.692106724	58
Porites_evermani_scaffold_1014	117612	121026	gene-Peve_00000460	0.2156862706	85
Porites_evermani_scaffold_1014	122994	129761	gene-Peve_00000461	0.3879222639	72
Porites_evermani_scaffold_1014	133160	148816	gene-Peve_00000462	0.5369054528	53
Porites_evermani_scaffold_1014	153213	154236	gene-Peve_00000463	0	11
Porites_evermani_scaffold_1014	157510	158578	gene-Peve_00000464	0.3448275862	29
Porites_evermani_scaffold_1015	6908	18358	gene-Peve_00000466	1.651937779	154
Porites_evermani_scaffold_1015	28548	54777	gene-Peve_00000473	19.69879011	339
Porites_evermani_scaffold_1015	56854	57400	gene-Peve_00000474	0.6666666667	15
Porites_evermani_scaffold_1015	60111	116356	gene-Peve_00000475	3.103248816	996
Porites_evermani_scaffold_1015	66759	71161	gene-Peve_00000476	0.9986454514	144
Porites_evermani_scaffold_1015	90511	91697	gene-Peve_00000468	0	48
Porites_evermani_scaffold_1015	121604	125799	gene-Peve_00000470	52.78667512	24
Porites_evermani_scaffold_1015	132284	137653	gene-Peve_00000469	0.4237	124
Porites_evermani_scaffold_1015	154157	158095	gene-Peve_00000472	.	0
Porites_evermani_scaffold_1016	25112	55212	gene-Peve_00000477	4.678493516	31
Porites_evermani_scaffold_1016	68317	71751	gene-Peve_00000479	.	0
Porites_evermani_scaffold_1016	81378	82283	gene-Peve_00000481	.	0
Porites_evermani_scaffold_1016	82877	83247	gene-Peve_00000482	.	0
Porites_evermani_scaffold_1016	85714	86619	gene-Peve_00000483	.	0
Porites_evermani_scaffold_1016	87213	87583	gene-Peve_00000484	.	0
Porites_evermani_scaffold_1016	107410	111451	gene-Peve_00000485	0	10
Porites_evermani_scaffold_1016	147092	151337	gene-Peve_00000486	.	0
Porites_evermani_scaffold_1017	4722	9379	gene-Peve_00000487	0.7361892526	95
Porites_evermani_scaffold_1017	15822	33238	gene-Peve_00000494	41.67971976	215
Porites_evermani_scaffold_1017	41141	55132	gene-Peve_00000488	0.5387301148	305
Porites_evermani_scaffold_1017	61573	63770	gene-Peve_00000489	0	4
Porites_evermani_scaffold_1017	63814	65341	gene-Peve_00000490	0	2
Porites_evermani_scaffold_1017	70351	77142	gene-Peve_00000491	1.381149754	167
Porites_evermani_scaffold_1017	82475	82997	gene-Peve_00000492	0	10
Porites_evermani_scaffold_1017	92128	94858	gene-Peve_00000493	1.395695162	37
Porites_evermani_scaffold_1017	95801	96192	gene-Peve_00000495	0	11
Porites_evermani_scaffold_1017	103190	103890	gene-Peve_00000496	0.6185807857	28
Porites_evermani_scaffold_1017	116488	117448	gene-Peve_00000497	0.7284382273	22
Porites_evermani_scaffold_1017	128861	132695	gene-Peve_00000498	1.144483844	96
Porites_evermani_scaffold_1018	8017	8557	gene-Peve_00000503	0	9
Porites_evermani_scaffold_1018	19709	42647	gene-Peve_00000505	0.3893655663	664
Porites_evermani_scaffold_1018	46758	58026	gene-Peve_00000506	17.29528347	231
Porites_evermani_scaffold_1018	58106	60207	gene-Peve_00000507	18.28880905	37
Porites_evermani_scaffold_1018	62056	90992	gene-Peve_00000499	8.236624522	613
Porites_evermani_scaffold_1018	92512	97420	gene-Peve_00000500	1.062897222	117
Porites_evermani_scaffold_1018	104417	108674	gene-Peve_00000501	0.5314225977	87
Porites_evermani_scaffold_1018	124517	141234	gene-Peve_00000502	1.086110374	377
Porites_evermani_scaffold_1018	143087	146019	gene-Peve_00000504	1.649543587	75
Porites_evermani_scaffold_1019	7060	53550	gene-Peve_00000508	22.66677014	338
Porites_evermani_scaffold_1019	58284	62103	gene-Peve_00000514	0.7620873763	93
Porites_evermani_scaffold_1019	62153	79304	gene-Peve_00000515	1.255093222	153
Porites_evermani_scaffold_1019	101174	101723	gene-Peve_00000509	0	11
Porites_evermani_scaffold_1019	104429	104978	gene-Peve_00000510	.	0
Porites_evermani_scaffold_1019	110096	117426	gene-Peve_00000511	0.6925877326	187
Porites_evermani_scaffold_1019	118691	156801	gene-Peve_00000512	13.97863629	229
Porites_evermani_scaffold_1019	157546	161744	gene-Peve_00000513	0	5
Porites_evermani_scaffold_102	5428	5917	gene-Peve_00000531	0	5
Porites_evermani_scaffold_102	8890	20544	gene-Peve_00000517	0.6087327164	134
Porites_evermani_scaffold_102	67398	76240	gene-Peve_00000550	0.2694805737	251
Porites_evermani_scaffold_102	109712	113469	gene-Peve_00000530	0.7955567615	109
Porites_evermani_scaffold_102	120166	120490	gene-Peve_00000532	0.9090909	10
Porites_evermani_scaffold_102	126891	132773	gene-Peve_00000533	0.5163401771	96
Porites_evermani_scaffold_102	139803	146013	gene-Peve_00000534	0.2389527245	196
Porites_evermani_scaffold_102	149732	150062	gene-Peve_00000535	0	7
Porites_evermani_scaffold_102	155709	177573	gene-Peve_00000536	15.74767258	362
Porites_evermani_scaffold_102	180935	188484	gene-Peve_00000537	67.60615178	83
Porites_evermani_scaffold_102	188921	189766	gene-Peve_00000538	0.2873563103	29
Porites_evermani_scaffold_102	202215	202887	gene-Peve_00000539	1.925975467	15
Porites_evermani_scaffold_102	224428	224866	gene-Peve_00000541	0	22
Porites_evermani_scaffold_102	243839	244923	gene-Peve_00000543	7.178888182	33
Porites_evermani_scaffold_102	263623	264760	gene-Peve_00000545	0.3939075588	34
Porites_evermani_scaffold_102	268618	269086	gene-Peve_00000546	0	14
Porites_evermani_scaffold_102	287805	307177	gene-Peve_00000548	3.420844191	498
Porites_evermani_scaffold_102	311984	313106	gene-Peve_00000551	0.4979395714	28
Porites_evermani_scaffold_102	320196	321780	gene-Peve_00000552	0.25	40
Porites_evermani_scaffold_102	330703	332797	gene-Peve_00000553	0	20
Porites_evermani_scaffold_102	337900	341372	gene-Peve_00000554	0.2991221742	132
Porites_evermani_scaffold_102	352754	353332	gene-Peve_00000518	0	14
Porites_evermani_scaffold_102	364414	366521	gene-Peve_00000519	0.882628	7
Porites_evermani_scaffold_102	373910	380248	gene-Peve_00000521	0.9382284312	160
Porites_evermani_scaffold_102	389283	404573	gene-Peve_00000522	48.29382422	209
Porites_evermani_scaffold_102	406919	419814	gene-Peve_00000523	67.84270641	182
Porites_evermani_scaffold_102	419924	430223	gene-Peve_00000524	31.20202774	194
Porites_evermani_scaffold_102	431376	440897	gene-Peve_00000525	46.76107079	120
Porites_evermani_scaffold_102	447931	469302	gene-Peve_00000526	23.20056142	442
Porites_evermani_scaffold_102	477117	484802	gene-Peve_00000527	58.69896774	85
Porites_evermani_scaffold_102	484965	492127	gene-Peve_00000528	75.25918776	100
Porites_evermani_scaffold_1020	99	4466	gene-Peve_00000555	0.4444444667	30
Porites_evermani_scaffold_1020	5378	5894	gene-Peve_00000561	1.25	8
Porites_evermani_scaffold_1020	31067	34109	gene-Peve_00000563	0.4023192025	79
Porites_evermani_scaffold_1020	35957	50334	gene-Peve_00000556	0.4298525843	178
Porites_evermani_scaffold_1020	65292	96309	gene-Peve_00000557	1.161054451	696
Porites_evermani_scaffold_1020	105169	111888	gene-Peve_00000558	1.250848778	189
Porites_evermani_scaffold_1020	114630	158015	gene-Peve_00000559	23.38730333	236
Porites_evermani_scaffold_1020	141899	142773	gene-Peve_00000560	.	0
Porites_evermani_scaffold_1021	5830	6616	gene-Peve_00000564	0.1623376786	28
Porites_evermani_scaffold_1021	8647	25206	gene-Peve_00000572	22.34356377	318
Porites_evermani_scaffold_1021	29475	34337	gene-Peve_00000575	66.73773302	89
Porites_evermani_scaffold_1021	40488	41236	gene-Peve_00000576	0.1481481481	27
Porites_evermani_scaffold_1021	54292	57970	gene-Peve_00000577	0.3056375968	124
Porites_evermani_scaffold_1021	58059	71059	gene-Peve_00000578	1.345926649	382
Porites_evermani_scaffold_1021	77277	77652	gene-Peve_00000567	1.527777875	8
Porites_evermani_scaffold_1021	79909	88649	gene-Peve_00000568	66.66373179	63
Porites_evermani_scaffold_1021	90760	91186	gene-Peve_00000569	.	0
Porites_evermani_scaffold_1021	100257	105941	gene-Peve_00000570	48.42980306	34
Porites_evermani_scaffold_1021	109181	129262	gene-Peve_00000571	81.46887235	127
Porites_evermani_scaffold_1021	136748	147968	gene-Peve_00000573	34.09699795	43
Porites_evermani_scaffold_1021	157244	160860	gene-Peve_00000574	21.212121	2
Porites_evermani_scaffold_1022	17860	18577	gene-Peve_00000586	0.45454545	20
Porites_evermani_scaffold_1022	21644	26233	gene-Peve_00000587	0.8435207229	83
Porites_evermani_scaffold_1022	27949	29434	gene-Peve_00000588	0.1077586207	58
Porites_evermani_scaffold_1022	33186	34591	gene-Peve_00000579	0	32
Porites_evermani_scaffold_1022	49896	72383	gene-Peve_00000580	52.27280206	132
Porites_evermani_scaffold_1022	109264	137696	gene-Peve_00000581	20.65127255	146
Porites_evermani_scaffold_1022	140176	141016	gene-Peve_00000583	.	0
Porites_evermani_scaffold_1022	142655	149295	gene-Peve_00000582	38.4848485	12
Porites_evermani_scaffold_1022	150189	152304	gene-Peve_00000584	0	1
Porites_evermani_scaffold_1022	159645	160461	gene-Peve_00000585	.	0
Porites_evermani_scaffold_1023	13568	25683	gene-Peve_00000594	23.41107092	161
Porites_evermani_scaffold_1023	28551	38427	gene-Peve_00000595	0.3757958026	228
Porites_evermani_scaffold_1023	42665	47486	gene-Peve_00000597	2.861131206	97
Porites_evermani_scaffold_1023	80790	90331	gene-Peve_00000590	0.9208127308	260
Porites_evermani_scaffold_1023	113160	113703	gene-Peve_00000592	0	3
Porites_evermani_scaffold_1023	148253	150211	gene-Peve_00000596	1.189723659	41
Porites_evermani_scaffold_1023	152958	155302	gene-Peve_00000593	1.039476381	42
Porites_evermani_scaffold_1024	15460	21624	gene-Peve_00000598	0.4640647634	186
Porites_evermani_scaffold_1024	28468	29122	gene-Peve_00000604	83.98908283	6
Porites_evermani_scaffold_1024	30635	31729	gene-Peve_00000611	89.37338355	31
Porites_evermani_scaffold_1024	32909	34424	gene-Peve_00000612	83.48800325	36
Porites_evermani_scaffold_1024	48575	54463	gene-Peve_00000599	83.0037288	71
Porites_evermani_scaffold_1024	63956	64697	gene-Peve_00000601	66.52637114	22
Porites_evermani_scaffold_1024	74276	75673	gene-Peve_00000602	72.53779593	29
Porites_evermani_scaffold_1024	97389	99489	gene-Peve_00000603	65.75005145	20
Porites_evermani_scaffold_1024	101121	103083	gene-Peve_00000605	76.80341346	28
Porites_evermani_scaffold_1024	112922	114307	gene-Peve_00000606	82.23167758	26
Porites_evermani_scaffold_1024	117787	118857	gene-Peve_00000607	61.9866992	15
Porites_evermani_scaffold_1024	125878	128837	gene-Peve_00000608	70.84098139	51
Porites_evermani_scaffold_1024	137255	138336	gene-Peve_00000609	75.79630891	11
Porites_evermani_scaffold_1024	159451	160510	gene-Peve_00000610	63.95909647	15
Porites_evermani_scaffold_1025	3176	3763	gene-Peve_00000617	.	0
Porites_evermani_scaffold_1025	18406	23363	gene-Peve_00000613	0.4629629375	16
Porites_evermani_scaffold_1025	35208	37234	gene-Peve_00000615	13.888889	3
Porites_evermani_scaffold_1025	52596	55126	gene-Peve_00000616	.	0
Porites_evermani_scaffold_1025	63611	64061	gene-Peve_00000618	.	0
Porites_evermani_scaffold_1025	67207	75700	gene-Peve_00000614	56.54450513	46
Porites_evermani_scaffold_1025	84246	84621	gene-Peve_00000619	0	3
Porites_evermani_scaffold_1025	89728	111726	gene-Peve_00000622	2.721841241	145
Porites_evermani_scaffold_1025	139132	139608	gene-Peve_00000621	0	7
Porites_evermani_scaffold_1025	140263	154250	gene-Peve_00000620	1.210127586	58
Porites_evermani_scaffold_1026	1569	3241	gene-Peve_00000624	2.67596846	50
Porites_evermani_scaffold_1026	5860	35490	gene-Peve_00000627	22.86592712	452
Porites_evermani_scaffold_1026	28636	29051	gene-Peve_00000630	.	0
Porites_evermani_scaffold_1026	35661	85101	gene-Peve_00000632	5.626968174	917
Porites_evermani_scaffold_1026	88566	103617	gene-Peve_00000625	17.22212448	194
Porites_evermani_scaffold_1026	108280	145231	gene-Peve_00000626	20.98877031	837
Porites_evermani_scaffold_1026	139119	140200	gene-Peve_00000628	7.42200581	84
Porites_evermani_scaffold_1026	153357	154461	gene-Peve_00000629	0.4162504103	39
Porites_evermani_scaffold_1026	158095	159253	gene-Peve_00000631	0	29
Porites_evermani_scaffold_1027	417	19872	gene-Peve_00000633	34.15836932	76
Porites_evermani_scaffold_1027	28576	29746	gene-Peve_00000647	12.7727273	20
Porites_evermani_scaffold_1027	49934	51929	gene-Peve_00000635	47.44223865	54
Porites_evermani_scaffold_1027	57612	81241	gene-Peve_00000636	33.10897969	262
Porites_evermani_scaffold_1027	85512	90896	gene-Peve_00000637	46.17678712	59
Porites_evermani_scaffold_1027	93894	111391	gene-Peve_00000638	30.79777591	164
Porites_evermani_scaffold_1027	115745	116675	gene-Peve_00000639	1.428571429	21
Porites_evermani_scaffold_1027	128586	129512	gene-Peve_00000641	0	12
Porites_evermani_scaffold_1027	130518	132614	gene-Peve_00000642	.	0
Porites_evermani_scaffold_1027	130631	131452	gene-Peve_00000643	.	0
Porites_evermani_scaffold_1027	140921	145568	gene-Peve_00000644	0.3517315909	44
Porites_evermani_scaffold_1027	155333	156634	gene-Peve_00000646	0	47
Porites_evermani_scaffold_1028	181	5468	gene-Peve_00000654	23.22760287	97
Porites_evermani_scaffold_1028	15295	17403	gene-Peve_00000655	0.3296703269	52
Porites_evermani_scaffold_1028	48778	50311	gene-Peve_00000648	2.75896408	50
Porites_evermani_scaffold_1028	57093	61409	gene-Peve_00000649	90.64249327	22
Porites_evermani_scaffold_1028	63802	68897	gene-Peve_00000650	58.8871455	20
Porites_evermani_scaffold_1028	69076	77600	gene-Peve_00000653	21.71057011	28
Porites_evermani_scaffold_1028	87213	88064	gene-Peve_00000651	0	26
Porites_evermani_scaffold_1028	88240	91109	gene-Peve_00000652	0	80
Porites_evermani_scaffold_1029	2	21827	gene-Peve_00000656	0.1666666667	60
Porites_evermani_scaffold_1029	33757	69594	gene-Peve_00000660	1.03565347	66
Porites_evermani_scaffold_1029	76799	87088	gene-Peve_00000657	.	0
Porites_evermani_scaffold_1029	131201	131841	gene-Peve_00000659	.	0
Porites_evermani_scaffold_103	30715	31237	gene-Peve_00000683	.	0
Porites_evermani_scaffold_103	32261	40210	gene-Peve_00000685	4.504222596	136
Porites_evermani_scaffold_103	49707	64265	gene-Peve_00000686	0.6568447591	328
Porites_evermani_scaffold_103	70590	76873	gene-Peve_00000673	1.115798096	135
Porites_evermani_scaffold_103	82788	88544	gene-Peve_00000680	0.5268465823	79
Porites_evermani_scaffold_103	92918	95233	gene-Peve_00000681	0	65
Porites_evermani_scaffold_103	97038	127700	gene-Peve_00000679	0.8509668738	729
Porites_evermani_scaffold_103	129354	220005	gene-Peve_00000682	1.230564633	1794
Porites_evermani_scaffold_103	167004	174743	gene-Peve_00000684	0.284390165	206
Porites_evermani_scaffold_103	225285	236437	gene-Peve_00000687	0.5851434326	282
Porites_evermani_scaffold_103	238167	241722	gene-Peve_00000688	0.7460336914	81
Porites_evermani_scaffold_103	242590	246214	gene-Peve_00000689	0.2526761262	103
Porites_evermani_scaffold_103	250154	251085	gene-Peve_00000692	0.4700855	26
Porites_evermani_scaffold_103	256027	260585	gene-Peve_00000690	0.131840956	91
Porites_evermani_scaffold_103	263650	265240	gene-Peve_00000691	0	30
Porites_evermani_scaffold_103	268282	271947	gene-Peve_00000693	40.10480549	59
Porites_evermani_scaffold_103	273190	279015	gene-Peve_00000694	54.95000096	53
Porites_evermani_scaffold_103	282146	282572	gene-Peve_00000695	0	2
Porites_evermani_scaffold_103	282961	310881	gene-Peve_00000696	2.019457341	834
Porites_evermani_scaffold_103	314226	323775	gene-Peve_00000698	3.619751654	298
Porites_evermani_scaffold_103	327257	345496	gene-Peve_00000699	16.99772307	114
Porites_evermani_scaffold_103	347922	353747	gene-Peve_00000700	0.8610660089	112
Porites_evermani_scaffold_103	357214	362599	gene-Peve_00000701	3.102638103	117
Porites_evermani_scaffold_103	366110	368908	gene-Peve_00000661	2.576558429	63
Porites_evermani_scaffold_103	373148	375631	gene-Peve_00000662	0	28
Porites_evermani_scaffold_103	376809	377304	gene-Peve_00000663	0.5555555556	18
Porites_evermani_scaffold_103	377928	384572	gene-Peve_00000664	29.42993402	64
Porites_evermani_scaffold_103	384682	390418	gene-Peve_00000665	7.814594519	106
Porites_evermani_scaffold_103	394388	395105	gene-Peve_00000666	90.10467533	12
Porites_evermani_scaffold_103	399014	407609	gene-Peve_00000667	29.58510298	114
Porites_evermani_scaffold_103	429115	429901	gene-Peve_00000668	67.21824622	18
Porites_evermani_scaffold_103	432230	432590	gene-Peve_00000669	.	0
Porites_evermani_scaffold_103	434207	435363	gene-Peve_00000670	0.75	40
Porites_evermani_scaffold_103	437453	441914	gene-Peve_00000671	0	12
Porites_evermani_scaffold_103	460961	465644	gene-Peve_00000672	0.550881084	131
Porites_evermani_scaffold_103	480096	488795	gene-Peve_00000674	4.68588322	41
Porites_evermani_scaffold_103	497115	497742	gene-Peve_00000676	1.473992417	12
Porites_evermani_scaffold_103	505807	516920	gene-Peve_00000677	0.4225921188	101
Porites_evermani_scaffold_103	518938	520458	gene-Peve_00000678	0	6
Porites_evermani_scaffold_1030	1107	6658	gene-Peve_00000702	0.9671174404	109
Porites_evermani_scaffold_1030	26151	35877	gene-Peve_00000708	4.3579395	142
Porites_evermani_scaffold_1030	43363	51829	gene-Peve_00000709	0	10
Porites_evermani_scaffold_1030	52495	56418	gene-Peve_00000710	0	1
Porites_evermani_scaffold_1030	62910	64863	gene-Peve_00000711	0.1587301556	45
Porites_evermani_scaffold_1030	70495	85530	gene-Peve_00000703	0.282039617	188
Porites_evermani_scaffold_1030	97811	138043	gene-Peve_00000705	0.7909528149	281
Porites_evermani_scaffold_1030	122981	124077	gene-Peve_00000706	0.4761904762	21
Porites_evermani_scaffold_1030	140102	142176	gene-Peve_00000704	0.2751572264	53
Porites_evermani_scaffold_1030	142636	152787	gene-Peve_00000707	0.1494834107	224
Porites_evermani_scaffold_1031	1885	25043	gene-Peve_00000712	4.479963389	432
Porites_evermani_scaffold_1031	32674	36162	gene-Peve_00000715	0.2002786437	87
Porites_evermani_scaffold_1031	38195	54895	gene-Peve_00000716	19.23036736	393
Porites_evermani_scaffold_1031	55372	62507	gene-Peve_00000717	49.34587709	91
Porites_evermani_scaffold_1031	66950	98941	gene-Peve_00000718	21.76353576	327
Porites_evermani_scaffold_1031	108972	110481	gene-Peve_00000713	1.626180492	65
Porites_evermani_scaffold_1031	112508	159245	gene-Peve_00000714	18.91548546	388
Porites_evermani_scaffold_1032	9521	10097	gene-Peve_00000719	.	0
Porites_evermani_scaffold_1032	12633	27618	gene-Peve_00000723	0.5077763735	83
Porites_evermani_scaffold_1032	48226	57299	gene-Peve_00000720	27.77164555	76
Porites_evermani_scaffold_1032	105442	117725	gene-Peve_00000724	58.28605542	76
Porites_evermani_scaffold_1032	118855	126616	gene-Peve_00000725	0.6426054703	202
Porites_evermani_scaffold_1033	7404	7935	gene-Peve_00000727	.	0
Porites_evermani_scaffold_1033	43399	76740	gene-Peve_00000728	2.984321455	191
Porites_evermani_scaffold_1033	60481	60962	gene-Peve_00000729	0	11
Porites_evermani_scaffold_1033	64363	64714	gene-Peve_00000730	0	5
Porites_evermani_scaffold_1033	90472	93579	gene-Peve_00000732	.	0
Porites_evermani_scaffold_1033	117048	117814	gene-Peve_00000733	.	0
Porites_evermani_scaffold_1033	139458	139712	gene-Peve_00000734	9.090909	3
Porites_evermani_scaffold_1033	145518	146136	gene-Peve_00000737	.	0
Porites_evermani_scaffold_1033	148430	150912	gene-Peve_00000736	2.6610645	4
Porites_evermani_scaffold_1034	11490	13976	gene-Peve_00000742	0.7387072833	60
Porites_evermani_scaffold_1034	35646	37444	gene-Peve_00000739	.	0
Porites_evermani_scaffold_1034	65464	70244	gene-Peve_00000738	0	5
Porites_evermani_scaffold_1034	101255	110260	gene-Peve_00000740	0.5120127564	234
Porites_evermani_scaffold_1034	137191	138123	gene-Peve_00000741	0.1923077	40
Porites_evermani_scaffold_1035	2633	3197	gene-Peve_00000743	.	0
Porites_evermani_scaffold_1035	43230	52258	gene-Peve_00000752	0.3520923571	70
Porites_evermani_scaffold_1035	56755	77432	gene-Peve_00000751	44.15447499	204
Porites_evermani_scaffold_1035	77674	79781	gene-Peve_00000744	59.55435815	48
Porites_evermani_scaffold_1035	80055	91575	gene-Peve_00000745	23.87840012	98
Porites_evermani_scaffold_1035	95547	113449	gene-Peve_00000746	12.69335304	344
Porites_evermani_scaffold_1035	121221	132361	gene-Peve_00000747	73.10038829	35
Porites_evermani_scaffold_1035	132448	133100	gene-Peve_00000748	0.7142857143	14
Porites_evermani_scaffold_1035	134108	138651	gene-Peve_00000749	45.22288817	53
Porites_evermani_scaffold_1035	138838	154488	gene-Peve_00000750	50.21246147	166
Porites_evermani_scaffold_1036	21156	22947	gene-Peve_00000753	.	0
Porites_evermani_scaffold_1036	41848	43695	gene-Peve_00000765	14.58333325	4
Porites_evermani_scaffold_1036	53953	54367	gene-Peve_00000754	.	0
Porites_evermani_scaffold_1036	118059	118515	gene-Peve_00000759	.	0
Porites_evermani_scaffold_1036	128092	145322	gene-Peve_00000760	3.96024688	25
Porites_evermani_scaffold_1036	145844	149756	gene-Peve_00000761	0	15
Porites_evermani_scaffold_1036	150788	151841	gene-Peve_00000762	.	0
Porites_evermani_scaffold_1036	156405	158931	gene-Peve_00000763	0	6
Porites_evermani_scaffold_1037	2644	22845	gene-Peve_00000772	2.365819193	378
Porites_evermani_scaffold_1037	26701	28289	gene-Peve_00000766	5.76084069	42
Porites_evermani_scaffold_1037	42299	42641	gene-Peve_00000768	0	5
Porites_evermani_scaffold_1037	66607	69629	gene-Peve_00000769	1.27482544	84
Porites_evermani_scaffold_1037	100293	101946	gene-Peve_00000770	.	0
Porites_evermani_scaffold_1037	112547	114200	gene-Peve_00000771	.	0
Porites_evermani_scaffold_1037	117075	121987	gene-Peve_00000773	0.38650075	52
Porites_evermani_scaffold_1037	140218	142725	gene-Peve_00000775	.	0
Porites_evermani_scaffold_1037	147857	154039	gene-Peve_00000776	1.091476108	37
Porites_evermani_scaffold_1038	1882	7117	gene-Peve_00000777	69.34350463	35
Porites_evermani_scaffold_1038	7929	11045	gene-Peve_00000779	33.09223668	19
Porites_evermani_scaffold_1038	11837	16092	gene-Peve_00000787	67.47772218	38
Porites_evermani_scaffold_1038	29420	30172	gene-Peve_00000788	1.024692727	33
Porites_evermani_scaffold_1038	39482	78708	gene-Peve_00000789	55.80317328	294
Porites_evermani_scaffold_1038	80671	89060	gene-Peve_00000778	77.49849955	75
Porites_evermani_scaffold_1038	91482	94021	gene-Peve_00000780	.	0
Porites_evermani_scaffold_1038	97944	113669	gene-Peve_00000781	70.99369545	107
Porites_evermani_scaffold_1038	116379	121490	gene-Peve_00000784	1.216572028	145
Porites_evermani_scaffold_1038	131536	140138	gene-Peve_00000783	50.57985669	94
Porites_evermani_scaffold_1038	140207	142292	gene-Peve_00000785	13.19147872	25
Porites_evermani_scaffold_1038	143702	150593	gene-Peve_00000786	0.4128191204	191
Porites_evermani_scaffold_1039	4800	11899	gene-Peve_00000790	81.15542446	24
Porites_evermani_scaffold_1039	12345	21264	gene-Peve_00000795	10.68119116	80
Porites_evermani_scaffold_1039	22576	23823	gene-Peve_00000796	.	0
Porites_evermani_scaffold_1039	27533	31079	gene-Peve_00000798	0.3382663837	86
Porites_evermani_scaffold_1039	35479	43290	gene-Peve_00000800	0.8710748804	92
Porites_evermani_scaffold_1039	45472	52957	gene-Peve_00000804	2.222222222	27
Porites_evermani_scaffold_1039	57209	67941	gene-Peve_00000791	14.10899002	163
Porites_evermani_scaffold_1039	73038	79185	gene-Peve_00000792	12.35566202	132
Porites_evermani_scaffold_1039	84256	88687	gene-Peve_00000793	0	85
Porites_evermani_scaffold_1039	95175	97631	gene-Peve_00000794	31.30260089	38
Porites_evermani_scaffold_1039	119166	121340	gene-Peve_00000797	63.32960204	56
Porites_evermani_scaffold_1039	128887	129675	gene-Peve_00000799	.	0
Porites_evermani_scaffold_1039	139245	140467	gene-Peve_00000801	76.1713352	15
Porites_evermani_scaffold_1039	145274	145610	gene-Peve_00000802	98.03240733	6
Porites_evermani_scaffold_1039	146837	147253	gene-Peve_00000803	79.27128425	12
Porites_evermani_scaffold_104	294	5807	gene-Peve_00000805	1.400225391	138
Porites_evermani_scaffold_104	9931	12697	gene-Peve_00000818	0.4260651579	95
Porites_evermani_scaffold_104	16386	36915	gene-Peve_00000825	13.27670855	418
Porites_evermani_scaffold_104	52874	61465	gene-Peve_00000832	0.1033578857	245
Porites_evermani_scaffold_104	63146	99596	gene-Peve_00000806	0.4440988901	473
Porites_evermani_scaffold_104	122016	143947	gene-Peve_00000813	0.6204355106	568
Porites_evermani_scaffold_104	163142	163531	gene-Peve_00000814	0	11
Porites_evermani_scaffold_104	176287	176941	gene-Peve_00000816	0.5208333125	16
Porites_evermani_scaffold_104	194862	222864	gene-Peve_00000817	0.4981602245	873
Porites_evermani_scaffold_104	202612	203115	gene-Peve_00000819	0.2525252727	22
Porites_evermani_scaffold_104	253401	254382	gene-Peve_00000820	0.1930501892	37
Porites_evermani_scaffold_104	256468	278156	gene-Peve_00000821	0.6036781295	502
Porites_evermani_scaffold_104	278240	278572	gene-Peve_00000822	4.848484833	6
Porites_evermani_scaffold_104	287114	288813	gene-Peve_00000823	0.19444445	60
Porites_evermani_scaffold_104	304893	309063	gene-Peve_00000826	0.2579365	84
Porites_evermani_scaffold_104	317386	318356	gene-Peve_00000827	0	16
Porites_evermani_scaffold_104	323144	324488	gene-Peve_00000828	.	0
Porites_evermani_scaffold_104	329097	330598	gene-Peve_00000829	.	0
Porites_evermani_scaffold_104	363744	364841	gene-Peve_00000831	.	0
Porites_evermani_scaffold_104	378500	379552	gene-Peve_00000833	.	0
Porites_evermani_scaffold_104	397897	421495	gene-Peve_00000834	1.712111412	34
Porites_evermani_scaffold_104	457585	458412	gene-Peve_00000808	.	0
Porites_evermani_scaffold_104	500503	508622	gene-Peve_00000809	.	0
Porites_evermani_scaffold_104	514603	516785	gene-Peve_00000810	0.5840456111	36
Porites_evermani_scaffold_104	521488	522899	gene-Peve_00000811	0	4
Porites_evermani_scaffold_1040	4392	6556	gene-Peve_00000836	76.29895847	45
Porites_evermani_scaffold_1040	6116	8234	gene-Peve_00000848	74.31729349	37
Porites_evermani_scaffold_1040	27438	27769	gene-Peve_00000835	92.04559014	7
Porites_evermani_scaffold_1040	42739	44559	gene-Peve_00000839	71.7184874	15
Porites_evermani_scaffold_1040	45588	46366	gene-Peve_00000840	69.88536107	15
Porites_evermani_scaffold_1040	61172	61892	gene-Peve_00000842	80.89244094	18
Porites_evermani_scaffold_1040	79294	82004	gene-Peve_00000844	81.979326	53
Porites_evermani_scaffold_1040	85014	85416	gene-Peve_00000845	84.5634432	15
Porites_evermani_scaffold_1040	92694	93162	gene-Peve_00000846	23.21076759	17
Porites_evermani_scaffold_1040	106883	107516	gene-Peve_00000847	74.22444973	11
Porites_evermani_scaffold_1040	108751	109249	gene-Peve_00000849	76.45888467	12
Porites_evermani_scaffold_1040	111902	114307	gene-Peve_00000850	59.8840741	59
Porites_evermani_scaffold_1040	115846	116267	gene-Peve_00000851	56.90559433	6
Porites_evermani_scaffold_1040	119969	120305	gene-Peve_00000852	.	0
Porites_evermani_scaffold_1040	121470	121922	gene-Peve_00000853	0	3
Porites_evermani_scaffold_1040	123614	128543	gene-Peve_00000854	.	0
Porites_evermani_scaffold_1040	129448	131668	gene-Peve_00000855	.	0
Porites_evermani_scaffold_1040	133903	134539	gene-Peve_00000856	.	0
Porites_evermani_scaffold_1040	155854	156403	gene-Peve_00000858	24.24242433	3
Porites_evermani_scaffold_1040	158258	158870	gene-Peve_00000859	62.62932163	8
Porites_evermani_scaffold_1041	9	558	gene-Peve_00000860	0	19
Porites_evermani_scaffold_1041	3119	13543	gene-Peve_00000868	42.71392589	204
Porites_evermani_scaffold_1041	22271	22895	gene-Peve_00000870	0	25
Porites_evermani_scaffold_1041	25508	26783	gene-Peve_00000871	0	38
Porites_evermani_scaffold_1041	32789	43649	gene-Peve_00000872	0.4944192782	248
Porites_evermani_scaffold_1041	51236	55919	gene-Peve_00000861	0.4323685059	85
Porites_evermani_scaffold_1041	64593	67347	gene-Peve_00000862	0.6269425	60
Porites_evermani_scaffold_1041	74204	74836	gene-Peve_00000863	0	4
Porites_evermani_scaffold_1041	84696	101729	gene-Peve_00000864	4.667883985	401
Porites_evermani_scaffold_1041	90370	90958	gene-Peve_00000865	0	6
Porites_evermani_scaffold_1041	113532	122683	gene-Peve_00000866	0.8968213493	209
Porites_evermani_scaffold_1041	134697	135982	gene-Peve_00000867	44.779596	7
Porites_evermani_scaffold_1041	157459	158986	gene-Peve_00000869	0.1488095179	56
Porites_evermani_scaffold_1042	45606	47689	gene-Peve_00000873	0	3
Porites_evermani_scaffold_1042	50934	51354	gene-Peve_00000875	6.666666667	3
Porites_evermani_scaffold_1042	51712	52390	gene-Peve_00000876	.	0
Porites_evermani_scaffold_1042	59693	62960	gene-Peve_00000877	.	0
Porites_evermani_scaffold_1042	63404	71153	gene-Peve_00000878	.	0
Porites_evermani_scaffold_1042	73853	75357	gene-Peve_00000879	.	0
Porites_evermani_scaffold_1042	82157	86818	gene-Peve_00000881	0	2
Porites_evermani_scaffold_1042	91753	96825	gene-Peve_00000882	.	0
Porites_evermani_scaffold_1042	98466	128085	gene-Peve_00000883	46.47866303	115
Porites_evermani_scaffold_1042	120244	121438	gene-Peve_00000884	0	2
Porites_evermani_scaffold_1042	128449	140332	gene-Peve_00000885	7.129107743	210
Porites_evermani_scaffold_1042	148399	148852	gene-Peve_00000886	.	0
Porites_evermani_scaffold_1042	151207	152600	gene-Peve_00000887	.	0
Porites_evermani_scaffold_1043	843	6683	gene-Peve_00000889	75.24024994	17
Porites_evermani_scaffold_1043	6623	10065	gene-Peve_00000891	67.57575767	3
Porites_evermani_scaffold_1043	18212	41693	gene-Peve_00000890	8.796059427	255
Porites_evermani_scaffold_1043	49811	50986	gene-Peve_00000892	1.476987118	34
Porites_evermani_scaffold_1043	66837	69671	gene-Peve_00000894	0	28
Porites_evermani_scaffold_1043	74834	95393	gene-Peve_00000895	33.62792933	302
Porites_evermani_scaffold_1043	78531	88833	gene-Peve_00000896	58.60379469	162
Porites_evermani_scaffold_1043	93832	95393	gene-Peve_00000897	1.933232333	21
Porites_evermani_scaffold_1043	103884	104744	gene-Peve_00000899	25.7455705	40
Porites_evermani_scaffold_1043	122347	123562	gene-Peve_00000901	13.96317614	21
Porites_evermani_scaffold_1043	125895	126555	gene-Peve_00000902	28.70313037	8
Porites_evermani_scaffold_1043	127351	129357	gene-Peve_00000903	26.46522527	22
Porites_evermani_scaffold_1043	137417	138452	gene-Peve_00000905	.	0
Porites_evermani_scaffold_1044	2483	3587	gene-Peve_00000906	21.54056091	23
Porites_evermani_scaffold_1044	30072	30390	gene-Peve_00000911	.	0
Porites_evermani_scaffold_1044	34604	38225	gene-Peve_00000915	.	0
Porites_evermani_scaffold_1044	40779	41175	gene-Peve_00000919	.	0
Porites_evermani_scaffold_1044	45315	45702	gene-Peve_00000923	.	0
Porites_evermani_scaffold_1044	48024	48402	gene-Peve_00000908	0	9
Porites_evermani_scaffold_1044	66128	68033	gene-Peve_00000909	.	0
Porites_evermani_scaffold_1044	72819	73439	gene-Peve_00000910	.	0
Porites_evermani_scaffold_1044	77702	79635	gene-Peve_00000912	10	4
Porites_evermani_scaffold_1044	86919	87396	gene-Peve_00000914	0.4385965	12
Porites_evermani_scaffold_1044	93364	96173	gene-Peve_00000916	.	0
Porites_evermani_scaffold_1044	99864	102686	gene-Peve_00000918	.	0
Porites_evermani_scaffold_1044	108156	108887	gene-Peve_00000921	.	0
Porites_evermani_scaffold_1044	109162	110942	gene-Peve_00000922	0	17
Porites_evermani_scaffold_1044	117236	125666	gene-Peve_00000924	0.7936508571	7
Porites_evermani_scaffold_1044	140059	151601	gene-Peve_00000925	8.847014879	33
Porites_evermani_scaffold_1044	155644	158081	gene-Peve_00000926	.	0
Porites_evermani_scaffold_1045	18717	23242	gene-Peve_00000930	0.5128205128	39
Porites_evermani_scaffold_1045	56983	57601	gene-Peve_00000933	0	1
Porites_evermani_scaffold_1045	67931	80766	gene-Peve_00000934	0.5925926	45
Porites_evermani_scaffold_1045	86648	87023	gene-Peve_00000935	.	0
Porites_evermani_scaffold_1045	90195	97474	gene-Peve_00000936	0.1644736842	38
Porites_evermani_scaffold_1045	101397	102519	gene-Peve_00000937	.	0
Porites_evermani_scaffold_1045	108860	118311	gene-Peve_00000938	6.6060606	15
Porites_evermani_scaffold_1045	131947	136158	gene-Peve_00000939	0	10
Porites_evermani_scaffold_1045	138424	139692	gene-Peve_00000940	.	0
Porites_evermani_scaffold_1045	141733	144366	gene-Peve_00000941	0	15
Porites_evermani_scaffold_1045	148693	149692	gene-Peve_00000942	.	0
Porites_evermani_scaffold_1046	6905	11028	gene-Peve_00000943	0	108
Porites_evermani_scaffold_1046	47950	71099	gene-Peve_00000950	77.97473218	185
Porites_evermani_scaffold_1046	73240	76463	gene-Peve_00000951	43.19418595	21
Porites_evermani_scaffold_1046	76582	102057	gene-Peve_00000952	14.93940875	375
Porites_evermani_scaffold_1046	110112	111608	gene-Peve_00000944	0.2270087805	41
Porites_evermani_scaffold_1046	111880	125659	gene-Peve_00000945	1.225162039	232
Porites_evermani_scaffold_1046	129589	131507	gene-Peve_00000946	0.3722943636	55
Porites_evermani_scaffold_1046	131603	131921	gene-Peve_00000947	0.6993006923	13
Porites_evermani_scaffold_1046	144303	152428	gene-Peve_00000948	38.888471	107
Porites_evermani_scaffold_1046	157438	159091	gene-Peve_00000949	78.43540436	11
Porites_evermani_scaffold_1047	1097	7275	gene-Peve_00000953	1.06422675	144
Porites_evermani_scaffold_1047	11263	16724	gene-Peve_00000957	0	4
Porites_evermani_scaffold_1047	18979	27782	gene-Peve_00000958	0.1450421899	158
Porites_evermani_scaffold_1047	32569	33823	gene-Peve_00000959	0	35
Porites_evermani_scaffold_1047	58481	62465	gene-Peve_00000960	0.1500721524	105
Porites_evermani_scaffold_1047	66414	76899	gene-Peve_00000954	2.874072169	154
Porites_evermani_scaffold_1047	81682	103243	gene-Peve_00000955	0.4264353728	346
Porites_evermani_scaffold_1047	133250	141562	gene-Peve_00000956	1.157794661	319
Porites_evermani_scaffold_1048	10942	14948	gene-Peve_00000964	0.2100840294	34
Porites_evermani_scaffold_1048	19954	43186	gene-Peve_00000967	10.94366106	313
Porites_evermani_scaffold_1048	46897	51380	gene-Peve_00000968	0.5128205385	13
Porites_evermani_scaffold_1048	59104	63144	gene-Peve_00000969	0.1461038952	105
Porites_evermani_scaffold_1048	78057	80132	gene-Peve_00000970	0.358563	65
Porites_evermani_scaffold_1048	86695	87576	gene-Peve_00000971	1.525747	11
Porites_evermani_scaffold_1048	103156	142615	gene-Peve_00000965	1.206863528	475
Porites_evermani_scaffold_1049	4850	6832	gene-Peve_00000972	0	22
Porites_evermani_scaffold_1049	14674	15766	gene-Peve_00000976	0	12
Porites_evermani_scaffold_1049	23791	27465	gene-Peve_00000979	66.92327294	17
Porites_evermani_scaffold_1049	27511	45043	gene-Peve_00000980	24.54846661	146
Porites_evermani_scaffold_1049	67315	70232	gene-Peve_00000973	4.444444444	9
Porites_evermani_scaffold_1049	91440	92752	gene-Peve_00000977	0	3
Porites_evermani_scaffold_1049	127495	139820	gene-Peve_00000975	2.547591292	24
Porites_evermani_scaffold_1049	142946	148023	gene-Peve_00000974	3.030303	3
Porites_evermani_scaffold_105	8721	11561	gene-Peve_00000982	28.88777893	14
Porites_evermani_scaffold_105	26344	27628	gene-Peve_00001016	0	25
Porites_evermani_scaffold_105	39712	40265	gene-Peve_00000997	0.6688963478	23
Porites_evermani_scaffold_105	61885	63953	gene-Peve_00001001	0	12
Porites_evermani_scaffold_105	83388	83739	gene-Peve_00001004	25.54350882	17
Porites_evermani_scaffold_105	89521	89974	gene-Peve_00001003	.	0
Porites_evermani_scaffold_105	90063	93741	gene-Peve_00001006	15.54348022	54
Porites_evermani_scaffold_105	106111	106648	gene-Peve_00001007	15.75301524	17
Porites_evermani_scaffold_105	113160	113528	gene-Peve_00001009	17.18283244	9
Porites_evermani_scaffold_105	116583	118536	gene-Peve_00001002	0	24
Porites_evermani_scaffold_105	137647	138334	gene-Peve_00001010	1.8181818	5
Porites_evermani_scaffold_105	138379	154673	gene-Peve_00001011	0.1618751616	99
Porites_evermani_scaffold_105	150008	151785	gene-Peve_00001012	0	14
Porites_evermani_scaffold_105	159007	159508	gene-Peve_00001013	0	4
Porites_evermani_scaffold_105	171759	172272	gene-Peve_00001015	0	4
Porites_evermani_scaffold_105	175878	176520	gene-Peve_00001017	0	3
Porites_evermani_scaffold_105	236394	237513	gene-Peve_00001021	0.600835931	29
Porites_evermani_scaffold_105	248641	256023	gene-Peve_00001023	0.463352798	198
Porites_evermani_scaffold_105	267979	272347	gene-Peve_00000983	0.2383332126	127
Porites_evermani_scaffold_105	283452	286271	gene-Peve_00000984	9.314149952	21
Porites_evermani_scaffold_105	291495	295316	gene-Peve_00000985	7.894216529	34
Porites_evermani_scaffold_105	308299	337457	gene-Peve_00000986	0.8969965916	666
Porites_evermani_scaffold_105	343710	346314	gene-Peve_00000987	0.2536525937	64
Porites_evermani_scaffold_105	347962	368233	gene-Peve_00000988	11.00958063	480
Porites_evermani_scaffold_105	386321	397639	gene-Peve_00000989	19.21419287	128
Porites_evermani_scaffold_105	407090	412041	gene-Peve_00000992	0.5375145	214
Porites_evermani_scaffold_105	432588	434466	gene-Peve_00000995	39.68032277	26
Porites_evermani_scaffold_105	441200	446782	gene-Peve_00000996	0.195326759	166
Porites_evermani_scaffold_105	458353	466934	gene-Peve_00000998	2.201900653	349
Porites_evermani_scaffold_105	459939	500953	gene-Peve_00000999	17.28649077	1003
Porites_evermani_scaffold_105	501153	516039	gene-Peve_00001000	14.87363365	358
Porites_evermani_scaffold_1050	3163	6431	gene-Peve_00001024	0.1254480323	93
Porites_evermani_scaffold_1050	35459	36350	gene-Peve_00001036	0.3472222083	24
Porites_evermani_scaffold_1050	52624	53032	gene-Peve_00001025	.	0
Porites_evermani_scaffold_1050	78855	79365	gene-Peve_00001026	0	9
Porites_evermani_scaffold_1050	79784	80387	gene-Peve_00001027	0	3
Porites_evermani_scaffold_1050	83174	83945	gene-Peve_00001029	0.378787875	24
Porites_evermani_scaffold_1050	85604	86266	gene-Peve_00001031	0	21
Porites_evermani_scaffold_1050	86716	89286	gene-Peve_00001032	0.1932419783	92
Porites_evermani_scaffold_1050	108975	117016	gene-Peve_00001033	0.5460276432	199
Porites_evermani_scaffold_1050	113442	113854	gene-Peve_00001034	0	11
Porites_evermani_scaffold_1050	148436	149789	gene-Peve_00001035	.	0
Porites_evermani_scaffold_1051	3297	3645	gene-Peve_00001041	0.5263158	10
Porites_evermani_scaffold_1051	4087	7726	gene-Peve_00001044	43.52703721	48
Porites_evermani_scaffold_1051	10459	17678	gene-Peve_00001046	69.343267	18
Porites_evermani_scaffold_1051	19411	22164	gene-Peve_00001047	.	0
Porites_evermani_scaffold_1051	28261	33234	gene-Peve_00001037	0	9
Porites_evermani_scaffold_1051	41153	79906	gene-Peve_00001038	3.767612095	168
Porites_evermani_scaffold_1051	85272	93164	gene-Peve_00001039	4.770038564	39
Porites_evermani_scaffold_1051	110503	131140	gene-Peve_00001042	0.2506622097	124
Porites_evermani_scaffold_1051	135775	137881	gene-Peve_00001043	.	0
Porites_evermani_scaffold_1051	145929	158024	gene-Peve_00001045	0.5204613854	192
Porites_evermani_scaffold_1052	28229	30660	gene-Peve_00001049	0.1886792453	53
Porites_evermani_scaffold_1052	51663	56354	gene-Peve_00001051	0.62041468	50
Porites_evermani_scaffold_1052	61818	86675	gene-Peve_00001052	3.651135541	691
Porites_evermani_scaffold_1052	95496	112443	gene-Peve_00001054	20.68930791	255
Porites_evermani_scaffold_1052	119371	132799	gene-Peve_00001055	37.12578989	292
Porites_evermani_scaffold_1052	133014	150005	gene-Peve_00001056	13.91489599	356
Porites_evermani_scaffold_1052	151218	152714	gene-Peve_00001057	0.2454633115	61
Porites_evermani_scaffold_1053	73	1507	gene-Peve_00001058	91.65001671	7
Porites_evermani_scaffold_1053	10838	36904	gene-Peve_00001060	9.055511235	531
Porites_evermani_scaffold_1053	43236	54725	gene-Peve_00001068	5.810450562	121
Porites_evermani_scaffold_1053	54733	69678	gene-Peve_00001067	57.92557982	61
Porites_evermani_scaffold_1053	70067	75073	gene-Peve_00001069	.	0
Porites_evermani_scaffold_1053	78114	89366	gene-Peve_00001059	44.16915505	82
Porites_evermani_scaffold_1053	89878	91914	gene-Peve_00001061	31.4901034	15
Porites_evermani_scaffold_1053	92103	98657	gene-Peve_00001062	19.47794687	100
Porites_evermani_scaffold_1053	100756	113328	gene-Peve_00001063	11.86388541	191
Porites_evermani_scaffold_1053	115434	119375	gene-Peve_00001064	1.063552297	138
Porites_evermani_scaffold_1053	120010	133889	gene-Peve_00001065	0.5453701319	326
Porites_evermani_scaffold_1053	134105	145296	gene-Peve_00001066	0.7695562147	191
Porites_evermani_scaffold_1054	10883	17097	gene-Peve_00001072	0.1035196667	138
Porites_evermani_scaffold_1054	31421	54766	gene-Peve_00001071	0.7526437463	611
Porites_evermani_scaffold_1054	56942	69593	gene-Peve_00001075	1.030328052	134
Porites_evermani_scaffold_1054	94078	111470	gene-Peve_00001070	0.6024255904	271
Porites_evermani_scaffold_1054	114047	114749	gene-Peve_00001073	0.1949317778	27
Porites_evermani_scaffold_1054	125300	140818	gene-Peve_00001074	0.625697638	326
Porites_evermani_scaffold_1055	3143	32521	gene-Peve_00001076	32.77614858	124
Porites_evermani_scaffold_1055	34920	40964	gene-Peve_00001084	0.3302888692	107
Porites_evermani_scaffold_1055	44516	45386	gene-Peve_00001088	7.852965737	19
Porites_evermani_scaffold_1055	48324	61687	gene-Peve_00001089	27.14078485	227
Porites_evermani_scaffold_1055	62284	64738	gene-Peve_00001090	5.220183833	66
Porites_evermani_scaffold_1055	66767	68035	gene-Peve_00001077	80.9182465	8
Porites_evermani_scaffold_1055	73877	77161	gene-Peve_00001078	82.4125874	5
Porites_evermani_scaffold_1055	79942	83220	gene-Peve_00001079	90.909091	1
Porites_evermani_scaffold_1055	85097	88400	gene-Peve_00001080	46.96766659	39
Porites_evermani_scaffold_1055	88591	93832	gene-Peve_00001081	65.70019533	58
Porites_evermani_scaffold_1055	95357	96856	gene-Peve_00001082	25.53779553	30
Porites_evermani_scaffold_1055	101230	132084	gene-Peve_00001083	0.5142531054	522
Porites_evermani_scaffold_1055	137532	139629	gene-Peve_00001085	1.168244274	73
Porites_evermani_scaffold_1055	145923	148172	gene-Peve_00001086	0	13
Porites_evermani_scaffold_1055	149655	155320	gene-Peve_00001087	0	4
Porites_evermani_scaffold_1056	44991	46676	gene-Peve_00001095	0	5
Porites_evermani_scaffold_1056	104677	107329	gene-Peve_00001091	0	7
Porites_evermani_scaffold_1056	113864	115358	gene-Peve_00001092	.	0
Porites_evermani_scaffold_1056	119926	125453	gene-Peve_00001093	13.80440312	65
Porites_evermani_scaffold_1056	126222	127398	gene-Peve_00001094	31.5570652	25
Porites_evermani_scaffold_1057	119	32491	gene-Peve_00001096	0.660128861	662
Porites_evermani_scaffold_1057	36298	36679	gene-Peve_00001097	0	2
Porites_evermani_scaffold_1057	49286	49982	gene-Peve_00001098	0	4
Porites_evermani_scaffold_1057	62227	63964	gene-Peve_00001099	43.0223388	15
Porites_evermani_scaffold_1057	73794	74475	gene-Peve_00001100	0	12
Porites_evermani_scaffold_1057	76533	78728	gene-Peve_00001101	0.9427401642	67
Porites_evermani_scaffold_1057	86048	90204	gene-Peve_00001102	2.036564633	98
Porites_evermani_scaffold_1057	90264	138285	gene-Peve_00001103	5.528987462	676
Porites_evermani_scaffold_1057	145358	154109	gene-Peve_00001104	0.4493948801	267
Porites_evermani_scaffold_1058	1475	2855	gene-Peve_00001107	0.1976284565	46
Porites_evermani_scaffold_1058	3572	6315	gene-Peve_00001110	0	29
Porites_evermani_scaffold_1058	8789	9476	gene-Peve_00001111	0	11
Porites_evermani_scaffold_1058	9710	14031	gene-Peve_00001112	8.434210533	15
Porites_evermani_scaffold_1058	43595	66882	gene-Peve_00001113	2.069221476	498
Porites_evermani_scaffold_1058	66956	71186	gene-Peve_00001114	.	0
Porites_evermani_scaffold_1058	72496	90451	gene-Peve_00001105	1.127098059	254
Porites_evermani_scaffold_1058	100695	115295	gene-Peve_00001106	38.91393105	222
Porites_evermani_scaffold_1058	129224	139934	gene-Peve_00001108	2.639597781	96
Porites_evermani_scaffold_1058	150442	151980	gene-Peve_00001109	94.76190471	7
Porites_evermani_scaffold_1059	361	1264	gene-Peve_00001115	0	24
Porites_evermani_scaffold_1059	14400	16502	gene-Peve_00001122	0.2702702703	37
Porites_evermani_scaffold_1059	20833	31762	gene-Peve_00001116	21.67539404	106
Porites_evermani_scaffold_1059	34614	61770	gene-Peve_00001117	2.557019939	407
Porites_evermani_scaffold_1059	65691	74215	gene-Peve_00001118	0.1390171635	208
Porites_evermani_scaffold_1059	81094	106301	gene-Peve_00001119	2.289797378	325
Porites_evermani_scaffold_1059	110614	137540	gene-Peve_00001120	5.346988942	173
Porites_evermani_scaffold_1059	137602	157056	gene-Peve_00001121	14.05996126	262
Porites_evermani_scaffold_106	12389	33001	gene-Peve_00001123	15.98566099	146
Porites_evermani_scaffold_106	37261	44449	gene-Peve_00001124	8.3333335	2
Porites_evermani_scaffold_106	53201	53765	gene-Peve_00001143	.	0
Porites_evermani_scaffold_106	59362	62169	gene-Peve_00001145	0.6275775385	39
Porites_evermani_scaffold_106	63866	111865	gene-Peve_00001144	5.525371767	836
Porites_evermani_scaffold_106	96240	97470	gene-Peve_00001146	0.1879699286	28
Porites_evermani_scaffold_106	125081	125454	gene-Peve_00001147	0	1
Porites_evermani_scaffold_106	129552	130901	gene-Peve_00001148	.	0
Porites_evermani_scaffold_106	154799	167839	gene-Peve_00001149	0.7827861105	353
Porites_evermani_scaffold_106	179573	187313	gene-Peve_00001152	0.7382142516	159
Porites_evermani_scaffold_106	198161	200744	gene-Peve_00001153	0.8674757284	81
Porites_evermani_scaffold_106	200024	200426	gene-Peve_00001154	2.3927805	18
Porites_evermani_scaffold_106	209943	211029	gene-Peve_00001155	42.2540025	6
Porites_evermani_scaffold_106	211386	211729	gene-Peve_00001156	49.258563	3
Porites_evermani_scaffold_106	215630	234228	gene-Peve_00001157	29.73646349	299
Porites_evermani_scaffold_106	234629	242152	gene-Peve_00001158	50.191362	53
Porites_evermani_scaffold_106	246899	279968	gene-Peve_00001159	6.286695436	236
Porites_evermani_scaffold_106	300726	303142	gene-Peve_00001160	4.621263506	81
Porites_evermani_scaffold_106	303655	307421	gene-Peve_00001161	15.74746316	45
Porites_evermani_scaffold_106	310138	312215	gene-Peve_00001125	.	0
Porites_evermani_scaffold_106	313394	331674	gene-Peve_00001126	65.17287054	132
Porites_evermani_scaffold_106	335927	337319	gene-Peve_00001127	0.5555555556	36
Porites_evermani_scaffold_106	343648	360720	gene-Peve_00001128	26.30940204	241
Porites_evermani_scaffold_106	363578	368772	gene-Peve_00001129	4.318895132	114
Porites_evermani_scaffold_106	376232	383519	gene-Peve_00001130	12.3372725	84
Porites_evermani_scaffold_106	395222	402710	gene-Peve_00001131	0.3856421333	120
Porites_evermani_scaffold_106	419553	432160	gene-Peve_00001132	0.6667627204	372
Porites_evermani_scaffold_106	461504	462113	gene-Peve_00001133	.	0
Porites_evermani_scaffold_106	474113	474968	gene-Peve_00001134	.	0
Porites_evermani_scaffold_106	475448	477649	gene-Peve_00001135	.	0
Porites_evermani_scaffold_106	481813	482116	gene-Peve_00001136	.	0
Porites_evermani_scaffold_106	487591	488170	gene-Peve_00001137	.	0
Porites_evermani_scaffold_106	497158	497788	gene-Peve_00001139	.	0
Porites_evermani_scaffold_106	498959	499538	gene-Peve_00001140	.	0
Porites_evermani_scaffold_106	505812	509101	gene-Peve_00001141	0	14
Porites_evermani_scaffold_106	511342	512555	gene-Peve_00001142	.	0
Porites_evermani_scaffold_1060	1327	8324	gene-Peve_00001162	39.58527301	87
Porites_evermani_scaffold_1060	8937	15044	gene-Peve_00001170	1.477298456	149
Porites_evermani_scaffold_1060	15457	30678	gene-Peve_00001172	12.49793023	246
Porites_evermani_scaffold_1060	38398	38827	gene-Peve_00001163	0	13
Porites_evermani_scaffold_1060	43269	51414	gene-Peve_00001164	39.07922785	60
Porites_evermani_scaffold_1060	52054	59321	gene-Peve_00001165	43.48554145	55
Porites_evermani_scaffold_1060	64376	75861	gene-Peve_00001166	79.27904113	104
Porites_evermani_scaffold_1060	80299	90026	gene-Peve_00001167	49.20651092	141
Porites_evermani_scaffold_1060	91182	91814	gene-Peve_00001168	56.13756633	3
Porites_evermani_scaffold_1060	96137	98379	gene-Peve_00001169	54.134581	10
Porites_evermani_scaffold_1060	101220	104619	gene-Peve_00001171	0.4049238776	49
Porites_evermani_scaffold_1060	120522	122753	gene-Peve_00001174	30.769231	2
Porites_evermani_scaffold_1060	129661	134630	gene-Peve_00001175	0.3662635185	54
Porites_evermani_scaffold_1060	140197	151542	gene-Peve_00001176	5.936517143	63
Porites_evermani_scaffold_1061	9364	30865	gene-Peve_00001178	1.334148096	218
Porites_evermani_scaffold_1061	35540	43294	gene-Peve_00001179	8.549943128	47
Porites_evermani_scaffold_1061	49313	49835	gene-Peve_00001180	.	0
Porites_evermani_scaffold_1061	86463	86885	gene-Peve_00001181	10	1
Porites_evermani_scaffold_1062	11833	14392	gene-Peve_00001186	1.503274902	41
Porites_evermani_scaffold_1062	23720	31433	gene-Peve_00001187	.	0
Porites_evermani_scaffold_1062	36366	38294	gene-Peve_00001188	0.545085	41
Porites_evermani_scaffold_1062	77406	81630	gene-Peve_00001183	0.3526176579	114
Porites_evermani_scaffold_1062	102658	137229	gene-Peve_00001182	0.2385196471	102
Porites_evermani_scaffold_1062	116453	118805	gene-Peve_00001184	.	0
Porites_evermani_scaffold_1062	155954	156906	gene-Peve_00001185	0.3921568667	15
Porites_evermani_scaffold_1063	1	5080	gene-Peve_00001189	0	9
Porites_evermani_scaffold_1063	5927	24217	gene-Peve_00001201	57.80217506	54
Porites_evermani_scaffold_1063	26888	28972	gene-Peve_00001205	93.33333333	3
Porites_evermani_scaffold_1063	30069	32589	gene-Peve_00001207	43.5897435	2
Porites_evermani_scaffold_1063	33765	34467	gene-Peve_00001208	0.6993007273	22
Porites_evermani_scaffold_1063	35823	38617	gene-Peve_00001209	74.35119333	24
Porites_evermani_scaffold_1063	43379	45682	gene-Peve_00001190	61.53011214	7
Porites_evermani_scaffold_1063	48696	59317	gene-Peve_00001191	0.6788164346	283
Porites_evermani_scaffold_1063	63513	63840	gene-Peve_00001192	0	3
Porites_evermani_scaffold_1063	68648	75089	gene-Peve_00001193	2.734242161	149
Porites_evermani_scaffold_1063	75778	78350	gene-Peve_00001194	0.122100127	63
Porites_evermani_scaffold_1063	79867	83659	gene-Peve_00001195	0.2314788521	142
Porites_evermani_scaffold_1063	90439	91741	gene-Peve_00001196	0.1355013659	41
Porites_evermani_scaffold_1063	97206	97770	gene-Peve_00001197	0.4201680588	17
Porites_evermani_scaffold_1063	98056	99349	gene-Peve_00001198	0.265252	29
Porites_evermani_scaffold_1063	104385	106340	gene-Peve_00001199	.	0
Porites_evermani_scaffold_1063	117078	119033	gene-Peve_00001200	2.25757574	50
Porites_evermani_scaffold_1063	121093	124375	gene-Peve_00001202	0.328206988	83
Porites_evermani_scaffold_1063	126201	127421	gene-Peve_00001203	0.2197802286	35
Porites_evermani_scaffold_1063	128427	139537	gene-Peve_00001204	38.55885572	92
Porites_evermani_scaffold_1063	146048	148222	gene-Peve_00001206	0.5952380714	14
Porites_evermani_scaffold_1064	3706	21484	gene-Peve_00001210	16.07152305	22
Porites_evermani_scaffold_1064	36418	51732	gene-Peve_00001220	0.1872001892	74
Porites_evermani_scaffold_1064	66722	84700	gene-Peve_00001219	0.5464669615	52
Porites_evermani_scaffold_1064	86442	89181	gene-Peve_00001211	.	0
Porites_evermani_scaffold_1064	93757	108682	gene-Peve_00001212	0	5
Porites_evermani_scaffold_1064	111683	117769	gene-Peve_00001213	14.28571428	18
Porites_evermani_scaffold_1064	118074	129714	gene-Peve_00001214	27.33521504	24
Porites_evermani_scaffold_1064	146615	147713	gene-Peve_00001215	.	0
Porites_evermani_scaffold_1064	148457	152214	gene-Peve_00001216	93.18181825	4
Porites_evermani_scaffold_1064	152354	153452	gene-Peve_00001217	.	0
Porites_evermani_scaffold_1064	156842	157376	gene-Peve_00001218	.	0
Porites_evermani_scaffold_1065	0	31651	gene-Peve_00001221	1.339095346	318
Porites_evermani_scaffold_1065	8896	52729	gene-Peve_00001222	0.8921443402	582
Porites_evermani_scaffold_1065	79322	108593	gene-Peve_00001230	0.4097326483	489
Porites_evermani_scaffold_1065	114978	118094	gene-Peve_00001231	1.933824254	126
Porites_evermani_scaffold_1065	122164	122503	gene-Peve_00001223	0	11
Porites_evermani_scaffold_1065	124362	125787	gene-Peve_00001224	2.441356566	53
Porites_evermani_scaffold_1065	128707	130466	gene-Peve_00001225	0.1689189189	37
Porites_evermani_scaffold_1065	132254	136240	gene-Peve_00001226	0.1195862967	91
Porites_evermani_scaffold_1065	140914	152108	gene-Peve_00001227	0.7368024179	268
Porites_evermani_scaffold_1066	15143	25116	gene-Peve_00001232	0.2163461538	104
Porites_evermani_scaffold_1066	31841	32066	gene-Peve_00001240	.	0
Porites_evermani_scaffold_1066	51717	63731	gene-Peve_00001233	0.3500561441	111
Porites_evermani_scaffold_1066	74785	75201	gene-Peve_00001234	0.6243756923	13
Porites_evermani_scaffold_1066	81962	104892	gene-Peve_00001235	0.9745177657	653
Porites_evermani_scaffold_1066	127086	143664	gene-Peve_00001238	0.5151856017	354
Porites_evermani_scaffold_1066	154348	154978	gene-Peve_00001239	14.68531477	13
Porites_evermani_scaffold_1067	958	1912	gene-Peve_00001243	.	0
Porites_evermani_scaffold_1067	15710	27636	gene-Peve_00001248	43.55216415	138
Porites_evermani_scaffold_1067	27837	30836	gene-Peve_00001249	39.44153319	54
Porites_evermani_scaffold_1067	45735	111650	gene-Peve_00001242	13.12467449	1486
Porites_evermani_scaffold_1067	74886	76883	gene-Peve_00001244	0.8321238491	53
Porites_evermani_scaffold_1067	143211	144270	gene-Peve_00001245	0.3194753514	37
Porites_evermani_scaffold_1067	144991	148151	gene-Peve_00001246	0.9299977831	83
Porites_evermani_scaffold_1067	151858	157251	gene-Peve_00001247	0.07769531387	137
Porites_evermani_scaffold_1068	3599	19603	gene-Peve_00001250	0.7939690374	508
Porites_evermani_scaffold_1068	10101	13548	gene-Peve_00001251	0.05630631081	74
Porites_evermani_scaffold_1068	23758	35450	gene-Peve_00001252	22.59497097	181
Porites_evermani_scaffold_1068	36309	41597	gene-Peve_00001253	80.90035484	68
Porites_evermani_scaffold_1068	41766	66861	gene-Peve_00001254	9.917604022	578
Porites_evermani_scaffold_1068	56362	57655	gene-Peve_00001255	0	41
Porites_evermani_scaffold_1068	67944	76525	gene-Peve_00001256	0.7370245519	241
Porites_evermani_scaffold_1068	83117	88162	gene-Peve_00001258	0.28743805	140
Porites_evermani_scaffold_1068	90574	96659	gene-Peve_00001257	1.526229672	183
Porites_evermani_scaffold_1068	107397	112884	gene-Peve_00001259	0.4546176443	194
Porites_evermani_scaffold_1068	117211	118177	gene-Peve_00001260	1.015712667	27
Porites_evermani_scaffold_1068	126240	131427	gene-Peve_00001261	0.1805562623	122
Porites_evermani_scaffold_1068	136241	140108	gene-Peve_00001262	0.3043478261	115
Porites_evermani_scaffold_1068	143813	147823	gene-Peve_00001263	0.5616178632	117
Porites_evermani_scaffold_1069	10099	10504	gene-Peve_00001265	.	0
Porites_evermani_scaffold_1069	16744	17883	gene-Peve_00001272	0	8
Porites_evermani_scaffold_1069	23089	24055	gene-Peve_00001274	0	6
Porites_evermani_scaffold_1069	30257	42180	gene-Peve_00001273	1.620553348	23
Porites_evermani_scaffold_1069	97472	98171	gene-Peve_00001264	0.4545454545	22
Porites_evermani_scaffold_1069	129459	129912	gene-Peve_00001266	0	6
Porites_evermani_scaffold_1069	130362	131742	gene-Peve_00001267	100	1
Porites_evermani_scaffold_1069	133825	134302	gene-Peve_00001269	.	0
Porites_evermani_scaffold_1069	134493	135078	gene-Peve_00001270	.	0
Porites_evermani_scaffold_1069	136122	139502	gene-Peve_00001268	93.86363637	8
Porites_evermani_scaffold_1069	153241	156840	gene-Peve_00001271	0.2127659574	47
Porites_evermani_scaffold_107	4270	10539	gene-Peve_00001283	71.72638202	88
Porites_evermani_scaffold_107	14930	20117	gene-Peve_00001294	0.7158002956	159
Porites_evermani_scaffold_107	25502	26429	gene-Peve_00001279	0	26
Porites_evermani_scaffold_107	27164	45527	gene-Peve_00001280	0.5231593073	218
Porites_evermani_scaffold_107	55916	56786	gene-Peve_00001281	0	21
Porites_evermani_scaffold_107	68778	141030	gene-Peve_00001282	5.996766981	1517
Porites_evermani_scaffold_107	99771	100524	gene-Peve_00001285	.	0
Porites_evermani_scaffold_107	100501	104857	gene-Peve_00001284	74.28999378	27
Porites_evermani_scaffold_107	143350	164187	gene-Peve_00001286	15.75381662	243
Porites_evermani_scaffold_107	167616	171475	gene-Peve_00001287	0.676513039	77
Porites_evermani_scaffold_107	181642	211742	gene-Peve_00001288	0.8228781903	725
Porites_evermani_scaffold_107	237948	275156	gene-Peve_00001293	22.13146554	612
Porites_evermani_scaffold_107	275237	286557	gene-Peve_00001295	16.50469703	134
Porites_evermani_scaffold_107	287438	290112	gene-Peve_00001296	1.2026515	44
Porites_evermani_scaffold_107	291060	316564	gene-Peve_00001297	0.4641006093	622
Porites_evermani_scaffold_107	318371	318746	gene-Peve_00001298	0	4
Porites_evermani_scaffold_107	322491	323457	gene-Peve_00001299	0	25
Porites_evermani_scaffold_107	324370	334871	gene-Peve_00001300	2.097252762	261
Porites_evermani_scaffold_107	328798	330948	gene-Peve_00001301	0.9280303	30
Porites_evermani_scaffold_107	338246	340136	gene-Peve_00001302	0	37
Porites_evermani_scaffold_107	342539	373239	gene-Peve_00001303	0.8536060046	657
Porites_evermani_scaffold_107	377925	378231	gene-Peve_00001276	0	6
Porites_evermani_scaffold_107	414739	461620	gene-Peve_00001277	0.8363320606	973
Porites_evermani_scaffold_107	486271	488193	gene-Peve_00001278	.	0
Porites_evermani_scaffold_1070	11312	12359	gene-Peve_00001304	0.1697840811	37
Porites_evermani_scaffold_1070	14843	19676	gene-Peve_00001309	52.776581	57
Porites_evermani_scaffold_1070	21812	24092	gene-Peve_00001314	76.73160183	6
Porites_evermani_scaffold_1070	25838	37261	gene-Peve_00001317	1.038653184	272
Porites_evermani_scaffold_1070	37756	46581	gene-Peve_00001305	9.230270353	201
Porites_evermani_scaffold_1070	48385	75787	gene-Peve_00001306	21.96033943	366
Porites_evermani_scaffold_1070	79674	82874	gene-Peve_00001307	0.5526083103	29
Porites_evermani_scaffold_1070	89193	95147	gene-Peve_00001308	2.04894473	185
Porites_evermani_scaffold_1070	101440	105459	gene-Peve_00001310	2.247289237	114
Porites_evermani_scaffold_1070	108700	111188	gene-Peve_00001311	0.9369619103	78
Porites_evermani_scaffold_1070	115655	117899	gene-Peve_00001312	3.264914053	57
Porites_evermani_scaffold_1070	120494	121178	gene-Peve_00001313	6.353646357	14
Porites_evermani_scaffold_1070	128063	129430	gene-Peve_00001316	0	27
Porites_evermani_scaffold_1070	134018	136268	gene-Peve_00001315	0.4166666538	52
Porites_evermani_scaffold_1070	148242	150414	gene-Peve_00001318	0.07627765217	69
Porites_evermani_scaffold_1071	618	4149	gene-Peve_00001325	54.60139147	60
Porites_evermani_scaffold_1071	9422	25544	gene-Peve_00001326	52.37332871	100
Porites_evermani_scaffold_1071	33622	64087	gene-Peve_00001327	21.17086054	379
Porites_evermani_scaffold_1071	65897	66818	gene-Peve_00001328	2.255799786	14
Porites_evermani_scaffold_1071	66812	68790	gene-Peve_00001319	0.1488095312	32
Porites_evermani_scaffold_1071	73525	151217	gene-Peve_00001320	11.18753583	493
Porites_evermani_scaffold_1071	90273	94103	gene-Peve_00001321	0.51748252	50
Porites_evermani_scaffold_1071	103474	117256	gene-Peve_00001322	30.17913667	95
Porites_evermani_scaffold_1071	119362	121145	gene-Peve_00001323	2.2215909	20
Porites_evermani_scaffold_1071	133724	145692	gene-Peve_00001324	0	16
Porites_evermani_scaffold_1072	23152	24129	gene-Peve_00001340	.	0
Porites_evermani_scaffold_1072	36808	39211	gene-Peve_00001329	.	0
Porites_evermani_scaffold_1072	40435	42196	gene-Peve_00001330	.	0
Porites_evermani_scaffold_1072	50315	50786	gene-Peve_00001331	.	0
Porites_evermani_scaffold_1072	64223	69484	gene-Peve_00001332	75.36390532	91
Porites_evermani_scaffold_1072	69931	75473	gene-Peve_00001333	67.87160722	121
Porites_evermani_scaffold_1072	78030	78417	gene-Peve_00001334	16.666667	1
Porites_evermani_scaffold_1072	81854	85021	gene-Peve_00001335	23.204486	57
Porites_evermani_scaffold_1072	87738	96422	gene-Peve_00001336	0.363032248	254
Porites_evermani_scaffold_1072	98660	113257	gene-Peve_00001337	0.7880992662	477
Porites_evermani_scaffold_1072	127310	129557	gene-Peve_00001338	0.5362505405	37
Porites_evermani_scaffold_1072	129808	131302	gene-Peve_00001339	0	9
Porites_evermani_scaffold_1072	147122	151163	gene-Peve_00001341	0.3874663019	53
Porites_evermani_scaffold_1073	14785	17820	gene-Peve_00001350	0	5
Porites_evermani_scaffold_1073	23784	46056	gene-Peve_00001342	0.710574516	438
Porites_evermani_scaffold_1073	54170	55466	gene-Peve_00001344	4.574045333	18
Porites_evermani_scaffold_1073	66639	67281	gene-Peve_00001345	0	16
Porites_evermani_scaffold_1073	83461	83773	gene-Peve_00001346	3.8746254	20
Porites_evermani_scaffold_1073	89648	90098	gene-Peve_00001347	0	24
Porites_evermani_scaffold_1073	90409	90811	gene-Peve_00001348	0	11
Porites_evermani_scaffold_1073	105541	106423	gene-Peve_00001349	4.025974	7
Porites_evermani_scaffold_1073	117610	118282	gene-Peve_00001351	0	18
Porites_evermani_scaffold_1073	127212	127569	gene-Peve_00001352	0	4
Porites_evermani_scaffold_1073	144899	145421	gene-Peve_00001353	.	0
Porites_evermani_scaffold_1073	149752	151169	gene-Peve_00001354	7.055972379	58
Porites_evermani_scaffold_1073	152851	153373	gene-Peve_00001355	.	0
Porites_evermani_scaffold_1074	1781	6020	gene-Peve_00001360	66.07566087	46
Porites_evermani_scaffold_1074	7916	12553	gene-Peve_00001366	89.67601507	70
Porites_evermani_scaffold_1074	12832	24071	gene-Peve_00001370	20.43234251	170
Porites_evermani_scaffold_1074	27177	28268	gene-Peve_00001371	.	0
Porites_evermani_scaffold_1074	36216	36879	gene-Peve_00001356	0.4166666875	16
Porites_evermani_scaffold_1074	38615	48624	gene-Peve_00001357	1.002753087	229
Porites_evermani_scaffold_1074	53257	57596	gene-Peve_00001358	57.83935598	48
Porites_evermani_scaffold_1074	58489	77931	gene-Peve_00001359	83.98300117	176
Porites_evermani_scaffold_1074	78560	86510	gene-Peve_00001361	66.44957841	39
Porites_evermani_scaffold_1074	88139	89273	gene-Peve_00001362	0.2380952333	30
Porites_evermani_scaffold_1074	92854	95909	gene-Peve_00001363	0.2809483614	83
Porites_evermani_scaffold_1074	100184	101112	gene-Peve_00001364	0	10
Porites_evermani_scaffold_1074	103764	106206	gene-Peve_00001365	.	0
Porites_evermani_scaffold_1074	114154	115705	gene-Peve_00001367	.	0
Porites_evermani_scaffold_1074	122394	144784	gene-Peve_00001368	0	43
Porites_evermani_scaffold_1074	154756	155264	gene-Peve_00001369	.	0
Porites_evermani_scaffold_1075	334	17165	gene-Peve_00001372	0.76528834	50
Porites_evermani_scaffold_1075	7413	19745	gene-Peve_00001381	1.062900472	36
Porites_evermani_scaffold_1075	32390	32888	gene-Peve_00001382	.	0
Porites_evermani_scaffold_1075	34776	35274	gene-Peve_00001373	.	0
Porites_evermani_scaffold_1075	47997	51779	gene-Peve_00001375	0.6518838	80
Porites_evermani_scaffold_1075	51873	61167	gene-Peve_00001376	0.6470056754	114
Porites_evermani_scaffold_1075	77950	100753	gene-Peve_00001377	2.286610989	94
Porites_evermani_scaffold_1075	127536	129747	gene-Peve_00001378	1.109098574	68
Porites_evermani_scaffold_1075	132596	143419	gene-Peve_00001379	1.042006892	297
Porites_evermani_scaffold_1075	148065	153360	gene-Peve_00001380	0.2742945854	82
Porites_evermani_scaffold_1076	986	7970	gene-Peve_00001383	30.25074248	112
Porites_evermani_scaffold_1076	5896	6684	gene-Peve_00001389	17.06259417	6
Porites_evermani_scaffold_1076	13225	14798	gene-Peve_00001396	32.17162507	29
Porites_evermani_scaffold_1076	22400	22808	gene-Peve_00001401	.	0
Porites_evermani_scaffold_1076	23248	24992	gene-Peve_00001403	76.17424244	16
Porites_evermani_scaffold_1076	25007	25865	gene-Peve_00001384	90	1
Porites_evermani_scaffold_1076	30622	34833	gene-Peve_00001385	44.44816441	37
Porites_evermani_scaffold_1076	39212	39976	gene-Peve_00001386	40.41745116	19
Porites_evermani_scaffold_1076	52242	55666	gene-Peve_00001390	4.16666675	4
Porites_evermani_scaffold_1076	56067	57781	gene-Peve_00001391	0	1
Porites_evermani_scaffold_1076	60581	61246	gene-Peve_00001392	.	0
Porites_evermani_scaffold_1076	72628	73438	gene-Peve_00001393	.	0
Porites_evermani_scaffold_1076	81166	81725	gene-Peve_00001395	.	0
Porites_evermani_scaffold_1076	84020	85677	gene-Peve_00001394	29.21443131	16
Porites_evermani_scaffold_1076	138979	139438	gene-Peve_00001399	45.9408128	5
Porites_evermani_scaffold_1076	144353	147216	gene-Peve_00001400	70	1
Porites_evermani_scaffold_1077	296	2474	gene-Peve_00001404	0.2879970435	46
Porites_evermani_scaffold_1077	11110	11686	gene-Peve_00001409	1.587036174	23
Porites_evermani_scaffold_1077	24518	25405	gene-Peve_00001410	.	0
Porites_evermani_scaffold_1077	36709	37549	gene-Peve_00001411	0	17
Porites_evermani_scaffold_1077	66950	99747	gene-Peve_00001405	29.70305223	696
Porites_evermani_scaffold_1077	105724	109178	gene-Peve_00001406	.	0
Porites_evermani_scaffold_1077	113420	117719	gene-Peve_00001407	0.05005005405	111
Porites_evermani_scaffold_1077	119784	121536	gene-Peve_00001408	4.024250581	43
Porites_evermani_scaffold_1078	12919	17419	gene-Peve_00001421	0.9545201429	7
Porites_evermani_scaffold_1078	29567	30005	gene-Peve_00001412	0	12
Porites_evermani_scaffold_1078	109234	113439	gene-Peve_00001414	6.4257168	15
Porites_evermani_scaffold_1078	116730	117362	gene-Peve_00001415	1.89285725	4
Porites_evermani_scaffold_1078	125289	126051	gene-Peve_00001419	0	3
Porites_evermani_scaffold_1078	149507	149933	gene-Peve_00001422	0	12
Porites_evermani_scaffold_1079	2864	7254	gene-Peve_00001423	63.76789125	118
Porites_evermani_scaffold_1079	10516	13557	gene-Peve_00001428	0.3240740694	72
Porites_evermani_scaffold_1079	24797	69512	gene-Peve_00001429	8.746760207	758
Porites_evermani_scaffold_1079	71209	85781	gene-Peve_00001430	34.52950455	181
Porites_evermani_scaffold_1079	88143	99690	gene-Peve_00001431	0.3512551036	222
Porites_evermani_scaffold_1079	109524	110505	gene-Peve_00001424	.	0
Porites_evermani_scaffold_1079	119998	120433	gene-Peve_00001425	11.05068864	14
Porites_evermani_scaffold_1079	134571	156219	gene-Peve_00001426	0.6677902901	548
Porites_evermani_scaffold_108	1512	2100	gene-Peve_00001432	1.161616227	22
Porites_evermani_scaffold_108	17280	30264	gene-Peve_00001448	11.10780479	284
Porites_evermani_scaffold_108	35460	41925	gene-Peve_00001458	0.4774712143	98
Porites_evermani_scaffold_108	43666	44104	gene-Peve_00001433	0	15
Porites_evermani_scaffold_108	47749	60612	gene-Peve_00001434	0.3992053141	417
Porites_evermani_scaffold_108	65765	118569	gene-Peve_00001435	2.737720373	1245
Porites_evermani_scaffold_108	120133	162200	gene-Peve_00001436	7.923899874	1210
Porites_evermani_scaffold_108	169531	189698	gene-Peve_00001437	10.37819848	388
Porites_evermani_scaffold_108	191677	196811	gene-Peve_00001438	65.88436174	54
Porites_evermani_scaffold_108	197098	212804	gene-Peve_00001439	16.89367595	306
Porites_evermani_scaffold_108	218534	230651	gene-Peve_00001440	31.69529809	150
Porites_evermani_scaffold_108	231639	234751	gene-Peve_00001441	0.0833333375	80
Porites_evermani_scaffold_108	269850	276640	gene-Peve_00001443	0.1290954444	108
Porites_evermani_scaffold_108	278979	311091	gene-Peve_00001444	0.8248047398	880
Porites_evermani_scaffold_108	313435	315264	gene-Peve_00001445	0.69466728	50
Porites_evermani_scaffold_108	317457	331903	gene-Peve_00001446	0.9247906135	401
Porites_evermani_scaffold_108	341703	362584	gene-Peve_00001447	1.419333822	527
Porites_evermani_scaffold_108	368881	373581	gene-Peve_00001450	0	140
Porites_evermani_scaffold_108	378153	411920	gene-Peve_00001451	1.419760472	847
Porites_evermani_scaffold_108	403579	404041	gene-Peve_00001452	.	0
Porites_evermani_scaffold_108	417129	423251	gene-Peve_00001453	0.4348173088	136
Porites_evermani_scaffold_108	430702	451255	gene-Peve_00001454	0.401500535	486
Porites_evermani_scaffold_108	454985	458909	gene-Peve_00001455	79.53061413	60
Porites_evermani_scaffold_108	462834	494400	gene-Peve_00001456	9.530280117	720
Porites_evermani_scaffold_108	499498	504335	gene-Peve_00001457	80.230399	82
Porites_evermani_scaffold_108	505907	510132	gene-Peve_00001459	57.9870542	45
Porites_evermani_scaffold_1080	20	3011	gene-Peve_00001464	0	15
Porites_evermani_scaffold_1080	12188	13283	gene-Peve_00001460	9.602130333	15
Porites_evermani_scaffold_1080	16620	17661	gene-Peve_00001461	0	19
Porites_evermani_scaffold_1080	27523	29992	gene-Peve_00001462	0	4
Porites_evermani_scaffold_1080	31391	31942	gene-Peve_00001463	.	0
Porites_evermani_scaffold_1080	40372	44716	gene-Peve_00001465	.	0
Porites_evermani_scaffold_1080	55977	56220	gene-Peve_00001466	.	0
Porites_evermani_scaffold_1080	74867	83088	gene-Peve_00001467	86.83550352	27
Porites_evermani_scaffold_1080	81450	84459	gene-Peve_00001468	87.98727067	21
Porites_evermani_scaffold_1080	98668	104813	gene-Peve_00001469	46.19267403	67
Porites_evermani_scaffold_1080	100509	124699	gene-Peve_00001470	38.66213512	243
Porites_evermani_scaffold_1080	125442	128823	gene-Peve_00001471	0.3982129048	84
Porites_evermani_scaffold_1080	130752	132457	gene-Peve_00001473	0.6728778261	23
Porites_evermani_scaffold_1080	137874	141554	gene-Peve_00001472	12.5	8
Porites_evermani_scaffold_1080	144701	146086	gene-Peve_00001474	.	0
Porites_evermani_scaffold_1081	9352	29825	gene-Peve_00001478	0.8570171629	448
Porites_evermani_scaffold_1081	24336	26138	gene-Peve_00001481	0.1785714286	56
Porites_evermani_scaffold_1081	35410	36025	gene-Peve_00001475	0	1
Porites_evermani_scaffold_1081	46655	47312	gene-Peve_00001476	0.2976190417	24
Porites_evermani_scaffold_1081	50678	55861	gene-Peve_00001477	61.88725148	91
Porites_evermani_scaffold_1081	116813	139498	gene-Peve_00001479	36.63817448	315
Porites_evermani_scaffold_1081	142729	152024	gene-Peve_00001480	28.69467963	227
Porites_evermani_scaffold_1082	6138	8037	gene-Peve_00001483	.	0
Porites_evermani_scaffold_1082	14889	17147	gene-Peve_00001482	0	9
Porites_evermani_scaffold_1082	23258	41368	gene-Peve_00001492	0.8146067906	425
Porites_evermani_scaffold_1082	45384	52942	gene-Peve_00001494	0.08614179439	214
Porites_evermani_scaffold_1082	60597	69664	gene-Peve_00001495	0.5769271209	182
Porites_evermani_scaffold_1082	71745	85736	gene-Peve_00001484	0.2674715224	245
Porites_evermani_scaffold_1082	87413	90575	gene-Peve_00001485	0	19
Porites_evermani_scaffold_1082	94399	100144	gene-Peve_00001486	0.2144082327	159
Porites_evermani_scaffold_1082	105551	111413	gene-Peve_00001487	0.8481314205	195
Porites_evermani_scaffold_1082	113349	114990	gene-Peve_00001488	0	18
Porites_evermani_scaffold_1082	118719	134441	gene-Peve_00001489	0.7111125707	389
Porites_evermani_scaffold_1082	136155	141163	gene-Peve_00001491	63.51648375	8
Porites_evermani_scaffold_1082	143089	152594	gene-Peve_00001490	60.55899273	74
Porites_evermani_scaffold_1082	155072	155570	gene-Peve_00001493	0	6
Porites_evermani_scaffold_1083	14479	18872	gene-Peve_00001503	0	9
Porites_evermani_scaffold_1083	23394	29602	gene-Peve_00001504	0.7575757333	45
Porites_evermani_scaffold_1083	33474	40336	gene-Peve_00001505	.	0
Porites_evermani_scaffold_1083	47254	56951	gene-Peve_00001506	0.383023604	202
Porites_evermani_scaffold_1083	69122	89506	gene-Peve_00001496	3.176205261	238
Porites_evermani_scaffold_1083	82974	83857	gene-Peve_00001497	.	0
Porites_evermani_scaffold_1083	89915	108990	gene-Peve_00001498	9.630636507	270
Porites_evermani_scaffold_1083	111244	115233	gene-Peve_00001499	.	0
Porites_evermani_scaffold_1083	116500	125272	gene-Peve_00001500	25.28894649	130
Porites_evermani_scaffold_1083	127260	137975	gene-Peve_00001501	46.03519016	150
Porites_evermani_scaffold_1083	140035	144867	gene-Peve_00001502	59.57787902	56
Porites_evermani_scaffold_1084	19573	40656	gene-Peve_00001518	0.7896578419	310
Porites_evermani_scaffold_1084	45228	52225	gene-Peve_00001507	0.3340541731	156
Porites_evermani_scaffold_1084	58384	59212	gene-Peve_00001508	0	22
Porites_evermani_scaffold_1084	61896	63987	gene-Peve_00001509	1.235327476	21
Porites_evermani_scaffold_1084	62853	63171	gene-Peve_00001510	0	1
Porites_evermani_scaffold_1084	64432	65659	gene-Peve_00001511	1.1111112	5
Porites_evermani_scaffold_1084	80276	80619	gene-Peve_00001512	0	6
Porites_evermani_scaffold_1084	82002	82832	gene-Peve_00001513	0	3
Porites_evermani_scaffold_1084	104203	105023	gene-Peve_00001515	0	7
Porites_evermani_scaffold_1084	122398	123952	gene-Peve_00001516	0.9175191765	17
Porites_evermani_scaffold_1085	18822	21135	gene-Peve_00001519	.	0
Porites_evermani_scaffold_1085	24556	34239	gene-Peve_00001522	50.20900553	167
Porites_evermani_scaffold_1085	37069	51410	gene-Peve_00001527	42.54368344	205
Porites_evermani_scaffold_1085	51903	57770	gene-Peve_00001528	0.212437471	155
Porites_evermani_scaffold_1085	66380	68666	gene-Peve_00001520	0	38
Porites_evermani_scaffold_1085	77740	99011	gene-Peve_00001521	0.5344551858	452
Porites_evermani_scaffold_1085	103120	103483	gene-Peve_00001523	0	7
Porites_evermani_scaffold_1085	106684	108470	gene-Peve_00001524	0	44
Porites_evermani_scaffold_1085	124320	128833	gene-Peve_00001525	1.021493246	118
Porites_evermani_scaffold_1085	134891	144191	gene-Peve_00001526	0.3182074812	239
Porites_evermani_scaffold_1086	79	9555	gene-Peve_00001529	0.36878643	200
Porites_evermani_scaffold_1086	11996	55345	gene-Peve_00001538	2.260736379	644
Porites_evermani_scaffold_1086	56842	71473	gene-Peve_00001539	17.11785008	123
Porites_evermani_scaffold_1086	84383	90874	gene-Peve_00001540	18.3665708	121
Porites_evermani_scaffold_1086	93420	96971	gene-Peve_00001541	61.67660772	29
Porites_evermani_scaffold_1086	100507	105605	gene-Peve_00001530	76.84140844	32
Porites_evermani_scaffold_1086	110457	111438	gene-Peve_00001531	0	18
Porites_evermani_scaffold_1086	115075	116312	gene-Peve_00001532	0	19
Porites_evermani_scaffold_1086	121686	122631	gene-Peve_00001533	0	12
Porites_evermani_scaffold_1086	125114	126059	gene-Peve_00001534	.	0
Porites_evermani_scaffold_1086	135543	136678	gene-Peve_00001535	0	6
Porites_evermani_scaffold_1086	141743	142691	gene-Peve_00001536	0	19
Porites_evermani_scaffold_1086	152483	153437	gene-Peve_00001537	0	36
Porites_evermani_scaffold_1087	2250	7355	gene-Peve_00001542	0.6253655294	119
Porites_evermani_scaffold_1087	9103	12101	gene-Peve_00001550	0.1358885	82
Porites_evermani_scaffold_1087	22197	23269	gene-Peve_00001552	.	0
Porites_evermani_scaffold_1087	30553	37235	gene-Peve_00001553	0.5208561469	211
Porites_evermani_scaffold_1087	38708	41777	gene-Peve_00001554	0.2707385679	81
Porites_evermani_scaffold_1087	58636	60182	gene-Peve_00001543	.	0
Porites_evermani_scaffold_1087	62454	66305	gene-Peve_00001544	.	0
Porites_evermani_scaffold_1087	69288	93387	gene-Peve_00001545	34.90705941	239
Porites_evermani_scaffold_1087	95725	126931	gene-Peve_00001546	29.02909035	310
Porites_evermani_scaffold_1087	132873	136909	gene-Peve_00001547	0	7
Porites_evermani_scaffold_1087	138428	147001	gene-Peve_00001548	0.2871708419	215
Porites_evermani_scaffold_1087	146984	155267	gene-Peve_00001551	4.142473078	128
Porites_evermani_scaffold_1088	40827	45072	gene-Peve_00001556	.	0
Porites_evermani_scaffold_1088	106451	106862	gene-Peve_00001558	.	0
Porites_evermani_scaffold_1088	144214	151802	gene-Peve_00001561	.	0
Porites_evermani_scaffold_1089	1691	2972	gene-Peve_00001567	.	0
Porites_evermani_scaffold_1089	2540	3998	gene-Peve_00001575	.	0
Porites_evermani_scaffold_1089	11223	14974	gene-Peve_00001580	6.667102955	22
Porites_evermani_scaffold_1089	18612	20029	gene-Peve_00001581	0	1
Porites_evermani_scaffold_1089	20305	20968	gene-Peve_00001562	.	0
Porites_evermani_scaffold_1089	21910	22498	gene-Peve_00001563	.	0
Porites_evermani_scaffold_1089	43379	44748	gene-Peve_00001564	.	0
Porites_evermani_scaffold_1089	46032	47050	gene-Peve_00001568	.	0
Porites_evermani_scaffold_1089	47061	47480	gene-Peve_00001565	.	0
Porites_evermani_scaffold_1089	49351	50287	gene-Peve_00001566	.	0
Porites_evermani_scaffold_1089	52310	52724	gene-Peve_00001569	.	0
Porites_evermani_scaffold_1089	52864	53423	gene-Peve_00001570	.	0
Porites_evermani_scaffold_1089	56308	56821	gene-Peve_00001571	.	0
Porites_evermani_scaffold_1089	72319	73141	gene-Peve_00001574	.	0
Porites_evermani_scaffold_1089	109650	111734	gene-Peve_00001576	.	0
Porites_evermani_scaffold_1089	147766	154033	gene-Peve_00001579	17.54643444	18
Porites_evermani_scaffold_109	17056	23596	gene-Peve_00001586	0.4504423378	225
Porites_evermani_scaffold_109	50126	60667	gene-Peve_00001595	0.2836286048	210
Porites_evermani_scaffold_109	71128	77567	gene-Peve_00001582	52.85115377	35
Porites_evermani_scaffold_109	86171	95304	gene-Peve_00001583	0.6518263476	210
Porites_evermani_scaffold_109	95612	113730	gene-Peve_00001584	40.35287286	261
Porites_evermani_scaffold_109	113876	115987	gene-Peve_00001585	37.90984238	26
Porites_evermani_scaffold_109	118020	123591	gene-Peve_00001587	47.67646497	66
Porites_evermani_scaffold_109	126631	161065	gene-Peve_00001588	0.9695615504	427
Porites_evermani_scaffold_109	162380	168769	gene-Peve_00001589	66.7343573	93
Porites_evermani_scaffold_109	187588	190418	gene-Peve_00001590	0	30
Porites_evermani_scaffold_109	191582	195746	gene-Peve_00001591	32.28481005	64
Porites_evermani_scaffold_109	196229	197453	gene-Peve_00001592	32.98746881	27
Porites_evermani_scaffold_109	199949	214454	gene-Peve_00001593	47.05614266	204
Porites_evermani_scaffold_109	217207	252450	gene-Peve_00001594	4.941933144	591
Porites_evermani_scaffold_109	254447	258453	gene-Peve_00001597	0	64
Porites_evermani_scaffold_109	292776	337932	gene-Peve_00001599	6.886563672	731
Porites_evermani_scaffold_109	341992	387590	gene-Peve_00001600	1.958360071	686
Porites_evermani_scaffold_109	356470	363839	gene-Peve_00001601	0.6604170764	157
Porites_evermani_scaffold_109	394129	397937	gene-Peve_00001603	0	14
Porites_evermani_scaffold_109	439392	472573	gene-Peve_00001605	0.3348734069	521
Porites_evermani_scaffold_109	473011	486545	gene-Peve_00001604	0.7875502386	264
Porites_evermani_scaffold_109	490239	499240	gene-Peve_00001606	0.7817565907	193
Porites_evermani_scaffold_1090	66	5330	gene-Peve_00001607	.	0
Porites_evermani_scaffold_1090	14852	20660	gene-Peve_00001610	1.10576925	16
Porites_evermani_scaffold_1090	24001	24322	gene-Peve_00001614	.	0
Porites_evermani_scaffold_1090	27901	29439	gene-Peve_00001615	.	0
Porites_evermani_scaffold_1090	35977	39914	gene-Peve_00001613	0	9
Porites_evermani_scaffold_1090	45114	49286	gene-Peve_00001611	0.45454545	20
Porites_evermani_scaffold_1090	56420	60325	gene-Peve_00001612	2.085385897	29
Porites_evermani_scaffold_1090	95478	96701	gene-Peve_00001608	.	0
Porites_evermani_scaffold_1090	105492	117899	gene-Peve_00001609	.	0
Porites_evermani_scaffold_1091	314	2666	gene-Peve_00001616	2.045454542	24
Porites_evermani_scaffold_1091	5675	6413	gene-Peve_00001620	80.76884933	12
Porites_evermani_scaffold_1091	8511	14155	gene-Peve_00001623	15.8415856	57
Porites_evermani_scaffold_1091	26600	42018	gene-Peve_00001619	8.271118376	133
Porites_evermani_scaffold_1091	59173	64581	gene-Peve_00001621	0.1904762	35
Porites_evermani_scaffold_1091	66493	78526	gene-Peve_00001622	28.62226379	109
Porites_evermani_scaffold_1091	97965	150452	gene-Peve_00001624	2.175635885	680
Porites_evermani_scaffold_1091	105200	109704	gene-Peve_00001625	16.25541558	31
Porites_evermani_scaffold_1091	111136	112382	gene-Peve_00001626	.	0
Porites_evermani_scaffold_1091	117179	122283	gene-Peve_00001627	5.531255222	27
Porites_evermani_scaffold_1091	132353	134915	gene-Peve_00001617	0.1222232097	124
Porites_evermani_scaffold_1091	136055	137186	gene-Peve_00001618	0.5948276	20
Porites_evermani_scaffold_1092	4556	33521	gene-Peve_00001628	0.5934888045	706
Porites_evermani_scaffold_1092	50953	54382	gene-Peve_00001632	0.6231224375	96
Porites_evermani_scaffold_1092	56758	65120	gene-Peve_00001633	0.3125654341	205
Porites_evermani_scaffold_1092	73763	82234	gene-Peve_00001634	0.402120244	209
Porites_evermani_scaffold_1092	92343	97511	gene-Peve_00001636	0.4038079885	87
Porites_evermani_scaffold_1092	99638	104678	gene-Peve_00001637	0.348124096	125
Porites_evermani_scaffold_1092	110510	127062	gene-Peve_00001629	13.85107854	232
Porites_evermani_scaffold_1092	137946	141403	gene-Peve_00001630	0.8190960198	101
Porites_evermani_scaffold_1092	144912	154447	gene-Peve_00001631	0.548228872	164
Porites_evermani_scaffold_1093	20960	24924	gene-Peve_00001641	0	3
Porites_evermani_scaffold_1093	103229	107017	gene-Peve_00001639	.	0
Porites_evermani_scaffold_1093	107659	107916	gene-Peve_00001640	.	0
Porites_evermani_scaffold_1094	6475	13930	gene-Peve_00001642	0	4
Porites_evermani_scaffold_1094	34168	35203	gene-Peve_00001649	0.9090909091	11
Porites_evermani_scaffold_1094	36926	63296	gene-Peve_00001653	11.07358138	87
Porites_evermani_scaffold_1094	65205	68121	gene-Peve_00001654	54.89956067	49
Porites_evermani_scaffold_1094	68298	84568	gene-Peve_00001643	4.594377289	350
Porites_evermani_scaffold_1094	85170	91101	gene-Peve_00001644	27.77019032	19
Porites_evermani_scaffold_1094	101187	101583	gene-Peve_00001646	.	0
Porites_evermani_scaffold_1094	109268	111829	gene-Peve_00001647	0	5
Porites_evermani_scaffold_1094	117969	118947	gene-Peve_00001648	10	1
Porites_evermani_scaffold_1094	120574	123652	gene-Peve_00001650	0	6
Porites_evermani_scaffold_1094	124006	132553	gene-Peve_00001651	1.043771037	27
Porites_evermani_scaffold_1094	143089	145710	gene-Peve_00001652	0	13
Porites_evermani_scaffold_1095	19346	50148	gene-Peve_00001666	8.154685348	457
Porites_evermani_scaffold_1095	42306	42861	gene-Peve_00001667	0	1
Porites_evermani_scaffold_1095	52496	55154	gene-Peve_00001668	0.5	20
Porites_evermani_scaffold_1095	57242	60024	gene-Peve_00001669	1.234402847	85
Porites_evermani_scaffold_1095	60369	63371	gene-Peve_00001670	56.55919585	47
Porites_evermani_scaffold_1095	63683	65786	gene-Peve_00001671	1.618583032	31
Porites_evermani_scaffold_1095	67375	70856	gene-Peve_00001672	1.065436054	111
Porites_evermani_scaffold_1095	72249	74244	gene-Peve_00001655	24.40658903	37
Porites_evermani_scaffold_1095	75103	89071	gene-Peve_00001656	1.04459677	344
Porites_evermani_scaffold_1095	93989	97697	gene-Peve_00001658	68.17398787	24
Porites_evermani_scaffold_1095	97802	98955	gene-Peve_00001659	13.42532464	11
Porites_evermani_scaffold_1095	103456	112669	gene-Peve_00001660	84.3056343	71
Porites_evermani_scaffold_1095	117036	124908	gene-Peve_00001661	87.16682129	14
Porites_evermani_scaffold_1095	129572	131830	gene-Peve_00001662	54.43181825	8
Porites_evermani_scaffold_1095	132209	137137	gene-Peve_00001663	84.2380953	10
Porites_evermani_scaffold_1095	137943	142434	gene-Peve_00001664	85.8333335	2
Porites_evermani_scaffold_1095	142995	152508	gene-Peve_00001665	46.65661721	56
Porites_evermani_scaffold_1096	1079	41831	gene-Peve_00001673	10.14599845	141
Porites_evermani_scaffold_1096	43670	48731	gene-Peve_00001674	0.1377410455	66
Porites_evermani_scaffold_1096	63212	64793	gene-Peve_00001681	0	14
Porites_evermani_scaffold_1096	64864	67447	gene-Peve_00001675	0	18
Porites_evermani_scaffold_1096	86381	89798	gene-Peve_00001676	0.2083333438	32
Porites_evermani_scaffold_1096	93001	93472	gene-Peve_00001677	0.9615385	8
Porites_evermani_scaffold_1096	115893	117052	gene-Peve_00001678	0.6018518519	27
Porites_evermani_scaffold_1096	117862	119368	gene-Peve_00001679	0.7936507619	21
Porites_evermani_scaffold_1096	129206	130358	gene-Peve_00001680	0.420593913	23
Porites_evermani_scaffold_1097	9945	73248	gene-Peve_00001683	0.3660087317	846
Porites_evermani_scaffold_1097	61717	62323	gene-Peve_00001689	0	25
Porites_evermani_scaffold_1097	76320	104270	gene-Peve_00001690	34.23960666	209
Porites_evermani_scaffold_1097	97485	100298	gene-Peve_00001682	0.2481389677	31
Porites_evermani_scaffold_1097	113701	114751	gene-Peve_00001684	0	34
Porites_evermani_scaffold_1097	127020	137633	gene-Peve_00001686	45.77209642	134
Porites_evermani_scaffold_1097	138121	153861	gene-Peve_00001687	73.00874212	123
Porites_evermani_scaffold_1098	8703	10112	gene-Peve_00001695	.	0
Porites_evermani_scaffold_1098	36045	38394	gene-Peve_00001699	.	0
Porites_evermani_scaffold_1098	43875	49732	gene-Peve_00001700	0.3693181818	44
Porites_evermani_scaffold_1098	65032	66692	gene-Peve_00001701	.	0
Porites_evermani_scaffold_1098	71891	74576	gene-Peve_00001702	.	0
Porites_evermani_scaffold_1098	75825	76439	gene-Peve_00001691	.	0
Porites_evermani_scaffold_1098	88445	89348	gene-Peve_00001692	0	28
Porites_evermani_scaffold_1098	108073	111966	gene-Peve_00001693	29.010989	13
Porites_evermani_scaffold_1098	112094	122081	gene-Peve_00001694	62.02855283	76
Porites_evermani_scaffold_1098	124259	131868	gene-Peve_00001696	63.93452096	50
Porites_evermani_scaffold_1098	136012	141760	gene-Peve_00001697	66.22087224	29
Porites_evermani_scaffold_1098	148765	154310	gene-Peve_00001698	19.19191925	12
Porites_evermani_scaffold_1099	4014	6934	gene-Peve_00001703	0	20
Porites_evermani_scaffold_1099	16866	23928	gene-Peve_00001712	4.322552475	40
Porites_evermani_scaffold_1099	25055	27729	gene-Peve_00001713	0	8
Porites_evermani_scaffold_1099	28796	45595	gene-Peve_00001714	42.74954376	83
Porites_evermani_scaffold_1099	62796	63351	gene-Peve_00001704	8.80511155	20
Porites_evermani_scaffold_1099	89042	91692	gene-Peve_00001706	0	1
Porites_evermani_scaffold_1099	121188	122313	gene-Peve_00001707	10	1
Porites_evermani_scaffold_1099	128160	128501	gene-Peve_00001708	0.9090909	10
Porites_evermani_scaffold_1099	132955	136021	gene-Peve_00001709	0	5
Porites_evermani_scaffold_1099	141060	142967	gene-Peve_00001710	0	3
Porites_evermani_scaffold_1099	148131	149042	gene-Peve_00001711	90	2
Porites_evermani_scaffold_11	1223	20072	gene-Peve_00001715	0.2389971136	88
Porites_evermani_scaffold_11	30006	44147	gene-Peve_00001819	0.5054945143	35
Porites_evermani_scaffold_11	46719	48597	gene-Peve_00001831	0	3
Porites_evermani_scaffold_11	59148	77550	gene-Peve_00001838	0	22
Porites_evermani_scaffold_11	78299	80244	gene-Peve_00001837	.	0
Porites_evermani_scaffold_11	82643	84610	gene-Peve_00001725	.	0
Porites_evermani_scaffold_11	85459	90329	gene-Peve_00001732	.	0
Porites_evermani_scaffold_11	98810	115185	gene-Peve_00001734	4.817313961	51
Porites_evermani_scaffold_11	117387	137516	gene-Peve_00001740	35.20868362	128
Porites_evermani_scaffold_11	122756	123091	gene-Peve_00001745	0	7
Porites_evermani_scaffold_11	137674	144101	gene-Peve_00001769	0.6286266915	94
Porites_evermani_scaffold_11	144241	152422	gene-Peve_00001780	5.295959037	134
Porites_evermani_scaffold_11	152602	173462	gene-Peve_00001787	32.56143068	185
Porites_evermani_scaffold_11	155016	156137	gene-Peve_00001810	71.4705882	5
Porites_evermani_scaffold_11	182036	198739	gene-Peve_00001826	31.56840768	91
Porites_evermani_scaffold_11	198768	204792	gene-Peve_00001827	66.62892658	12
Porites_evermani_scaffold_11	217793	221760	gene-Peve_00001828	0.6547619286	56
Porites_evermani_scaffold_11	228753	240448	gene-Peve_00001830	0.7977075246	305
Porites_evermani_scaffold_11	261803	276677	gene-Peve_00001833	23.70136637	238
Porites_evermani_scaffold_11	278403	286318	gene-Peve_00001834	56.96968602	91
Porites_evermani_scaffold_11	287947	305770	gene-Peve_00001835	64.27378851	188
Porites_evermani_scaffold_11	291590	292435	gene-Peve_00001836	47	2
Porites_evermani_scaffold_11	310043	314566	gene-Peve_00001841	67.28224863	59
Porites_evermani_scaffold_11	320049	351807	gene-Peve_00001842	1.203591402	605
Porites_evermani_scaffold_11	354975	364988	gene-Peve_00001843	15.62735748	162
Porites_evermani_scaffold_11	371284	415897	gene-Peve_00001844	5.421686747	655
Porites_evermani_scaffold_11	377551	382200	gene-Peve_00001845	1.206688599	152
Porites_evermani_scaffold_11	415987	423178	gene-Peve_00001716	29.24168556	71
Porites_evermani_scaffold_11	425473	426148	gene-Peve_00001717	0.395256913	23
Porites_evermani_scaffold_11	429869	433698	gene-Peve_00001719	47.28591949	37
Porites_evermani_scaffold_11	436398	449680	gene-Peve_00001718	0.3954600691	391
Porites_evermani_scaffold_11	455233	483769	gene-Peve_00001720	0.7566796182	592
Porites_evermani_scaffold_11	484819	487643	gene-Peve_00001721	0.6184408939	66
Porites_evermani_scaffold_11	508567	509014	gene-Peve_00001722	.	0
Porites_evermani_scaffold_11	534166	535291	gene-Peve_00001723	0	37
Porites_evermani_scaffold_11	537321	570703	gene-Peve_00001724	1.956734279	728
Porites_evermani_scaffold_11	552374	554011	gene-Peve_00001726	0.1302083333	48
Porites_evermani_scaffold_11	556287	557983	gene-Peve_00001728	0.554275122	41
Porites_evermani_scaffold_11	560297	561807	gene-Peve_00001727	0.4536004595	37
Porites_evermani_scaffold_11	565273	566687	gene-Peve_00001729	0.1013171277	47
Porites_evermani_scaffold_11	570737	580785	gene-Peve_00001730	18.5081999	218
Porites_evermani_scaffold_11	590075	597880	gene-Peve_00001733	0.5885088182	209
Porites_evermani_scaffold_11	609104	637271	gene-Peve_00001735	0.9096746332	597
Porites_evermani_scaffold_11	648429	662147	gene-Peve_00001737	0.7982264667	135
Porites_evermani_scaffold_11	672057	674895	gene-Peve_00001738	0.1408202826	92
Porites_evermani_scaffold_11	680396	699658	gene-Peve_00001739	19.58894655	356
Porites_evermani_scaffold_11	719644	722063	gene-Peve_00001741	0.5653428354	79
Porites_evermani_scaffold_11	736267	748667	gene-Peve_00001742	0.1468399687	319
Porites_evermani_scaffold_11	757436	758893	gene-Peve_00001743	0.1814882069	29
Porites_evermani_scaffold_11	765795	766769	gene-Peve_00001744	0.2506265714	21
Porites_evermani_scaffold_11	780792	781098	gene-Peve_00001746	97.61904767	6
Porites_evermani_scaffold_11	783190	783910	gene-Peve_00001748	77.98701314	7
Porites_evermani_scaffold_11	784100	785200	gene-Peve_00001749	76.95673669	13
Porites_evermani_scaffold_11	800862	801168	gene-Peve_00001751	92.147436	4
Porites_evermani_scaffold_11	802925	803778	gene-Peve_00001752	78.42601154	26
Porites_evermani_scaffold_11	809883	810318	gene-Peve_00001753	73.61325118	11
Porites_evermani_scaffold_11	824508	825402	gene-Peve_00001757	38.19444444	9
Porites_evermani_scaffold_11	825819	826437	gene-Peve_00001758	66.029423	9
Porites_evermani_scaffold_11	839773	840432	gene-Peve_00001762	89.68939557	23
Porites_evermani_scaffold_11	841390	842505	gene-Peve_00001763	46.8901145	6
Porites_evermani_scaffold_11	845652	848729	gene-Peve_00001764	55.25524321	24
Porites_evermani_scaffold_11	851147	856454	gene-Peve_00001765	83.05529346	131
Porites_evermani_scaffold_11	852775	853424	gene-Peve_00001766	80.18615905	19
Porites_evermani_scaffold_11	863144	868908	gene-Peve_00001768	68.33432974	65
Porites_evermani_scaffold_11	868242	868989	gene-Peve_00001770	57.93821178	9
Porites_evermani_scaffold_11	871028	873647	gene-Peve_00001771	44.57714911	61
Porites_evermani_scaffold_11	878657	881611	gene-Peve_00001773	31.14918527	91
Porites_evermani_scaffold_11	881989	882583	gene-Peve_00001774	83.0221445	10
Porites_evermani_scaffold_11	885569	887004	gene-Peve_00001775	80.95847669	48
Porites_evermani_scaffold_11	892701	894077	gene-Peve_00001776	89.38871995	57
Porites_evermani_scaffold_11	936929	938259	gene-Peve_00001777	50.02744289	19
Porites_evermani_scaffold_11	951425	951839	gene-Peve_00001781	.	0
Porites_evermani_scaffold_11	952927	953344	gene-Peve_00001782	.	0
Porites_evermani_scaffold_11	964035	964662	gene-Peve_00001784	12.90358772	18
Porites_evermani_scaffold_11	964838	965508	gene-Peve_00001785	15.40789114	21
Porites_evermani_scaffold_11	966994	972395	gene-Peve_00001786	.	0
Porites_evermani_scaffold_11	974750	974889	gene-Peve_00001789	.	0
Porites_evermani_scaffold_11	976599	982602	gene-Peve_00001788	71.97234771	126
Porites_evermani_scaffold_11	984436	985610	gene-Peve_00001790	8.443256091	11
Porites_evermani_scaffold_11	986174	986485	gene-Peve_00001791	61.243014	7
Porites_evermani_scaffold_11	991040	992992	gene-Peve_00001792	44.99215885	26
Porites_evermani_scaffold_11	994689	995981	gene-Peve_00001793	24.28571429	7
Porites_evermani_scaffold_11	1011627	1020031	gene-Peve_00001794	45.98108255	47
Porites_evermani_scaffold_11	1022204	1023264	gene-Peve_00001795	49.41675827	37
Porites_evermani_scaffold_11	1024262	1027255	gene-Peve_00001796	17.48548344	34
Porites_evermani_scaffold_11	1029520	1031454	gene-Peve_00001797	25.86541127	48
Porites_evermani_scaffold_11	1034188	1035603	gene-Peve_00001798	27.32067648	21
Porites_evermani_scaffold_11	1036913	1037918	gene-Peve_00001799	20	1
Porites_evermani_scaffold_11	1040925	1041399	gene-Peve_00001800	45.11290938	13
Porites_evermani_scaffold_11	1044996	1046496	gene-Peve_00001801	22.06365066	35
Porites_evermani_scaffold_11	1049515	1050637	gene-Peve_00001802	30.84284771	14
Porites_evermani_scaffold_11	1054325	1054709	gene-Peve_00001803	13.10210625	8
Porites_evermani_scaffold_11	1057805	1059311	gene-Peve_00001804	19.76982457	42
Porites_evermani_scaffold_11	1062083	1065290	gene-Peve_00001805	39.47950654	56
Porites_evermani_scaffold_11	1065971	1066707	gene-Peve_00001806	46.255477	20
Porites_evermani_scaffold_11	1067305	1067626	gene-Peve_00001807	76.71638507	14
Porites_evermani_scaffold_11	1070346	1073873	gene-Peve_00001809	0	4
Porites_evermani_scaffold_11	1075038	1075535	gene-Peve_00001808	.	0
Porites_evermani_scaffold_11	1096589	1097156	gene-Peve_00001812	42.26112035	26
Porites_evermani_scaffold_11	1101585	1102277	gene-Peve_00001813	4.513125792	24
Porites_evermani_scaffold_11	1105979	1106507	gene-Peve_00001814	11.9393939	10
Porites_evermani_scaffold_11	1120993	1123096	gene-Peve_00001815	21.57562989	56
Porites_evermani_scaffold_11	1123133	1123676	gene-Peve_00001816	11.94742648	21
Porites_evermani_scaffold_11	1127068	1127548	gene-Peve_00001817	5	2
Porites_evermani_scaffold_11	1129607	1131077	gene-Peve_00001818	0.8	5
Porites_evermani_scaffold_11	1131990	1133490	gene-Peve_00001820	1.8237096	25
Porites_evermani_scaffold_11	1143930	1145460	gene-Peve_00001823	2.130681812	16
Porites_evermani_scaffold_11	1148156	1149158	gene-Peve_00001824	1.470588235	17
Porites_evermani_scaffold_11	1150043	1150592	gene-Peve_00001825	.	0
Porites_evermani_scaffold_110	19011	20079	gene-Peve_00001852	0	24
Porites_evermani_scaffold_110	22609	32858	gene-Peve_00001864	1.074267887	151
Porites_evermani_scaffold_110	37091	57492	gene-Peve_00001877	12.27219767	292
Porites_evermani_scaffold_110	62142	66001	gene-Peve_00001847	54.32488714	44
Porites_evermani_scaffold_110	68113	69842	gene-Peve_00001848	0.3750367333	90
Porites_evermani_scaffold_110	75421	86493	gene-Peve_00001849	0.457199864	272
Porites_evermani_scaffold_110	93122	96852	gene-Peve_00001850	0.2775800885	113
Porites_evermani_scaffold_110	97381	98756	gene-Peve_00001851	0	34
Porites_evermani_scaffold_110	101530	103189	gene-Peve_00001853	0.5245388696	46
Porites_evermani_scaffold_110	104520	126223	gene-Peve_00001854	9.888527524	389
Porites_evermani_scaffold_110	148176	175407	gene-Peve_00001855	7.451158395	592
Porites_evermani_scaffold_110	155832	159197	gene-Peve_00001856	0.2246763168	101
Porites_evermani_scaffold_110	175493	186281	gene-Peve_00001857	49.56568564	107
Porites_evermani_scaffold_110	187349	191810	gene-Peve_00001858	41.92314463	41
Porites_evermani_scaffold_110	194724	220248	gene-Peve_00001859	2.502894759	382
Porites_evermani_scaffold_110	222389	279645	gene-Peve_00001860	7.362375855	940
Porites_evermani_scaffold_110	279811	292480	gene-Peve_00001861	21.76089565	179
Porites_evermani_scaffold_110	309044	328784	gene-Peve_00001862	29.26470417	189
Porites_evermani_scaffold_110	350085	356078	gene-Peve_00001863	29.1045309	40
Porites_evermani_scaffold_110	361714	376763	gene-Peve_00001865	15.63370909	150
Porites_evermani_scaffold_110	368018	373399	gene-Peve_00001866	28.93073594	35
Porites_evermani_scaffold_110	381176	394272	gene-Peve_00001867	76.95134823	167
Porites_evermani_scaffold_110	398656	399344	gene-Peve_00001869	80	1
Porites_evermani_scaffold_110	400695	404981	gene-Peve_00001868	70.07675871	51
Porites_evermani_scaffold_110	405126	407511	gene-Peve_00001870	49.68314129	24
Porites_evermani_scaffold_110	408008	412140	gene-Peve_00001871	7.369314279	43
Porites_evermani_scaffold_110	413601	445207	gene-Peve_00001872	7.66976367	403
Porites_evermani_scaffold_110	450178	458571	gene-Peve_00001873	42.55624932	111
Porites_evermani_scaffold_110	459777	461110	gene-Peve_00001874	72.727273	2
Porites_evermani_scaffold_110	476129	480807	gene-Peve_00001875	30.82441726	38
Porites_evermani_scaffold_110	483487	486717	gene-Peve_00001876	68.23722381	16
Porites_evermani_scaffold_110	489415	495106	gene-Peve_00001878	0	12
Porites_evermani_scaffold_1100	6308	19473	gene-Peve_00001879	0.8319922788	208
Porites_evermani_scaffold_1100	22188	29144	gene-Peve_00001891	35.50929236	73
Porites_evermani_scaffold_1100	34697	36077	gene-Peve_00001892	.	0
Porites_evermani_scaffold_1100	36995	38999	gene-Peve_00001889	0	26
Porites_evermani_scaffold_1100	43147	45766	gene-Peve_00001890	0	11
Porites_evermani_scaffold_1100	59405	59957	gene-Peve_00001880	0	7
Porites_evermani_scaffold_1100	61699	62050	gene-Peve_00001881	0	3
Porites_evermani_scaffold_1100	72641	76735	gene-Peve_00001883	70.4204002	106
Porites_evermani_scaffold_1100	84626	100211	gene-Peve_00001884	8.194354671	207
Porites_evermani_scaffold_1100	102044	113415	gene-Peve_00001885	34.26519072	256
Porites_evermani_scaffold_1100	120658	123004	gene-Peve_00001888	0.3472222222	18
Porites_evermani_scaffold_1100	123793	131656	gene-Peve_00001886	4.242424222	9
Porites_evermani_scaffold_1101	6573	10176	gene-Peve_00001893	1.220817026	116
Porites_evermani_scaffold_1101	23328	75748	gene-Peve_00001895	7.886369579	905
Porites_evermani_scaffold_1101	94120	138057	gene-Peve_00001896	4.69855898	1155
Porites_evermani_scaffold_1101	151260	151902	gene-Peve_00001894	.	0
Porites_evermani_scaffold_1102	1123	3128	gene-Peve_00001897	1.06665905	40
Porites_evermani_scaffold_1102	27664	34933	gene-Peve_00001901	82.85637558	92
Porites_evermani_scaffold_1102	40245	48703	gene-Peve_00001902	75.5561961	150
Porites_evermani_scaffold_1102	49630	64951	gene-Peve_00001903	67.19363808	216
Porites_evermani_scaffold_1102	69491	71830	gene-Peve_00001904	43.35167462	37
Porites_evermani_scaffold_1102	72109	83539	gene-Peve_00001898	69.47815046	94
Porites_evermani_scaffold_1102	79693	80205	gene-Peve_00001899	90.909091	2
Porites_evermani_scaffold_1102	115557	153025	gene-Peve_00001900	1.649538871	762
Porites_evermani_scaffold_1103	7679	8957	gene-Peve_00001910	0	3
Porites_evermani_scaffold_1103	13684	22489	gene-Peve_00001911	0.4528621588	170
Porites_evermani_scaffold_1103	36992	49580	gene-Peve_00001912	0.9394766245	245
Porites_evermani_scaffold_1103	60131	73107	gene-Peve_00001913	0.1277404784	301
Porites_evermani_scaffold_1103	85856	91611	gene-Peve_00001905	54.68285532	96
Porites_evermani_scaffold_1103	91931	97727	gene-Peve_00001907	65.58892441	54
Porites_evermani_scaffold_1103	108492	111289	gene-Peve_00001906	27.12162289	27
Porites_evermani_scaffold_1103	113356	122580	gene-Peve_00001908	61.97911837	67
Porites_evermani_scaffold_1103	135440	152395	gene-Peve_00001909	0.3857729351	308
Porites_evermani_scaffold_1104	1783	2359	gene-Peve_00001917	0.5050505	18
Porites_evermani_scaffold_1104	6749	11730	gene-Peve_00001921	0.8375169114	158
Porites_evermani_scaffold_1104	18723	19541	gene-Peve_00001922	0	13
Porites_evermani_scaffold_1104	25316	27250	gene-Peve_00001920	1.4463786	50
Porites_evermani_scaffold_1104	35577	39385	gene-Peve_00001923	26.99190883	47
Porites_evermani_scaffold_1104	75928	97027	gene-Peve_00001915	75.99308658	26
Porites_evermani_scaffold_1104	97752	104182	gene-Peve_00001916	.	0
Porites_evermani_scaffold_1104	107791	109974	gene-Peve_00001918	.	0
Porites_evermani_scaffold_1104	111628	151239	gene-Peve_00001919	38.80296098	391
Porites_evermani_scaffold_1105	20	574	gene-Peve_00001924	.	0
Porites_evermani_scaffold_1105	1179	10142	gene-Peve_00001928	7.867132865	52
Porites_evermani_scaffold_1105	13562	13916	gene-Peve_00001932	.	0
Porites_evermani_scaffold_1105	18692	19304	gene-Peve_00001933	.	0
Porites_evermani_scaffold_1105	21658	31772	gene-Peve_00001934	88.34710745	11
Porites_evermani_scaffold_1105	47928	59859	gene-Peve_00001925	0.2183886373	102
Porites_evermani_scaffold_1105	69474	70320	gene-Peve_00001926	.	0
Porites_evermani_scaffold_1105	83747	94029	gene-Peve_00001927	15.97029153	108
Porites_evermani_scaffold_1105	105131	129135	gene-Peve_00001929	13.57613618	102
Porites_evermani_scaffold_1105	131222	136787	gene-Peve_00001930	1.933465043	46
Porites_evermani_scaffold_1105	142501	151223	gene-Peve_00001931	0.7302467672	116
Porites_evermani_scaffold_1106	29537	30695	gene-Peve_00001935	1.462919935	46
Porites_evermani_scaffold_1106	35221	37692	gene-Peve_00001940	1.026051934	61
Porites_evermani_scaffold_1106	61966	63127	gene-Peve_00001941	0	26
Porites_evermani_scaffold_1106	66548	127626	gene-Peve_00001942	61.28186867	322
Porites_evermani_scaffold_1106	139874	140345	gene-Peve_00001939	.	0
Porites_evermani_scaffold_1107	360	35979	gene-Peve_00001943	70.30866761	410
Porites_evermani_scaffold_1107	2860	4508	gene-Peve_00001945	84.15711735	17
Porites_evermani_scaffold_1107	36127	45378	gene-Peve_00001953	57.84049208	72
Porites_evermani_scaffold_1107	50295	50838	gene-Peve_00001944	79.70779225	4
Porites_evermani_scaffold_1107	59012	62423	gene-Peve_00001947	52.5338008	70
Porites_evermani_scaffold_1107	66884	68217	gene-Peve_00001948	43.99313917	18
Porites_evermani_scaffold_1107	136466	137320	gene-Peve_00001950	81.56565667	6
Porites_evermani_scaffold_1107	137584	138709	gene-Peve_00001951	33.72103895	19
Porites_evermani_scaffold_1107	152471	152852	gene-Peve_00001952	.	0
Porites_evermani_scaffold_1108	0	3790	gene-Peve_00001954	.	0
Porites_evermani_scaffold_1108	6241	14558	gene-Peve_00001962	60.96307529	93
Porites_evermani_scaffold_1108	15738	23786	gene-Peve_00001965	31.46075489	97
Porites_evermani_scaffold_1108	27469	29835	gene-Peve_00001966	.	0
Porites_evermani_scaffold_1108	31797	32817	gene-Peve_00001967	0.4545454545	22
Porites_evermani_scaffold_1108	33589	47791	gene-Peve_00001955	47.93811066	114
Porites_evermani_scaffold_1108	48842	54766	gene-Peve_00001956	53.68416826	38
Porites_evermani_scaffold_1108	54815	60568	gene-Peve_00001957	63.99440578	27
Porites_evermani_scaffold_1108	61476	72748	gene-Peve_00001958	66.94881682	120
Porites_evermani_scaffold_1108	75246	79942	gene-Peve_00001959	56.20108093	61
Porites_evermani_scaffold_1108	80086	100642	gene-Peve_00001960	17.67170262	276
Porites_evermani_scaffold_1108	101975	110891	gene-Peve_00001961	14.67230006	172
Porites_evermani_scaffold_1108	112704	122809	gene-Peve_00001963	70.12888899	87
Porites_evermani_scaffold_1108	123027	141948	gene-Peve_00001964	13.8351923	240
Porites_evermani_scaffold_1109	14770	36279	gene-Peve_00001968	35.56254278	94
Porites_evermani_scaffold_1109	16740	18937	gene-Peve_00001971	.	0
Porites_evermani_scaffold_1109	25923	26390	gene-Peve_00001969	41.5324662	10
Porites_evermani_scaffold_1109	36335	50898	gene-Peve_00001970	0	2
Porites_evermani_scaffold_1109	61069	62029	gene-Peve_00001972	.	0
Porites_evermani_scaffold_1109	73379	114325	gene-Peve_00001973	25.63246558	334
Porites_evermani_scaffold_1109	128988	148621	gene-Peve_00001974	0.7599573413	252
Porites_evermani_scaffold_111	11878	13266	gene-Peve_00002006	.	0
Porites_evermani_scaffold_111	16050	16662	gene-Peve_00002020	46.2820512	5
Porites_evermani_scaffold_111	17633	19450	gene-Peve_00001978	.	0
Porites_evermani_scaffold_111	20324	21467	gene-Peve_00001988	.	0
Porites_evermani_scaffold_111	21926	25712	gene-Peve_00001996	37.66114459	22
Porites_evermani_scaffold_111	39053	39650	gene-Peve_00001998	.	0
Porites_evermani_scaffold_111	40835	41288	gene-Peve_00002000	.	0
Porites_evermani_scaffold_111	46436	49112	gene-Peve_00002001	.	0
Porites_evermani_scaffold_111	50020	51502	gene-Peve_00002002	.	0
Porites_evermani_scaffold_111	53597	55974	gene-Peve_00002003	38.60389517	23
Porites_evermani_scaffold_111	60048	60651	gene-Peve_00002004	.	0
Porites_evermani_scaffold_111	61095	63244	gene-Peve_00002005	0	3
Porites_evermani_scaffold_111	66889	67318	gene-Peve_00002007	28.3216782	5
Porites_evermani_scaffold_111	71421	71790	gene-Peve_00002008	0	8
Porites_evermani_scaffold_111	77732	78665	gene-Peve_00002009	.	0
Porites_evermani_scaffold_111	88839	90331	gene-Peve_00002011	34.53812007	15
Porites_evermani_scaffold_111	92909	93428	gene-Peve_00002012	0.7968276154	26
Porites_evermani_scaffold_111	105860	106332	gene-Peve_00002014	0	13
Porites_evermani_scaffold_111	108601	110074	gene-Peve_00002015	0.1388888958	48
Porites_evermani_scaffold_111	118991	138742	gene-Peve_00002016	3.439302005	444
Porites_evermani_scaffold_111	154832	157299	gene-Peve_00002017	0.3243871538	65
Porites_evermani_scaffold_111	161500	163456	gene-Peve_00002018	0.1171352169	83
Porites_evermani_scaffold_111	165223	171054	gene-Peve_00002019	0.4681587824	193
Porites_evermani_scaffold_111	182806	187233	gene-Peve_00002021	0.654126277	148
Porites_evermani_scaffold_111	188485	210188	gene-Peve_00001975	20.4877224	408
Porites_evermani_scaffold_111	217239	254177	gene-Peve_00001976	5.54616488	567
Porites_evermani_scaffold_111	255144	274973	gene-Peve_00001977	0.4148355633	474
Porites_evermani_scaffold_111	280388	280721	gene-Peve_00001980	0	12
Porites_evermani_scaffold_111	293145	294093	gene-Peve_00001981	0	31
Porites_evermani_scaffold_111	310532	339710	gene-Peve_00001984	0.6219883175	781
Porites_evermani_scaffold_111	347644	396471	gene-Peve_00001983	5.373386527	1210
Porites_evermani_scaffold_111	380718	381366	gene-Peve_00001986	0	15
Porites_evermani_scaffold_111	398289	403696	gene-Peve_00001987	0.4849168661	112
Porites_evermani_scaffold_111	416964	432691	gene-Peve_00001989	0.473733285	379
Porites_evermani_scaffold_111	470116	472207	gene-Peve_00001992	0	44
Porites_evermani_scaffold_111	475925	476402	gene-Peve_00001993	9.73684225	8
Porites_evermani_scaffold_111	480065	483961	gene-Peve_00001994	0.4736589219	64
Porites_evermani_scaffold_111	485898	486882	gene-Peve_00001995	0	28
Porites_evermani_scaffold_1110	7011	42036	gene-Peve_00002022	6.846004372	180
Porites_evermani_scaffold_1110	50897	60202	gene-Peve_00002027	13.28186697	147
Porites_evermani_scaffold_1110	60315	66097	gene-Peve_00002028	22.79146073	73
Porites_evermani_scaffold_1110	72021	78295	gene-Peve_00002029	0.8373910072	138
Porites_evermani_scaffold_1110	84393	89517	gene-Peve_00002030	0.726712295	139
Porites_evermani_scaffold_1110	101275	111699	gene-Peve_00002023	2.966789874	175
Porites_evermani_scaffold_1110	139862	142792	gene-Peve_00002026	0.4638218857	35
Porites_evermani_scaffold_1111	3419	16001	gene-Peve_00002031	70.66956885	173
Porites_evermani_scaffold_1111	16199	17768	gene-Peve_00002040	.	0
Porites_evermani_scaffold_1111	18183	31460	gene-Peve_00002044	76.72857216	139
Porites_evermani_scaffold_1111	38664	41433	gene-Peve_00002032	12.08223355	60
Porites_evermani_scaffold_1111	42364	42955	gene-Peve_00002033	0	20
Porites_evermani_scaffold_1111	48359	119602	gene-Peve_00002034	7.029391314	803
Porites_evermani_scaffold_1111	61863	62551	gene-Peve_00002035	0	5
Porites_evermani_scaffold_1111	65687	66262	gene-Peve_00002038	0	3
Porites_evermani_scaffold_1111	69472	70384	gene-Peve_00002039	0	1
Porites_evermani_scaffold_1111	73347	74238	gene-Peve_00002042	.	0
Porites_evermani_scaffold_1111	137320	146663	gene-Peve_00002043	1.267942579	38
Porites_evermani_scaffold_1112	20848	21781	gene-Peve_00002048	0.98459385	20
Porites_evermani_scaffold_1112	48820	54028	gene-Peve_00002045	0.28790204	125
Porites_evermani_scaffold_1112	58029	63492	gene-Peve_00002046	0.8875378346	133
Porites_evermani_scaffold_1112	69929	91675	gene-Peve_00002047	0.6527256646	489
Porites_evermani_scaffold_1112	91948	95391	gene-Peve_00002049	71.69599398	40
Porites_evermani_scaffold_1112	101967	115207	gene-Peve_00002050	0.7316622272	405
Porites_evermani_scaffold_1112	126721	140196	gene-Peve_00002053	0.778465773	445
Porites_evermani_scaffold_1112	150225	151267	gene-Peve_00002054	.	0
Porites_evermani_scaffold_1113	4156	11303	gene-Peve_00002055	0.5217246	80
Porites_evermani_scaffold_1113	20133	30544	gene-Peve_00002063	0.4514011456	261
Porites_evermani_scaffold_1113	33788	40268	gene-Peve_00002064	1.169706615	135
Porites_evermani_scaffold_1113	44185	56614	gene-Peve_00002065	0.204293524	229
Porites_evermani_scaffold_1113	60480	61578	gene-Peve_00002066	.	0
Porites_evermani_scaffold_1113	63458	73755	gene-Peve_00002056	19.72859946	79
Porites_evermani_scaffold_1113	77586	86459	gene-Peve_00002057	63.33983787	127
Porites_evermani_scaffold_1113	86545	93143	gene-Peve_00002058	6.336573034	59
Porites_evermani_scaffold_1113	94275	108609	gene-Peve_00002059	0.9029444847	295
Porites_evermani_scaffold_1113	116929	123755	gene-Peve_00002061	0.5437066667	234
Porites_evermani_scaffold_1113	129234	136586	gene-Peve_00002060	0.09868421053	152
Porites_evermani_scaffold_1113	144241	152414	gene-Peve_00002062	2.092906119	101
Porites_evermani_scaffold_1114	1466	6165	gene-Peve_00002067	89.95132747	15
Porites_evermani_scaffold_1114	6414	10773	gene-Peve_00002073	78.0069931	10
Porites_evermani_scaffold_1114	13274	14168	gene-Peve_00002079	.	0
Porites_evermani_scaffold_1114	23692	26536	gene-Peve_00002068	0.1253132807	57
Porites_evermani_scaffold_1114	53217	57156	gene-Peve_00002070	0.303511303	66
Porites_evermani_scaffold_1114	66129	68672	gene-Peve_00002071	0.3113972987	77
Porites_evermani_scaffold_1114	79989	80331	gene-Peve_00002075	0	4
Porites_evermani_scaffold_1114	80862	81892	gene-Peve_00002074	0	6
Porites_evermani_scaffold_1114	82821	84071	gene-Peve_00002076	.	0
Porites_evermani_scaffold_1114	85693	97352	gene-Peve_00002077	0.5296216143	210
Porites_evermani_scaffold_1114	119058	143204	gene-Peve_00002078	15.03232884	32
Porites_evermani_scaffold_1114	147370	148669	gene-Peve_00002080	0.2474767188	32
Porites_evermani_scaffold_1115	1476	6704	gene-Peve_00002082	65.95587216	31
Porites_evermani_scaffold_1115	9423	16318	gene-Peve_00002086	38.0909091	10
Porites_evermani_scaffold_1115	22203	23720	gene-Peve_00002092	.	0
Porites_evermani_scaffold_1115	25537	48910	gene-Peve_00002095	48.92708845	260
Porites_evermani_scaffold_1115	55986	64526	gene-Peve_00002084	84.05499959	70
Porites_evermani_scaffold_1115	68339	70303	gene-Peve_00002087	90.3147196	15
Porites_evermani_scaffold_1115	72275	73835	gene-Peve_00002088	68.91232308	24
Porites_evermani_scaffold_1115	74262	74595	gene-Peve_00002089	63.2031146	5
Porites_evermani_scaffold_1115	117422	117852	gene-Peve_00002090	68.888889	3
Porites_evermani_scaffold_1115	138657	140813	gene-Peve_00002091	38.2834079	41
Porites_evermani_scaffold_1115	146148	146670	gene-Peve_00002094	.	0
Porites_evermani_scaffold_1116	11684	23335	gene-Peve_00002105	0.6781556746	169
Porites_evermani_scaffold_1116	30577	65229	gene-Peve_00002096	3.133216405	210
Porites_evermani_scaffold_1116	66369	91066	gene-Peve_00002097	4.176220227	599
Porites_evermani_scaffold_1116	101217	103242	gene-Peve_00002098	0.4545454545	22
Porites_evermani_scaffold_1116	110409	110988	gene-Peve_00002099	0	18
Porites_evermani_scaffold_1116	111135	112962	gene-Peve_00002100	25.23437494	16
Porites_evermani_scaffold_1116	114898	116195	gene-Peve_00002101	14.8380567	10
Porites_evermani_scaffold_1116	119021	125765	gene-Peve_00002102	50.11426262	53
Porites_evermani_scaffold_1116	125771	133705	gene-Peve_00002103	54.32264309	11
Porites_evermani_scaffold_1116	134105	144235	gene-Peve_00002104	62.1351357	20
Porites_evermani_scaffold_1117	853	1246	gene-Peve_00002110	1.5277778	15
Porites_evermani_scaffold_1117	55093	56020	gene-Peve_00002106	.	0
Porites_evermani_scaffold_1117	57495	58893	gene-Peve_00002107	.	0
Porites_evermani_scaffold_1117	77070	80102	gene-Peve_00002108	.	0
Porites_evermani_scaffold_1117	84207	85347	gene-Peve_00002109	.	0
Porites_evermani_scaffold_1117	93702	96913	gene-Peve_00002112	.	0
Porites_evermani_scaffold_1117	100998	113772	gene-Peve_00002111	0	28
Porites_evermani_scaffold_1117	107652	108368	gene-Peve_00002113	.	0
Porites_evermani_scaffold_1118	9265	10417	gene-Peve_00002120	.	0
Porites_evermani_scaffold_1118	40182	41238	gene-Peve_00002121	0.2645502593	27
Porites_evermani_scaffold_1118	52652	53048	gene-Peve_00002122	0	13
Porites_evermani_scaffold_1118	62111	67208	gene-Peve_00002123	60.06578689	102
Porites_evermani_scaffold_1118	70600	86907	gene-Peve_00002115	73.97267047	197
Porites_evermani_scaffold_1118	99576	107890	gene-Peve_00002117	5.592044482	83
Porites_evermani_scaffold_1118	130696	131776	gene-Peve_00002118	0	25
Porites_evermani_scaffold_1118	134415	150826	gene-Peve_00002119	0.4732112348	345
Porites_evermani_scaffold_1119	21156	29868	gene-Peve_00002127	0.5087004769	216
Porites_evermani_scaffold_1119	49043	55612	gene-Peve_00002128	0.178571425	40
Porites_evermani_scaffold_1119	55769	58074	gene-Peve_00002129	0.7277461509	53
Porites_evermani_scaffold_1119	63465	82833	gene-Peve_00002130	0.5177095625	448
Porites_evermani_scaffold_1119	86840	109635	gene-Peve_00002131	13.13074462	345
Porites_evermani_scaffold_1119	109783	113337	gene-Peve_00002132	59.08254645	40
Porites_evermani_scaffold_1119	122696	128135	gene-Peve_00002133	0.9871482727	66
Porites_evermani_scaffold_1119	143259	143673	gene-Peve_00002134	.	0
Porites_evermani_scaffold_112	1822	14553	gene-Peve_00002135	0.7264415857	280
Porites_evermani_scaffold_112	27181	38098	gene-Peve_00002141	0.4970760175	57
Porites_evermani_scaffold_112	54633	62687	gene-Peve_00002155	52.57351713	112
Porites_evermani_scaffold_112	67765	69817	gene-Peve_00002163	1.331886062	65
Porites_evermani_scaffold_112	74240	91563	gene-Peve_00002136	2.586099302	431
Porites_evermani_scaffold_112	101160	111349	gene-Peve_00002138	15.41077925	176
Porites_evermani_scaffold_112	114185	131543	gene-Peve_00002139	36.42296493	263
Porites_evermani_scaffold_112	133681	138666	gene-Peve_00002140	0.2029494091	132
Porites_evermani_scaffold_112	148847	149622	gene-Peve_00002142	0	23
Porites_evermani_scaffold_112	155743	159679	gene-Peve_00002143	0.2815934125	80
Porites_evermani_scaffold_112	180960	184875	gene-Peve_00002145	0.1746880364	55
Porites_evermani_scaffold_112	204224	209342	gene-Peve_00002146	0.1052340342	146
Porites_evermani_scaffold_112	254613	255913	gene-Peve_00002147	0	38
Porites_evermani_scaffold_112	258430	267110	gene-Peve_00002148	67.13677657	118
Porites_evermani_scaffold_112	268532	278671	gene-Peve_00002149	83.25124303	115
Porites_evermani_scaffold_112	283058	288510	gene-Peve_00002150	0.2197802212	113
Porites_evermani_scaffold_112	297981	298590	gene-Peve_00002151	.	0
Porites_evermani_scaffold_112	301425	302529	gene-Peve_00002152	0	14
Porites_evermani_scaffold_112	320462	324336	gene-Peve_00002153	0.6217713981	108
Porites_evermani_scaffold_112	336978	352145	gene-Peve_00002154	4.210174187	359
Porites_evermani_scaffold_112	372926	382237	gene-Peve_00002156	0.4196714766	128
Porites_evermani_scaffold_112	396442	403165	gene-Peve_00002157	0.141538464	125
Porites_evermani_scaffold_112	411206	431739	gene-Peve_00002158	0.4234581651	521
Porites_evermani_scaffold_112	458855	459421	gene-Peve_00002159	5.080532125	8
Porites_evermani_scaffold_112	465530	468628	gene-Peve_00002161	27.19900755	98
Porites_evermani_scaffold_112	474346	475405	gene-Peve_00002162	41.176471	1
Porites_evermani_scaffold_112	481904	482414	gene-Peve_00002164	51.41880253	17
Porites_evermani_scaffold_112	487818	490377	gene-Peve_00002165	50	1
Porites_evermani_scaffold_1120	11320	14350	gene-Peve_00002168	.	0
Porites_evermani_scaffold_1120	15310	65261	gene-Peve_00002171	10.01884482	22
Porites_evermani_scaffold_1120	31258	32525	gene-Peve_00002166	.	0
Porites_evermani_scaffold_1120	117777	118500	gene-Peve_00002170	.	0
Porites_evermani_scaffold_1121	5983	7243	gene-Peve_00002177	3.084935937	16
Porites_evermani_scaffold_1121	14739	21463	gene-Peve_00002187	23.439057	67
Porites_evermani_scaffold_1121	22281	33294	gene-Peve_00002173	83.75843296	175
Porites_evermani_scaffold_1121	49379	100640	gene-Peve_00002174	30.36894554	1166
Porites_evermani_scaffold_1121	111211	114836	gene-Peve_00002176	1.102327	92
Porites_evermani_scaffold_1121	114947	116345	gene-Peve_00002179	3.557678118	17
Porites_evermani_scaffold_1122	5924	34336	gene-Peve_00002188	0.3199187922	486
Porites_evermani_scaffold_1122	36941	52966	gene-Peve_00002193	34.61225513	55
Porites_evermani_scaffold_1122	54577	102855	gene-Peve_00002194	77.04205547	372
Porites_evermani_scaffold_1122	103057	107201	gene-Peve_00002195	0.8010211743	109
Porites_evermani_scaffold_1122	104632	110881	gene-Peve_00002189	0.49892176	175
Porites_evermani_scaffold_1122	115413	123704	gene-Peve_00002190	26.37364796	111
Porites_evermani_scaffold_1122	131379	132303	gene-Peve_00002191	0	15
Porites_evermani_scaffold_1122	133221	145421	gene-Peve_00002192	12.50510626	189
Porites_evermani_scaffold_1123	14073	19562	gene-Peve_00002203	0.4166666667	24
Porites_evermani_scaffold_1123	50297	54249	gene-Peve_00002197	0	17
Porites_evermani_scaffold_1123	58623	59721	gene-Peve_00002198	.	0
Porites_evermani_scaffold_1123	64098	65196	gene-Peve_00002199	.	0
Porites_evermani_scaffold_1123	91783	147527	gene-Peve_00002201	0.6344851834	578
Porites_evermani_scaffold_1124	4601	43117	gene-Peve_00002204	1.189864388	613
Porites_evermani_scaffold_1124	52640	78702	gene-Peve_00002209	1.217007872	468
Porites_evermani_scaffold_1124	55007	55747	gene-Peve_00002210	0.5681818125	16
Porites_evermani_scaffold_1124	92080	93350	gene-Peve_00002205	0.7818182	40
Porites_evermani_scaffold_1124	95563	99020	gene-Peve_00002207	1.603694419	43
Porites_evermani_scaffold_1124	103757	151222	gene-Peve_00002208	13.54304182	833
Porites_evermani_scaffold_1125	385	1358	gene-Peve_00002213	1.30128205	20
Porites_evermani_scaffold_1125	42112	57283	gene-Peve_00002221	9.726735836	110
Porites_evermani_scaffold_1125	68059	71113	gene-Peve_00002211	22.65475273	45
Porites_evermani_scaffold_1125	78272	91842	gene-Peve_00002212	49.52704792	146
Porites_evermani_scaffold_1125	95223	95973	gene-Peve_00002214	0	1
Porites_evermani_scaffold_1125	100200	100917	gene-Peve_00002215	.	0
Porites_evermani_scaffold_1125	101093	115507	gene-Peve_00002216	7.873560578	230
Porites_evermani_scaffold_1125	117386	118784	gene-Peve_00002217	0.16666666	50
Porites_evermani_scaffold_1125	121901	131634	gene-Peve_00002218	0.560780881	210
Porites_evermani_scaffold_1125	140636	146363	gene-Peve_00002219	0.8557435531	179
Porites_evermani_scaffold_1126	10804	12055	gene-Peve_00002224	.	0
Porites_evermani_scaffold_1126	21847	23006	gene-Peve_00002229	.	0
Porites_evermani_scaffold_1126	36751	37168	gene-Peve_00002222	.	0
Porites_evermani_scaffold_1126	39540	39927	gene-Peve_00002223	0	1
Porites_evermani_scaffold_1126	54752	55301	gene-Peve_00002225	.	0
Porites_evermani_scaffold_1126	60811	61165	gene-Peve_00002227	.	0
Porites_evermani_scaffold_1126	68928	69330	gene-Peve_00002230	0.6798245789	19
Porites_evermani_scaffold_1126	80034	81680	gene-Peve_00002231	.	0
Porites_evermani_scaffold_1126	82226	88377	gene-Peve_00002232	28.89771324	45
Porites_evermani_scaffold_1126	88921	90163	gene-Peve_00002233	.	0
Porites_evermani_scaffold_1126	91549	94391	gene-Peve_00002234	.	0
Porites_evermani_scaffold_1126	126623	127045	gene-Peve_00002237	0	1
Porites_evermani_scaffold_1126	129131	129452	gene-Peve_00002238	.	0
Porites_evermani_scaffold_1126	136084	139146	gene-Peve_00002239	0.1851851852	54
Porites_evermani_scaffold_1126	140290	143370	gene-Peve_00002240	0.2717661714	35
Porites_evermani_scaffold_1127	17626	31840	gene-Peve_00002241	0.815476175	40
Porites_evermani_scaffold_1127	41922	108280	gene-Peve_00002243	0.1885932843	415
Porites_evermani_scaffold_1127	132502	145297	gene-Peve_00002244	0	3
Porites_evermani_scaffold_1128	3358	23196	gene-Peve_00002245	5.392831834	512
Porites_evermani_scaffold_1128	32578	39306	gene-Peve_00002251	15.14135966	123
Porites_evermani_scaffold_1128	42411	45645	gene-Peve_00002255	0.7148195849	53
Porites_evermani_scaffold_1128	58925	64109	gene-Peve_00002246	39.1773916	68
Porites_evermani_scaffold_1128	67016	91015	gene-Peve_00002247	6.164358578	490
Porites_evermani_scaffold_1128	99210	108976	gene-Peve_00002248	10.14691736	174
Porites_evermani_scaffold_1128	109236	127279	gene-Peve_00002249	0.316775508	500
Porites_evermani_scaffold_1128	116834	118330	gene-Peve_00002250	0.9509903279	61
Porites_evermani_scaffold_1128	127676	139854	gene-Peve_00002252	0.3794164943	265
Porites_evermani_scaffold_1128	140590	147770	gene-Peve_00002253	0.1699313591	181
Porites_evermani_scaffold_1128	149412	151046	gene-Peve_00002254	0.1934235957	47
Porites_evermani_scaffold_1129	10559	20040	gene-Peve_00002260	29.74012129	142
Porites_evermani_scaffold_1129	26713	38587	gene-Peve_00002262	0.3536081781	146
Porites_evermani_scaffold_1129	44850	83528	gene-Peve_00002263	9.07981884	643
Porites_evermani_scaffold_1129	92887	94962	gene-Peve_00002264	2.491488969	32
Porites_evermani_scaffold_1129	104678	113792	gene-Peve_00002265	0.278495199	201
Porites_evermani_scaffold_1129	128714	135886	gene-Peve_00002256	1.716742254	126
Porites_evermani_scaffold_1129	143811	144739	gene-Peve_00002257	.	0
Porites_evermani_scaffold_1129	145561	146041	gene-Peve_00002258	4.111444182	11
Porites_evermani_scaffold_1129	146520	147051	gene-Peve_00002259	0	2
Porites_evermani_scaffold_1129	147529	148411	gene-Peve_00002261	0	7
Porites_evermani_scaffold_113	10841	15971	gene-Peve_00002266	59.36972428	67
Porites_evermani_scaffold_113	56686	60310	gene-Peve_00002277	0.4225522131	61
Porites_evermani_scaffold_113	62022	62439	gene-Peve_00002278	0.4705462143	14
Porites_evermani_scaffold_113	93931	109859	gene-Peve_00002279	1.784111197	422
Porites_evermani_scaffold_113	123995	125050	gene-Peve_00002280	1.450796529	51
Porites_evermani_scaffold_113	127901	160017	gene-Peve_00002281	11.7628886	688
Porites_evermani_scaffold_113	161316	162057	gene-Peve_00002282	.	0
Porites_evermani_scaffold_113	166064	166547	gene-Peve_00002283	0	19
Porites_evermani_scaffold_113	169420	193677	gene-Peve_00002284	20.35416214	488
Porites_evermani_scaffold_113	194059	219226	gene-Peve_00002285	31.31009188	310
Porites_evermani_scaffold_113	221425	226564	gene-Peve_00002286	37.51851853	30
Porites_evermani_scaffold_113	226650	231286	gene-Peve_00002287	68.76953076	83
Porites_evermani_scaffold_113	231311	266050	gene-Peve_00002288	4.43265297	609
Porites_evermani_scaffold_113	240209	252281	gene-Peve_00002289	5.578746605	258
Porites_evermani_scaffold_113	258885	270429	gene-Peve_00002290	16.63197737	191
Porites_evermani_scaffold_113	270524	277958	gene-Peve_00002291	13.16750035	165
Porites_evermani_scaffold_113	284466	301568	gene-Peve_00002292	3.337237207	334
Porites_evermani_scaffold_113	308048	308603	gene-Peve_00002293	77.49560824	17
Porites_evermani_scaffold_113	315313	315844	gene-Peve_00002295	.	0
Porites_evermani_scaffold_113	317786	318335	gene-Peve_00002296	77.16587022	9
Porites_evermani_scaffold_113	319288	322362	gene-Peve_00002297	56.61791791	54
Porites_evermani_scaffold_113	322595	347133	gene-Peve_00002298	24.0542228	412
Porites_evermani_scaffold_113	347468	360901	gene-Peve_00002299	62.83034181	278
Porites_evermani_scaffold_113	361037	363943	gene-Peve_00002301	53.8141389	40
Porites_evermani_scaffold_113	367459	375316	gene-Peve_00002267	71.36018225	104
Porites_evermani_scaffold_113	368804	369161	gene-Peve_00002268	59.3661336	5
Porites_evermani_scaffold_113	379678	390980	gene-Peve_00002269	84.47664804	228
Porites_evermani_scaffold_113	391063	402875	gene-Peve_00002270	71.6842137	84
Porites_evermani_scaffold_113	408937	409513	gene-Peve_00002271	0	18
Porites_evermani_scaffold_113	415851	426244	gene-Peve_00002272	37.01961148	164
Porites_evermani_scaffold_113	433123	436228	gene-Peve_00002273	1.313248422	102
Porites_evermani_scaffold_113	441019	465841	gene-Peve_00002274	11.43101766	464
Porites_evermani_scaffold_113	467017	467279	gene-Peve_00002275	.	0
Porites_evermani_scaffold_113	467454	480217	gene-Peve_00002276	45.54785094	104
Porites_evermani_scaffold_1130	1560	11817	gene-Peve_00002302	.	0
Porites_evermani_scaffold_1130	11935	51760	gene-Peve_00002303	6.520563366	145
Porites_evermani_scaffold_1130	65853	71534	gene-Peve_00002304	0.550204006	166
Porites_evermani_scaffold_1130	77565	149669	gene-Peve_00002305	18.04092381	1409
Porites_evermani_scaffold_1131	41	23178	gene-Peve_00002306	0.5683557568	222
Porites_evermani_scaffold_1131	49661	51049	gene-Peve_00002307	.	0
Porites_evermani_scaffold_1131	61192	107185	gene-Peve_00002308	0.8045038397	1198
Porites_evermani_scaffold_1131	127723	129786	gene-Peve_00002311	0	15
Porites_evermani_scaffold_1131	128229	129270	gene-Peve_00002312	0	10
Porites_evermani_scaffold_1132	1733	7274	gene-Peve_00002316	.	0
Porites_evermani_scaffold_1132	10219	33092	gene-Peve_00002320	3.292498623	106
Porites_evermani_scaffold_1132	94565	94775	gene-Peve_00002315	.	0
Porites_evermani_scaffold_1132	135523	136114	gene-Peve_00002317	0	18
Porites_evermani_scaffold_1132	136316	136676	gene-Peve_00002318	0	3
Porites_evermani_scaffold_1132	140477	140915	gene-Peve_00002319	.	0
Porites_evermani_scaffold_1133	38	19418	gene-Peve_00002321	1.918327271	291
Porites_evermani_scaffold_1133	21167	22802	gene-Peve_00002329	0.1748251818	44
Porites_evermani_scaffold_1133	23891	25144	gene-Peve_00002330	.	0
Porites_evermani_scaffold_1133	27359	29800	gene-Peve_00002331	26.69258226	39
Porites_evermani_scaffold_1133	43410	55928	gene-Peve_00002322	50.54590562	71
Porites_evermani_scaffold_1133	58322	74025	gene-Peve_00002323	67.26608571	143
Porites_evermani_scaffold_1133	75554	80529	gene-Peve_00002324	21.46418328	64
Porites_evermani_scaffold_1133	85026	98973	gene-Peve_00002325	71.96588935	207
Porites_evermani_scaffold_1133	109561	115357	gene-Peve_00002326	0.2564102564	39
Porites_evermani_scaffold_1133	118564	126149	gene-Peve_00002327	0.6302766977	215
Porites_evermani_scaffold_1133	128172	141489	gene-Peve_00002328	8.980059887	159
Porites_evermani_scaffold_1134	10396	12070	gene-Peve_00002336	74.291498	2
Porites_evermani_scaffold_1134	13023	14697	gene-Peve_00002341	.	0
Porites_evermani_scaffold_1134	19609	20329	gene-Peve_00002342	.	0
Porites_evermani_scaffold_1134	23046	24690	gene-Peve_00002343	.	0
Porites_evermani_scaffold_1134	29531	31031	gene-Peve_00002332	37.84196798	42
Porites_evermani_scaffold_1134	31759	44679	gene-Peve_00002333	17.38378678	69
Porites_evermani_scaffold_1134	65734	72345	gene-Peve_00002334	75.2510453	27
Porites_evermani_scaffold_1134	72626	103220	gene-Peve_00002335	83.80642058	278
Porites_evermani_scaffold_1134	108089	111631	gene-Peve_00002337	42.3796337	23
Porites_evermani_scaffold_1134	111849	116965	gene-Peve_00002338	57.73064955	47
Porites_evermani_scaffold_1134	126143	133004	gene-Peve_00002339	0.2245250466	193
Porites_evermani_scaffold_1134	140551	149864	gene-Peve_00002340	59.81488259	100
Porites_evermani_scaffold_1135	5399	10987	gene-Peve_00002349	2.581429746	142
Porites_evermani_scaffold_1135	16022	27434	gene-Peve_00002350	56.6730755	148
Porites_evermani_scaffold_1135	30180	45565	gene-Peve_00002351	10.72669412	208
Porites_evermani_scaffold_1135	46287	47352	gene-Peve_00002344	0	24
Porites_evermani_scaffold_1135	52050	53130	gene-Peve_00002345	0	7
Porites_evermani_scaffold_1135	54961	70226	gene-Peve_00002346	49.86975102	89
Porites_evermani_scaffold_1135	76361	89848	gene-Peve_00002348	1.772034495	111
Porites_evermani_scaffold_1135	93840	120573	gene-Peve_00002347	0	1
Porites_evermani_scaffold_1136	7332	69794	gene-Peve_00002353	28.92892083	654
Porites_evermani_scaffold_1136	20423	22057	gene-Peve_00002359	0.3333333333	30
Porites_evermani_scaffold_1136	70075	82083	gene-Peve_00002352	15.21662248	29
Porites_evermani_scaffold_1136	94247	150065	gene-Peve_00002354	2.417805225	484
Porites_evermani_scaffold_1136	104476	106471	gene-Peve_00002355	1.1794872	15
Porites_evermani_scaffold_1136	136844	145965	gene-Peve_00002357	1.555636777	94
Porites_evermani_scaffold_1137	4741	20018	gene-Peve_00002360	0.5574167419	403
Porites_evermani_scaffold_1137	26604	27891	gene-Peve_00002365	0.2392344474	38
Porites_evermani_scaffold_1137	42459	43731	gene-Peve_00002366	0	43
Porites_evermani_scaffold_1137	72544	73816	gene-Peve_00002367	0.3937729038	52
Porites_evermani_scaffold_1137	87061	87421	gene-Peve_00002361	0	9
Porites_evermani_scaffold_1137	89760	116838	gene-Peve_00002362	3.506504148	108
Porites_evermani_scaffold_1137	130296	134881	gene-Peve_00002363	.	0
Porites_evermani_scaffold_1137	135160	142522	gene-Peve_00002364	69.04099932	44
Porites_evermani_scaffold_1138	228	1178	gene-Peve_00002368	.	0
Porites_evermani_scaffold_1138	6990	14630	gene-Peve_00002371	0.7811584512	164
Porites_evermani_scaffold_1138	34513	49065	gene-Peve_00002378	2.083152214	224
Porites_evermani_scaffold_1138	61603	62068	gene-Peve_00002370	.	0
Porites_evermani_scaffold_1138	65406	65757	gene-Peve_00002372	0	10
Porites_evermani_scaffold_1138	72733	73243	gene-Peve_00002373	.	0
Porites_evermani_scaffold_1138	74647	81032	gene-Peve_00002374	0.5969589514	185
Porites_evermani_scaffold_1138	94572	99009	gene-Peve_00002375	1.270336492	65
Porites_evermani_scaffold_1138	102068	105777	gene-Peve_00002376	0.7207207297	37
Porites_evermani_scaffold_1138	142263	142543	gene-Peve_00002377	.	0
Porites_evermani_scaffold_1139	9279	67517	gene-Peve_00002379	7.306406454	249
Porites_evermani_scaffold_1139	73085	76303	gene-Peve_00002380	.	0
Porites_evermani_scaffold_1139	81966	111745	gene-Peve_00002381	3.198680889	90
Porites_evermani_scaffold_1139	129882	133726	gene-Peve_00002382	0	5
Porites_evermani_scaffold_1139	138112	139080	gene-Peve_00002383	.	0
Porites_evermani_scaffold_1139	139220	150118	gene-Peve_00002384	0	7
Porites_evermani_scaffold_114	6695	7902	gene-Peve_00002394	0	5
Porites_evermani_scaffold_114	13570	16007	gene-Peve_00002395	.	0
Porites_evermani_scaffold_114	25332	30439	gene-Peve_00002404	0.2380952286	35
Porites_evermani_scaffold_114	32089	44146	gene-Peve_00002416	42.54804117	107
Porites_evermani_scaffold_114	44221	61357	gene-Peve_00002424	28.3353248	229
Porites_evermani_scaffold_114	62044	62893	gene-Peve_00002391	14.58183971	17
Porites_evermani_scaffold_114	65884	70598	gene-Peve_00002392	0.2581596897	58
Porites_evermani_scaffold_114	75733	76159	gene-Peve_00002393	0	1
Porites_evermani_scaffold_114	80358	84919	gene-Peve_00002396	0.6965560469	128
Porites_evermani_scaffold_114	94955	99255	gene-Peve_00002397	48.0048984	48
Porites_evermani_scaffold_114	101646	108792	gene-Peve_00002398	21.84006132	153
Porites_evermani_scaffold_114	109680	115533	gene-Peve_00002399	51.34106028	39
Porites_evermani_scaffold_114	122368	131421	gene-Peve_00002400	51.87265475	106
Porites_evermani_scaffold_114	133010	134159	gene-Peve_00002401	1.093749969	32
Porites_evermani_scaffold_114	147086	199138	gene-Peve_00002402	35.54000196	1002
Porites_evermani_scaffold_114	202334	230272	gene-Peve_00002405	11.75988564	571
Porites_evermani_scaffold_114	233444	235867	gene-Peve_00002406	92.20149814	37
Porites_evermani_scaffold_114	239835	244331	gene-Peve_00002407	1.30741863	108
Porites_evermani_scaffold_114	282553	295053	gene-Peve_00002408	32.9769625	185
Porites_evermani_scaffold_114	295146	299045	gene-Peve_00002409	62.0406769	52
Porites_evermani_scaffold_114	300499	308247	gene-Peve_00002410	87.29770894	96
Porites_evermani_scaffold_114	308965	314877	gene-Peve_00002411	50.49222645	126
Porites_evermani_scaffold_114	325894	339292	gene-Peve_00002412	59.48874224	129
Porites_evermani_scaffold_114	339686	347722	gene-Peve_00002413	71.57629888	100
Porites_evermani_scaffold_114	348630	351838	gene-Peve_00002414	34.81306211	45
Porites_evermani_scaffold_114	353717	355047	gene-Peve_00002415	0.4385445085	59
Porites_evermani_scaffold_114	359019	372874	gene-Peve_00002417	21.59117366	220
Porites_evermani_scaffold_114	374306	376251	gene-Peve_00002418	0.9819766444	45
Porites_evermani_scaffold_114	376870	378859	gene-Peve_00002419	27.17435874	38
Porites_evermani_scaffold_114	378998	379766	gene-Peve_00002420	19.98046959	22
Porites_evermani_scaffold_114	382760	383468	gene-Peve_00002421	17.66838713	16
Porites_evermani_scaffold_114	383665	390864	gene-Peve_00002422	67.28195793	45
Porites_evermani_scaffold_114	391959	396987	gene-Peve_00002423	44.95639516	49
Porites_evermani_scaffold_114	396986	403105	gene-Peve_00002425	59.47480767	18
Porites_evermani_scaffold_114	404975	406675	gene-Peve_00002426	0.2703645714	49
Porites_evermani_scaffold_114	411609	416425	gene-Peve_00002427	75.6015856	50
Porites_evermani_scaffold_114	416478	420056	gene-Peve_00002428	79.47167084	38
Porites_evermani_scaffold_114	422666	424795	gene-Peve_00002429	52.63169376	21
Porites_evermani_scaffold_114	426981	428765	gene-Peve_00002430	84.80235457	7
Porites_evermani_scaffold_114	430024	433089	gene-Peve_00002431	53.92760017	18
Porites_evermani_scaffold_114	433209	446571	gene-Peve_00002386	19.52567052	194
Porites_evermani_scaffold_114	448118	456269	gene-Peve_00002387	15.32514919	130
Porites_evermani_scaffold_114	456383	462393	gene-Peve_00002388	55.27706772	71
Porites_evermani_scaffold_114	471074	474863	gene-Peve_00002389	86.88873188	24
Porites_evermani_scaffold_114	477952	488341	gene-Peve_00002390	6.815702606	94
Porites_evermani_scaffold_1140	1014	2510	gene-Peve_00002432	56.6101056	5
Porites_evermani_scaffold_1140	4516	6170	gene-Peve_00002435	.	0
Porites_evermani_scaffold_1140	15196	15562	gene-Peve_00002441	20.67052357	14
Porites_evermani_scaffold_1140	19732	20311	gene-Peve_00002442	0	10
Porites_evermani_scaffold_1140	97723	98614	gene-Peve_00002434	.	0
Porites_evermani_scaffold_1140	100876	102107	gene-Peve_00002436	.	0
Porites_evermani_scaffold_1140	102125	102467	gene-Peve_00002437	.	0
Porites_evermani_scaffold_1140	105929	112379	gene-Peve_00002438	1.374790386	184
Porites_evermani_scaffold_1140	133201	139111	gene-Peve_00002439	0.2589802405	158
Porites_evermani_scaffold_1140	139636	149021	gene-Peve_00002440	0.9730982478	226
Porites_evermani_scaffold_1141	891	4911	gene-Peve_00002444	0.2932147238	105
Porites_evermani_scaffold_1141	9448	23714	gene-Peve_00002451	0.7258174718	337
Porites_evermani_scaffold_1141	31461	53309	gene-Peve_00002445	0.910968719	516
Porites_evermani_scaffold_1141	57322	66959	gene-Peve_00002446	0.3557386835	278
Porites_evermani_scaffold_1141	98899	111777	gene-Peve_00002448	1.155161756	250
Porites_evermani_scaffold_1141	114770	115063	gene-Peve_00002449	.	0
Porites_evermani_scaffold_1141	120159	130048	gene-Peve_00002447	0.2849910465	215
Porites_evermani_scaffold_1141	142714	146279	gene-Peve_00002450	0.6409485556	72
Porites_evermani_scaffold_1142	43	5705	gene-Peve_00002452	14.52048627	51
Porites_evermani_scaffold_1142	17769	18829	gene-Peve_00002456	0.1488095238	42
Porites_evermani_scaffold_1142	33315	45162	gene-Peve_00002459	13.7453601	215
Porites_evermani_scaffold_1142	45345	58309	gene-Peve_00002460	83.16718107	95
Porites_evermani_scaffold_1142	59713	60604	gene-Peve_00002453	0	29
Porites_evermani_scaffold_1142	65150	72650	gene-Peve_00002454	64.87614907	67
Porites_evermani_scaffold_1142	72901	101638	gene-Peve_00002455	10.77537219	539
Porites_evermani_scaffold_1142	102330	146956	gene-Peve_00002457	0.6949721226	1232
Porites_evermani_scaffold_1142	133841	138775	gene-Peve_00002458	0.25450155	140
Porites_evermani_scaffold_1143	10334	20552	gene-Peve_00002465	0.8336006769	195
Porites_evermani_scaffold_1143	28794	32725	gene-Peve_00002470	.	0
Porites_evermani_scaffold_1143	34562	70440	gene-Peve_00002471	26.65440595	402
Porites_evermani_scaffold_1143	73050	77561	gene-Peve_00002472	0.8663429535	86
Porites_evermani_scaffold_1143	86437	92826	gene-Peve_00002461	0.3715335723	173
Porites_evermani_scaffold_1143	100028	100361	gene-Peve_00002462	5.008594867	15
Porites_evermani_scaffold_1143	111102	111537	gene-Peve_00002463	0	3
Porites_evermani_scaffold_1143	116081	116501	gene-Peve_00002464	.	0
Porites_evermani_scaffold_1143	128767	129172	gene-Peve_00002466	0	15
Porites_evermani_scaffold_1143	131241	131545	gene-Peve_00002467	0.4166666667	12
Porites_evermani_scaffold_1143	132857	137410	gene-Peve_00002468	0.811882344	125
Porites_evermani_scaffold_1143	143684	144104	gene-Peve_00002469	0	12
Porites_evermani_scaffold_1144	24371	24989	gene-Peve_00002480	0	7
Porites_evermani_scaffold_1144	40782	51055	gene-Peve_00002481	0.4835805473	243
Porites_evermani_scaffold_1144	79688	83964	gene-Peve_00002474	0.3046336389	108
Porites_evermani_scaffold_1144	87162	87753	gene-Peve_00002475	0	11
Porites_evermani_scaffold_1144	95377	100458	gene-Peve_00002473	1.084665941	186
Porites_evermani_scaffold_1144	109068	116973	gene-Peve_00002476	22.69408036	47
Porites_evermani_scaffold_1144	117849	119483	gene-Peve_00002477	0	22
Porites_evermani_scaffold_1144	123091	143903	gene-Peve_00002478	8.290877599	267
Porites_evermani_scaffold_1144	146583	148560	gene-Peve_00002479	0.625	16
Porites_evermani_scaffold_1145	5055	10350	gene-Peve_00002488	0.1563068015	131
Porites_evermani_scaffold_1145	13619	34402	gene-Peve_00002489	17.01933062	128
Porites_evermani_scaffold_1145	17262	17644	gene-Peve_00002490	90	2
Porites_evermani_scaffold_1145	48184	57375	gene-Peve_00002482	2.254464286	56
Porites_evermani_scaffold_1145	67313	72916	gene-Peve_00002483	0	17
Porites_evermani_scaffold_1145	80945	128282	gene-Peve_00002484	6.609391931	303
Porites_evermani_scaffold_1145	131455	133433	gene-Peve_00002486	0.2032520244	41
Porites_evermani_scaffold_1145	146138	149973	gene-Peve_00002487	32.65519663	30
Porites_evermani_scaffold_1146	9482	60399	gene-Peve_00002496	1.616736414	1274
Porites_evermani_scaffold_1146	22889	23362	gene-Peve_00002498	0	16
Porites_evermani_scaffold_1146	81858	85693	gene-Peve_00002491	0.258520642	81
Porites_evermani_scaffold_1146	95471	107070	gene-Peve_00002497	0.5229370426	329
Porites_evermani_scaffold_1146	115212	116078	gene-Peve_00002494	.	0
Porites_evermani_scaffold_1146	122491	123604	gene-Peve_00002495	0	22
Porites_evermani_scaffold_1147	1467	14140	gene-Peve_00002499	46.52604401	158
Porites_evermani_scaffold_1147	14514	25261	gene-Peve_00002504	74.5067873	100
Porites_evermani_scaffold_1147	27533	39983	gene-Peve_00002505	24.27455573	263
Porites_evermani_scaffold_1147	41803	49400	gene-Peve_00002506	0.4668854074	189
Porites_evermani_scaffold_1147	53240	55698	gene-Peve_00002507	0	42
Porites_evermani_scaffold_1147	61962	74396	gene-Peve_00002500	72.68114387	48
Porites_evermani_scaffold_1147	82889	122690	gene-Peve_00002501	26.90719567	788
Porites_evermani_scaffold_1147	123702	124287	gene-Peve_00002502	0	7
Porites_evermani_scaffold_1148	597	6046	gene-Peve_00002508	9.891691392	102
Porites_evermani_scaffold_1148	46589	53255	gene-Peve_00002510	89.10174986	36
Porites_evermani_scaffold_1148	54723	74918	gene-Peve_00002511	48.04083979	67
Porites_evermani_scaffold_1148	81684	90007	gene-Peve_00002512	60.61887396	23
Porites_evermani_scaffold_1148	93091	96266	gene-Peve_00002513	43.92045077	31
Porites_evermani_scaffold_1148	98745	114126	gene-Peve_00002514	13.65366815	385
Porites_evermani_scaffold_1148	114609	123316	gene-Peve_00002515	28.45605753	86
Porites_evermani_scaffold_1148	133035	141947	gene-Peve_00002516	57.0276819	61
Porites_evermani_scaffold_1149	1703	17365	gene-Peve_00002517	1.165119471	204
Porites_evermani_scaffold_1149	42578	44308	gene-Peve_00002522	0	42
Porites_evermani_scaffold_1149	55714	65124	gene-Peve_00002523	0.3378710673	223
Porites_evermani_scaffold_1149	72267	74396	gene-Peve_00002524	0.5227758333	60
Porites_evermani_scaffold_1149	127659	140406	gene-Peve_00002520	11.86544507	183
Porites_evermani_scaffold_1149	142720	149770	gene-Peve_00002521	0.7628659357	140
Porites_evermani_scaffold_115	772	2338	gene-Peve_00002543	.	0
Porites_evermani_scaffold_115	6854	9811	gene-Peve_00002547	.	0
Porites_evermani_scaffold_115	10479	11136	gene-Peve_00002555	.	0
Porites_evermani_scaffold_115	14864	15615	gene-Peve_00002525	53.56833367	15
Porites_evermani_scaffold_115	17640	17876	gene-Peve_00002532	64.28571425	4
Porites_evermani_scaffold_115	21510	22614	gene-Peve_00002538	39.91949341	41
Porites_evermani_scaffold_115	22884	23604	gene-Peve_00002539	48.89846368	37
Porites_evermani_scaffold_115	27307	27954	gene-Peve_00002540	44.72222217	6
Porites_evermani_scaffold_115	33856	35325	gene-Peve_00002541	57.10390396	27
Porites_evermani_scaffold_115	41419	43926	gene-Peve_00002542	28.26232081	31
Porites_evermani_scaffold_115	56004	56251	gene-Peve_00002544	0	3
Porites_evermani_scaffold_115	72567	76300	gene-Peve_00002545	.	0
Porites_evermani_scaffold_115	82580	86451	gene-Peve_00002546	0	13
Porites_evermani_scaffold_115	117986	118874	gene-Peve_00002548	22.51359733	6
Porites_evermani_scaffold_115	119899	120283	gene-Peve_00002549	36.23321129	7
Porites_evermani_scaffold_115	126824	127624	gene-Peve_00002550	53.2941176	5
Porites_evermani_scaffold_115	135302	135683	gene-Peve_00002551	.	0
Porites_evermani_scaffold_115	143650	144259	gene-Peve_00002552	0	19
Porites_evermani_scaffold_115	149245	150656	gene-Peve_00002553	0	16
Porites_evermani_scaffold_115	156873	183633	gene-Peve_00002554	.	0
Porites_evermani_scaffold_115	187163	189961	gene-Peve_00002556	.	0
Porites_evermani_scaffold_115	198090	214346	gene-Peve_00002558	10	2
Porites_evermani_scaffold_115	216231	231007	gene-Peve_00002557	0	4
Porites_evermani_scaffold_115	256610	258089	gene-Peve_00002560	21.29149404	23
Porites_evermani_scaffold_115	312605	322319	gene-Peve_00002563	44.95281313	69
Porites_evermani_scaffold_115	339223	354913	gene-Peve_00002526	59.16100502	184
Porites_evermani_scaffold_115	354940	371208	gene-Peve_00002527	66.68128333	202
Porites_evermani_scaffold_115	379313	386241	gene-Peve_00002528	52.43254647	97
Porites_evermani_scaffold_115	389161	397049	gene-Peve_00002529	5.370567804	138
Porites_evermani_scaffold_115	400339	414535	gene-Peve_00002530	24.90748711	124
Porites_evermani_scaffold_115	405579	408924	gene-Peve_00002531	9.277079118	34
Porites_evermani_scaffold_115	417368	441729	gene-Peve_00002533	45.40119619	182
Porites_evermani_scaffold_115	450830	457350	gene-Peve_00002534	0.1575091538	130
Porites_evermani_scaffold_115	463392	470523	gene-Peve_00002536	2.150997222	18
Porites_evermani_scaffold_115	476617	480636	gene-Peve_00002535	0.6341549383	81
Porites_evermani_scaffold_115	481573	481879	gene-Peve_00002537	.	0
Porites_evermani_scaffold_1150	520	4103	gene-Peve_00002567	0.30769232	25
Porites_evermani_scaffold_1150	8741	9671	gene-Peve_00002574	.	0
Porites_evermani_scaffold_1150	11160	12117	gene-Peve_00002575	1.1149961	30
Porites_evermani_scaffold_1150	17190	19430	gene-Peve_00002564	0	29
Porites_evermani_scaffold_1150	27935	30437	gene-Peve_00002565	.	0
Porites_evermani_scaffold_1150	34517	51151	gene-Peve_00002566	0.694442485	200
Porites_evermani_scaffold_1150	67923	68292	gene-Peve_00002569	0	12
Porites_evermani_scaffold_1150	70756	74343	gene-Peve_00002568	0	44
Porites_evermani_scaffold_1150	87141	105110	gene-Peve_00002570	33.39722019	332
Porites_evermani_scaffold_1150	120284	129548	gene-Peve_00002571	15.29278588	227
Porites_evermani_scaffold_1150	140753	141349	gene-Peve_00002572	0	7
Porites_evermani_scaffold_1150	147108	147624	gene-Peve_00002573	.	0
Porites_evermani_scaffold_1151	11704	12865	gene-Peve_00002579	.	0
Porites_evermani_scaffold_1151	13881	14975	gene-Peve_00002582	.	0
Porites_evermani_scaffold_1151	22343	26767	gene-Peve_00002583	.	0
Porites_evermani_scaffold_1151	33714	34053	gene-Peve_00002584	.	0
Porites_evermani_scaffold_1151	36249	40684	gene-Peve_00002585	.	0
Porites_evermani_scaffold_1151	42878	78226	gene-Peve_00002586	0.219367587	92
Porites_evermani_scaffold_1151	85595	86324	gene-Peve_00002577	1.575091538	13
Porites_evermani_scaffold_1151	91167	92875	gene-Peve_00002578	.	0
Porites_evermani_scaffold_1151	126416	129041	gene-Peve_00002580	.	0
Porites_evermani_scaffold_1151	131222	131525	gene-Peve_00002581	.	0
Porites_evermani_scaffold_1152	8374	9127	gene-Peve_00002587	.	0
Porites_evermani_scaffold_1152	27199	29229	gene-Peve_00002591	.	0
Porites_evermani_scaffold_1152	31377	44714	gene-Peve_00002592	0.07361060227	176
Porites_evermani_scaffold_1152	50707	62111	gene-Peve_00002593	35.22659553	105
Porites_evermani_scaffold_1152	63196	73563	gene-Peve_00002594	0.6139995214	257
Porites_evermani_scaffold_1152	82939	102729	gene-Peve_00002595	0.3897537452	259
Porites_evermani_scaffold_1152	104355	120865	gene-Peve_00002588	23.90776462	228
Porites_evermani_scaffold_1152	121183	128331	gene-Peve_00002589	17.41132216	86
Porites_evermani_scaffold_1152	138164	149277	gene-Peve_00002590	9.063042528	265
Porites_evermani_scaffold_1153	14882	20706	gene-Peve_00002602	47.2957756	10
Porites_evermani_scaffold_1153	23505	26763	gene-Peve_00002608	38	5
Porites_evermani_scaffold_1153	33639	34896	gene-Peve_00002597	.	0
Porites_evermani_scaffold_1153	63141	78071	gene-Peve_00002600	12.57050696	108
Porites_evermani_scaffold_1153	104117	111597	gene-Peve_00002601	.	0
Porites_evermani_scaffold_1153	119194	126566	gene-Peve_00002604	.	0
Porites_evermani_scaffold_1153	131071	131546	gene-Peve_00002606	.	0
Porites_evermani_scaffold_1153	145669	149139	gene-Peve_00002607	85.61667092	13
Porites_evermani_scaffold_1154	6741	11054	gene-Peve_00002609	0.4825045122	123
Porites_evermani_scaffold_1154	19036	27436	gene-Peve_00002614	0.2551020357	56
Porites_evermani_scaffold_1154	58835	64475	gene-Peve_00002619	1.21438062	100
Porites_evermani_scaffold_1154	71169	72816	gene-Peve_00002610	0	18
Porites_evermani_scaffold_1154	80180	84862	gene-Peve_00002613	1.408703361	108
Porites_evermani_scaffold_1154	106214	108422	gene-Peve_00002616	2.40726855	60
Porites_evermani_scaffold_1154	129760	136938	gene-Peve_00002617	0.4219428696	184
Porites_evermani_scaffold_1154	140186	141574	gene-Peve_00002618	.	0
Porites_evermani_scaffold_1155	1254	2604	gene-Peve_00002620	.	0
Porites_evermani_scaffold_1155	16263	16992	gene-Peve_00002632	.	0
Porites_evermani_scaffold_1155	25881	27462	gene-Peve_00002634	0.1299545185	81
Porites_evermani_scaffold_1155	30317	32450	gene-Peve_00002635	0.3907805699	93
Porites_evermani_scaffold_1155	32788	34354	gene-Peve_00002621	0	66
Porites_evermani_scaffold_1155	40935	42876	gene-Peve_00002622	0	39
Porites_evermani_scaffold_1155	47267	51219	gene-Peve_00002623	0.6655338411	107
Porites_evermani_scaffold_1155	56421	63629	gene-Peve_00002624	0.1553449242	211
Porites_evermani_scaffold_1155	94666	95056	gene-Peve_00002625	77.6515155	2
Porites_evermani_scaffold_1155	114356	118914	gene-Peve_00002627	28.717525	36
Porites_evermani_scaffold_1156	6287	9676	gene-Peve_00002639	0.6905384839	93
Porites_evermani_scaffold_1156	56644	66851	gene-Peve_00002636	66.43482738	154
Porites_evermani_scaffold_1156	69901	97305	gene-Peve_00002637	11.28433855	476
Porites_evermani_scaffold_1156	84380	86434	gene-Peve_00002641	8.148578	36
Porites_evermani_scaffold_1156	87529	93266	gene-Peve_00002642	23.59542218	103
Porites_evermani_scaffold_1156	102731	104060	gene-Peve_00002643	0.1221001282	39
Porites_evermani_scaffold_1156	105986	113142	gene-Peve_00002640	20.11304469	122
Porites_evermani_scaffold_1156	116650	124907	gene-Peve_00002644	8.472859842	203
Porites_evermani_scaffold_1156	125228	128765	gene-Peve_00002645	2.06454813	54
Porites_evermani_scaffold_1156	132407	145808	gene-Peve_00002646	33.55996979	107
Porites_evermani_scaffold_1157	2	12839	gene-Peve_00002647	18.84040488	106
Porites_evermani_scaffold_1157	13341	36814	gene-Peve_00002656	38.38892365	302
Porites_evermani_scaffold_1157	40988	58787	gene-Peve_00002659	77.01185824	277
Porites_evermani_scaffold_1157	67944	71268	gene-Peve_00002648	69.36562734	38
Porites_evermani_scaffold_1157	73409	75089	gene-Peve_00002649	72.727273	1
Porites_evermani_scaffold_1157	76058	78590	gene-Peve_00002650	.	0
Porites_evermani_scaffold_1157	81659	82553	gene-Peve_00002651	0	19
Porites_evermani_scaffold_1157	84876	89194	gene-Peve_00002652	1.0985577	40
Porites_evermani_scaffold_1157	97619	107697	gene-Peve_00002653	10.39428563	271
Porites_evermani_scaffold_1157	110274	117682	gene-Peve_00002654	0.8537656	200
Porites_evermani_scaffold_1157	128226	131355	gene-Peve_00002655	0	27
Porites_evermani_scaffold_1157	132800	134237	gene-Peve_00002657	0.2631578974	39
Porites_evermani_scaffold_1158	5391	5778	gene-Peve_00002670	.	0
Porites_evermani_scaffold_1158	8018	17733	gene-Peve_00002665	1.074498541	183
Porites_evermani_scaffold_1158	18892	22375	gene-Peve_00002672	0.3273475432	81
Porites_evermani_scaffold_1158	32623	34891	gene-Peve_00002661	0.1470242294	109
Porites_evermani_scaffold_1158	40952	51791	gene-Peve_00002662	35.75608373	196
Porites_evermani_scaffold_1158	65191	92025	gene-Peve_00002664	0.7058858144	738
Porites_evermani_scaffold_1158	102643	102973	gene-Peve_00002667	0	1
Porites_evermani_scaffold_1158	110512	122101	gene-Peve_00002668	49.48738379	112
Porites_evermani_scaffold_1158	122334	130362	gene-Peve_00002669	54.77145552	83
Porites_evermani_scaffold_1158	134943	142907	gene-Peve_00002671	48.23066552	27
Porites_evermani_scaffold_1159	2147	29843	gene-Peve_00002673	10.73338077	531
Porites_evermani_scaffold_1159	35865	36711	gene-Peve_00002681	0	23
Porites_evermani_scaffold_1159	40944	53635	gene-Peve_00002682	2.004818026	114
Porites_evermani_scaffold_1159	55909	62615	gene-Peve_00002683	2.496706174	23
Porites_evermani_scaffold_1159	64890	81987	gene-Peve_00002684	1.850009744	199
Porites_evermani_scaffold_1159	85858	86875	gene-Peve_00002674	1.445261742	31
Porites_evermani_scaffold_1159	90577	91888	gene-Peve_00002685	1.575199	31
Porites_evermani_scaffold_1159	94947	95910	gene-Peve_00002675	0.3107258	35
Porites_evermani_scaffold_1159	98527	100580	gene-Peve_00002676	1.276447412	51
Porites_evermani_scaffold_1159	109652	110561	gene-Peve_00002677	.	0
Porites_evermani_scaffold_1159	115016	117314	gene-Peve_00002678	.	0
Porites_evermani_scaffold_1159	118772	122711	gene-Peve_00002679	0.1420454531	64
Porites_evermani_scaffold_1159	126389	147907	gene-Peve_00002680	6.952212604	278
Porites_evermani_scaffold_116	5717	6302	gene-Peve_00002710	.	0
Porites_evermani_scaffold_116	6841	8138	gene-Peve_00002717	.	0
Porites_evermani_scaffold_116	8217	9512	gene-Peve_00002723	.	0
Porites_evermani_scaffold_116	9734	10177	gene-Peve_00002726	.	0
Porites_evermani_scaffold_116	11903	12344	gene-Peve_00002736	19.39984067	6
Porites_evermani_scaffold_116	14147	18895	gene-Peve_00002739	46.58773078	36
Porites_evermani_scaffold_116	19141	19513	gene-Peve_00002696	70.464745	3
Porites_evermani_scaffold_116	30756	31734	gene-Peve_00002703	62.94012492	13
Porites_evermani_scaffold_116	47779	50972	gene-Peve_00002711	69.90730739	23
Porites_evermani_scaffold_116	61179	61829	gene-Peve_00002713	.	0
Porites_evermani_scaffold_116	70695	71336	gene-Peve_00002715	62.738348	13
Porites_evermani_scaffold_116	73913	74913	gene-Peve_00002716	79.109633	12
Porites_evermani_scaffold_116	82103	82587	gene-Peve_00002718	.	0
Porites_evermani_scaffold_116	92019	93301	gene-Peve_00002720	90.97049275	20
Porites_evermani_scaffold_116	102727	106535	gene-Peve_00002722	.	0
Porites_evermani_scaffold_116	122201	125078	gene-Peve_00002724	.	0
Porites_evermani_scaffold_116	197443	198166	gene-Peve_00002729	.	0
Porites_evermani_scaffold_116	206194	211040	gene-Peve_00002733	22.65479237	24
Porites_evermani_scaffold_116	211200	213374	gene-Peve_00002734	.	0
Porites_evermani_scaffold_116	213949	214951	gene-Peve_00002735	0.9803921667	6
Porites_evermani_scaffold_116	222874	223897	gene-Peve_00002738	.	0
Porites_evermani_scaffold_116	235797	237979	gene-Peve_00002740	.	0
Porites_evermani_scaffold_116	240975	242032	gene-Peve_00002741	0	4
Porites_evermani_scaffold_116	243946	244276	gene-Peve_00002742	0	19
Porites_evermani_scaffold_116	263125	264948	gene-Peve_00002743	.	0
Porites_evermani_scaffold_116	269107	269443	gene-Peve_00002746	12.41886745	11
Porites_evermani_scaffold_116	272410	273845	gene-Peve_00002744	63.636364	1
Porites_evermani_scaffold_116	274231	274621	gene-Peve_00002745	.	0
Porites_evermani_scaffold_116	275455	278635	gene-Peve_00002747	53.4848486	5
Porites_evermani_scaffold_116	280031	281865	gene-Peve_00002748	.	0
Porites_evermani_scaffold_116	289445	289949	gene-Peve_00002686	.	0
Porites_evermani_scaffold_116	299851	300537	gene-Peve_00002690	.	0
Porites_evermani_scaffold_116	300573	301864	gene-Peve_00002689	37.59277987	8
Porites_evermani_scaffold_116	301933	302431	gene-Peve_00002691	0	1
Porites_evermani_scaffold_116	314834	318791	gene-Peve_00002692	.	0
Porites_evermani_scaffold_116	346914	348108	gene-Peve_00002694	15.97256933	6
Porites_evermani_scaffold_116	348371	348728	gene-Peve_00002695	.	0
Porites_evermani_scaffold_116	365514	365918	gene-Peve_00002698	3.8181818	5
Porites_evermani_scaffold_116	365969	368062	gene-Peve_00002699	.	0
Porites_evermani_scaffold_116	403914	405600	gene-Peve_00002701	.	0
Porites_evermani_scaffold_116	408636	410784	gene-Peve_00002702	.	0
Porites_evermani_scaffold_116	411640	412297	gene-Peve_00002704	.	0
Porites_evermani_scaffold_116	420204	420585	gene-Peve_00002706	0	8
Porites_evermani_scaffold_116	422603	422986	gene-Peve_00002708	.	0
Porites_evermani_scaffold_116	453057	478966	gene-Peve_00002709	19.81437316	414
Porites_evermani_scaffold_1160	6988	9550	gene-Peve_00002749	1.332423	33
Porites_evermani_scaffold_1160	49165	52789	gene-Peve_00002750	1.098901143	7
Porites_evermani_scaffold_1160	62608	63946	gene-Peve_00002751	80.1256154	20
Porites_evermani_scaffold_1160	67843	74453	gene-Peve_00002752	15.33841702	56
Porites_evermani_scaffold_1160	84990	89039	gene-Peve_00002754	51.66666667	6
Porites_evermani_scaffold_1160	93291	114874	gene-Peve_00002755	0	8
Porites_evermani_scaffold_1160	118127	119192	gene-Peve_00002756	.	0
Porites_evermani_scaffold_1160	134724	135408	gene-Peve_00002758	.	0
Porites_evermani_scaffold_1161	14026	82226	gene-Peve_00002759	1.755053899	771
Porites_evermani_scaffold_1161	58010	58749	gene-Peve_00002760	.	0
Porites_evermani_scaffold_1161	92073	93737	gene-Peve_00002761	63.63636367	3
Porites_evermani_scaffold_1161	100739	104290	gene-Peve_00002762	32.08635431	39
Porites_evermani_scaffold_1161	104632	126066	gene-Peve_00002763	79.27608447	59
Porites_evermani_scaffold_1161	115394	117367	gene-Peve_00002764	51.5625	4
Porites_evermani_scaffold_1161	135902	148682	gene-Peve_00002765	5.320213916	332
Porites_evermani_scaffold_1162	31441	32986	gene-Peve_00002772	0.7303113684	38
Porites_evermani_scaffold_1162	38293	88512	gene-Peve_00002773	8.601570476	574
Porites_evermani_scaffold_1162	90012	91810	gene-Peve_00002766	0	4
Porites_evermani_scaffold_1162	95085	97187	gene-Peve_00002767	.	0
Porites_evermani_scaffold_1162	104943	116099	gene-Peve_00002768	34.31818188	8
Porites_evermani_scaffold_1162	116651	117529	gene-Peve_00002769	0.6060606	15
Porites_evermani_scaffold_1162	118998	123991	gene-Peve_00002770	76.0281385	12
Porites_evermani_scaffold_1162	129693	137434	gene-Peve_00002771	1.25	8
Porites_evermani_scaffold_1163	1	2431	gene-Peve_00002774	0.9941520351	57
Porites_evermani_scaffold_1163	7144	7462	gene-Peve_00002785	.	0
Porites_evermani_scaffold_1163	12796	15299	gene-Peve_00002786	73.70858384	32
Porites_evermani_scaffold_1163	19071	25419	gene-Peve_00002775	0.3872053778	45
Porites_evermani_scaffold_1163	29215	63285	gene-Peve_00002776	39.21925032	478
Porites_evermani_scaffold_1163	37920	56053	gene-Peve_00002777	52.68473033	177
Porites_evermani_scaffold_1163	65615	74200	gene-Peve_00002778	1.63626992	199
Porites_evermani_scaffold_1163	86963	87980	gene-Peve_00002779	0	36
Porites_evermani_scaffold_1163	93999	98154	gene-Peve_00002780	0.1240694839	124
Porites_evermani_scaffold_1163	102377	117029	gene-Peve_00002781	13.3224858	89
Porites_evermani_scaffold_1163	117110	132350	gene-Peve_00002782	0.3905823014	209
Porites_evermani_scaffold_1163	134725	138242	gene-Peve_00002783	0	11
Porites_evermani_scaffold_1163	141050	146098	gene-Peve_00002784	2.296994202	124
Porites_evermani_scaffold_1164	20781	30861	gene-Peve_00002788	7.236104279	276
Porites_evermani_scaffold_1164	33827	34326	gene-Peve_00002796	0	5
Porites_evermani_scaffold_1164	35594	47010	gene-Peve_00002800	40.37150351	72
Porites_evermani_scaffold_1164	47687	49117	gene-Peve_00002801	0.3430531698	53
Porites_evermani_scaffold_1164	52158	57716	gene-Peve_00002787	0.8099158013	151
Porites_evermani_scaffold_1164	62728	64504	gene-Peve_00002789	0	32
Porites_evermani_scaffold_1164	66994	69813	gene-Peve_00002790	26.14355745	40
Porites_evermani_scaffold_1164	70067	75342	gene-Peve_00002791	76.71225579	67
Porites_evermani_scaffold_1164	89380	93889	gene-Peve_00002792	60.80896683	12
Porites_evermani_scaffold_1164	100695	103244	gene-Peve_00002793	51.93778996	25
Porites_evermani_scaffold_1164	103364	107374	gene-Peve_00002794	50.20726848	33
Porites_evermani_scaffold_1164	108814	130767	gene-Peve_00002795	84.45858713	368
Porites_evermani_scaffold_1164	131280	133391	gene-Peve_00002798	5.735294125	24
Porites_evermani_scaffold_1164	136880	148408	gene-Peve_00002799	39.27625055	164
Porites_evermani_scaffold_1165	11453	22653	gene-Peve_00002803	30.31781946	26
Porites_evermani_scaffold_1165	53228	74731	gene-Peve_00002808	13.32899604	340
Porites_evermani_scaffold_1165	77426	78231	gene-Peve_00002804	.	0
Porites_evermani_scaffold_1165	84869	96460	gene-Peve_00002805	40.72783201	75
Porites_evermani_scaffold_1165	99189	109054	gene-Peve_00002806	47.70370855	20
Porites_evermani_scaffold_1165	112852	135639	gene-Peve_00002807	0.5460175101	496
Porites_evermani_scaffold_1166	4394	5164	gene-Peve_00002809	4.500822125	8
Porites_evermani_scaffold_1166	45678	46833	gene-Peve_00002810	0	10
Porites_evermani_scaffold_1166	53277	53772	gene-Peve_00002811	0	22
Porites_evermani_scaffold_1166	54746	55678	gene-Peve_00002812	0.22569445	40
Porites_evermani_scaffold_1166	65779	66775	gene-Peve_00002813	0	27
Porites_evermani_scaffold_1166	76879	77224	gene-Peve_00002814	0	11
Porites_evermani_scaffold_1166	97124	97781	gene-Peve_00002815	0	5
Porites_evermani_scaffold_1166	118526	147214	gene-Peve_00002816	0.2289144004	462
Porites_evermani_scaffold_1167	23479	28109	gene-Peve_00002818	0	27
Porites_evermani_scaffold_1167	45993	50208	gene-Peve_00002821	0.85162475	52
Porites_evermani_scaffold_1167	90447	93804	gene-Peve_00002822	2.848061045	22
Porites_evermani_scaffold_1167	106441	106978	gene-Peve_00002824	.	0
Porites_evermani_scaffold_1167	117585	120247	gene-Peve_00002825	0	8
Porites_evermani_scaffold_1168	11717	13028	gene-Peve_00002828	0	20
Porites_evermani_scaffold_1168	22258	23495	gene-Peve_00002836	0.5	30
Porites_evermani_scaffold_1168	45064	45908	gene-Peve_00002837	0.1170837037	27
Porites_evermani_scaffold_1168	58019	58361	gene-Peve_00002829	.	0
Porites_evermani_scaffold_1168	74746	96703	gene-Peve_00002830	38.14129641	488
Porites_evermani_scaffold_1168	106822	124085	gene-Peve_00002831	5.296191918	195
Porites_evermani_scaffold_1168	126872	128559	gene-Peve_00002832	0.5565862619	42
Porites_evermani_scaffold_1168	130942	131941	gene-Peve_00002833	0	15
Porites_evermani_scaffold_1168	144513	146197	gene-Peve_00002834	0.9100050769	26
Porites_evermani_scaffold_1169	227	11348	gene-Peve_00002838	27.75928897	197
Porites_evermani_scaffold_1169	18237	23364	gene-Peve_00002844	0.2688860423	71
Porites_evermani_scaffold_1169	30137	52945	gene-Peve_00002839	33.7338944	225
Porites_evermani_scaffold_1169	55659	60225	gene-Peve_00002840	54.439416	40
Porites_evermani_scaffold_1169	67981	75114	gene-Peve_00002841	1.606762868	205
Porites_evermani_scaffold_1169	79750	115929	gene-Peve_00002842	13.73545874	660
Porites_evermani_scaffold_1169	127684	135388	gene-Peve_00002843	0.5922865	66
Porites_evermani_scaffold_117	10	2616	gene-Peve_00002845	1.852552619	84
Porites_evermani_scaffold_117	4424	6251	gene-Peve_00002856	0.303030303	33
Porites_evermani_scaffold_117	9924	38732	gene-Peve_00002871	7.19047073	392
Porites_evermani_scaffold_117	42465	43267	gene-Peve_00002877	0	19
Porites_evermani_scaffold_117	46277	56405	gene-Peve_00002880	52.31944315	108
Porites_evermani_scaffold_117	62373	64651	gene-Peve_00002846	86.43764542	12
Porites_evermani_scaffold_117	71097	75903	gene-Peve_00002852	0.6398765472	106
Porites_evermani_scaffold_117	133618	134641	gene-Peve_00002854	0	28
Porites_evermani_scaffold_117	139114	140167	gene-Peve_00002855	0.3190690811	37
Porites_evermani_scaffold_117	148370	159842	gene-Peve_00002857	52.27889148	114
Porites_evermani_scaffold_117	165247	166455	gene-Peve_00002858	0.9375	32
Porites_evermani_scaffold_117	174268	174896	gene-Peve_00002859	0.2392344545	22
Porites_evermani_scaffold_117	177151	190496	gene-Peve_00002860	0.3877419486	311
Porites_evermani_scaffold_117	205123	208760	gene-Peve_00002861	23.13915549	37
Porites_evermani_scaffold_117	211734	215251	gene-Peve_00002862	39.32421552	23
Porites_evermani_scaffold_117	219562	222222	gene-Peve_00002863	39.22148827	40
Porites_evermani_scaffold_117	222411	223485	gene-Peve_00002864	5.534759353	17
Porites_evermani_scaffold_117	226261	229057	gene-Peve_00002865	63.05950769	42
Porites_evermani_scaffold_117	230323	231062	gene-Peve_00002866	.	0
Porites_evermani_scaffold_117	236373	242309	gene-Peve_00002867	0.09303721429	140
Porites_evermani_scaffold_117	251814	253204	gene-Peve_00002868	35.08997792	26
Porites_evermani_scaffold_117	256083	282052	gene-Peve_00002869	53.23109817	299
Porites_evermani_scaffold_117	288542	289508	gene-Peve_00002870	0.892857125	8
Porites_evermani_scaffold_117	294258	305072	gene-Peve_00002873	0.42759879	300
Porites_evermani_scaffold_117	311696	316008	gene-Peve_00002875	0.04734848864	88
Porites_evermani_scaffold_117	327463	351769	gene-Peve_00002876	1.833212923	674
Porites_evermani_scaffold_117	356212	356563	gene-Peve_00002878	.	0
Porites_evermani_scaffold_117	372744	396360	gene-Peve_00002881	0.530052407	602
Porites_evermani_scaffold_117	397426	410996	gene-Peve_00002882	0.7166854887	354
Porites_evermani_scaffold_117	414742	418710	gene-Peve_00002883	0.1298701273	55
Porites_evermani_scaffold_117	419825	421590	gene-Peve_00002884	0	32
Porites_evermani_scaffold_117	423204	424125	gene-Peve_00002847	0.3207236875	32
Porites_evermani_scaffold_117	428151	434415	gene-Peve_00002848	0.2499636214	140
Porites_evermani_scaffold_117	438074	447562	gene-Peve_00002850	0.4314130373	241
Porites_evermani_scaffold_117	456017	459349	gene-Peve_00002851	0.8156836604	106
Porites_evermani_scaffold_1170	1660	1984	gene-Peve_00002885	.	0
Porites_evermani_scaffold_1170	6029	11758	gene-Peve_00002895	0.91666665	20
Porites_evermani_scaffold_1170	15186	28981	gene-Peve_00002886	46.61715167	69
Porites_evermani_scaffold_1170	31266	34314	gene-Peve_00002887	1.407668075	53
Porites_evermani_scaffold_1170	36046	37944	gene-Peve_00002888	0.3134796207	58
Porites_evermani_scaffold_1170	39068	39665	gene-Peve_00002889	0	24
Porites_evermani_scaffold_1170	41894	53555	gene-Peve_00002890	4.965545508	128
Porites_evermani_scaffold_1170	56158	57694	gene-Peve_00002891	92.72727275	4
Porites_evermani_scaffold_1170	67474	89685	gene-Peve_00002892	0.6491805	270
Porites_evermani_scaffold_1170	102615	129541	gene-Peve_00002893	0.5870445338	133
Porites_evermani_scaffold_1170	146631	147042	gene-Peve_00002897	.	0
Porites_evermani_scaffold_1171	1409	21656	gene-Peve_00002898	9.051849231	273
Porites_evermani_scaffold_1171	32409	34626	gene-Peve_00002909	0.5001954667	75
Porites_evermani_scaffold_1171	35962	37156	gene-Peve_00002899	0	5
Porites_evermani_scaffold_1171	46437	47553	gene-Peve_00002900	0	1
Porites_evermani_scaffold_1171	48887	50240	gene-Peve_00002901	.	0
Porites_evermani_scaffold_1171	56655	57490	gene-Peve_00002902	.	0
Porites_evermani_scaffold_1171	66705	76771	gene-Peve_00002903	1.058662801	161
Porites_evermani_scaffold_1171	70326	71154	gene-Peve_00002904	.	0
Porites_evermani_scaffold_1171	79752	93989	gene-Peve_00002905	49.35071267	82
Porites_evermani_scaffold_1171	94080	103847	gene-Peve_00002906	18.23476524	50
Porites_evermani_scaffold_1171	110341	110836	gene-Peve_00002907	.	0
Porites_evermani_scaffold_1171	114716	120554	gene-Peve_00002908	0	14
Porites_evermani_scaffold_1172	45	2601	gene-Peve_00002910	0.2223320145	69
Porites_evermani_scaffold_1172	29584	31611	gene-Peve_00002911	0	28
Porites_evermani_scaffold_1172	47770	50315	gene-Peve_00002912	0.4689754545	33
Porites_evermani_scaffold_1172	53839	56437	gene-Peve_00002913	0	27
Porites_evermani_scaffold_1172	56533	64274	gene-Peve_00002914	0.5008788057	314
Porites_evermani_scaffold_1172	97923	100219	gene-Peve_00002915	13.575406	18
Porites_evermani_scaffold_1172	125700	129097	gene-Peve_00002916	0.6192534444	72
Porites_evermani_scaffold_1172	134471	147901	gene-Peve_00002917	62.70092817	137
Porites_evermani_scaffold_1173	17471	27064	gene-Peve_00002918	64.49292388	43
Porites_evermani_scaffold_1173	35061	42405	gene-Peve_00002929	10.92507698	170
Porites_evermani_scaffold_1173	43664	50631	gene-Peve_00002930	8.2201874	180
Porites_evermani_scaffold_1173	54161	59144	gene-Peve_00002919	83.71222076	37
Porites_evermani_scaffold_1173	61061	66657	gene-Peve_00002920	48.99944733	79
Porites_evermani_scaffold_1173	65589	65774	gene-Peve_00002922	100	2
Porites_evermani_scaffold_1173	70183	74984	gene-Peve_00002921	84.15829887	15
Porites_evermani_scaffold_1173	75473	87972	gene-Peve_00002923	4.559190825	40
Porites_evermani_scaffold_1173	91154	110183	gene-Peve_00002924	11.89709992	488
Porites_evermani_scaffold_1173	115715	117482	gene-Peve_00002925	10.25482091	22
Porites_evermani_scaffold_1173	120910	136106	gene-Peve_00002926	66.63346635	152
Porites_evermani_scaffold_1173	139201	140239	gene-Peve_00002927	0	44
Porites_evermani_scaffold_1173	141788	144286	gene-Peve_00002928	0.1515151515	66
Porites_evermani_scaffold_1174	1828	3803	gene-Peve_00002931	25.01689137	46
Porites_evermani_scaffold_1174	5702	19321	gene-Peve_00002934	1.550655241	348
Porites_evermani_scaffold_1174	22075	27989	gene-Peve_00002938	0.1621549623	159
Porites_evermani_scaffold_1174	31007	34149	gene-Peve_00002939	0.1566551461	89
Porites_evermani_scaffold_1174	34482	35568	gene-Peve_00002940	0.2583979535	43
Porites_evermani_scaffold_1174	89934	91683	gene-Peve_00002941	17.02409934	38
Porites_evermani_scaffold_1174	94485	96078	gene-Peve_00002932	5.843362976	42
Porites_evermani_scaffold_1174	102916	104431	gene-Peve_00002933	8.6904005	22
Porites_evermani_scaffold_1174	110073	111468	gene-Peve_00002935	41.83964183	18
Porites_evermani_scaffold_1174	118711	135417	gene-Peve_00002936	26.88206586	161
Porites_evermani_scaffold_1174	140090	144689	gene-Peve_00002937	.	0
Porites_evermani_scaffold_1175	10782	41019	gene-Peve_00002942	0.5151649543	810
Porites_evermani_scaffold_1175	49131	51219	gene-Peve_00002948	0	17
Porites_evermani_scaffold_1175	55263	72732	gene-Peve_00002949	0.3571428571	28
Porites_evermani_scaffold_1175	74988	76764	gene-Peve_00002950	0	16
Porites_evermani_scaffold_1175	78581	86174	gene-Peve_00002951	63.7727273	10
Porites_evermani_scaffold_1175	86294	126112	gene-Peve_00002943	43.36260581	210
Porites_evermani_scaffold_1175	128076	128805	gene-Peve_00002944	3.46153845	20
Porites_evermani_scaffold_1175	131960	134065	gene-Peve_00002945	0.8067566522	46
Porites_evermani_scaffold_1175	137754	139821	gene-Peve_00002946	0.3352675745	47
Porites_evermani_scaffold_1175	142065	146995	gene-Peve_00002947	65.81071707	15
Porites_evermani_scaffold_1176	14346	26534	gene-Peve_00002952	2.983801918	49
Porites_evermani_scaffold_1176	51324	59007	gene-Peve_00002953	12.99312336	69
Porites_evermani_scaffold_1176	78697	83146	gene-Peve_00002955	9.5238095	6
Porites_evermani_scaffold_1176	93871	95370	gene-Peve_00002954	.	0
Porites_evermani_scaffold_1176	126058	131550	gene-Peve_00002956	1.8181818	5
Porites_evermani_scaffold_1177	20597	21110	gene-Peve_00002962	0.5102040714	14
Porites_evermani_scaffold_1177	30559	31518	gene-Peve_00002957	0.4048583077	13
Porites_evermani_scaffold_1177	60083	60605	gene-Peve_00002963	0	22
Porites_evermani_scaffold_1177	60811	62149	gene-Peve_00002964	0	44
Porites_evermani_scaffold_1177	64170	73694	gene-Peve_00002965	85.57994819	153
Porites_evermani_scaffold_1177	67438	68303	gene-Peve_00002967	86.01982533	18
Porites_evermani_scaffold_1177	87372	95217	gene-Peve_00002968	33.74510376	110
Porites_evermani_scaffold_1177	95211	117385	gene-Peve_00002969	14.97078197	382
Porites_evermani_scaffold_1177	106141	106570	gene-Peve_00002970	9.171199222	9
Porites_evermani_scaffold_1177	119837	121802	gene-Peve_00002971	2.903600463	41
Porites_evermani_scaffold_1177	122609	123785	gene-Peve_00002972	0.4416210526	38
Porites_evermani_scaffold_1177	125393	130096	gene-Peve_00002973	31.84326722	76
Porites_evermani_scaffold_1177	135978	137723	gene-Peve_00002975	0	7
Porites_evermani_scaffold_1178	3784	5029	gene-Peve_00002980	19.46538847	19
Porites_evermani_scaffold_1178	11651	36081	gene-Peve_00002985	1.806305841	767
Porites_evermani_scaffold_1178	16588	24042	gene-Peve_00002986	3.502995417	247
Porites_evermani_scaffold_1178	38679	42392	gene-Peve_00002976	0.5311681429	112
Porites_evermani_scaffold_1178	38987	40265	gene-Peve_00002977	0.706488119	42
Porites_evermani_scaffold_1178	55116	55845	gene-Peve_00002979	0.6365916957	23
Porites_evermani_scaffold_1178	58312	63139	gene-Peve_00002981	.	0
Porites_evermani_scaffold_1178	64720	74646	gene-Peve_00002978	0.9841475214	257
Porites_evermani_scaffold_1178	76736	78068	gene-Peve_00002982	0.9480595897	39
Porites_evermani_scaffold_1178	94189	128313	gene-Peve_00002983	1.233775865	961
Porites_evermani_scaffold_1178	129072	145692	gene-Peve_00002984	0.7170674404	411
Porites_evermani_scaffold_1179	27577	28510	gene-Peve_00002995	0.2596160488	41
Porites_evermani_scaffold_1179	33552	51939	gene-Peve_00002998	0.5215577711	450
Porites_evermani_scaffold_1179	61690	71267	gene-Peve_00002988	0.3797760174	115
Porites_evermani_scaffold_1179	79712	80267	gene-Peve_00002989	.	0
Porites_evermani_scaffold_1179	86935	87886	gene-Peve_00002990	0	25
Porites_evermani_scaffold_1179	91666	93792	gene-Peve_00002991	1.15836081	42
Porites_evermani_scaffold_1179	107182	114840	gene-Peve_00002993	8.264159328	177
Porites_evermani_scaffold_1179	115782	118329	gene-Peve_00002994	0.9580163462	78
Porites_evermani_scaffold_1179	135331	136306	gene-Peve_00002996	0.2304147419	31
Porites_evermani_scaffold_1179	142047	143589	gene-Peve_00002997	50.38188	14
Porites_evermani_scaffold_118	17111	20246	gene-Peve_00003017	7.437580836	61
Porites_evermani_scaffold_118	26403	27729	gene-Peve_00003019	5.857128958	24
Porites_evermani_scaffold_118	29498	35578	gene-Peve_00003020	8.752972956	160
Porites_evermani_scaffold_118	36205	37111	gene-Peve_00003021	0.4201680588	17
Porites_evermani_scaffold_118	37214	38445	gene-Peve_00003022	0	5
Porites_evermani_scaffold_118	47583	48106	gene-Peve_00003023	.	0
Porites_evermani_scaffold_118	67127	78602	gene-Peve_00003024	75.4059951	133
Porites_evermani_scaffold_118	81284	84914	gene-Peve_00003025	38.46977358	73
Porites_evermani_scaffold_118	88723	100872	gene-Peve_00003026	1.613752561	114
Porites_evermani_scaffold_118	107535	108348	gene-Peve_00003028	0.1131221765	34
Porites_evermani_scaffold_118	123101	129275	gene-Peve_00003029	1.149299236	157
Porites_evermani_scaffold_118	151508	163457	gene-Peve_00003031	66.96008863	119
Porites_evermani_scaffold_118	164114	169488	gene-Peve_00003032	56.48191615	61
Porites_evermani_scaffold_118	169725	174498	gene-Peve_00003033	34.64388262	56
Porites_evermani_scaffold_118	176707	179153	gene-Peve_00003034	0.2689873418	79
Porites_evermani_scaffold_118	186305	187136	gene-Peve_00003036	0	28
Porites_evermani_scaffold_118	194131	194890	gene-Peve_00003037	0.7234432381	42
Porites_evermani_scaffold_118	199219	200381	gene-Peve_00003038	0	14
Porites_evermani_scaffold_118	205698	206589	gene-Peve_00003039	0	35
Porites_evermani_scaffold_118	226999	228694	gene-Peve_00003040	0.1355013659	41
Porites_evermani_scaffold_118	234095	245407	gene-Peve_00003041	0.8968456138	189
Porites_evermani_scaffold_118	247518	248316	gene-Peve_00003000	0	23
Porites_evermani_scaffold_118	251450	259657	gene-Peve_00003001	0.3784219058	138
Porites_evermani_scaffold_118	261849	268425	gene-Peve_00003002	14.26207215	71
Porites_evermani_scaffold_118	268502	296394	gene-Peve_00003003	3.020262037	564
Porites_evermani_scaffold_118	300698	307913	gene-Peve_00003004	0.9126807853	163
Porites_evermani_scaffold_118	310103	313027	gene-Peve_00003005	0	3
Porites_evermani_scaffold_118	329095	336839	gene-Peve_00003007	0	17
Porites_evermani_scaffold_118	345227	354396	gene-Peve_00003008	0.9017738914	359
Porites_evermani_scaffold_118	364390	390399	gene-Peve_00003009	0.7912014592	662
Porites_evermani_scaffold_118	393242	402904	gene-Peve_00003012	0.2758579896	193
Porites_evermani_scaffold_118	410267	411314	gene-Peve_00003014	0.5940640513	39
Porites_evermani_scaffold_118	449453	464889	gene-Peve_00003016	0.7954545417	24
Porites_evermani_scaffold_1180	20129	29705	gene-Peve_00003042	0	41
Porites_evermani_scaffold_1180	34448	41687	gene-Peve_00003050	0	2
Porites_evermani_scaffold_1180	53914	54880	gene-Peve_00003051	0	3
Porites_evermani_scaffold_1180	64908	65694	gene-Peve_00003043	0.7575757273	11
Porites_evermani_scaffold_1180	69058	69463	gene-Peve_00003044	.	0
Porites_evermani_scaffold_1180	82606	86680	gene-Peve_00003045	0.2935933725	51
Porites_evermani_scaffold_1180	124305	126840	gene-Peve_00003047	1.614904709	55
Porites_evermani_scaffold_1180	138269	144763	gene-Peve_00003048	0.3491311043	163
Porites_evermani_scaffold_1180	144784	146312	gene-Peve_00003049	0	27
Porites_evermani_scaffold_1181	2048	13796	gene-Peve_00003053	0.834776844	109
Porites_evermani_scaffold_1181	16748	29746	gene-Peve_00003057	28.42490846	13
Porites_evermani_scaffold_1181	30940	43113	gene-Peve_00003063	73.23885509	44
Porites_evermani_scaffold_1181	50335	53872	gene-Peve_00003064	71.2391286	45
Porites_evermani_scaffold_1181	66010	72255	gene-Peve_00003054	42.72562931	48
Porites_evermani_scaffold_1181	79210	79873	gene-Peve_00003055	0.625	16
Porites_evermani_scaffold_1181	80438	81377	gene-Peve_00003056	0.3344481739	23
Porites_evermani_scaffold_1181	83549	98878	gene-Peve_00003058	4.567799611	265
Porites_evermani_scaffold_1181	101866	114428	gene-Peve_00003060	1.351001247	259
Porites_evermani_scaffold_1181	127259	140969	gene-Peve_00003062	40.96176927	177
Porites_evermani_scaffold_1182	2137	2593	gene-Peve_00003065	0	12
Porites_evermani_scaffold_1182	3528	8033	gene-Peve_00003069	0.6925008855	131
Porites_evermani_scaffold_1182	11064	18007	gene-Peve_00003079	0.3919248434	166
Porites_evermani_scaffold_1182	21528	38778	gene-Peve_00003066	0.6045329169	349
Porites_evermani_scaffold_1182	47797	59780	gene-Peve_00003067	0.1187196623	231
Porites_evermani_scaffold_1182	53647	55004	gene-Peve_00003070	0	20
Porites_evermani_scaffold_1182	71870	72884	gene-Peve_00003071	0	49
Porites_evermani_scaffold_1182	85531	89530	gene-Peve_00003073	0.3139118763	97
Porites_evermani_scaffold_1182	90159	90654	gene-Peve_00003074	0.8547008889	9
Porites_evermani_scaffold_1182	97675	100285	gene-Peve_00003075	0.3208174146	41
Porites_evermani_scaffold_1182	117921	133755	gene-Peve_00003076	81.07245122	180
Porites_evermani_scaffold_1182	139759	142190	gene-Peve_00003077	52.00630653	30
Porites_evermani_scaffold_1182	142321	146717	gene-Peve_00003078	22.92596924	66
Porites_evermani_scaffold_1183	760	4386	gene-Peve_00003080	0	5
Porites_evermani_scaffold_1183	16009	19384	gene-Peve_00003082	0	7
Porites_evermani_scaffold_1183	26952	27495	gene-Peve_00003091	.	0
Porites_evermani_scaffold_1183	30190	44054	gene-Peve_00003096	.	0
Porites_evermani_scaffold_1183	47737	49279	gene-Peve_00003097	.	0
Porites_evermani_scaffold_1183	61113	62103	gene-Peve_00003081	.	0
Porites_evermani_scaffold_1183	65266	66130	gene-Peve_00003083	.	0
Porites_evermani_scaffold_1183	66952	67405	gene-Peve_00003085	0	8
Porites_evermani_scaffold_1183	72509	73043	gene-Peve_00003086	.	0
Porites_evermani_scaffold_1183	76218	77082	gene-Peve_00003087	.	0
Porites_evermani_scaffold_1183	77889	79065	gene-Peve_00003089	0	2
Porites_evermani_scaffold_1183	109719	110853	gene-Peve_00003090	.	0
Porites_evermani_scaffold_1183	111467	112412	gene-Peve_00003092	0	6
Porites_evermani_scaffold_1183	116056	117692	gene-Peve_00003093	.	0
Porites_evermani_scaffold_1183	124646	126726	gene-Peve_00003095	0	11
Porites_evermani_scaffold_1183	132618	134195	gene-Peve_00003098	.	0
Porites_evermani_scaffold_1184	1856	24077	gene-Peve_00003102	0.5601721111	540
Porites_evermani_scaffold_1184	26130	28286	gene-Peve_00003103	.	0
Porites_evermani_scaffold_1184	29914	32115	gene-Peve_00003104	.	0
Porites_evermani_scaffold_1184	33804	36240	gene-Peve_00003105	2.5	4
Porites_evermani_scaffold_1184	59449	74166	gene-Peve_00003106	0.4977323489	364
Porites_evermani_scaffold_1184	86928	113868	gene-Peve_00003099	0.7300759691	518
Porites_evermani_scaffold_1184	137792	145094	gene-Peve_00003101	50.85630054	13
Porites_evermani_scaffold_1185	3998	38188	gene-Peve_00003108	28.99066366	417
Porites_evermani_scaffold_1185	42983	54531	gene-Peve_00003111	0.1636260556	252
Porites_evermani_scaffold_1185	96279	96750	gene-Peve_00003107	0	25
Porites_evermani_scaffold_1185	116715	117111	gene-Peve_00003109	0	4
Porites_evermani_scaffold_1186	2874	12774	gene-Peve_00003115	27.14285714	7
Porites_evermani_scaffold_1186	14358	16478	gene-Peve_00003119	1.388888833	6
Porites_evermani_scaffold_1186	24635	26341	gene-Peve_00003120	.	0
Porites_evermani_scaffold_1186	48082	52289	gene-Peve_00003121	.	0
Porites_evermani_scaffold_1186	62087	63101	gene-Peve_00003122	0	1
Porites_evermani_scaffold_1186	75639	76653	gene-Peve_00003113	0	3
Porites_evermani_scaffold_1186	83185	86237	gene-Peve_00003112	79.98170354	92
Porites_evermani_scaffold_1186	94351	103656	gene-Peve_00003116	0.9586921302	192
Porites_evermani_scaffold_1186	111215	112992	gene-Peve_00003117	0.7152240484	62
Porites_evermani_scaffold_1186	122406	143708	gene-Peve_00003118	0.3644853503	177
Porites_evermani_scaffold_1187	2372	3073	gene-Peve_00003123	0.5347593529	17
Porites_evermani_scaffold_1187	3607	7320	gene-Peve_00003129	2.197048239	67
Porites_evermani_scaffold_1187	10918	28368	gene-Peve_00003132	2.510822512	41
Porites_evermani_scaffold_1187	32850	38169	gene-Peve_00003138	7.812344974	117
Porites_evermani_scaffold_1187	49166	60487	gene-Peve_00003124	0.8269203312	311
Porites_evermani_scaffold_1187	103065	103380	gene-Peve_00003127	0	16
Porites_evermani_scaffold_1187	105977	112733	gene-Peve_00003128	0.3482360463	259
Porites_evermani_scaffold_1187	119437	119857	gene-Peve_00003131	0.595238125	8
Porites_evermani_scaffold_1187	121022	121850	gene-Peve_00003133	0.1194743226	31
Porites_evermani_scaffold_1187	123059	123548	gene-Peve_00003134	0	15
Porites_evermani_scaffold_1187	123971	124346	gene-Peve_00003135	0	12
Porites_evermani_scaffold_1187	125974	127745	gene-Peve_00003136	1.218570782	87
Porites_evermani_scaffold_1187	128602	140491	gene-Peve_00003137	0.6429458737	499
Porites_evermani_scaffold_1188	1842	6226	gene-Peve_00003142	0.1165501154	78
Porites_evermani_scaffold_1188	10894	16249	gene-Peve_00003146	0.5318833097	113
Porites_evermani_scaffold_1188	19149	47480	gene-Peve_00003147	0.6487001589	793
Porites_evermani_scaffold_1188	48275	57456	gene-Peve_00003139	0.2011751882	186
Porites_evermani_scaffold_1188	61057	70544	gene-Peve_00003140	0.454425458	286
Porites_evermani_scaffold_1188	79067	83449	gene-Peve_00003141	0	48
Porites_evermani_scaffold_1188	100699	105362	gene-Peve_00003143	0.6471439778	90
Porites_evermani_scaffold_1188	118971	125368	gene-Peve_00003144	.	0
Porites_evermani_scaffold_1188	134000	139966	gene-Peve_00003145	0	74
Porites_evermani_scaffold_1189	11754	39692	gene-Peve_00003154	0.9836932788	624
Porites_evermani_scaffold_1189	44149	44530	gene-Peve_00003148	1.179545667	18
Porites_evermani_scaffold_1189	57222	57633	gene-Peve_00003149	71.10944622	9
Porites_evermani_scaffold_1189	66922	78829	gene-Peve_00003150	0.377169472	214
Porites_evermani_scaffold_1189	107144	111071	gene-Peve_00003151	0.5058743517	145
Porites_evermani_scaffold_1189	122266	140191	gene-Peve_00003153	0.3357852075	294
Porites_evermani_scaffold_119	23437	23950	gene-Peve_00003171	0.8264462727	11
Porites_evermani_scaffold_119	36299	56804	gene-Peve_00003173	0.8975028062	356
Porites_evermani_scaffold_119	64066	99070	gene-Peve_00003185	25.31816069	576
Porites_evermani_scaffold_119	107966	117001	gene-Peve_00003172	27.78310767	150
Porites_evermani_scaffold_119	119952	132425	gene-Peve_00003174	0.3885690184	326
Porites_evermani_scaffold_119	124180	128101	gene-Peve_00003175	0.2148772136	103
Porites_evermani_scaffold_119	135847	145313	gene-Peve_00003176	0.3116999965	285
Porites_evermani_scaffold_119	150230	157534	gene-Peve_00003177	1.255844672	265
Porites_evermani_scaffold_119	153748	154192	gene-Peve_00003178	2.029637	20
Porites_evermani_scaffold_119	160617	161742	gene-Peve_00003179	0.6211967586	29
Porites_evermani_scaffold_119	168615	198753	gene-Peve_00003180	1.386392311	793
Porites_evermani_scaffold_119	203596	215258	gene-Peve_00003181	43.11839041	88
Porites_evermani_scaffold_119	217198	226274	gene-Peve_00003182	0.3342332785	158
Porites_evermani_scaffold_119	267374	268694	gene-Peve_00003184	0.2574937619	42
Porites_evermani_scaffold_119	270321	271503	gene-Peve_00003186	0.6639193846	13
Porites_evermani_scaffold_119	289255	289804	gene-Peve_00003188	.	0
Porites_evermani_scaffold_119	331997	337251	gene-Peve_00003157	0.5042150842	95
Porites_evermani_scaffold_119	338848	339784	gene-Peve_00003158	4.286616125	24
Porites_evermani_scaffold_119	344852	346163	gene-Peve_00003159	4.218143	32
Porites_evermani_scaffold_119	347875	350766	gene-Peve_00003160	0	4
Porites_evermani_scaffold_119	357381	357870	gene-Peve_00003161	0	9
Porites_evermani_scaffold_119	359690	428121	gene-Peve_00003165	0.71482396	600
Porites_evermani_scaffold_119	366970	368630	gene-Peve_00003166	0	3
Porites_evermani_scaffold_119	385735	388094	gene-Peve_00003167	0	2
Porites_evermani_scaffold_119	405438	409084	gene-Peve_00003169	0	8
Porites_evermani_scaffold_119	437826	438399	gene-Peve_00003162	0	4
Porites_evermani_scaffold_119	445625	446273	gene-Peve_00003163	0	3
Porites_evermani_scaffold_119	446354	463193	gene-Peve_00003164	1.069553995	198
Porites_evermani_scaffold_119	467188	468523	gene-Peve_00003170	.	0
Porites_evermani_scaffold_1190	2172	4467	gene-Peve_00003191	0.3091273766	77
Porites_evermani_scaffold_1190	10793	15713	gene-Peve_00003197	12.55335986	14
Porites_evermani_scaffold_1190	20396	29942	gene-Peve_00003201	0.3472222222	72
Porites_evermani_scaffold_1190	30902	31485	gene-Peve_00003202	.	0
Porites_evermani_scaffold_1190	35823	36406	gene-Peve_00003203	.	0
Porites_evermani_scaffold_1190	55848	56504	gene-Peve_00003194	.	0
Porites_evermani_scaffold_1190	66843	70319	gene-Peve_00003193	1.825757575	40
Porites_evermani_scaffold_1190	72587	79748	gene-Peve_00003195	4.174762083	48
Porites_evermani_scaffold_1190	98533	99087	gene-Peve_00003196	0	2
Porites_evermani_scaffold_1190	104333	104883	gene-Peve_00003198	0	16
Porites_evermani_scaffold_1190	115567	116264	gene-Peve_00003199	0	1
Porites_evermani_scaffold_1190	116981	121823	gene-Peve_00003200	9.084135514	109
Porites_evermani_scaffold_1191	232	2563	gene-Peve_00003204	.	0
Porites_evermani_scaffold_1191	5942	13358	gene-Peve_00003215	.	0
Porites_evermani_scaffold_1191	9029	20767	gene-Peve_00003216	.	0
Porites_evermani_scaffold_1191	21599	27684	gene-Peve_00003217	0	19
Porites_evermani_scaffold_1191	30513	56764	gene-Peve_00003218	0.2572291515	99
Porites_evermani_scaffold_1191	58950	70283	gene-Peve_00003205	0.3902372077	130
Porites_evermani_scaffold_1191	71203	77662	gene-Peve_00003206	0.1131444286	154
Porites_evermani_scaffold_1191	77738	88170	gene-Peve_00003207	0.2748384138	203
Porites_evermani_scaffold_1191	92035	99044	gene-Peve_00003208	0.8115061562	192
Porites_evermani_scaffold_1191	99632	105772	gene-Peve_00003209	31.79282648	60
Porites_evermani_scaffold_1191	105938	108248	gene-Peve_00003210	58.18596653	38
Porites_evermani_scaffold_1191	109327	110771	gene-Peve_00003211	0	60
Porites_evermani_scaffold_1191	120047	121589	gene-Peve_00003212	0.301289907	43
Porites_evermani_scaffold_1191	128272	129756	gene-Peve_00003213	0.3846153846	26
Porites_evermani_scaffold_1191	130961	143317	gene-Peve_00003214	18.97211115	124
Porites_evermani_scaffold_1192	8291	12980	gene-Peve_00003222	0.3271581333	120
Porites_evermani_scaffold_1192	14872	29865	gene-Peve_00003219	4.733892414	227
Porites_evermani_scaffold_1192	43833	46450	gene-Peve_00003223	0.2020202121	33
Porites_evermani_scaffold_1192	54706	57316	gene-Peve_00003225	1.248123977	44
Porites_evermani_scaffold_1192	59733	85469	gene-Peve_00003224	55.5780512	149
Porites_evermani_scaffold_1192	74431	75070	gene-Peve_00003226	51.115152	24
Porites_evermani_scaffold_1192	121898	125556	gene-Peve_00003220	41.44319132	19
Porites_evermani_scaffold_1192	133474	142759	gene-Peve_00003221	0	44
Porites_evermani_scaffold_1193	211	12927	gene-Peve_00003227	12.53787879	24
Porites_evermani_scaffold_1193	17305	22222	gene-Peve_00003233	22.54078186	65
Porites_evermani_scaffold_1193	45100	47035	gene-Peve_00003234	0	2
Porites_evermani_scaffold_1193	61099	84748	gene-Peve_00003228	0.09009009009	111
Porites_evermani_scaffold_1193	98529	101528	gene-Peve_00003229	12.96182275	4
Porites_evermani_scaffold_1193	108654	111099	gene-Peve_00003230	4.848484833	6
Porites_evermani_scaffold_1193	111595	114075	gene-Peve_00003231	2.564102667	6
Porites_evermani_scaffold_1193	121140	144717	gene-Peve_00003232	5.620522404	146
Porites_evermani_scaffold_1194	72	8857	gene-Peve_00003236	1.172717685	184
Porites_evermani_scaffold_1194	22043	30276	gene-Peve_00003246	32.80366692	50
Porites_evermani_scaffold_1194	32228	35423	gene-Peve_00003237	0.2	20
Porites_evermani_scaffold_1194	36454	56371	gene-Peve_00003238	11.83691937	102
Porites_evermani_scaffold_1194	55175	62643	gene-Peve_00003239	1.554252194	31
Porites_evermani_scaffold_1194	65606	76154	gene-Peve_00003240	71.67732752	79
Porites_evermani_scaffold_1194	76616	88950	gene-Peve_00003241	65.48710645	49
Porites_evermani_scaffold_1194	90149	95169	gene-Peve_00003242	78.62157196	27
Porites_evermani_scaffold_1194	98959	102925	gene-Peve_00003243	49.53475764	61
Porites_evermani_scaffold_1194	103851	104337	gene-Peve_00003244	0.591716	13
Porites_evermani_scaffold_1195	1123	1672	gene-Peve_00003247	0.2272727273	22
Porites_evermani_scaffold_1195	6368	6833	gene-Peve_00003255	0	17
Porites_evermani_scaffold_1195	35353	35632	gene-Peve_00003258	0.4120879231	13
Porites_evermani_scaffold_1195	38672	39746	gene-Peve_00003259	0.4631656471	34
Porites_evermani_scaffold_1195	45760	69884	gene-Peve_00003248	2.022905155	699
Porites_evermani_scaffold_1195	60485	61301	gene-Peve_00003249	4.906043758	33
Porites_evermani_scaffold_1195	80111	81119	gene-Peve_00003250	16.666667	1
Porites_evermani_scaffold_1195	91357	100821	gene-Peve_00003251	93.2864851	101
Porites_evermani_scaffold_1195	102565	104125	gene-Peve_00003252	17.27307639	31
Porites_evermani_scaffold_1195	107266	108205	gene-Peve_00003253	0.5011655227	44
Porites_evermani_scaffold_1195	125184	129348	gene-Peve_00003254	32.84310758	88
Porites_evermani_scaffold_1195	133106	134146	gene-Peve_00003256	0	2
Porites_evermani_scaffold_1195	134299	145270	gene-Peve_00003257	80.4951776	106
Porites_evermani_scaffold_1196	2970	7518	gene-Peve_00003260	0.05869310084	119
Porites_evermani_scaffold_1196	12171	15249	gene-Peve_00003269	0.3903676316	95
Porites_evermani_scaffold_1196	20341	24570	gene-Peve_00003261	0.6017318679	106
Porites_evermani_scaffold_1196	33814	52243	gene-Peve_00003262	0.641169076	513
Porites_evermani_scaffold_1196	98591	100335	gene-Peve_00003266	.	0
Porites_evermani_scaffold_1196	105299	106507	gene-Peve_00003267	.	0
Porites_evermani_scaffold_1196	115805	144520	gene-Peve_00003268	0.5150375938	160
Porites_evermani_scaffold_1197	7876	9121	gene-Peve_00003276	0.7917647843	51
Porites_evermani_scaffold_1197	16765	19657	gene-Peve_00003278	0	22
Porites_evermani_scaffold_1197	59756	60689	gene-Peve_00003270	.	0
Porites_evermani_scaffold_1197	65372	84206	gene-Peve_00003271	4.528484109	137
Porites_evermani_scaffold_1197	91158	108905	gene-Peve_00003272	0.4121628205	234
Porites_evermani_scaffold_1197	114075	115497	gene-Peve_00003274	0.07112376316	38
Porites_evermani_scaffold_1197	117600	140284	gene-Peve_00003273	6.516095542	271
Porites_evermani_scaffold_1197	136028	136763	gene-Peve_00003275	0.7195185714	28
Porites_evermani_scaffold_1197	143504	144749	gene-Peve_00003277	.	0
Porites_evermani_scaffold_1198	2	5033	gene-Peve_00003280	50	2
Porites_evermani_scaffold_1198	10477	12603	gene-Peve_00003284	31.50100143	21
Porites_evermani_scaffold_1198	13057	39704	gene-Peve_00003285	34.81169809	325
Porites_evermani_scaffold_1198	133462	144727	gene-Peve_00003282	89.62296035	20
Porites_evermani_scaffold_1199	20788	23065	gene-Peve_00003291	48.75	8
Porites_evermani_scaffold_1199	43507	44635	gene-Peve_00003293	.	0
Porites_evermani_scaffold_1199	46986	48120	gene-Peve_00003294	1.8181818	5
Porites_evermani_scaffold_1199	59555	61581	gene-Peve_00003295	9.77272725	4
Porites_evermani_scaffold_1199	86164	109702	gene-Peve_00003287	0.4655010968	155
Porites_evermani_scaffold_1199	89706	93821	gene-Peve_00003288	.	0
Porites_evermani_scaffold_1199	104386	105386	gene-Peve_00003289	.	0
Porites_evermani_scaffold_1199	106953	107758	gene-Peve_00003290	.	0
Porites_evermani_scaffold_1199	131700	139454	gene-Peve_00003292	0	2
Porites_evermani_scaffold_12	141	1602	gene-Peve_00003356	.	0
Porites_evermani_scaffold_12	5337	9309	gene-Peve_00003378	1.177072014	145
Porites_evermani_scaffold_12	24863	25189	gene-Peve_00003336	1.006853526	19
Porites_evermani_scaffold_12	27197	34765	gene-Peve_00003345	0.5374396304	46
Porites_evermani_scaffold_12	35300	36830	gene-Peve_00003374	2.401223667	12
Porites_evermani_scaffold_12	38009	40566	gene-Peve_00003376	21.21848733	9
Porites_evermani_scaffold_12	41232	45672	gene-Peve_00003377	3.459252292	65
Porites_evermani_scaffold_12	110413	110872	gene-Peve_00003380	.	0
Porites_evermani_scaffold_12	124974	125478	gene-Peve_00003381	0	9
Porites_evermani_scaffold_12	133851	134223	gene-Peve_00003383	10.55454288	16
Porites_evermani_scaffold_12	134241	135393	gene-Peve_00003385	8.048231706	34
Porites_evermani_scaffold_12	151522	152517	gene-Peve_00003386	.	0
Porites_evermani_scaffold_12	204035	207304	gene-Peve_00003297	0.4550137344	64
Porites_evermani_scaffold_12	211937	216024	gene-Peve_00003298	64.14115204	54
Porites_evermani_scaffold_12	216253	224952	gene-Peve_00003299	61.33200166	126
Porites_evermani_scaffold_12	229553	233084	gene-Peve_00003300	67.98425166	44
Porites_evermani_scaffold_12	236425	265918	gene-Peve_00003302	9.458576287	686
Porites_evermani_scaffold_12	266263	268412	gene-Peve_00003301	0.2139406522	69
Porites_evermani_scaffold_12	275842	288667	gene-Peve_00003305	0.6117506719	384
Porites_evermani_scaffold_12	288660	295106	gene-Peve_00003303	0.3686515936	187
Porites_evermani_scaffold_12	298065	331570	gene-Peve_00003304	0.4488188064	966
Porites_evermani_scaffold_12	339993	348714	gene-Peve_00003306	0.2978617277	202
Porites_evermani_scaffold_12	349625	360887	gene-Peve_00003307	0.6928103636	319
Porites_evermani_scaffold_12	370011	378603	gene-Peve_00003308	0.585190995	201
Porites_evermani_scaffold_12	382279	413383	gene-Peve_00003309	46.66641278	539
Porites_evermani_scaffold_12	418994	419888	gene-Peve_00003310	7.755102048	21
Porites_evermani_scaffold_12	419952	443172	gene-Peve_00003311	24.3068273	482
Porites_evermani_scaffold_12	459719	478387	gene-Peve_00003312	56.87258245	274
Porites_evermani_scaffold_12	481996	482822	gene-Peve_00003313	0.6428571429	14
Porites_evermani_scaffold_12	483136	491658	gene-Peve_00003314	56.34281477	131
Porites_evermani_scaffold_12	494889	496827	gene-Peve_00003315	0.8068783111	45
Porites_evermani_scaffold_12	499271	500359	gene-Peve_00003316	1.865814682	22
Porites_evermani_scaffold_12	508529	510764	gene-Peve_00003317	0.1096491184	76
Porites_evermani_scaffold_12	513148	519003	gene-Peve_00003318	0.4680757134	157
Porites_evermani_scaffold_12	523918	543673	gene-Peve_00003319	11.2400773	488
Porites_evermani_scaffold_12	580409	581393	gene-Peve_00003322	0.4948680323	31
Porites_evermani_scaffold_12	596856	597840	gene-Peve_00003323	0.1672240769	26
Porites_evermani_scaffold_12	627409	628393	gene-Peve_00003325	0	31
Porites_evermani_scaffold_12	638861	643704	gene-Peve_00003327	0.1619124699	83
Porites_evermani_scaffold_12	643975	644946	gene-Peve_00003328	10.90047062	45
Porites_evermani_scaffold_12	647437	653799	gene-Peve_00003329	4.149884577	111
Porites_evermani_scaffold_12	657142	671785	gene-Peve_00003330	77.59672017	196
Porites_evermani_scaffold_12	671837	675816	gene-Peve_00003331	56.88915665	62
Porites_evermani_scaffold_12	678755	683488	gene-Peve_00003332	15.00012422	82
Porites_evermani_scaffold_12	692704	700437	gene-Peve_00003333	0.916386212	250
Porites_evermani_scaffold_12	709672	710707	gene-Peve_00003334	0	23
Porites_evermani_scaffold_12	713993	714495	gene-Peve_00003335	.	0
Porites_evermani_scaffold_12	716757	725414	gene-Peve_00003337	0.6150486109	257
Porites_evermani_scaffold_12	733052	737145	gene-Peve_00003338	70.77396458	64
Porites_evermani_scaffold_12	741294	744048	gene-Peve_00003339	77.46492919	27
Porites_evermani_scaffold_12	746317	752413	gene-Peve_00003340	59.9952333	57
Porites_evermani_scaffold_12	753942	796938	gene-Peve_00003341	14.4221791	1003
Porites_evermani_scaffold_12	790825	791993	gene-Peve_00003342	86.69913417	6
Porites_evermani_scaffold_12	797288	818843	gene-Peve_00003343	11.48427929	523
Porites_evermani_scaffold_12	801387	805097	gene-Peve_00003344	0.3623636064	94
Porites_evermani_scaffold_12	831636	832563	gene-Peve_00003346	0.1547987632	38
Porites_evermani_scaffold_12	836652	837579	gene-Peve_00003347	1	20
Porites_evermani_scaffold_12	841304	842288	gene-Peve_00003349	0.2551020357	28
Porites_evermani_scaffold_12	846116	846585	gene-Peve_00003350	0	2
Porites_evermani_scaffold_12	851312	852554	gene-Peve_00003351	30.0549104	25
Porites_evermani_scaffold_12	853476	862071	gene-Peve_00003352	0.9576526545	246
Porites_evermani_scaffold_12	863476	877828	gene-Peve_00003353	0.4578629181	452
Porites_evermani_scaffold_12	879328	899638	gene-Peve_00003354	30.50367402	405
Porites_evermani_scaffold_12	891744	892954	gene-Peve_00003355	90.344813	12
Porites_evermani_scaffold_12	904290	925940	gene-Peve_00003357	47.53483229	539
Porites_evermani_scaffold_12	938912	948014	gene-Peve_00003358	30.6419547	119
Porites_evermani_scaffold_12	965812	986965	gene-Peve_00003359	25.77993912	363
Porites_evermani_scaffold_12	1001088	1004659	gene-Peve_00003361	0.2056537232	112
Porites_evermani_scaffold_12	1008149	1013488	gene-Peve_00003362	0.3843261265	166
Porites_evermani_scaffold_12	1021343	1029636	gene-Peve_00003363	0.7016952651	215
Porites_evermani_scaffold_12	1032855	1034139	gene-Peve_00003364	0.2873563103	58
Porites_evermani_scaffold_12	1036543	1042238	gene-Peve_00003365	52.13976873	80
Porites_evermani_scaffold_12	1042470	1115564	gene-Peve_00003366	18.76254618	661
Porites_evermani_scaffold_12	1051545	1053500	gene-Peve_00003368	93.1658342	10
Porites_evermani_scaffold_12	1053621	1055157	gene-Peve_00003369	94.16666675	8
Porites_evermani_scaffold_12	1082624	1083432	gene-Peve_00003371	0	2
Porites_evermani_scaffold_12	1118804	1119365	gene-Peve_00003372	.	0
Porites_evermani_scaffold_12	1125711	1127026	gene-Peve_00003373	0	4
Porites_evermani_scaffold_12	1131797	1132814	gene-Peve_00003375	0	1
Porites_evermani_scaffold_120	7453	9608	gene-Peve_00003391	.	0
Porites_evermani_scaffold_120	12742	33522	gene-Peve_00003388	0.9313725441	68
Porites_evermani_scaffold_120	48580	73116	gene-Peve_00003389	1.373851936	389
Porites_evermani_scaffold_120	99782	118504	gene-Peve_00003390	0.3145307895	247
Porites_evermani_scaffold_120	122543	140300	gene-Peve_00003392	12.61810238	192
Porites_evermani_scaffold_120	142812	148604	gene-Peve_00003393	81.43548508	63
Porites_evermani_scaffold_120	151137	153762	gene-Peve_00003394	88.38097372	32
Porites_evermani_scaffold_120	161339	162503	gene-Peve_00003395	0	21
Porites_evermani_scaffold_120	168786	169698	gene-Peve_00003396	.	0
Porites_evermani_scaffold_120	174636	182452	gene-Peve_00003397	0	23
Porites_evermani_scaffold_120	186098	191735	gene-Peve_00003398	0	12
Porites_evermani_scaffold_120	263019	264345	gene-Peve_00003399	.	0
Porites_evermani_scaffold_120	269341	285194	gene-Peve_00003400	2.289315126	246
Porites_evermani_scaffold_120	290793	296699	gene-Peve_00003401	2.450690308	26
Porites_evermani_scaffold_120	303384	320657	gene-Peve_00003402	7.099190492	63
Porites_evermani_scaffold_120	321796	357957	gene-Peve_00003403	0.4096745097	673
Porites_evermani_scaffold_120	366543	376859	gene-Peve_00003404	61.27013422	45
Porites_evermani_scaffold_120	387283	391075	gene-Peve_00003405	0	12
Porites_evermani_scaffold_120	395997	397245	gene-Peve_00003406	.	0
Porites_evermani_scaffold_120	427787	429197	gene-Peve_00003407	.	0
Porites_evermani_scaffold_120	442946	443447	gene-Peve_00003408	.	0
Porites_evermani_scaffold_120	443619	444201	gene-Peve_00003409	0.8264462727	22
Porites_evermani_scaffold_120	444869	445751	gene-Peve_00003410	2.0587834	30
Porites_evermani_scaffold_120	446698	450554	gene-Peve_00003411	0.161903814	43
Porites_evermani_scaffold_1200	3436	6883	gene-Peve_00003412	88.51512329	21
Porites_evermani_scaffold_1200	13574	13961	gene-Peve_00003417	0	2
Porites_evermani_scaffold_1200	25188	63425	gene-Peve_00003413	2.88952308	225
Porites_evermani_scaffold_1200	40528	45779	gene-Peve_00003415	92.5	4
Porites_evermani_scaffold_1200	41987	44550	gene-Peve_00003416	.	0
Porites_evermani_scaffold_1200	70816	71272	gene-Peve_00003418	.	0
Porites_evermani_scaffold_1200	79522	79900	gene-Peve_00003419	.	0
Porites_evermani_scaffold_1200	92044	92497	gene-Peve_00003420	.	0
Porites_evermani_scaffold_1200	97093	132170	gene-Peve_00003421	3.24345365	446
Porites_evermani_scaffold_1201	5380	6939	gene-Peve_00003424	0	24
Porites_evermani_scaffold_1201	13892	24503	gene-Peve_00003430	2.823541229	231
Porites_evermani_scaffold_1201	32526	34892	gene-Peve_00003431	0	6
Porites_evermani_scaffold_1201	47358	49653	gene-Peve_00003422	0.7797202833	60
Porites_evermani_scaffold_1201	53320	54046	gene-Peve_00003423	1.543859667	24
Porites_evermani_scaffold_1201	60259	62859	gene-Peve_00003425	0	29
Porites_evermani_scaffold_1201	97324	99030	gene-Peve_00003427	0	7
Porites_evermani_scaffold_1201	116683	117676	gene-Peve_00003428	.	0
Porites_evermani_scaffold_1201	127363	128668	gene-Peve_00003429	.	0
Porites_evermani_scaffold_1202	256	646	gene-Peve_00003437	0.5263158	10
Porites_evermani_scaffold_1202	9663	16850	gene-Peve_00003438	19.19680446	76
Porites_evermani_scaffold_1202	20715	87245	gene-Peve_00003439	8.420682796	1188
Porites_evermani_scaffold_1202	51054	51663	gene-Peve_00003432	.	0
Porites_evermani_scaffold_1202	74020	74798	gene-Peve_00003433	2.0238095	14
Porites_evermani_scaffold_1202	93397	108699	gene-Peve_00003434	0.5379853624	287
Porites_evermani_scaffold_1202	121731	139612	gene-Peve_00003435	6.771825085	94
Porites_evermani_scaffold_1202	142718	143478	gene-Peve_00003436	.	0
Porites_evermani_scaffold_1203	73854	75083	gene-Peve_00003441	1.092023913	23
Porites_evermani_scaffold_1203	77051	79183	gene-Peve_00003442	0.6802322143	42
Porites_evermani_scaffold_1203	77726	78089	gene-Peve_00003443	0	2
Porites_evermani_scaffold_1203	83824	85140	gene-Peve_00003440	3.638563762	21
Porites_evermani_scaffold_1204	926	5275	gene-Peve_00003444	0.3842077297	37
Porites_evermani_scaffold_1204	23051	25751	gene-Peve_00003445	1.015712667	27
Porites_evermani_scaffold_1204	31749	35219	gene-Peve_00003456	0	23
Porites_evermani_scaffold_1204	36725	37730	gene-Peve_00003457	0.2100840294	34
Porites_evermani_scaffold_1204	41496	41820	gene-Peve_00003458	0	5
Porites_evermani_scaffold_1204	48593	51579	gene-Peve_00003446	0.4838709677	62
Porites_evermani_scaffold_1204	56404	57328	gene-Peve_00003447	0.42222224	25
Porites_evermani_scaffold_1204	63707	64370	gene-Peve_00003448	0.23809525	20
Porites_evermani_scaffold_1204	65561	65965	gene-Peve_00003449	0	1
Porites_evermani_scaffold_1204	77027	78329	gene-Peve_00003450	0.4982945283	53
Porites_evermani_scaffold_1204	79484	90052	gene-Peve_00003451	23.1427026	156
Porites_evermani_scaffold_1204	91078	92631	gene-Peve_00003452	1.222026102	49
Porites_evermani_scaffold_1204	117023	117902	gene-Peve_00003454	0	13
Porites_evermani_scaffold_1204	127837	144595	gene-Peve_00003455	0.5707946747	83
Porites_evermani_scaffold_1205	2196	15542	gene-Peve_00003459	34.8484845	2
Porites_evermani_scaffold_1205	28890	53410	gene-Peve_00003467	14.93983811	501
Porites_evermani_scaffold_1205	67053	78167	gene-Peve_00003460	2.333717562	130
Porites_evermani_scaffold_1205	69415	70167	gene-Peve_00003461	.	0
Porites_evermani_scaffold_1205	84495	92742	gene-Peve_00003462	16.57024695	128
Porites_evermani_scaffold_1205	94027	97820	gene-Peve_00003463	0.09615385	80
Porites_evermani_scaffold_1205	104501	108698	gene-Peve_00003464	0.1964037286	140
Porites_evermani_scaffold_1205	125308	126162	gene-Peve_00003465	0	5
Porites_evermani_scaffold_1205	129907	143866	gene-Peve_00003466	30.16686059	190
Porites_evermani_scaffold_1206	10354	21156	gene-Peve_00003475	1.075836601	148
Porites_evermani_scaffold_1206	25375	25792	gene-Peve_00003480	0	1
Porites_evermani_scaffold_1206	36157	44348	gene-Peve_00003481	19.08795819	112
Porites_evermani_scaffold_1206	50796	52242	gene-Peve_00003468	1.353077805	41
Porites_evermani_scaffold_1206	53339	55016	gene-Peve_00003469	0.4545454545	22
Porites_evermani_scaffold_1206	59338	60472	gene-Peve_00003470	0	38
Porites_evermani_scaffold_1206	64367	65459	gene-Peve_00003471	0.8997252692	26
Porites_evermani_scaffold_1206	66406	68059	gene-Peve_00003472	0	20
Porites_evermani_scaffold_1206	69645	72802	gene-Peve_00003473	1.019634144	90
Porites_evermani_scaffold_1206	77432	84957	gene-Peve_00003474	0	38
Porites_evermani_scaffold_1206	95391	97733	gene-Peve_00003476	27.4990743	10
Porites_evermani_scaffold_1206	110527	113788	gene-Peve_00003477	0	12
Porites_evermani_scaffold_1206	125463	128601	gene-Peve_00003478	1.735537182	11
Porites_evermani_scaffold_1207	2055	6818	gene-Peve_00003483	83.16113367	21
Porites_evermani_scaffold_1207	9665	14720	gene-Peve_00003482	25.35885168	19
Porites_evermani_scaffold_1207	17571	43139	gene-Peve_00003488	0.4319741209	579
Porites_evermani_scaffold_1207	43336	45722	gene-Peve_00003487	.	0
Porites_evermani_scaffold_1207	51426	51999	gene-Peve_00003495	2	5
Porites_evermani_scaffold_1207	53613	53949	gene-Peve_00003496	.	0
Porites_evermani_scaffold_1207	74501	77751	gene-Peve_00003485	0	21
Porites_evermani_scaffold_1207	77961	89745	gene-Peve_00003484	1.914495752	117
Porites_evermani_scaffold_1207	82233	84732	gene-Peve_00003486	0.2173913043	46
Porites_evermani_scaffold_1207	107606	110287	gene-Peve_00003489	0	16
Porites_evermani_scaffold_1207	113831	117019	gene-Peve_00003490	0	35
Porites_evermani_scaffold_1207	119078	123251	gene-Peve_00003491	0	2
Porites_evermani_scaffold_1207	125441	126199	gene-Peve_00003492	0	5
Porites_evermani_scaffold_1207	129601	130090	gene-Peve_00003493	1.111111111	9
Porites_evermani_scaffold_1207	132280	141219	gene-Peve_00003494	0.9459031429	189
Porites_evermani_scaffold_1208	8395	9222	gene-Peve_00003502	1.767676733	15
Porites_evermani_scaffold_1208	31841	33583	gene-Peve_00003497	0.1955352807	57
Porites_evermani_scaffold_1208	47785	49345	gene-Peve_00003498	0.7926528846	26
Porites_evermani_scaffold_1208	85134	85515	gene-Peve_00003500	0	18
Porites_evermani_scaffold_1209	2449	16299	gene-Peve_00003510	0.629442014	285
Porites_evermani_scaffold_1209	8551	10876	gene-Peve_00003522	0.6215971034	58
Porites_evermani_scaffold_1209	13912	14596	gene-Peve_00003511	.	0
Porites_evermani_scaffold_1209	22674	22992	gene-Peve_00003512	0	7
Porites_evermani_scaffold_1209	25836	44783	gene-Peve_00003513	3.783133483	259
Porites_evermani_scaffold_1209	40340	42128	gene-Peve_00003516	14.10355914	51
Porites_evermani_scaffold_1209	48987	49368	gene-Peve_00003517	.	0
Porites_evermani_scaffold_1209	54970	56402	gene-Peve_00003519	0	13
Porites_evermani_scaffold_1209	81121	81565	gene-Peve_00003520	0	2
Porites_evermani_scaffold_1209	82273	84493	gene-Peve_00003521	0.1612903226	31
Porites_evermani_scaffold_1209	90256	92147	gene-Peve_00003506	0.396825381	21
Porites_evermani_scaffold_1209	94476	96063	gene-Peve_00003507	2.579212163	49
Porites_evermani_scaffold_1209	98170	102959	gene-Peve_00003505	0.2597402571	35
Porites_evermani_scaffold_1209	112034	114260	gene-Peve_00003504	6.588827857	28
Porites_evermani_scaffold_1209	119435	144626	gene-Peve_00003509	1.934104252	377
Porites_evermani_scaffold_121	7106	16776	gene-Peve_00003533	1.412584344	227
Porites_evermani_scaffold_121	19705	39848	gene-Peve_00003523	0.368387892	398
Porites_evermani_scaffold_121	60806	67835	gene-Peve_00003528	1.468037833	54
Porites_evermani_scaffold_121	83620	104148	gene-Peve_00003529	0.5926137403	489
Porites_evermani_scaffold_121	105274	117064	gene-Peve_00003530	25.81867807	173
Porites_evermani_scaffold_121	118783	121871	gene-Peve_00003531	0.5905696228	114
Porites_evermani_scaffold_121	131893	133015	gene-Peve_00003532	0.4166666667	24
Porites_evermani_scaffold_121	137342	153763	gene-Peve_00003534	21.86116133	248
Porites_evermani_scaffold_121	154162	156934	gene-Peve_00003535	49.84096006	47
Porites_evermani_scaffold_121	162949	171608	gene-Peve_00003536	55.40293021	91
Porites_evermani_scaffold_121	171797	193958	gene-Peve_00003537	30.60512641	293
Porites_evermani_scaffold_121	203282	204539	gene-Peve_00003538	0	19
Porites_evermani_scaffold_121	205425	206673	gene-Peve_00003539	0.1086956522	46
Porites_evermani_scaffold_121	208661	212154	gene-Peve_00003540	42.41373145	47
Porites_evermani_scaffold_121	212898	216503	gene-Peve_00003541	88.55833618	34
Porites_evermani_scaffold_121	219009	225844	gene-Peve_00003542	18.23167396	138
Porites_evermani_scaffold_121	227028	236149	gene-Peve_00003543	16.16480484	147
Porites_evermani_scaffold_121	238177	270242	gene-Peve_00003544	19.96092179	484
Porites_evermani_scaffold_121	271684	298652	gene-Peve_00003545	0.6981524355	705
Porites_evermani_scaffold_121	298454	326921	gene-Peve_00003546	0.8320041273	746
Porites_evermani_scaffold_121	343548	350490	gene-Peve_00003547	43.99774768	148
Porites_evermani_scaffold_121	352896	360931	gene-Peve_00003548	81.04761884	82
Porites_evermani_scaffold_121	365954	386485	gene-Peve_00003549	22.01908578	355
Porites_evermani_scaffold_121	400416	418257	gene-Peve_00003550	0.7749011592	515
Porites_evermani_scaffold_121	419954	434668	gene-Peve_00003524	37.95284302	225
Porites_evermani_scaffold_121	435774	457406	gene-Peve_00003525	14.34452729	407
Porites_evermani_scaffold_121	461476	461829	gene-Peve_00003526	0	10
Porites_evermani_scaffold_121	462978	468397	gene-Peve_00003527	0.4905473913	138
Porites_evermani_scaffold_1210	1038	7005	gene-Peve_00003551	83.9913887	50
Porites_evermani_scaffold_1210	18277	21596	gene-Peve_00003563	7.692308	1
Porites_evermani_scaffold_1210	25329	30817	gene-Peve_00003552	2.403846154	78
Porites_evermani_scaffold_1210	30896	41636	gene-Peve_00003553	68.07772587	116
Porites_evermani_scaffold_1210	46016	47324	gene-Peve_00003554	0.42385375	60
Porites_evermani_scaffold_1210	58248	79986	gene-Peve_00003555	3.079992284	626
Porites_evermani_scaffold_1210	80116	89452	gene-Peve_00003556	46.90346784	148
Porites_evermani_scaffold_1210	89602	94039	gene-Peve_00003557	24.47701084	81
Porites_evermani_scaffold_1210	97617	100753	gene-Peve_00003558	.	0
Porites_evermani_scaffold_1210	104503	111536	gene-Peve_00003559	0.1210653729	59
Porites_evermani_scaffold_1210	117499	128180	gene-Peve_00003560	0.2263898245	302
Porites_evermani_scaffold_1210	128529	133900	gene-Peve_00003561	0.7018017879	165
Porites_evermani_scaffold_1210	142585	144907	gene-Peve_00003562	0.1998001948	77
Porites_evermani_scaffold_1211	8157	13017	gene-Peve_00003565	.	0
Porites_evermani_scaffold_1211	38165	39041	gene-Peve_00003564	65.05128678	9
Porites_evermani_scaffold_1211	44039	64270	gene-Peve_00003566	27.03700527	337
Porites_evermani_scaffold_1211	68965	70015	gene-Peve_00003567	0	19
Porites_evermani_scaffold_1211	115686	116166	gene-Peve_00003568	.	0
Porites_evermani_scaffold_1211	135245	144859	gene-Peve_00003570	4.792355446	242
Porites_evermani_scaffold_1212	8930	11476	gene-Peve_00003580	0.119047625	40
Porites_evermani_scaffold_1212	15069	16167	gene-Peve_00003581	.	0
Porites_evermani_scaffold_1212	28166	50761	gene-Peve_00003582	15.24216025	199
Porites_evermani_scaffold_1212	50787	71698	gene-Peve_00003572	20.93515439	327
Porites_evermani_scaffold_1212	72624	90045	gene-Peve_00003573	62.32209624	90
Porites_evermani_scaffold_1212	91167	92769	gene-Peve_00003574	37.9405779	21
Porites_evermani_scaffold_1212	92979	94455	gene-Peve_00003575	20.89295319	26
Porites_evermani_scaffold_1212	99987	102310	gene-Peve_00003576	47.76377215	34
Porites_evermani_scaffold_1212	137138	141324	gene-Peve_00003578	0.4972515797	69
Porites_evermani_scaffold_1212	141603	142872	gene-Peve_00003579	0	2
Porites_evermani_scaffold_1213	1733	6096	gene-Peve_00003583	0	16
Porites_evermani_scaffold_1213	8141	57637	gene-Peve_00003585	12.77665562	334
Porites_evermani_scaffold_1213	60237	121032	gene-Peve_00003586	31.19599686	125
Porites_evermani_scaffold_1213	81347	82116	gene-Peve_00003587	28.18604817	35
Porites_evermani_scaffold_1213	121156	124307	gene-Peve_00003584	0.8333333333	12
Porites_evermani_scaffold_1214	26303	26895	gene-Peve_00003596	0	3
Porites_evermani_scaffold_1214	30130	31141	gene-Peve_00003597	.	0
Porites_evermani_scaffold_1214	50611	54173	gene-Peve_00003588	0	4
Porites_evermani_scaffold_1214	58515	59706	gene-Peve_00003590	0	25
Porites_evermani_scaffold_1214	65274	71352	gene-Peve_00003591	1.536465331	169
Porites_evermani_scaffold_1214	87763	95319	gene-Peve_00003592	0.158876505	200
Porites_evermani_scaffold_1214	101406	102576	gene-Peve_00003594	1.902593035	57
Porites_evermani_scaffold_1214	109287	126953	gene-Peve_00003595	16.75609505	392
Porites_evermani_scaffold_1215	15	18505	gene-Peve_00003598	14.3743435	103
Porites_evermani_scaffold_1215	30399	54861	gene-Peve_00003605	0.5293894466	356
Porites_evermani_scaffold_1215	63001	82009	gene-Peve_00003599	2.905975081	124
Porites_evermani_scaffold_1215	73698	75387	gene-Peve_00003600	27.909091	10
Porites_evermani_scaffold_1215	93963	107828	gene-Peve_00003601	.	0
Porites_evermani_scaffold_1215	112361	124081	gene-Peve_00003603	0.1590643333	75
Porites_evermani_scaffold_1215	132243	144110	gene-Peve_00003604	1.479022563	391
Porites_evermani_scaffold_1216	4362	7990	gene-Peve_00003606	0	5
Porites_evermani_scaffold_1216	12027	49223	gene-Peve_00003613	1.633105723	184
Porites_evermani_scaffold_1216	73932	91519	gene-Peve_00003608	1.395535497	145
Porites_evermani_scaffold_1216	79138	79520	gene-Peve_00003609	18.717949	2
Porites_evermani_scaffold_1216	107507	126585	gene-Peve_00003610	0.4192067111	488
Porites_evermani_scaffold_1216	134843	137814	gene-Peve_00003611	54.20634922	9
Porites_evermani_scaffold_1216	141613	143086	gene-Peve_00003612	0	2
Porites_evermani_scaffold_1217	6687	11381	gene-Peve_00003614	0.174019956	159
Porites_evermani_scaffold_1217	22562	27286	gene-Peve_00003624	0.294868908	87
Porites_evermani_scaffold_1217	35675	48169	gene-Peve_00003625	4.840346481	131
Porites_evermani_scaffold_1217	50446	50758	gene-Peve_00003626	0	12
Porites_evermani_scaffold_1217	57370	57781	gene-Peve_00003627	0	1
Porites_evermani_scaffold_1217	61197	61782	gene-Peve_00003615	.	0
Porites_evermani_scaffold_1217	73084	74889	gene-Peve_00003616	0	26
Porites_evermani_scaffold_1217	80037	80880	gene-Peve_00003617	0.127713931	29
Porites_evermani_scaffold_1217	85286	110509	gene-Peve_00003618	30.24944786	80
Porites_evermani_scaffold_1217	115658	118202	gene-Peve_00003619	95.30303033	6
Porites_evermani_scaffold_1217	119608	121880	gene-Peve_00003620	0.1814882069	29
Porites_evermani_scaffold_1217	130739	137613	gene-Peve_00003621	45.45084988	43
Porites_evermani_scaffold_1217	141734	142433	gene-Peve_00003622	1.047623917	48
Porites_evermani_scaffold_1217	142530	144631	gene-Peve_00003623	57.45754909	32
Porites_evermani_scaffold_1218	10237	12469	gene-Peve_00003628	1.923077	4
Porites_evermani_scaffold_1218	12489	38143	gene-Peve_00003629	1.901580994	161
Porites_evermani_scaffold_1218	50357	51224	gene-Peve_00003637	1.939393933	15
Porites_evermani_scaffold_1218	62535	63734	gene-Peve_00003638	0.69696968	25
Porites_evermani_scaffold_1218	69883	72551	gene-Peve_00003630	27.8142876	20
Porites_evermani_scaffold_1218	86170	93483	gene-Peve_00003631	1.60708875	80
Porites_evermani_scaffold_1218	92128	92798	gene-Peve_00003632	.	0
Porites_evermani_scaffold_1218	101967	122714	gene-Peve_00003634	0.3068783167	120
Porites_evermani_scaffold_1218	102346	102739	gene-Peve_00003635	0	8
Porites_evermani_scaffold_1218	132643	138468	gene-Peve_00003636	0.4078764122	148
Porites_evermani_scaffold_1219	2691	3531	gene-Peve_00003639	0.5555555556	27
Porites_evermani_scaffold_1219	86467	87520	gene-Peve_00003640	.	0
Porites_evermani_scaffold_1219	90379	91432	gene-Peve_00003641	.	0
Porites_evermani_scaffold_1219	93559	94615	gene-Peve_00003642	.	0
Porites_evermani_scaffold_1219	98070	102603	gene-Peve_00003643	0	16
Porites_evermani_scaffold_1219	113621	114266	gene-Peve_00003644	.	0
Porites_evermani_scaffold_1219	136683	137429	gene-Peve_00003645	0	21
Porites_evermani_scaffold_1219	139593	141710	gene-Peve_00003646	0.7936507778	27
Porites_evermani_scaffold_122	1556	2357	gene-Peve_00003647	0	8
Porites_evermani_scaffold_122	13163	17195	gene-Peve_00003664	0	14
Porites_evermani_scaffold_122	22252	23206	gene-Peve_00003667	0	3
Porites_evermani_scaffold_122	29136	31093	gene-Peve_00003670	0.4385964737	19
Porites_evermani_scaffold_122	36048	36549	gene-Peve_00003677	.	0
Porites_evermani_scaffold_122	41144	42437	gene-Peve_00003651	15.79721813	39
Porites_evermani_scaffold_122	43177	44378	gene-Peve_00003656	19.25410943	53
Porites_evermani_scaffold_122	48033	48561	gene-Peve_00003657	0	5
Porites_evermani_scaffold_122	57528	58329	gene-Peve_00003658	1.161616133	15
Porites_evermani_scaffold_122	95173	95654	gene-Peve_00003661	0	6
Porites_evermani_scaffold_122	101253	105100	gene-Peve_00003662	.	0
Porites_evermani_scaffold_122	123273	178557	gene-Peve_00003663	1.206190283	1249
Porites_evermani_scaffold_122	203811	204291	gene-Peve_00003665	7.5097125	12
Porites_evermani_scaffold_122	216608	219938	gene-Peve_00003666	0.4436469663	89
Porites_evermani_scaffold_122	221569	222370	gene-Peve_00003668	0	30
Porites_evermani_scaffold_122	245967	276859	gene-Peve_00003669	24.20207202	232
Porites_evermani_scaffold_122	281111	281480	gene-Peve_00003671	51.54438413	8
Porites_evermani_scaffold_122	286396	294559	gene-Peve_00003672	55.20076892	86
Porites_evermani_scaffold_122	294771	300340	gene-Peve_00003673	66.48076642	33
Porites_evermani_scaffold_122	301162	310154	gene-Peve_00003674	5.991876176	136
Porites_evermani_scaffold_122	314339	316886	gene-Peve_00003675	0.7769979352	108
Porites_evermani_scaffold_122	338082	341770	gene-Peve_00003676	0.3703703704	27
Porites_evermani_scaffold_122	349692	350466	gene-Peve_00003678	.	0
Porites_evermani_scaffold_122	388676	390582	gene-Peve_00003648	0.3015467778	36
Porites_evermani_scaffold_122	394695	396947	gene-Peve_00003649	0.2197802286	35
Porites_evermani_scaffold_122	398643	399943	gene-Peve_00003650	0.1594896364	66
Porites_evermani_scaffold_122	413429	413960	gene-Peve_00003652	0	4
Porites_evermani_scaffold_122	426742	429517	gene-Peve_00003653	1.076007375	8
Porites_evermani_scaffold_1220	497	10265	gene-Peve_00003679	87.33210512	43
Porites_evermani_scaffold_1220	11503	12135	gene-Peve_00003683	84.157977	10
Porites_evermani_scaffold_1220	15897	25746	gene-Peve_00003687	0.4846337304	230
Porites_evermani_scaffold_1220	27230	43345	gene-Peve_00003688	38.57046311	152
Porites_evermani_scaffold_1220	43397	58695	gene-Peve_00003689	82.43956301	81
Porites_evermani_scaffold_1220	61538	64768	gene-Peve_00003691	45.6873568	35
Porites_evermani_scaffold_1220	99071	104463	gene-Peve_00003680	1.741900821	173
Porites_evermani_scaffold_1220	111003	111564	gene-Peve_00003681	0	15
Porites_evermani_scaffold_1220	113289	115086	gene-Peve_00003690	93.32048162	8
Porites_evermani_scaffold_1220	119054	123334	gene-Peve_00003682	83.82750512	42
Porites_evermani_scaffold_1220	124274	124577	gene-Peve_00003684	0.3787879091	11
Porites_evermani_scaffold_1220	129339	137687	gene-Peve_00003685	0.2161226943	193
Porites_evermani_scaffold_1220	139115	143961	gene-Peve_00003686	44.47035457	56
Porites_evermani_scaffold_1221	14334	15211	gene-Peve_00003700	0.23065475	28
Porites_evermani_scaffold_1221	20714	21542	gene-Peve_00003701	0.2232142857	28
Porites_evermani_scaffold_1221	33960	34416	gene-Peve_00003702	0	10
Porites_evermani_scaffold_1221	39430	40152	gene-Peve_00003692	0	7
Porites_evermani_scaffold_1221	44847	62682	gene-Peve_00003693	1.493287149	342
Porites_evermani_scaffold_1221	64780	71064	gene-Peve_00003694	38.20202027	15
Porites_evermani_scaffold_1221	72135	91869	gene-Peve_00003695	56.61500842	84
Porites_evermani_scaffold_1221	100870	117219	gene-Peve_00003697	72.24024073	269
Porites_evermani_scaffold_1221	119461	120995	gene-Peve_00003696	98	10
Porites_evermani_scaffold_1221	127459	131215	gene-Peve_00003698	49.19943985	65
Porites_evermani_scaffold_1221	133605	144166	gene-Peve_00003699	76.93060932	148
Porites_evermani_scaffold_1222	507	18196	gene-Peve_00003703	0.4736656277	137
Porites_evermani_scaffold_1222	34779	37579	gene-Peve_00003707	100	1
Porites_evermani_scaffold_1222	43015	44409	gene-Peve_00003713	0	5
Porites_evermani_scaffold_1222	46022	47553	gene-Peve_00003710	0	4
Porites_evermani_scaffold_1222	57057	61371	gene-Peve_00003711	0.5681014519	104
Porites_evermani_scaffold_1222	63954	86908	gene-Peve_00003712	0.876132448	125
Porites_evermani_scaffold_1222	87332	89129	gene-Peve_00003704	0	25
Porites_evermani_scaffold_1222	104231	124426	gene-Peve_00003705	0.995807524	250
Porites_evermani_scaffold_1222	126065	131639	gene-Peve_00003706	1.571231773	22
Porites_evermani_scaffold_1223	1120	6245	gene-Peve_00003714	81.44784262	21
Porites_evermani_scaffold_1223	8345	11064	gene-Peve_00003719	0	1
Porites_evermani_scaffold_1223	17711	18945	gene-Peve_00003720	.	0
Porites_evermani_scaffold_1223	26325	27140	gene-Peve_00003722	0	14
Porites_evermani_scaffold_1223	89706	124965	gene-Peve_00003718	1.385753755	796
Porites_evermani_scaffold_1224	28642	65395	gene-Peve_00003723	1.1763	118
Porites_evermani_scaffold_1224	72973	73329	gene-Peve_00003726	.	0
Porites_evermani_scaffold_1224	74831	78254	gene-Peve_00003727	.	0
Porites_evermani_scaffold_1224	81396	106685	gene-Peve_00003730	0.747215326	497
Porites_evermani_scaffold_1224	115464	117847	gene-Peve_00003728	0	60
Porites_evermani_scaffold_1224	117824	143043	gene-Peve_00003729	1.383961743	567
Porites_evermani_scaffold_1224	139689	141186	gene-Peve_00003732	.	0
Porites_evermani_scaffold_1224	139844	141310	gene-Peve_00003733	.	0
Porites_evermani_scaffold_1225	298	1882	gene-Peve_00003734	0	26
Porites_evermani_scaffold_1225	25112	32201	gene-Peve_00003741	38.73583837	65
Porites_evermani_scaffold_1225	33534	42848	gene-Peve_00003742	6.4768495	24
Porites_evermani_scaffold_1225	49029	68454	gene-Peve_00003735	1.178985625	709
Porites_evermani_scaffold_1225	86710	87445	gene-Peve_00003736	.	0
Porites_evermani_scaffold_1225	99435	100124	gene-Peve_00003737	.	0
Porites_evermani_scaffold_1225	100481	101555	gene-Peve_00003738	.	0
Porites_evermani_scaffold_1225	102299	104972	gene-Peve_00003739	.	0
Porites_evermani_scaffold_1225	129114	143851	gene-Peve_00003740	0.910754	221
Porites_evermani_scaffold_1226	4158	7367	gene-Peve_00003743	0.6659499024	82
Porites_evermani_scaffold_1226	9907	24460	gene-Peve_00003747	0.542233636	261
Porites_evermani_scaffold_1226	32450	98713	gene-Peve_00003748	7.794882832	1348
Porites_evermani_scaffold_1226	102533	142670	gene-Peve_00003746	3.321707036	140
Porites_evermani_scaffold_1227	27340	27796	gene-Peve_00003750	.	0
Porites_evermani_scaffold_1227	38860	40859	gene-Peve_00003752	.	0
Porites_evermani_scaffold_1227	59786	90160	gene-Peve_00003753	9.543335364	11
Porites_evermani_scaffold_1227	101179	140165	gene-Peve_00003754	2.5	4
Porites_evermani_scaffold_1228	6937	10203	gene-Peve_00003755	0.124533	73
Porites_evermani_scaffold_1228	11560	20991	gene-Peve_00003762	0.6023232021	94
Porites_evermani_scaffold_1228	23889	25670	gene-Peve_00003763	1.388888833	6
Porites_evermani_scaffold_1228	26406	28116	gene-Peve_00003764	0.618131875	24
Porites_evermani_scaffold_1228	34719	35460	gene-Peve_00003756	2.08333325	4
Porites_evermani_scaffold_1228	37149	37977	gene-Peve_00003765	.	0
Porites_evermani_scaffold_1228	39085	45517	gene-Peve_00003757	4.327896294	109
Porites_evermani_scaffold_1228	54512	74553	gene-Peve_00003758	0.2982681095	411
Porites_evermani_scaffold_1228	95297	110175	gene-Peve_00003759	3.775759739	372
Porites_evermani_scaffold_1228	117170	135321	gene-Peve_00003760	63.87955089	226
Porites_evermani_scaffold_1228	141641	143603	gene-Peve_00003761	1.089193059	68
Porites_evermani_scaffold_1229	45063	45678	gene-Peve_00003776	0.310559	23
Porites_evermani_scaffold_1229	97382	98855	gene-Peve_00003768	0	27
Porites_evermani_scaffold_1229	107891	108269	gene-Peve_00003769	0	4
Porites_evermani_scaffold_1229	108239	109473	gene-Peve_00003770	0	23
Porites_evermani_scaffold_1229	124327	127175	gene-Peve_00003771	1.238251175	40
Porites_evermani_scaffold_1229	131190	131941	gene-Peve_00003772	2.078609238	21
Porites_evermani_scaffold_1229	133231	133386	gene-Peve_00003775	0	2
Porites_evermani_scaffold_1229	133512	134914	gene-Peve_00003774	0.78431375	16
Porites_evermani_scaffold_123	2	28197	gene-Peve_00003777	20.33964829	299
Porites_evermani_scaffold_123	29550	33228	gene-Peve_00003796	53.96023043	35
Porites_evermani_scaffold_123	44906	53696	gene-Peve_00003793	0.7918596477	88
Porites_evermani_scaffold_123	53916	83105	gene-Peve_00003794	4.037773407	329
Porites_evermani_scaffold_123	87750	89082	gene-Peve_00003797	1.406864854	41
Porites_evermani_scaffold_123	90709	121509	gene-Peve_00003798	20.84822442	365
Porites_evermani_scaffold_123	125371	126848	gene-Peve_00003799	0.2976190536	56
Porites_evermani_scaffold_123	131453	133542	gene-Peve_00003800	90.61201497	29
Porites_evermani_scaffold_123	138186	139797	gene-Peve_00003801	0.1148105672	67
Porites_evermani_scaffold_123	142486	144134	gene-Peve_00003802	0.3496398571	49
Porites_evermani_scaffold_123	148919	181649	gene-Peve_00003803	6.352178221	696
Porites_evermani_scaffold_123	149926	157559	gene-Peve_00003804	2.956878352	236
Porites_evermani_scaffold_123	162053	162363	gene-Peve_00003805	13.62262047	19
Porites_evermani_scaffold_123	189833	196022	gene-Peve_00003806	0	7
Porites_evermani_scaffold_123	222840	227908	gene-Peve_00003778	0.4416110791	215
Porites_evermani_scaffold_123	231587	233728	gene-Peve_00003779	0	16
Porites_evermani_scaffold_123	236739	250569	gene-Peve_00003780	0	74
Porites_evermani_scaffold_123	281659	325947	gene-Peve_00003781	1.223592135	513
Porites_evermani_scaffold_123	323692	324079	gene-Peve_00003782	16.8335124	15
Porites_evermani_scaffold_123	328933	345854	gene-Peve_00003783	0.6387400897	446
Porites_evermani_scaffold_123	346166	354937	gene-Peve_00003784	1.179885901	243
Porites_evermani_scaffold_123	370672	370984	gene-Peve_00003785	0.4761904667	15
Porites_evermani_scaffold_123	372320	390357	gene-Peve_00003786	0.7772496828	413
Porites_evermani_scaffold_123	398257	445417	gene-Peve_00003787	0.7893153475	967
Porites_evermani_scaffold_123	449754	450669	gene-Peve_00003790	0	20
Porites_evermani_scaffold_123	452970	453819	gene-Peve_00003791	0.2463054138	29
Porites_evermani_scaffold_123	457258	466443	gene-Peve_00003792	2.849422161	93
Porites_evermani_scaffold_1230	8572	13880	gene-Peve_00003807	1.126179372	121
Porites_evermani_scaffold_1230	21288	25750	gene-Peve_00003815	0.376344086	93
Porites_evermani_scaffold_1230	62784	64647	gene-Peve_00003816	0.768124	27
Porites_evermani_scaffold_1230	67789	68048	gene-Peve_00003808	0	9
Porites_evermani_scaffold_1230	75788	82395	gene-Peve_00003809	59.20926452	85
Porites_evermani_scaffold_1230	82574	95630	gene-Peve_00003810	52.31208381	88
Porites_evermani_scaffold_1230	99128	99593	gene-Peve_00003811	.	0
Porites_evermani_scaffold_1230	100862	103702	gene-Peve_00003812	0.4835391111	18
Porites_evermani_scaffold_1230	107571	143516	gene-Peve_00003813	3.984894104	473
Porites_evermani_scaffold_1230	114563	119553	gene-Peve_00003814	1.204571955	44
Porites_evermani_scaffold_1231	12104	13392	gene-Peve_00003817	2.155253016	63
Porites_evermani_scaffold_1231	15438	15846	gene-Peve_00003823	2.790627308	13
Porites_evermani_scaffold_1231	29025	53163	gene-Peve_00003825	0.796666664	125
Porites_evermani_scaffold_1231	53930	62654	gene-Peve_00003818	30.45952189	55
Porites_evermani_scaffold_1231	73803	74169	gene-Peve_00003820	.	0
Porites_evermani_scaffold_1231	74492	74777	gene-Peve_00003819	.	0
Porites_evermani_scaffold_1231	77693	120418	gene-Peve_00003821	1.223960416	178
Porites_evermani_scaffold_1232	6398	6863	gene-Peve_00003831	.	0
Porites_evermani_scaffold_1232	36347	36870	gene-Peve_00003835	.	0
Porites_evermani_scaffold_1232	48880	52369	gene-Peve_00003828	.	0
Porites_evermani_scaffold_1232	53708	56368	gene-Peve_00003829	.	0
Porites_evermani_scaffold_1232	69075	80101	gene-Peve_00003830	0.5433646897	29
Porites_evermani_scaffold_1232	109902	110366	gene-Peve_00003833	0.9615385	8
Porites_evermani_scaffold_1232	117069	118873	gene-Peve_00003834	1.833638556	45
Porites_evermani_scaffold_1233	5567	13331	gene-Peve_00003840	0.4934365898	256
Porites_evermani_scaffold_1233	22562	27676	gene-Peve_00003844	0.3826530612	49
Porites_evermani_scaffold_1233	38848	40092	gene-Peve_00003845	.	0
Porites_evermani_scaffold_1233	40791	41352	gene-Peve_00003846	.	0
Porites_evermani_scaffold_1233	49247	53147	gene-Peve_00003847	0.4842479278	97
Porites_evermani_scaffold_1233	65398	69119	gene-Peve_00003838	0	6
Porites_evermani_scaffold_1233	70518	77677	gene-Peve_00003837	0	2
Porites_evermani_scaffold_1233	83223	83697	gene-Peve_00003839	.	0
Porites_evermani_scaffold_1233	99639	100758	gene-Peve_00003841	.	0
Porites_evermani_scaffold_1233	124208	129760	gene-Peve_00003842	.	0
Porites_evermani_scaffold_1233	135118	142801	gene-Peve_00003843	.	0
Porites_evermani_scaffold_1234	669	1497	gene-Peve_00003848	61.76419329	7
Porites_evermani_scaffold_1234	21103	22813	gene-Peve_00003855	89.50730596	48
Porites_evermani_scaffold_1234	23954	24275	gene-Peve_00003853	92.62608709	11
Porites_evermani_scaffold_1234	37080	41402	gene-Peve_00003866	76.45849624	72
Porites_evermani_scaffold_1234	37320	37558	gene-Peve_00003849	84.615385	1
Porites_evermani_scaffold_1234	43163	47076	gene-Peve_00003851	86.76336222	65
Porites_evermani_scaffold_1234	43376	43694	gene-Peve_00003850	95.45797367	9
Porites_evermani_scaffold_1234	54362	55902	gene-Peve_00003852	89.16070744	36
Porites_evermani_scaffold_1234	56858	57299	gene-Peve_00003854	82.33863625	12
Porites_evermani_scaffold_1234	99644	100082	gene-Peve_00003856	27.3333332	5
Porites_evermani_scaffold_1234	128756	129775	gene-Peve_00003860	88.35497843	7
Porites_evermani_scaffold_1234	130717	131284	gene-Peve_00003861	90.224359	4
Porites_evermani_scaffold_1234	134522	137620	gene-Peve_00003862	85.43633591	67
Porites_evermani_scaffold_1234	138454	139422	gene-Peve_00003863	40.10282227	22
Porites_evermani_scaffold_1234	140409	140721	gene-Peve_00003864	23.9042722	15
Porites_evermani_scaffold_1234	140961	141294	gene-Peve_00003865	30.46800292	13
Porites_evermani_scaffold_1235	221	3245	gene-Peve_00003867	30.06242557	49
Porites_evermani_scaffold_1235	7754	9008	gene-Peve_00003872	0	17
Porites_evermani_scaffold_1235	21412	21829	gene-Peve_00003878	16.6978023	10
Porites_evermani_scaffold_1235	28807	52979	gene-Peve_00003879	13.23077476	454
Porites_evermani_scaffold_1235	55935	66016	gene-Peve_00003880	11.76610739	234
Porites_evermani_scaffold_1235	72067	72936	gene-Peve_00003869	0.1515151667	30
Porites_evermani_scaffold_1235	72973	73660	gene-Peve_00003868	75.8666415	6
Porites_evermani_scaffold_1235	120774	124055	gene-Peve_00003871	.	0
Porites_evermani_scaffold_1235	127768	130936	gene-Peve_00003874	48.87260765	72
Porites_evermani_scaffold_1235	130916	131744	gene-Peve_00003875	.	0
Porites_evermani_scaffold_1235	133365	135282	gene-Peve_00003876	3.2608695	4
Porites_evermani_scaffold_1235	135602	136241	gene-Peve_00003877	7.142857	1
Porites_evermani_scaffold_1236	3867	58200	gene-Peve_00003882	1.058045964	1378
Porites_evermani_scaffold_1236	16798	17432	gene-Peve_00003883	10	1
Porites_evermani_scaffold_1236	72532	72877	gene-Peve_00003884	12.4935064	5
Porites_evermani_scaffold_1236	77101	78566	gene-Peve_00003885	2.670940167	6
Porites_evermani_scaffold_1236	86421	88114	gene-Peve_00003887	1.02284382	50
Porites_evermani_scaffold_1236	89068	89407	gene-Peve_00003888	1.059654643	14
Porites_evermani_scaffold_1236	106731	108674	gene-Peve_00003881	0.4113074464	56
Porites_evermani_scaffold_1236	126799	142710	gene-Peve_00003890	1.148791846	422
Porites_evermani_scaffold_1237	113	6035	gene-Peve_00003891	0	1
Porites_evermani_scaffold_1237	7234	7546	gene-Peve_00003894	.	0
Porites_evermani_scaffold_1237	13367	22240	gene-Peve_00003895	42.57610479	103
Porites_evermani_scaffold_1237	23018	28849	gene-Peve_00003896	71.88654912	49
Porites_evermani_scaffold_1237	30866	37999	gene-Peve_00003897	65.90282365	74
Porites_evermani_scaffold_1237	38143	69149	gene-Peve_00003898	16.1911007	565
Porites_evermani_scaffold_1237	70922	74845	gene-Peve_00003892	.	0
Porites_evermani_scaffold_1237	117426	126707	gene-Peve_00003893	.	0
Porites_evermani_scaffold_1238	21079	23344	gene-Peve_00003899	.	0
Porites_evermani_scaffold_1238	38909	40775	gene-Peve_00003904	.	0
Porites_evermani_scaffold_1238	55255	57266	gene-Peve_00003905	.	0
Porites_evermani_scaffold_1238	67696	69118	gene-Peve_00003900	.	0
Porites_evermani_scaffold_1238	102485	102863	gene-Peve_00003901	.	0
Porites_evermani_scaffold_1238	119568	121467	gene-Peve_00003902	.	0
Porites_evermani_scaffold_1238	125755	128695	gene-Peve_00003903	.	0
Porites_evermani_scaffold_1239	415	48427	gene-Peve_00003906	1.221372545	747
Porites_evermani_scaffold_1239	49421	52816	gene-Peve_00003913	45.09243671	35
Porites_evermani_scaffold_1239	53036	58910	gene-Peve_00003914	8.314230107	150
Porites_evermani_scaffold_1239	60996	64238	gene-Peve_00003915	69.23288144	55
Porites_evermani_scaffold_1239	65643	77761	gene-Peve_00003916	28.96995772	140
Porites_evermani_scaffold_1239	77883	85953	gene-Peve_00003917	25.06910483	121
Porites_evermani_scaffold_1239	87302	109734	gene-Peve_00003907	5.078203312	410
Porites_evermani_scaffold_1239	109808	117218	gene-Peve_00003908	28.52878949	112
Porites_evermani_scaffold_1239	123346	124159	gene-Peve_00003909	0	2
Porites_evermani_scaffold_1239	125572	126652	gene-Peve_00003910	0	3
Porites_evermani_scaffold_1239	129755	132768	gene-Peve_00003911	1.464882959	97
Porites_evermani_scaffold_1239	136808	137615	gene-Peve_00003912	0	18
Porites_evermani_scaffold_124	1578	2213	gene-Peve_00003918	1.190476154	13
Porites_evermani_scaffold_124	11191	15210	gene-Peve_00003948	51.89039455	40
Porites_evermani_scaffold_124	15738	17916	gene-Peve_00003955	60.03297394	53
Porites_evermani_scaffold_124	21254	31328	gene-Peve_00003960	77.61785642	152
Porites_evermani_scaffold_124	24479	25395	gene-Peve_00003964	63.84761773	22
Porites_evermani_scaffold_124	41681	68522	gene-Peve_00003922	34.8996619	505
Porites_evermani_scaffold_124	71641	108040	gene-Peve_00003934	8.919605204	741
Porites_evermani_scaffold_124	118700	121218	gene-Peve_00003956	0.3077940617	81
Porites_evermani_scaffold_124	126916	146666	gene-Peve_00003957	50.79107134	291
Porites_evermani_scaffold_124	150204	151733	gene-Peve_00003958	68.13695033	18
Porites_evermani_scaffold_124	154471	155373	gene-Peve_00003959	0	30
Porites_evermani_scaffold_124	157496	191810	gene-Peve_00003961	0.6462187271	667
Porites_evermani_scaffold_124	220909	221605	gene-Peve_00003965	0	3
Porites_evermani_scaffold_124	222541	223252	gene-Peve_00003966	0	10
Porites_evermani_scaffold_124	229539	230957	gene-Peve_00003967	1.453587098	41
Porites_evermani_scaffold_124	233868	236077	gene-Peve_00003968	14.00742113	15
Porites_evermani_scaffold_124	243161	243713	gene-Peve_00003970	68.04036561	18
Porites_evermani_scaffold_124	252902	254219	gene-Peve_00003971	62.75283941	51
Porites_evermani_scaffold_124	253700	255139	gene-Peve_00003972	47.4736067	23
Porites_evermani_scaffold_124	265400	265679	gene-Peve_00003974	47.84706057	14
Porites_evermani_scaffold_124	265882	266797	gene-Peve_00003975	60.35535205	38
Porites_evermani_scaffold_124	274348	274611	gene-Peve_00003977	62.61904767	6
Porites_evermani_scaffold_124	277634	282909	gene-Peve_00003920	65.36076544	101
Porites_evermani_scaffold_124	278520	279858	gene-Peve_00003921	68.77738752	21
Porites_evermani_scaffold_124	284682	285003	gene-Peve_00003923	69.55636978	9
Porites_evermani_scaffold_124	291872	292733	gene-Peve_00003924	41.31433825	8
Porites_evermani_scaffold_124	303450	303683	gene-Peve_00003927	77.60327633	6
Porites_evermani_scaffold_124	330974	331826	gene-Peve_00003930	86.57678085	26
Porites_evermani_scaffold_124	332350	332791	gene-Peve_00003931	67.37562746	13
Porites_evermani_scaffold_124	333066	333399	gene-Peve_00003932	77.25078167	6
Porites_evermani_scaffold_124	334283	337942	gene-Peve_00003933	71.60009934	96
Porites_evermani_scaffold_124	339774	340233	gene-Peve_00003935	46.05236544	9
Porites_evermani_scaffold_124	348907	349460	gene-Peve_00003936	52.09305009	11
Porites_evermani_scaffold_124	356398	356989	gene-Peve_00003937	.	0
Porites_evermani_scaffold_124	359895	361513	gene-Peve_00003938	42.42424233	3
Porites_evermani_scaffold_124	371728	372184	gene-Peve_00003940	85.68713442	12
Porites_evermani_scaffold_124	376952	383200	gene-Peve_00003941	77.78634842	64
Porites_evermani_scaffold_124	389803	390316	gene-Peve_00003942	70.51661677	13
Porites_evermani_scaffold_124	391453	391828	gene-Peve_00003943	69.38545109	11
Porites_evermani_scaffold_124	392835	394668	gene-Peve_00003944	76.83195591	11
Porites_evermani_scaffold_124	400033	401661	gene-Peve_00003946	68.44587432	19
Porites_evermani_scaffold_124	415332	416309	gene-Peve_00003950	57.1047905	6
Porites_evermani_scaffold_124	423073	423436	gene-Peve_00003951	80	1
Porites_evermani_scaffold_124	428595	430703	gene-Peve_00003952	45.18792388	65
Porites_evermani_scaffold_124	448247	449942	gene-Peve_00003953	0.5753938737	95
Porites_evermani_scaffold_124	449951	451826	gene-Peve_00003954	0.5333729438	89
Porites_evermani_scaffold_1240	8968	43479	gene-Peve_00003982	1.203220482	546
Porites_evermani_scaffold_1240	12624	14465	gene-Peve_00003983	0.1149425345	58
Porites_evermani_scaffold_1240	64381	77206	gene-Peve_00003979	2.069305459	98
Porites_evermani_scaffold_1240	81872	94086	gene-Peve_00003978	0.3124947266	278
Porites_evermani_scaffold_1240	95298	96135	gene-Peve_00003980	0.9300595	32
Porites_evermani_scaffold_1240	103252	142300	gene-Peve_00003981	2.790924073	848
Porites_evermani_scaffold_1241	204	33315	gene-Peve_00003984	0.6277747356	836
Porites_evermani_scaffold_1241	4281	5268	gene-Peve_00003989	2.850221727	22
Porites_evermani_scaffold_1241	8223	11872	gene-Peve_00003994	0.3438659213	89
Porites_evermani_scaffold_1241	35190	47032	gene-Peve_00003985	0.7438576271	295
Porites_evermani_scaffold_1241	49539	53948	gene-Peve_00003986	35.72527617	52
Porites_evermani_scaffold_1241	55995	98627	gene-Peve_00003987	14.44792711	476
Porites_evermani_scaffold_1241	100195	104522	gene-Peve_00003990	0.5975485056	89
Porites_evermani_scaffold_1241	113612	114641	gene-Peve_00003991	3.249299765	17
Porites_evermani_scaffold_1241	119141	124376	gene-Peve_00003992	0.1059322034	59
Porites_evermani_scaffold_1241	127439	135891	gene-Peve_00003993	76.84491039	82
Porites_evermani_scaffold_1242	18351	18927	gene-Peve_00003999	0	1
Porites_evermani_scaffold_1242	22624	34405	gene-Peve_00004003	19.34047016	74
Porites_evermani_scaffold_1242	36193	37950	gene-Peve_00004005	0.1602564038	52
Porites_evermani_scaffold_1242	43993	44814	gene-Peve_00004006	0.7260100833	24
Porites_evermani_scaffold_1242	53723	61000	gene-Peve_00003995	75.69327364	25
Porites_evermani_scaffold_1242	63892	64283	gene-Peve_00003996	.	0
Porites_evermani_scaffold_1242	64733	74966	gene-Peve_00003997	72.62943536	111
Porites_evermani_scaffold_1242	75654	76011	gene-Peve_00003998	1.8333333	10
Porites_evermani_scaffold_1242	80555	88838	gene-Peve_00004000	23.07328088	52
Porites_evermani_scaffold_1242	99032	117466	gene-Peve_00004001	1.338667538	353
Porites_evermani_scaffold_1242	128368	128830	gene-Peve_00004002	0	5
Porites_evermani_scaffold_1242	132561	133345	gene-Peve_00004004	0	22
Porites_evermani_scaffold_1243	12261	13925	gene-Peve_00004021	0	18
Porites_evermani_scaffold_1243	20776	33697	gene-Peve_00004022	0.5780797391	276
Porites_evermani_scaffold_1243	39709	40381	gene-Peve_00004007	0	11
Porites_evermani_scaffold_1243	47066	48841	gene-Peve_00004008	20.86296057	14
Porites_evermani_scaffold_1243	50250	68161	gene-Peve_00004009	78.73977489	148
Porites_evermani_scaffold_1243	69436	73059	gene-Peve_00004010	79.89962809	23
Porites_evermani_scaffold_1243	73602	77740	gene-Peve_00004011	59.99239648	44
Porites_evermani_scaffold_1243	77921	86901	gene-Peve_00004013	20.73164145	73
Porites_evermani_scaffold_1243	88798	96228	gene-Peve_00004014	48.83854489	66
Porites_evermani_scaffold_1243	100169	103497	gene-Peve_00004015	0.249066	73
Porites_evermani_scaffold_1243	105204	116943	gene-Peve_00004016	70.40250661	51
Porites_evermani_scaffold_1243	118215	119460	gene-Peve_00004017	0	32
Porites_evermani_scaffold_1243	125482	132176	gene-Peve_00004018	43.96936309	89
Porites_evermani_scaffold_1243	132387	135904	gene-Peve_00004020	0.2414772708	96
Porites_evermani_scaffold_1243	140892	142463	gene-Peve_00004019	92.40217963	16
Porites_evermani_scaffold_1244	30291	33537	gene-Peve_00004031	0	51
Porites_evermani_scaffold_1244	63215	75542	gene-Peve_00004023	0.2485219883	171
Porites_evermani_scaffold_1244	81450	83046	gene-Peve_00004024	0.2991124839	93
Porites_evermani_scaffold_1244	84076	93464	gene-Peve_00004025	0.09742952239	201
Porites_evermani_scaffold_1244	95391	108459	gene-Peve_00004026	34.75962095	96
Porites_evermani_scaffold_1244	116199	117844	gene-Peve_00004027	18.52906431	26
Porites_evermani_scaffold_1244	121924	124081	gene-Peve_00004028	0.09191176563	64
Porites_evermani_scaffold_1244	127681	129786	gene-Peve_00004029	0.15625	64
Porites_evermani_scaffold_1244	138752	142273	gene-Peve_00004030	0.5008012813	64
Porites_evermani_scaffold_1245	1921	2169	gene-Peve_00004032	.	0
Porites_evermani_scaffold_1245	9460	9939	gene-Peve_00004039	.	0
Porites_evermani_scaffold_1245	10241	11137	gene-Peve_00004033	0.4545454545	22
Porites_evermani_scaffold_1245	31476	32025	gene-Peve_00004036	0	7
Porites_evermani_scaffold_1245	32244	34624	gene-Peve_00004037	17.67547967	57
Porites_evermani_scaffold_1245	42424	42811	gene-Peve_00004038	.	0
Porites_evermani_scaffold_1245	120098	131428	gene-Peve_00004041	0	15
Porites_evermani_scaffold_1245	126659	127270	gene-Peve_00004042	.	0
Porites_evermani_scaffold_1246	3568	4979	gene-Peve_00004044	23.163291	12
Porites_evermani_scaffold_1246	31942	35129	gene-Peve_00004045	45.85102748	99
Porites_evermani_scaffold_1246	38649	38988	gene-Peve_00004046	.	0
Porites_evermani_scaffold_1246	48252	48941	gene-Peve_00004047	.	0
Porites_evermani_scaffold_1246	68524	69131	gene-Peve_00004048	57.45571725	12
Porites_evermani_scaffold_1246	70276	70717	gene-Peve_00004049	63.31779323	13
Porites_evermani_scaffold_1246	78006	78795	gene-Peve_00004050	56.75407938	8
Porites_evermani_scaffold_1246	129579	130200	gene-Peve_00004052	.	0
Porites_evermani_scaffold_1246	136649	140419	gene-Peve_00004053	73.45133551	69
Porites_evermani_scaffold_1247	19433	26652	gene-Peve_00004057	0.4856254861	72
Porites_evermani_scaffold_1247	45811	46790	gene-Peve_00004054	0	16
Porites_evermani_scaffold_1247	57191	62001	gene-Peve_00004055	0.9137427083	24
Porites_evermani_scaffold_1247	100578	110757	gene-Peve_00004056	0.6976819444	36
Porites_evermani_scaffold_1247	123924	128568	gene-Peve_00004059	5.286369438	105
Porites_evermani_scaffold_1247	128637	134167	gene-Peve_00004058	23.76365222	97
Porites_evermani_scaffold_1247	129835	131385	gene-Peve_00004060	33.15827558	45
Porites_evermani_scaffold_1247	135187	141878	gene-Peve_00004061	66.05579611	9
Porites_evermani_scaffold_1248	2544	18263	gene-Peve_00004069	0.7171306715	411
Porites_evermani_scaffold_1248	21606	23308	gene-Peve_00004070	0	42
Porites_evermani_scaffold_1248	25678	31931	gene-Peve_00004071	13.53974974	38
Porites_evermani_scaffold_1248	34450	43981	gene-Peve_00004062	60.30190333	83
Porites_evermani_scaffold_1248	51434	53171	gene-Peve_00004063	0.167224087	46
Porites_evermani_scaffold_1248	88234	99171	gene-Peve_00004065	6.935553327	52
Porites_evermani_scaffold_1248	114725	122315	gene-Peve_00004066	77.88954623	13
Porites_evermani_scaffold_1248	128508	131285	gene-Peve_00004067	76.46031753	15
Porites_evermani_scaffold_1248	136927	137890	gene-Peve_00004068	.	0
Porites_evermani_scaffold_1249	2347	3709	gene-Peve_00004072	0	54
Porites_evermani_scaffold_1249	5586	6615	gene-Peve_00004079	0	13
Porites_evermani_scaffold_1249	6958	13443	gene-Peve_00004080	1.985361888	89
Porites_evermani_scaffold_1249	20534	23794	gene-Peve_00004081	0.440705125	64
Porites_evermani_scaffold_1249	32488	42362	gene-Peve_00004073	16.34767167	183
Porites_evermani_scaffold_1249	49674	50325	gene-Peve_00004074	.	0
Porites_evermani_scaffold_1249	62076	68807	gene-Peve_00004075	30.82499309	96
Porites_evermani_scaffold_1249	97012	97864	gene-Peve_00004076	0	11
Porites_evermani_scaffold_1249	98150	107336	gene-Peve_00004078	31.16367503	31
Porites_evermani_scaffold_125	10514	16976	gene-Peve_00004091	83.03030308	26
Porites_evermani_scaffold_125	17179	23597	gene-Peve_00004094	80.89849545	11
Porites_evermani_scaffold_125	24391	37179	gene-Peve_00004102	0.4872784596	285
Porites_evermani_scaffold_125	40575	56851	gene-Peve_00004104	0.3682511495	368
Porites_evermani_scaffold_125	62558	84780	gene-Peve_00004089	0.9713867663	522
Porites_evermani_scaffold_125	79740	82934	gene-Peve_00004093	0.39689732	75
Porites_evermani_scaffold_125	97286	101871	gene-Peve_00004096	0.5299319783	138
Porites_evermani_scaffold_125	104831	117398	gene-Peve_00004095	1.851624898	324
Porites_evermani_scaffold_125	130388	131144	gene-Peve_00004098	3.595041318	22
Porites_evermani_scaffold_125	161716	162262	gene-Peve_00004099	0.3246753182	22
Porites_evermani_scaffold_125	178221	179397	gene-Peve_00004100	0.229885069	29
Porites_evermani_scaffold_125	194302	208109	gene-Peve_00004101	1.158371733	393
Porites_evermani_scaffold_125	212555	224114	gene-Peve_00004103	0.5449083766	239
Porites_evermani_scaffold_125	234339	251863	gene-Peve_00004105	1.382562953	337
Porites_evermani_scaffold_125	259235	276042	gene-Peve_00004082	1.283476453	446
Porites_evermani_scaffold_125	278560	284089	gene-Peve_00004083	1.265586276	123
Porites_evermani_scaffold_125	295399	296299	gene-Peve_00004084	0	20
Porites_evermani_scaffold_125	304970	371127	gene-Peve_00004085	4.481996099	1255
Porites_evermani_scaffold_125	371229	378669	gene-Peve_00004086	0.1451378868	53
Porites_evermani_scaffold_125	390102	400190	gene-Peve_00004087	0.4109559458	295
Porites_evermani_scaffold_125	404445	437940	gene-Peve_00004088	0.7499103147	696
Porites_evermani_scaffold_1250	4090	5503	gene-Peve_00004106	0	10
Porites_evermani_scaffold_1250	14606	15074	gene-Peve_00004113	0	1
Porites_evermani_scaffold_1250	44459	44944	gene-Peve_00004114	.	0
Porites_evermani_scaffold_1250	67069	104560	gene-Peve_00004108	0.8536823388	304
Porites_evermani_scaffold_1250	136888	137324	gene-Peve_00004111	.	0
Porites_evermani_scaffold_1250	139831	140436	gene-Peve_00004112	.	0
Porites_evermani_scaffold_1251	3273	4287	gene-Peve_00004116	0.293255129	31
Porites_evermani_scaffold_1251	6327	7218	gene-Peve_00004121	0.4329004286	21
Porites_evermani_scaffold_1251	33384	41084	gene-Peve_00004115	0.1585123684	171
Porites_evermani_scaffold_1251	50303	70769	gene-Peve_00004117	0.3189584441	590
Porites_evermani_scaffold_1251	76805	85195	gene-Peve_00004118	0.7858150909	143
Porites_evermani_scaffold_1251	86056	86953	gene-Peve_00004119	.	0
Porites_evermani_scaffold_1251	90263	109736	gene-Peve_00004120	1.172421158	442
Porites_evermani_scaffold_1251	119658	122194	gene-Peve_00004122	0.6298745641	78
Porites_evermani_scaffold_1251	126927	127749	gene-Peve_00004123	0.289855087	23
Porites_evermani_scaffold_1251	138758	139739	gene-Peve_00004124	0.2164502121	33
Porites_evermani_scaffold_1252	699	1336	gene-Peve_00004125	0	1
Porites_evermani_scaffold_1252	14419	21943	gene-Peve_00004128	89.6433567	10
Porites_evermani_scaffold_1252	22906	29583	gene-Peve_00004129	84.18081929	7
Porites_evermani_scaffold_1252	37882	47936	gene-Peve_00004130	24.32659939	18
Porites_evermani_scaffold_1252	49890	56221	gene-Peve_00004131	50.55698036	67
Porites_evermani_scaffold_1252	60870	71564	gene-Peve_00004132	73.93063229	96
Porites_evermani_scaffold_1252	79389	110290	gene-Peve_00004126	3.854266906	593
Porites_evermani_scaffold_1252	110788	138367	gene-Peve_00004127	80.67473508	123
Porites_evermani_scaffold_1253	17110	26675	gene-Peve_00004134	0.1322751296	54
Porites_evermani_scaffold_1253	50403	50741	gene-Peve_00004141	1.041666667	6
Porites_evermani_scaffold_1253	50999	51485	gene-Peve_00004133	0.4559497297	37
Porites_evermani_scaffold_1253	86269	87795	gene-Peve_00004135	2.12753749	51
Porites_evermani_scaffold_1253	126850	129424	gene-Peve_00004136	20	1
Porites_evermani_scaffold_1253	135674	136325	gene-Peve_00004137	0	1
Porites_evermani_scaffold_1253	138073	139751	gene-Peve_00004138	3.925770333	15
Porites_evermani_scaffold_1254	70	15789	gene-Peve_00004142	41.300842	49
Porites_evermani_scaffold_1254	18656	19361	gene-Peve_00004145	.	0
Porites_evermani_scaffold_1254	25819	53277	gene-Peve_00004146	16.23300356	258
Porites_evermani_scaffold_1254	59834	64785	gene-Peve_00004147	1.222697056	54
Porites_evermani_scaffold_1254	65986	74233	gene-Peve_00004148	2.340417372	188
Porites_evermani_scaffold_1254	81181	114574	gene-Peve_00004149	3.771876164	428
Porites_evermani_scaffold_1254	116654	123606	gene-Peve_00004143	0.184319427	178
Porites_evermani_scaffold_1254	128885	141837	gene-Peve_00004144	58.05184444	112
Porites_evermani_scaffold_1255	17807	29679	gene-Peve_00004152	0.3427382893	356
Porites_evermani_scaffold_1255	37300	43768	gene-Peve_00004158	0.3337554025	159
Porites_evermani_scaffold_1255	50307	57060	gene-Peve_00004160	1.387022426	183
Porites_evermani_scaffold_1255	65277	66339	gene-Peve_00004150	13.7790855	24
Porites_evermani_scaffold_1255	89988	90300	gene-Peve_00004151	0	5
Porites_evermani_scaffold_1255	96438	103763	gene-Peve_00004153	0.7776011261	119
Porites_evermani_scaffold_1255	114473	115940	gene-Peve_00004156	15.48520624	17
Porites_evermani_scaffold_1255	118608	119711	gene-Peve_00004154	1.007902184	38
Porites_evermani_scaffold_1255	120509	120920	gene-Peve_00004157	2.164502133	15
Porites_evermani_scaffold_1255	123408	134271	gene-Peve_00004155	14.72232979	184
Porites_evermani_scaffold_1255	136174	139081	gene-Peve_00004159	0.227272725	40
Porites_evermani_scaffold_1256	3525	8047	gene-Peve_00004161	0	27
Porites_evermani_scaffold_1256	11925	12762	gene-Peve_00004163	0	27
Porites_evermani_scaffold_1256	20699	23978	gene-Peve_00004166	0.1423662268	97
Porites_evermani_scaffold_1256	28202	37062	gene-Peve_00004167	0.8010104879	248
Porites_evermani_scaffold_1256	49419	60192	gene-Peve_00004168	44.43867379	159
Porites_evermani_scaffold_1256	74450	112980	gene-Peve_00004162	27.91979949	324
Porites_evermani_scaffold_1256	121285	124236	gene-Peve_00004164	75.67487957	21
Porites_evermani_scaffold_1256	126033	141671	gene-Peve_00004165	59.34769542	180
Porites_evermani_scaffold_1257	11956	12405	gene-Peve_00004178	.	0
Porites_evermani_scaffold_1257	23875	24763	gene-Peve_00004169	.	0
Porites_evermani_scaffold_1257	25415	41601	gene-Peve_00004170	.	0
Porites_evermani_scaffold_1257	54096	61019	gene-Peve_00004172	.	0
Porites_evermani_scaffold_1257	66989	95694	gene-Peve_00004174	1.883444481	108
Porites_evermani_scaffold_1257	96098	104906	gene-Peve_00004175	26.64541342	26
Porites_evermani_scaffold_1257	106119	106659	gene-Peve_00004176	.	0
Porites_evermani_scaffold_1257	111256	137678	gene-Peve_00004177	7.083794342	79
Porites_evermani_scaffold_1258	8848	15369	gene-Peve_00004181	0.19115972	100
Porites_evermani_scaffold_1258	15769	21114	gene-Peve_00004179	0.4329004286	21
Porites_evermani_scaffold_1258	38743	63943	gene-Peve_00004184	10.4972795	394
Porites_evermani_scaffold_1258	88141	126457	gene-Peve_00004180	12.62322396	723
Porites_evermani_scaffold_1258	133206	134874	gene-Peve_00004183	0.3752826923	65
Porites_evermani_scaffold_1259	8082	60977	gene-Peve_00004185	12.6495714	812
Porites_evermani_scaffold_1259	66734	78592	gene-Peve_00004188	28.4421017	127
Porites_evermani_scaffold_1259	124782	136022	gene-Peve_00004186	14.31272652	206
Porites_evermani_scaffold_1259	136483	140839	gene-Peve_00004187	36.7522741	60
Porites_evermani_scaffold_126	12826	13147	gene-Peve_00004222	.	0
Porites_evermani_scaffold_126	37268	37766	gene-Peve_00004204	74.75016138	34
Porites_evermani_scaffold_126	58356	59205	gene-Peve_00004211	40.4076798	10
Porites_evermani_scaffold_126	60341	63019	gene-Peve_00004213	.	0
Porites_evermani_scaffold_126	63921	64388	gene-Peve_00004214	19.78775844	9
Porites_evermani_scaffold_126	83094	84031	gene-Peve_00004215	.	0
Porites_evermani_scaffold_126	84563	85746	gene-Peve_00004216	.	0
Porites_evermani_scaffold_126	86740	88054	gene-Peve_00004217	22.46664137	16
Porites_evermani_scaffold_126	94411	95146	gene-Peve_00004219	67.70051002	40
Porites_evermani_scaffold_126	100925	102389	gene-Peve_00004221	68.3116758	10
Porites_evermani_scaffold_126	103946	107267	gene-Peve_00004220	33.06470532	47
Porites_evermani_scaffold_126	144969	147376	gene-Peve_00004223	1.876687878	41
Porites_evermani_scaffold_126	175432	176209	gene-Peve_00004225	.	0
Porites_evermani_scaffold_126	186407	187020	gene-Peve_00004229	.	0
Porites_evermani_scaffold_126	190476	194624	gene-Peve_00004230	17.03918824	25
Porites_evermani_scaffold_126	207566	218157	gene-Peve_00004231	10.48190369	51
Porites_evermani_scaffold_126	221058	228838	gene-Peve_00004232	0.9309946757	74
Porites_evermani_scaffold_126	230553	239172	gene-Peve_00004233	0.3023124796	98
Porites_evermani_scaffold_126	241797	242745	gene-Peve_00004234	.	0
Porites_evermani_scaffold_126	248404	249313	gene-Peve_00004189	0	37
Porites_evermani_scaffold_126	260221	260953	gene-Peve_00004190	0	16
Porites_evermani_scaffold_126	264900	272266	gene-Peve_00004191	3.704795129	170
Porites_evermani_scaffold_126	276363	276735	gene-Peve_00004193	0.4201680714	14
Porites_evermani_scaffold_126	279737	284239	gene-Peve_00004192	0.7567613587	92
Porites_evermani_scaffold_126	288008	300368	gene-Peve_00004194	1.601897359	39
Porites_evermani_scaffold_126	309531	310215	gene-Peve_00004195	.	0
Porites_evermani_scaffold_126	316398	316918	gene-Peve_00004196	0	3
Porites_evermani_scaffold_126	325073	329127	gene-Peve_00004197	4.158720061	33
Porites_evermani_scaffold_126	332857	333262	gene-Peve_00004198	0	2
Porites_evermani_scaffold_126	350805	351525	gene-Peve_00004201	.	0
Porites_evermani_scaffold_126	380562	381150	gene-Peve_00004202	0	14
Porites_evermani_scaffold_126	388969	389598	gene-Peve_00004203	1.961765	14
Porites_evermani_scaffold_126	399749	400541	gene-Peve_00004205	.	0
Porites_evermani_scaffold_126	415954	416792	gene-Peve_00004207	.	0
Porites_evermani_scaffold_126	430704	432092	gene-Peve_00004208	.	0
Porites_evermani_scaffold_126	450242	453809	gene-Peve_00004209	0	11
Porites_evermani_scaffold_126	462610	462922	gene-Peve_00004210	72.4466195	10
Porites_evermani_scaffold_1260	1	10376	gene-Peve_00004235	12.07969324	149
Porites_evermani_scaffold_1260	17185	18145	gene-Peve_00004236	0	10
Porites_evermani_scaffold_1260	18707	23708	gene-Peve_00004248	0	15
Porites_evermani_scaffold_1260	27245	31641	gene-Peve_00004237	0.3637106733	150
Porites_evermani_scaffold_1260	48211	49261	gene-Peve_00004238	0.2557544783	23
Porites_evermani_scaffold_1260	53718	65629	gene-Peve_00004239	9.28890511	127
Porites_evermani_scaffold_1260	65846	67058	gene-Peve_00004240	26.87337966	35
Porites_evermani_scaffold_1260	67617	83983	gene-Peve_00004241	8.804774619	404
Porites_evermani_scaffold_1260	71668	74416	gene-Peve_00004242	27.18448351	37
Porites_evermani_scaffold_1260	86884	87929	gene-Peve_00004243	0.5095332308	26
Porites_evermani_scaffold_1260	88577	91003	gene-Peve_00004244	0.2604166562	32
Porites_evermani_scaffold_1260	105454	111443	gene-Peve_00004245	0.09652509459	74
Porites_evermani_scaffold_1260	118346	121667	gene-Peve_00004246	0.258941877	122
Porites_evermani_scaffold_1260	130215	130575	gene-Peve_00004247	0	6
Porites_evermani_scaffold_1261	864	10424	gene-Peve_00004249	28.1799322	81
Porites_evermani_scaffold_1261	13481	17475	gene-Peve_00004254	0	1
Porites_evermani_scaffold_1261	19185	22485	gene-Peve_00004256	2.515262526	57
Porites_evermani_scaffold_1261	26261	29152	gene-Peve_00004257	58.25573189	9
Porites_evermani_scaffold_1261	29258	46962	gene-Peve_00004258	10.49294803	120
Porites_evermani_scaffold_1261	54504	55080	gene-Peve_00004250	0	5
Porites_evermani_scaffold_1261	78438	82197	gene-Peve_00004251	0	15
Porites_evermani_scaffold_1261	87699	104450	gene-Peve_00004252	19.82018356	155
Porites_evermani_scaffold_1261	106093	117386	gene-Peve_00004253	37.53246757	7
Porites_evermani_scaffold_1261	125023	125974	gene-Peve_00004255	0	42
Porites_evermani_scaffold_1262	6379	23789	gene-Peve_00004259	76.12660366	144
Porites_evermani_scaffold_1262	32635	37588	gene-Peve_00004262	0.8748562704	159
Porites_evermani_scaffold_1262	43261	64596	gene-Peve_00004264	49.28406507	306
Porites_evermani_scaffold_1262	71524	90852	gene-Peve_00004260	0.9734564227	343
Porites_evermani_scaffold_1262	105476	135083	gene-Peve_00004261	60.82574159	389
Porites_evermani_scaffold_1262	139723	140656	gene-Peve_00004263	0	10
Porites_evermani_scaffold_1263	28427	29292	gene-Peve_00004272	0	15
Porites_evermani_scaffold_1263	29744	31092	gene-Peve_00004273	0	7
Porites_evermani_scaffold_1263	40909	41359	gene-Peve_00004274	0.2232142857	28
Porites_evermani_scaffold_1263	73787	82270	gene-Peve_00004267	0.873567498	247
Porites_evermani_scaffold_1263	89493	94763	gene-Peve_00004268	1.525991787	47
Porites_evermani_scaffold_1263	99652	127987	gene-Peve_00004269	19.78322997	505
Porites_evermani_scaffold_1263	131188	132208	gene-Peve_00004270	0	3
Porites_evermani_scaffold_1263	134310	135273	gene-Peve_00004271	.	0
Porites_evermani_scaffold_1264	288	76265	gene-Peve_00004276	1.270525828	1439
Porites_evermani_scaffold_1264	43209	43836	gene-Peve_00004277	.	0
Porites_evermani_scaffold_1264	79863	80199	gene-Peve_00004278	13.800924	7
Porites_evermani_scaffold_1264	83014	117381	gene-Peve_00004279	50.1469374	339
Porites_evermani_scaffold_1264	118223	122290	gene-Peve_00004280	0.1399449588	97
Porites_evermani_scaffold_1264	123361	123709	gene-Peve_00004281	0	17
Porites_evermani_scaffold_1264	132133	140583	gene-Peve_00004282	0.547632125	152
Porites_evermani_scaffold_1265	2017	16277	gene-Peve_00004283	1.09599637	100
Porites_evermani_scaffold_1265	22142	31478	gene-Peve_00004288	0.2317994531	64
Porites_evermani_scaffold_1265	66610	68734	gene-Peve_00004289	29.58689467	6
Porites_evermani_scaffold_1265	77107	83466	gene-Peve_00004284	2.559523792	24
Porites_evermani_scaffold_1265	79495	80284	gene-Peve_00004285	30.7142855	2
Porites_evermani_scaffold_1265	85221	87056	gene-Peve_00004286	0	1
Porites_evermani_scaffold_1265	125247	134712	gene-Peve_00004287	1.100111231	216
Porites_evermani_scaffold_1266	6657	8041	gene-Peve_00004295	18.28799359	22
Porites_evermani_scaffold_1266	8099	16511	gene-Peve_00004296	50.9142459	134
Porites_evermani_scaffold_1266	43708	61600	gene-Peve_00004291	0.8143766108	406
Porites_evermani_scaffold_1266	81372	86856	gene-Peve_00004293	0.2745098	85
Porites_evermani_scaffold_1266	116145	134056	gene-Peve_00004294	1.075967229	336
Porites_evermani_scaffold_1267	3916	4417	gene-Peve_00004301	.	0
Porites_evermani_scaffold_1267	5649	6120	gene-Peve_00004303	0	2
Porites_evermani_scaffold_1267	12609	14227	gene-Peve_00004312	52.5098805	18
Porites_evermani_scaffold_1267	14418	15501	gene-Peve_00004297	48.97638983	6
Porites_evermani_scaffold_1267	22167	34662	gene-Peve_00004298	1.718157463	67
Porites_evermani_scaffold_1267	36724	55069	gene-Peve_00004299	3.73392275	168
Porites_evermani_scaffold_1267	68595	85227	gene-Peve_00004300	2.723657608	51
Porites_evermani_scaffold_1267	91061	93057	gene-Peve_00004302	.	0
Porites_evermani_scaffold_1267	93188	93622	gene-Peve_00004304	.	0
Porites_evermani_scaffold_1267	97349	107614	gene-Peve_00004305	0	22
Porites_evermani_scaffold_1267	107907	120290	gene-Peve_00004306	26.71115888	16
Porites_evermani_scaffold_1267	120492	121683	gene-Peve_00004307	14.67143964	33
Porites_evermani_scaffold_1267	123385	128791	gene-Peve_00004308	71.12096317	54
Porites_evermani_scaffold_1267	130008	133248	gene-Peve_00004309	76.07661312	17
Porites_evermani_scaffold_1267	135793	139284	gene-Peve_00004310	0.3836595088	114
Porites_evermani_scaffold_1268	16397	21618	gene-Peve_00004314	0.1728653735	83
Porites_evermani_scaffold_1268	19158	19527	gene-Peve_00004318	0	1
Porites_evermani_scaffold_1268	31237	33784	gene-Peve_00004319	0	2
Porites_evermani_scaffold_1268	36564	100139	gene-Peve_00004320	0.7598165599	1568
Porites_evermani_scaffold_1268	65849	80065	gene-Peve_00004313	0.4370008845	329
Porites_evermani_scaffold_1268	102700	106880	gene-Peve_00004315	0.6738340112	89
Porites_evermani_scaffold_1268	116600	127959	gene-Peve_00004316	0.5476844124	274
Porites_evermani_scaffold_1268	135912	139905	gene-Peve_00004317	1.741966495	95
Porites_evermani_scaffold_1269	2649	2970	gene-Peve_00004321	0	6
Porites_evermani_scaffold_1269	25187	26835	gene-Peve_00004324	0.1984126905	42
Porites_evermani_scaffold_1269	30217	31239	gene-Peve_00004326	2.4358974	10
Porites_evermani_scaffold_1269	33614	36033	gene-Peve_00004327	0.515873	30
Porites_evermani_scaffold_1269	60399	62692	gene-Peve_00004328	0.1730103824	34
Porites_evermani_scaffold_1269	67802	71330	gene-Peve_00004329	41.146335	42
Porites_evermani_scaffold_1269	78781	81715	gene-Peve_00004322	0.1628623529	119
Porites_evermani_scaffold_1269	84151	113764	gene-Peve_00004323	9.335231862	376
Porites_evermani_scaffold_1269	125091	130913	gene-Peve_00004325	60.33445724	38
Porites_evermani_scaffold_127	3399	14192	gene-Peve_00004330	48.76669441	112
Porites_evermani_scaffold_127	14707	20432	gene-Peve_00004334	0.4125004144	111
Porites_evermani_scaffold_127	36681	40830	gene-Peve_00004339	0.08340283486	109
Porites_evermani_scaffold_127	65753	67105	gene-Peve_00004355	0.2341920328	61
Porites_evermani_scaffold_127	84641	92730	gene-Peve_00004360	61.44647762	76
Porites_evermani_scaffold_127	94039	97383	gene-Peve_00004331	3.373166937	79
Porites_evermani_scaffold_127	98536	110120	gene-Peve_00004332	36.96453641	108
Porites_evermani_scaffold_127	110297	114861	gene-Peve_00004333	0.2382847103	145
Porites_evermani_scaffold_127	115305	116265	gene-Peve_00004335	0	29
Porites_evermani_scaffold_127	117178	123983	gene-Peve_00004336	44.23156423	53
Porites_evermani_scaffold_127	124101	138529	gene-Peve_00004337	38.40255125	256
Porites_evermani_scaffold_127	139079	149335	gene-Peve_00004338	49.83327502	110
Porites_evermani_scaffold_127	152834	155351	gene-Peve_00004340	77.0833334	5
Porites_evermani_scaffold_127	156236	164852	gene-Peve_00004341	66.56335383	76
Porites_evermani_scaffold_127	174744	202332	gene-Peve_00004342	0.4528765696	611
Porites_evermani_scaffold_127	206419	207658	gene-Peve_00004343	0.1602564038	52
Porites_evermani_scaffold_127	210966	215608	gene-Peve_00004344	53.8283517	57
Porites_evermani_scaffold_127	225055	240717	gene-Peve_00004345	0.4484843627	466
Porites_evermani_scaffold_127	247278	276659	gene-Peve_00004346	11.20838815	493
Porites_evermani_scaffold_127	303228	303444	gene-Peve_00004349	0	4
Porites_evermani_scaffold_127	320854	356271	gene-Peve_00004351	48.27700534	269
Porites_evermani_scaffold_127	346415	347602	gene-Peve_00004352	.	0
Porites_evermani_scaffold_127	361789	363213	gene-Peve_00004353	0.4798586875	48
Porites_evermani_scaffold_127	363400	366310	gene-Peve_00004354	8.489658485	33
Porites_evermani_scaffold_127	369312	402037	gene-Peve_00004356	65.68052135	322
Porites_evermani_scaffold_127	404865	405632	gene-Peve_00004357	3.634048176	17
Porites_evermani_scaffold_127	415368	415845	gene-Peve_00004358	0.6060606	15
Porites_evermani_scaffold_127	417585	427896	gene-Peve_00004359	0.07002801181	254
Porites_evermani_scaffold_127	432101	432999	gene-Peve_00004361	0.2770083158	19
Porites_evermani_scaffold_127	433223	441209	gene-Peve_00004362	15.57669363	124
Porites_evermani_scaffold_127	441631	444528	gene-Peve_00004363	25.92381671	34
Porites_evermani_scaffold_127	446246	448407	gene-Peve_00004364	0.9649122632	19
Porites_evermani_scaffold_127	449256	462017	gene-Peve_00004365	20.43478261	23
Porites_evermani_scaffold_1270	11570	18580	gene-Peve_00004366	.	0
Porites_evermani_scaffold_1270	27237	28155	gene-Peve_00004370	0	18
Porites_evermani_scaffold_1270	47780	52480	gene-Peve_00004367	1.0534775	122
Porites_evermani_scaffold_1270	71950	108369	gene-Peve_00004368	12.37676432	369
Porites_evermani_scaffold_1271	559	7351	gene-Peve_00004381	0.412423674	181
Porites_evermani_scaffold_1271	7455	9533	gene-Peve_00004382	40.46533048	44
Porites_evermani_scaffold_1271	10784	35229	gene-Peve_00004371	79.31994359	148
Porites_evermani_scaffold_1271	35606	45698	gene-Peve_00004372	18.40261641	211
Porites_evermani_scaffold_1271	46978	59095	gene-Peve_00004373	19.23155287	260
Porites_evermani_scaffold_1271	59301	72202	gene-Peve_00004374	71.6938644	131
Porites_evermani_scaffold_1271	74529	76229	gene-Peve_00004375	0	25
Porites_evermani_scaffold_1271	84271	87497	gene-Peve_00004376	80.52391821	39
Porites_evermani_scaffold_1271	89255	104379	gene-Peve_00004377	65.85150871	83
Porites_evermani_scaffold_1271	104528	125825	gene-Peve_00004378	0.7407407407	27
Porites_evermani_scaffold_1271	116995	118426	gene-Peve_00004379	2.5	4
Porites_evermani_scaffold_1271	133010	135793	gene-Peve_00004380	0.6493506429	14
Porites_evermani_scaffold_1272	941	5762	gene-Peve_00004383	0	23
Porites_evermani_scaffold_1272	29807	31903	gene-Peve_00004384	0	45
Porites_evermani_scaffold_1272	33856	41124	gene-Peve_00004385	1.344134392	189
Porites_evermani_scaffold_1272	46179	58059	gene-Peve_00004386	0.8021163862	347
Porites_evermani_scaffold_1272	65108	71705	gene-Peve_00004387	53.70871487	95
Porites_evermani_scaffold_1272	74604	95513	gene-Peve_00004388	0.8843291873	299
Porites_evermani_scaffold_1272	84231	85046	gene-Peve_00004389	2.6666666	5
Porites_evermani_scaffold_1272	89078	93081	gene-Peve_00004390	.	0
Porites_evermani_scaffold_1272	97316	123508	gene-Peve_00004391	75.27771246	189
Porites_evermani_scaffold_1272	129115	136519	gene-Peve_00004393	14.87210747	83
Porites_evermani_scaffold_1273	6855	7893	gene-Peve_00004394	0	16
Porites_evermani_scaffold_1273	9745	10135	gene-Peve_00004402	0	17
Porites_evermani_scaffold_1273	18182	18990	gene-Peve_00004406	0	8
Porites_evermani_scaffold_1273	22152	34447	gene-Peve_00004407	29.70334356	32
Porites_evermani_scaffold_1273	36957	42921	gene-Peve_00004408	.	0
Porites_evermani_scaffold_1273	49032	56973	gene-Peve_00004409	92.53687667	18
Porites_evermani_scaffold_1273	62659	63750	gene-Peve_00004396	0	30
Porites_evermani_scaffold_1273	68613	69874	gene-Peve_00004397	0	17
Porites_evermani_scaffold_1273	79213	84903	gene-Peve_00004398	25.13696854	152
Porites_evermani_scaffold_1273	81038	81489	gene-Peve_00004399	37.47310279	14
Porites_evermani_scaffold_1274	127	7183	gene-Peve_00004410	56.04942198	64
Porites_evermani_scaffold_1274	7676	57028	gene-Peve_00004415	4.160725325	1328
Porites_evermani_scaffold_1274	18480	20088	gene-Peve_00004416	0	45
Porites_evermani_scaffold_1274	57773	58721	gene-Peve_00004417	0	30
Porites_evermani_scaffold_1274	69238	70675	gene-Peve_00004411	0	44
Porites_evermani_scaffold_1274	75063	88058	gene-Peve_00004412	1.529704194	335
Porites_evermani_scaffold_1274	95793	103326	gene-Peve_00004413	0.1929921776	214
Porites_evermani_scaffold_1274	106346	137142	gene-Peve_00004414	0.7770364128	109
Porites_evermani_scaffold_1275	48358	60918	gene-Peve_00004419	0.4179272298	235
Porites_evermani_scaffold_1275	63487	70761	gene-Peve_00004420	.	0
Porites_evermani_scaffold_1275	93936	111236	gene-Peve_00004421	0	84
Porites_evermani_scaffold_1275	116740	128747	gene-Peve_00004422	16.48802232	236
Porites_evermani_scaffold_1275	132833	133766	gene-Peve_00004424	0	23
Porites_evermani_scaffold_1275	138679	139564	gene-Peve_00004418	0	14
Porites_evermani_scaffold_1276	9801	19950	gene-Peve_00004428	0.6485952301	326
Porites_evermani_scaffold_1276	27285	31839	gene-Peve_00004434	1.111111167	6
Porites_evermani_scaffold_1276	33483	36396	gene-Peve_00004439	4.89435803	33
Porites_evermani_scaffold_1276	36813	37464	gene-Peve_00004440	.	0
Porites_evermani_scaffold_1276	39527	40811	gene-Peve_00004427	7.5	4
Porites_evermani_scaffold_1276	46837	47611	gene-Peve_00004430	0	2
Porites_evermani_scaffold_1276	121758	124709	gene-Peve_00004435	0.28855362	50
Porites_evermani_scaffold_1276	129986	131106	gene-Peve_00004437	0	23
Porites_evermani_scaffold_1276	132166	134535	gene-Peve_00004438	2.207792187	16
Porites_evermani_scaffold_1277	3995	10391	gene-Peve_00004442	2.069107353	34
Porites_evermani_scaffold_1277	13206	14944	gene-Peve_00004449	.	0
Porites_evermani_scaffold_1277	18921	19950	gene-Peve_00004452	.	0
Porites_evermani_scaffold_1277	25952	27191	gene-Peve_00004453	0	23
Porites_evermani_scaffold_1277	29881	30538	gene-Peve_00004454	0	17
Porites_evermani_scaffold_1277	43442	55995	gene-Peve_00004455	63.54117528	185
Porites_evermani_scaffold_1277	61244	69500	gene-Peve_00004441	21.0313391	102
Porites_evermani_scaffold_1277	70041	70670	gene-Peve_00004443	0	10
Porites_evermani_scaffold_1277	71928	77404	gene-Peve_00004444	36.84678968	111
Porites_evermani_scaffold_1277	81438	88958	gene-Peve_00004445	0.8458853435	131
Porites_evermani_scaffold_1277	94456	101963	gene-Peve_00004446	0.1057082442	86
Porites_evermani_scaffold_1277	110771	115691	gene-Peve_00004447	0.4185304355	124
Porites_evermani_scaffold_1277	118226	122414	gene-Peve_00004448	0.3184866034	58
Porites_evermani_scaffold_1277	129897	132587	gene-Peve_00004450	0.4548685075	67
Porites_evermani_scaffold_1277	135931	136255	gene-Peve_00004451	.	0
Porites_evermani_scaffold_1278	17664	18564	gene-Peve_00004464	0	23
Porites_evermani_scaffold_1278	40194	43156	gene-Peve_00004456	68.040094	46
Porites_evermani_scaffold_1278	43709	47182	gene-Peve_00004457	50.7472528	5
Porites_evermani_scaffold_1278	47769	51020	gene-Peve_00004459	76.782107	6
Porites_evermani_scaffold_1278	59905	60406	gene-Peve_00004460	.	0
Porites_evermani_scaffold_1278	71997	72393	gene-Peve_00004461	8.333333	1
Porites_evermani_scaffold_1278	82850	95993	gene-Peve_00004462	7.427189103	145
Porites_evermani_scaffold_1278	98530	139352	gene-Peve_00004463	12.0829218	472
Porites_evermani_scaffold_1279	21921	22665	gene-Peve_00004467	.	0
Porites_evermani_scaffold_1279	47121	50118	gene-Peve_00004465	0.2169625299	117
Porites_evermani_scaffold_1279	98915	113421	gene-Peve_00004468	0.9243717484	159
Porites_evermani_scaffold_1279	116553	127986	gene-Peve_00004469	2.183894357	224
Porites_evermani_scaffold_128	9094	22947	gene-Peve_00004470	33.68269725	81
Porites_evermani_scaffold_128	23910	25512	gene-Peve_00004483	24.27533807	45
Porites_evermani_scaffold_128	33836	45145	gene-Peve_00004497	31.8434513	102
Porites_evermani_scaffold_128	49166	65153	gene-Peve_00004471	41.79982768	245
Porites_evermani_scaffold_128	65413	66407	gene-Peve_00004482	0.5917159615	26
Porites_evermani_scaffold_128	76552	78032	gene-Peve_00004484	0	47
Porites_evermani_scaffold_128	79802	84257	gene-Peve_00004485	71.95863736	50
Porites_evermani_scaffold_128	84986	93172	gene-Peve_00004486	40.88119625	140
Porites_evermani_scaffold_128	95890	105124	gene-Peve_00004487	47.3747177	84
Porites_evermani_scaffold_128	121637	125645	gene-Peve_00004489	0.2850621583	120
Porites_evermani_scaffold_128	129689	136393	gene-Peve_00004490	0.6606911176	221
Porites_evermani_scaffold_128	137924	145148	gene-Peve_00004491	0.427970701	194
Porites_evermani_scaffold_128	147443	155334	gene-Peve_00004492	57.2005614	134
Porites_evermani_scaffold_128	161553	178307	gene-Peve_00004493	0.4439766133	406
Porites_evermani_scaffold_128	184800	196254	gene-Peve_00004494	0.5230990442	317
Porites_evermani_scaffold_128	200708	217003	gene-Peve_00004495	0.3990602375	320
Porites_evermani_scaffold_128	225934	227041	gene-Peve_00004496	0.8342386053	38
Porites_evermani_scaffold_128	240925	242650	gene-Peve_00004498	0	29
Porites_evermani_scaffold_128	255099	256137	gene-Peve_00004499	0.289855087	23
Porites_evermani_scaffold_128	266664	268767	gene-Peve_00004500	0.3566867356	87
Porites_evermani_scaffold_128	271946	285702	gene-Peve_00004501	0.9622355192	364
Porites_evermani_scaffold_128	286680	298823	gene-Peve_00004502	0.1478582329	292
Porites_evermani_scaffold_128	301772	305253	gene-Peve_00004503	45.18415448	42
Porites_evermani_scaffold_128	305323	310098	gene-Peve_00004504	43.43078278	78
Porites_evermani_scaffold_128	311498	326524	gene-Peve_00004505	47.47437948	122
Porites_evermani_scaffold_128	318314	322161	gene-Peve_00004506	50	3
Porites_evermani_scaffold_128	329478	338978	gene-Peve_00004472	20.85634448	119
Porites_evermani_scaffold_128	344730	345909	gene-Peve_00004473	0.6646131667	36
Porites_evermani_scaffold_128	346845	388950	gene-Peve_00004474	9.003622715	964
Porites_evermani_scaffold_128	389357	397323	gene-Peve_00004477	65.80155813	98
Porites_evermani_scaffold_128	400503	414323	gene-Peve_00004478	5.285365003	386
Porites_evermani_scaffold_128	416281	429404	gene-Peve_00004479	23.40558489	214
Porites_evermani_scaffold_128	429555	438099	gene-Peve_00004480	56.07692942	129
Porites_evermani_scaffold_128	457201	460735	gene-Peve_00004481	51.43198737	46
Porites_evermani_scaffold_1280	5986	8927	gene-Peve_00004507	66.86868689	9
Porites_evermani_scaffold_1280	34871	38518	gene-Peve_00004509	0	4
Porites_evermani_scaffold_1280	48956	138665	gene-Peve_00004510	5.442920303	66
Porites_evermani_scaffold_1280	98073	99183	gene-Peve_00004508	.	0
Porites_evermani_scaffold_1281	2309	5851	gene-Peve_00004511	65.21086371	38
Porites_evermani_scaffold_1281	8939	9803	gene-Peve_00004519	0	27
Porites_evermani_scaffold_1281	29135	50392	gene-Peve_00004520	6.308095363	339
Porites_evermani_scaffold_1281	58667	60683	gene-Peve_00004521	0.3089720784	51
Porites_evermani_scaffold_1281	61956	65645	gene-Peve_00004512	0	50
Porites_evermani_scaffold_1281	67385	71228	gene-Peve_00004513	.	0
Porites_evermani_scaffold_1281	72035	90441	gene-Peve_00004514	10.33530988	339
Porites_evermani_scaffold_1281	90606	100441	gene-Peve_00004515	55.38033561	46
Porites_evermani_scaffold_1281	103729	119086	gene-Peve_00004516	65.51724337	217
Porites_evermani_scaffold_1281	119140	120076	gene-Peve_00004517	6.53357531	29
Porites_evermani_scaffold_1281	123722	124631	gene-Peve_00004518	0	29
Porites_evermani_scaffold_1282	322	6486	gene-Peve_00004522	0.3360562442	172
Porites_evermani_scaffold_1282	23453	25630	gene-Peve_00004532	0.3779395319	47
Porites_evermani_scaffold_1282	51293	52391	gene-Peve_00004533	0.44444448	25
Porites_evermani_scaffold_1282	55832	60221	gene-Peve_00004534	3.699478898	98
Porites_evermani_scaffold_1282	61917	82195	gene-Peve_00004523	61.41072115	60
Porites_evermani_scaffold_1282	84677	91723	gene-Peve_00004524	28.50333022	72
Porites_evermani_scaffold_1282	93018	102901	gene-Peve_00004525	0.4360957024	252
Porites_evermani_scaffold_1282	103990	113541	gene-Peve_00004526	16.89504459	68
Porites_evermani_scaffold_1282	113646	120968	gene-Peve_00004527	0	10
Porites_evermani_scaffold_1282	123570	130024	gene-Peve_00004528	83.21678333	3
Porites_evermani_scaffold_1282	130782	131221	gene-Peve_00004529	.	0
Porites_evermani_scaffold_1282	131436	131874	gene-Peve_00004530	.	0
Porites_evermani_scaffold_1282	132841	134750	gene-Peve_00004531	.	0
Porites_evermani_scaffold_1283	9293	23517	gene-Peve_00004545	0.3701765946	185
Porites_evermani_scaffold_1283	26200	28645	gene-Peve_00004535	.	0
Porites_evermani_scaffold_1283	30789	52450	gene-Peve_00004536	16.84552241	335
Porites_evermani_scaffold_1283	33737	34879	gene-Peve_00004537	83.87408087	16
Porites_evermani_scaffold_1283	52867	54079	gene-Peve_00004538	0.2024291538	26
Porites_evermani_scaffold_1283	56881	60285	gene-Peve_00004539	57.52743027	44
Porites_evermani_scaffold_1283	60554	97769	gene-Peve_00004540	33.63703758	413
Porites_evermani_scaffold_1283	100195	107282	gene-Peve_00004541	0.07194244604	139
Porites_evermani_scaffold_1283	107438	110593	gene-Peve_00004542	29.98885727	26
Porites_evermani_scaffold_1283	113718	123041	gene-Peve_00004543	69.4142878	123
Porites_evermani_scaffold_1283	125159	134087	gene-Peve_00004544	65.47053847	130
Porites_evermani_scaffold_1284	13454	16685	gene-Peve_00004546	0	7
Porites_evermani_scaffold_1284	21904	38975	gene-Peve_00004549	8.038967363	193
Porites_evermani_scaffold_1284	46202	54491	gene-Peve_00004553	1.192039853	258
Porites_evermani_scaffold_1284	54898	55201	gene-Peve_00004554	0	10
Porites_evermani_scaffold_1284	57989	61664	gene-Peve_00004555	67.44450298	40
Porites_evermani_scaffold_1284	91580	104975	gene-Peve_00004547	0.2841088951	162
Porites_evermani_scaffold_1284	111725	120029	gene-Peve_00004548	63.44816472	110
Porites_evermani_scaffold_1284	122811	123867	gene-Peve_00004550	0.3246753182	44
Porites_evermani_scaffold_1284	126159	129167	gene-Peve_00004551	24.71177943	21
Porites_evermani_scaffold_1284	130167	137456	gene-Peve_00004552	82.88071822	51
Porites_evermani_scaffold_1285	11204	12775	gene-Peve_00004557	0.8602150323	31
Porites_evermani_scaffold_1285	16283	17741	gene-Peve_00004561	0.5727386806	72
Porites_evermani_scaffold_1285	30263	30827	gene-Peve_00004564	0.515873	10
Porites_evermani_scaffold_1285	65569	69547	gene-Peve_00004556	1.737818782	87
Porites_evermani_scaffold_1285	78391	79159	gene-Peve_00004558	2.735260714	21
Porites_evermani_scaffold_1285	89930	94414	gene-Peve_00004559	.	0
Porites_evermani_scaffold_1285	104937	105726	gene-Peve_00004560	.	0
Porites_evermani_scaffold_1285	108430	108796	gene-Peve_00004562	0	8
Porites_evermani_scaffold_1285	115830	116190	gene-Peve_00004563	2.564102667	3
Porites_evermani_scaffold_1286	3988	23503	gene-Peve_00004568	0	5
Porites_evermani_scaffold_1286	38973	42410	gene-Peve_00004565	0	1
Porites_evermani_scaffold_1286	45484	64530	gene-Peve_00004566	61.23402959	69
Porites_evermani_scaffold_1286	69900	91159	gene-Peve_00004567	12.21499012	65
Porites_evermani_scaffold_1286	100378	107016	gene-Peve_00004569	0.8282546533	199
Porites_evermani_scaffold_1286	110910	116058	gene-Peve_00004571	0.7784032653	49
Porites_evermani_scaffold_1286	118353	118704	gene-Peve_00004572	.	0
Porites_evermani_scaffold_1286	122219	128272	gene-Peve_00004570	75.30312793	28
Porites_evermani_scaffold_1286	131008	133787	gene-Peve_00004573	0	3
Porites_evermani_scaffold_1287	2542	3268	gene-Peve_00004574	0.4201680588	17
Porites_evermani_scaffold_1287	14118	44742	gene-Peve_00004579	2.274027562	105
Porites_evermani_scaffold_1287	59812	78574	gene-Peve_00004575	0.3154180348	115
Porites_evermani_scaffold_1287	81035	109895	gene-Peve_00004576	38.94002843	53
Porites_evermani_scaffold_1287	110401	110635	gene-Peve_00004577	0.6678628182	11
Porites_evermani_scaffold_1287	113596	114691	gene-Peve_00004578	0	24
Porites_evermani_scaffold_1288	674	5912	gene-Peve_00004580	32.90741865	23
Porites_evermani_scaffold_1288	11876	18900	gene-Peve_00004591	0.1623376597	144
Porites_evermani_scaffold_1288	23148	23919	gene-Peve_00004592	.	0
Porites_evermani_scaffold_1288	23850	30811	gene-Peve_00004593	0.9603513889	54
Porites_evermani_scaffold_1288	29628	32325	gene-Peve_00004581	.	0
Porites_evermani_scaffold_1288	37903	38257	gene-Peve_00004582	4.155844143	7
Porites_evermani_scaffold_1288	39409	40360	gene-Peve_00004583	0.53212075	32
Porites_evermani_scaffold_1288	53238	53748	gene-Peve_00004584	0	27
Porites_evermani_scaffold_1288	59232	60171	gene-Peve_00004586	2.568916179	39
Porites_evermani_scaffold_1288	63025	64366	gene-Peve_00004587	0.8939394	40
Porites_evermani_scaffold_1288	100008	100959	gene-Peve_00004588	2.740384625	24
Porites_evermani_scaffold_1288	108734	110130	gene-Peve_00004589	0	6
Porites_evermani_scaffold_1288	117147	117546	gene-Peve_00004590	.	0
Porites_evermani_scaffold_1289	118	15099	gene-Peve_00004594	2.68660783	376
Porites_evermani_scaffold_1289	45878	49582	gene-Peve_00004601	2.352193273	11
Porites_evermani_scaffold_1289	80705	82854	gene-Peve_00004595	.	0
Porites_evermani_scaffold_1289	88100	102023	gene-Peve_00004596	0.2854328316	95
Porites_evermani_scaffold_1289	111751	112282	gene-Peve_00004597	.	0
Porites_evermani_scaffold_1289	116645	117506	gene-Peve_00004598	.	0
Porites_evermani_scaffold_1289	118859	119684	gene-Peve_00004599	.	0
Porites_evermani_scaffold_1289	127935	132568	gene-Peve_00004600	88.14231251	41
Porites_evermani_scaffold_129	60346	67679	gene-Peve_00004620	69.62903115	68
Porites_evermani_scaffold_129	71470	89430	gene-Peve_00004622	6.777679078	243
Porites_evermani_scaffold_129	93489	110652	gene-Peve_00004624	0.519150623	488
Porites_evermani_scaffold_129	120331	127675	gene-Peve_00004608	0	10
Porites_evermani_scaffold_129	134329	154867	gene-Peve_00004612	23.95030891	195
Porites_evermani_scaffold_129	163883	167185	gene-Peve_00004614	0.4823606373	102
Porites_evermani_scaffold_129	184459	187743	gene-Peve_00004621	7.157947326	46
Porites_evermani_scaffold_129	213035	216771	gene-Peve_00004623	1.599634463	108
Porites_evermani_scaffold_129	223911	234119	gene-Peve_00004625	39.93923106	173
Porites_evermani_scaffold_129	253266	253525	gene-Peve_00004627	0	3
Porites_evermani_scaffold_129	253736	255893	gene-Peve_00004628	0	4
Porites_evermani_scaffold_129	258903	262419	gene-Peve_00004629	0.2976190357	28
Porites_evermani_scaffold_129	284167	289663	gene-Peve_00004602	0.5473138969	97
Porites_evermani_scaffold_129	300706	301389	gene-Peve_00004603	.	0
Porites_evermani_scaffold_129	321392	327154	gene-Peve_00004604	0	25
Porites_evermani_scaffold_129	329707	330296	gene-Peve_00004606	1.5151515	6
Porites_evermani_scaffold_129	339930	343969	gene-Peve_00004607	8.993007	5
Porites_evermani_scaffold_129	345522	346249	gene-Peve_00004609	16.66666667	3
Porites_evermani_scaffold_129	350828	360923	gene-Peve_00004610	23.34191495	81
Porites_evermani_scaffold_129	376801	387295	gene-Peve_00004611	20.44902005	65
Porites_evermani_scaffold_129	395071	398737	gene-Peve_00004613	0.5555555417	48
Porites_evermani_scaffold_129	411077	412923	gene-Peve_00004615	.	0
Porites_evermani_scaffold_129	425244	429225	gene-Peve_00004616	0.7798723043	46
Porites_evermani_scaffold_129	448100	451832	gene-Peve_00004618	0.4665163364	107
Porites_evermani_scaffold_129	456552	457964	gene-Peve_00004619	2	5
Porites_evermani_scaffold_1290	10462	13012	gene-Peve_00004631	31.81181565	17
Porites_evermani_scaffold_1290	13115	14673	gene-Peve_00004637	33.45034931	13
Porites_evermani_scaffold_1290	45994	48985	gene-Peve_00004630	0.277051	63
Porites_evermani_scaffold_1290	66232	68730	gene-Peve_00004632	1.468531462	13
Porites_evermani_scaffold_1290	71725	73704	gene-Peve_00004633	0	12
Porites_evermani_scaffold_1290	76638	78793	gene-Peve_00004634	1.031941027	37
Porites_evermani_scaffold_1290	134189	134593	gene-Peve_00004636	.	0
Porites_evermani_scaffold_1291	12604	18984	gene-Peve_00004644	0.2783134138	87
Porites_evermani_scaffold_1291	34096	38718	gene-Peve_00004649	0.4846070971	103
Porites_evermani_scaffold_1291	45987	58734	gene-Peve_00004650	22.56623919	81
Porites_evermani_scaffold_1291	61068	66085	gene-Peve_00004639	.	0
Porites_evermani_scaffold_1291	68880	77965	gene-Peve_00004640	66.64650116	55
Porites_evermani_scaffold_1291	78035	86218	gene-Peve_00004641	83.27189128	61
Porites_evermani_scaffold_1291	90836	101478	gene-Peve_00004642	67.3730944	140
Porites_evermani_scaffold_1291	101641	108790	gene-Peve_00004643	0.36993465	100
Porites_evermani_scaffold_1291	110638	117575	gene-Peve_00004645	26.76019204	82
Porites_evermani_scaffold_1291	118536	123831	gene-Peve_00004646	0.5373761364	132
Porites_evermani_scaffold_1291	125715	127011	gene-Peve_00004647	14.34153074	34
Porites_evermani_scaffold_1291	136760	137510	gene-Peve_00004648	48.88419277	13
Porites_evermani_scaffold_1292	195	13150	gene-Peve_00004651	11.30568947	342
Porites_evermani_scaffold_1292	26345	27705	gene-Peve_00004654	18.83901942	24
Porites_evermani_scaffold_1292	84047	131985	gene-Peve_00004656	1.910899735	1196
Porites_evermani_scaffold_1292	100929	102084	gene-Peve_00004653	1.802248667	18
Porites_evermani_scaffold_1293	18799	19924	gene-Peve_00004663	0.2756773913	46
Porites_evermani_scaffold_1293	25977	42983	gene-Peve_00004657	0.4671278719	437
Porites_evermani_scaffold_1293	31627	33781	gene-Peve_00004658	0.04960317857	84
Porites_evermani_scaffold_1293	93114	112031	gene-Peve_00004659	0	27
Porites_evermani_scaffold_1293	115928	120709	gene-Peve_00004660	.	0
Porites_evermani_scaffold_1293	131211	131772	gene-Peve_00004662	.	0
Porites_evermani_scaffold_1294	7684	11148	gene-Peve_00004664	8.507796056	18
Porites_evermani_scaffold_1294	16969	21019	gene-Peve_00004668	16.20322867	100
Porites_evermani_scaffold_1294	27470	34826	gene-Peve_00004674	0.08810116418	134
Porites_evermani_scaffold_1294	45569	46682	gene-Peve_00004675	2	15
Porites_evermani_scaffold_1294	64725	73999	gene-Peve_00004665	57.17591494	69
Porites_evermani_scaffold_1294	76392	78908	gene-Peve_00004666	63.5916883	27
Porites_evermani_scaffold_1294	85402	86281	gene-Peve_00004667	0.6410256154	13
Porites_evermani_scaffold_1294	93318	95385	gene-Peve_00004669	46.16343087	38
Porites_evermani_scaffold_1294	95707	99041	gene-Peve_00004670	32.75801335	37
Porites_evermani_scaffold_1294	101909	115745	gene-Peve_00004671	80.65993919	74
Porites_evermani_scaffold_1294	115941	119351	gene-Peve_00004672	89.43181825	8
Porites_evermani_scaffold_1294	121669	137689	gene-Peve_00004673	70.96304774	34
Porites_evermani_scaffold_1295	3409	4387	gene-Peve_00004676	0.1930501892	37
Porites_evermani_scaffold_1295	5033	10407	gene-Peve_00004684	0.3204932431	144
Porites_evermani_scaffold_1295	16747	20666	gene-Peve_00004685	0.2552954261	115
Porites_evermani_scaffold_1295	39166	54080	gene-Peve_00004677	0.5385882444	405
Porites_evermani_scaffold_1295	66343	69020	gene-Peve_00004678	.	0
Porites_evermani_scaffold_1295	75049	75919	gene-Peve_00004679	0	35
Porites_evermani_scaffold_1295	77320	82957	gene-Peve_00004680	0.09157508974	78
Porites_evermani_scaffold_1295	83892	94192	gene-Peve_00004681	0.472474825	160
Porites_evermani_scaffold_1295	104176	107318	gene-Peve_00004682	0.4164257928	111
Porites_evermani_scaffold_1295	110176	121986	gene-Peve_00004683	1.106426742	163
Porites_evermani_scaffold_1296	2392	6962	gene-Peve_00004686	0	19
Porites_evermani_scaffold_1296	11713	17867	gene-Peve_00004695	0.6734006667	27
Porites_evermani_scaffold_1296	19017	28352	gene-Peve_00004696	0.41666665	20
Porites_evermani_scaffold_1296	35881	42302	gene-Peve_00004697	0.3875968837	43
Porites_evermani_scaffold_1296	46074	50590	gene-Peve_00004687	0.1380262273	66
Porites_evermani_scaffold_1296	55001	61216	gene-Peve_00004688	0.4324165897	117
Porites_evermani_scaffold_1296	68593	70498	gene-Peve_00004689	2.227944414	29
Porites_evermani_scaffold_1296	75046	89366	gene-Peve_00004690	0.4416039904	312
Porites_evermani_scaffold_1296	91214	94010	gene-Peve_00004691	73.60493233	21
Porites_evermani_scaffold_1296	97292	109037	gene-Peve_00004692	6.25	16
Porites_evermani_scaffold_1296	111576	124165	gene-Peve_00004693	45.58404556	9
Porites_evermani_scaffold_1296	129133	136404	gene-Peve_00004694	80	1
Porites_evermani_scaffold_1297	9018	37672	gene-Peve_00004701	0	7
Porites_evermani_scaffold_1297	39651	40062	gene-Peve_00004698	.	0
Porites_evermani_scaffold_1297	45848	57660	gene-Peve_00004700	0	8
Porites_evermani_scaffold_1297	77062	113188	gene-Peve_00004699	0.6027340286	175
Porites_evermani_scaffold_1298	4295	7640	gene-Peve_00004707	17.21649592	48
Porites_evermani_scaffold_1298	8067	66520	gene-Peve_00004708	14.68006077	658
Porites_evermani_scaffold_1298	66811	102847	gene-Peve_00004703	12.44092235	352
Porites_evermani_scaffold_1298	69244	70447	gene-Peve_00004705	0	42
Porites_evermani_scaffold_1298	91269	91618	gene-Peve_00004706	0	1
Porites_evermani_scaffold_1298	102954	129486	gene-Peve_00004704	14.13616286	273
Porites_evermani_scaffold_1299	567	14228	gene-Peve_00004709	9.822351322	292
Porites_evermani_scaffold_1299	66334	68191	gene-Peve_00004710	0.8097166154	13
Porites_evermani_scaffold_1299	74067	80371	gene-Peve_00004711	2.224920007	135
Porites_evermani_scaffold_1299	89780	133481	gene-Peve_00004712	2.944739119	1222
Porites_evermani_scaffold_13	1094	27008	gene-Peve_00004715	15.6882315	510
Porites_evermani_scaffold_13	36090	37026	gene-Peve_00004748	0	22
Porites_evermani_scaffold_13	37795	68838	gene-Peve_00004751	9.601296382	545
Porites_evermani_scaffold_13	72187	74587	gene-Peve_00004769	0.3627827465	71
Porites_evermani_scaffold_13	78566	108806	gene-Peve_00004724	13.13954179	549
Porites_evermani_scaffold_13	120576	126716	gene-Peve_00004749	33.88699178	55
Porites_evermani_scaffold_13	129974	131084	gene-Peve_00004750	0.6062505789	57
Porites_evermani_scaffold_13	138058	140749	gene-Peve_00004752	0	24
Porites_evermani_scaffold_13	150548	176536	gene-Peve_00004753	31.71812886	441
Porites_evermani_scaffold_13	181712	186118	gene-Peve_00004755	42.69006287	67
Porites_evermani_scaffold_13	186395	212485	gene-Peve_00004756	48.47369633	320
Porites_evermani_scaffold_13	217183	235303	gene-Peve_00004757	4.177338034	292
Porites_evermani_scaffold_13	243960	258390	gene-Peve_00004758	36.93927266	220
Porites_evermani_scaffold_13	264162	279857	gene-Peve_00004759	1.172967428	222
Porites_evermani_scaffold_13	279821	291657	gene-Peve_00004760	1.064146514	292
Porites_evermani_scaffold_13	297710	313770	gene-Peve_00004761	0.8228813068	176
Porites_evermani_scaffold_13	324574	326651	gene-Peve_00004762	0.2160737826	69
Porites_evermani_scaffold_13	338571	345549	gene-Peve_00004763	1.190897128	47
Porites_evermani_scaffold_13	349130	362704	gene-Peve_00004764	1.11643523	209
Porites_evermani_scaffold_13	379701	392345	gene-Peve_00004765	0.660861531	258
Porites_evermani_scaffold_13	398114	401153	gene-Peve_00004766	35.1304219	30
Porites_evermani_scaffold_13	403831	414043	gene-Peve_00004767	4.6245307	223
Porites_evermani_scaffold_13	436236	445381	gene-Peve_00004770	2.427291424	349
Porites_evermani_scaffold_13	448439	452643	gene-Peve_00004771	33.46557012	52
Porites_evermani_scaffold_13	458114	505655	gene-Peve_00004772	4.672880675	1028
Porites_evermani_scaffold_13	525509	530116	gene-Peve_00004773	1.05262595	140
Porites_evermani_scaffold_13	531817	552599	gene-Peve_00004774	0.2288931767	266
Porites_evermani_scaffold_13	561770	572648	gene-Peve_00004776	0.3508771974	76
Porites_evermani_scaffold_13	590511	631087	gene-Peve_00004775	0.6871958202	595
Porites_evermani_scaffold_13	637258	660149	gene-Peve_00004716	4.134244414	261
Porites_evermani_scaffold_13	660243	663434	gene-Peve_00004717	56.566061	19
Porites_evermani_scaffold_13	665249	674700	gene-Peve_00004718	19.8258954	154
Porites_evermani_scaffold_13	669974	670769	gene-Peve_00004719	.	0
Porites_evermani_scaffold_13	677562	685524	gene-Peve_00004720	62.01677975	102
Porites_evermani_scaffold_13	690107	691584	gene-Peve_00004721	0.4265872917	48
Porites_evermani_scaffold_13	697862	715921	gene-Peve_00004722	15.53839092	226
Porites_evermani_scaffold_13	721553	722789	gene-Peve_00004723	0.2908855882	51
Porites_evermani_scaffold_13	724616	725012	gene-Peve_00004725	0	4
Porites_evermani_scaffold_13	728448	731546	gene-Peve_00004726	65.16713694	50
Porites_evermani_scaffold_13	731853	738840	gene-Peve_00004727	50.6811913	70
Porites_evermani_scaffold_13	747014	749588	gene-Peve_00004728	13.420363	58
Porites_evermani_scaffold_13	751719	755395	gene-Peve_00004729	59.387997	64
Porites_evermani_scaffold_13	760425	781718	gene-Peve_00004730	8.745683402	433
Porites_evermani_scaffold_13	784653	791397	gene-Peve_00004731	10.08071689	96
Porites_evermani_scaffold_13	794911	816963	gene-Peve_00004732	12.53590649	336
Porites_evermani_scaffold_13	819318	821672	gene-Peve_00004733	0.1602564038	52
Porites_evermani_scaffold_13	823906	827893	gene-Peve_00004734	45.59990313	55
Porites_evermani_scaffold_13	843831	867583	gene-Peve_00004736	16.92003067	421
Porites_evermani_scaffold_13	873332	883387	gene-Peve_00004737	33.13323744	138
Porites_evermani_scaffold_13	939599	972724	gene-Peve_00004738	0.7498015252	832
Porites_evermani_scaffold_13	980615	981164	gene-Peve_00004739	0.3333333333	12
Porites_evermani_scaffold_13	986083	986569	gene-Peve_00004740	0	10
Porites_evermani_scaffold_13	995873	996647	gene-Peve_00004741	0.2639852903	31
Porites_evermani_scaffold_13	1021095	1024977	gene-Peve_00004743	.	0
Porites_evermani_scaffold_13	1039312	1046456	gene-Peve_00004744	0.36516278	50
Porites_evermani_scaffold_13	1085625	1089152	gene-Peve_00004746	0	47
Porites_evermani_scaffold_130	7262	23625	gene-Peve_00004777	0.6559692426	404
Porites_evermani_scaffold_130	27799	28768	gene-Peve_00004785	0.6305114722	36
Porites_evermani_scaffold_130	29670	30549	gene-Peve_00004788	0.16666668	25
Porites_evermani_scaffold_130	34342	35233	gene-Peve_00004796	0	38
Porites_evermani_scaffold_130	40465	110618	gene-Peve_00004802	5.903530093	1352
Porites_evermani_scaffold_130	111570	115789	gene-Peve_00004780	10.57176682	33
Porites_evermani_scaffold_130	112694	121110	gene-Peve_00004781	33.31410229	68
Porites_evermani_scaffold_130	121515	137046	gene-Peve_00004782	10.03079454	273
Porites_evermani_scaffold_130	137916	144067	gene-Peve_00004783	91.13253049	59
Porites_evermani_scaffold_130	149710	152468	gene-Peve_00004784	53.22873912	34
Porites_evermani_scaffold_130	156238	170179	gene-Peve_00004786	71.76827394	154
Porites_evermani_scaffold_130	158812	159898	gene-Peve_00004787	86.04201322	23
Porites_evermani_scaffold_130	182750	212702	gene-Peve_00004790	1.095348826	597
Porites_evermani_scaffold_130	218860	222106	gene-Peve_00004791	32.81328868	31
Porites_evermani_scaffold_130	246134	247494	gene-Peve_00004793	74.8272209	21
Porites_evermani_scaffold_130	258006	289217	gene-Peve_00004794	0.7683112067	450
Porites_evermani_scaffold_130	293780	306039	gene-Peve_00004795	49.05389908	97
Porites_evermani_scaffold_130	315247	319773	gene-Peve_00004797	41.09690796	45
Porites_evermani_scaffold_130	322148	331226	gene-Peve_00004798	10.23620183	157
Porites_evermani_scaffold_130	340442	341015	gene-Peve_00004799	0	21
Porites_evermani_scaffold_130	347382	354258	gene-Peve_00004800	19.30129052	137
Porites_evermani_scaffold_130	358243	387496	gene-Peve_00004801	21.5148084	408
Porites_evermani_scaffold_130	388938	394209	gene-Peve_00004803	0.2523526159	138
Porites_evermani_scaffold_130	409429	420639	gene-Peve_00004804	0.3903424888	223
Porites_evermani_scaffold_130	453986	455328	gene-Peve_00004778	0.295858	26
Porites_evermani_scaffold_1300	16857	17853	gene-Peve_00004808	6.17876985	20
Porites_evermani_scaffold_1300	20327	21260	gene-Peve_00004817	.	0
Porites_evermani_scaffold_1300	29639	30656	gene-Peve_00004818	0.2503485918	49
Porites_evermani_scaffold_1300	33699	35701	gene-Peve_00004806	0.188700197	66
Porites_evermani_scaffold_1300	37749	38733	gene-Peve_00004807	0	35
Porites_evermani_scaffold_1300	48361	53477	gene-Peve_00004809	0.36553725	112
Porites_evermani_scaffold_1300	58825	63179	gene-Peve_00004810	54.71354914	78
Porites_evermani_scaffold_1300	84284	85284	gene-Peve_00004812	0.1972386667	39
Porites_evermani_scaffold_1300	87993	94344	gene-Peve_00004813	44.88284289	76
Porites_evermani_scaffold_1300	97454	110761	gene-Peve_00004814	11.94604014	287
Porites_evermani_scaffold_1300	111801	125498	gene-Peve_00004815	5.920552809	277
Porites_evermani_scaffold_1300	134405	136783	gene-Peve_00004816	0.50324675	56
Porites_evermani_scaffold_1301	7783	8253	gene-Peve_00004819	.	0
Porites_evermani_scaffold_1301	14363	14999	gene-Peve_00004826	5.136864412	17
Porites_evermani_scaffold_1301	54817	55407	gene-Peve_00004821	.	0
Porites_evermani_scaffold_1301	76346	92563	gene-Peve_00004822	12.64309756	9
Porites_evermani_scaffold_1301	118813	119512	gene-Peve_00004825	0	16
Porites_evermani_scaffold_1302	4607	5808	gene-Peve_00004829	0	2
Porites_evermani_scaffold_1302	20198	25821	gene-Peve_00004836	0.3440505497	171
Porites_evermani_scaffold_1302	29746	39291	gene-Peve_00004837	1.645562547	254
Porites_evermani_scaffold_1302	40938	43256	gene-Peve_00004830	0.695581	47
Porites_evermani_scaffold_1302	44703	57443	gene-Peve_00004831	8.130668543	210
Porites_evermani_scaffold_1302	60248	95541	gene-Peve_00004832	0.5890815966	704
Porites_evermani_scaffold_1302	102639	103185	gene-Peve_00004833	0	8
Porites_evermani_scaffold_1302	107854	136733	gene-Peve_00004835	0.4221053578	858
Porites_evermani_scaffold_1303	4403	5922	gene-Peve_00004839	0	28
Porites_evermani_scaffold_1303	8472	9969	gene-Peve_00004841	4.97344775	12
Porites_evermani_scaffold_1303	10114	10624	gene-Peve_00004848	0	1
Porites_evermani_scaffold_1303	13787	14309	gene-Peve_00004850	5.587121167	6
Porites_evermani_scaffold_1303	18017	18539	gene-Peve_00004854	0	4
Porites_evermani_scaffold_1303	50229	50667	gene-Peve_00004842	0	7
Porites_evermani_scaffold_1303	60062	62105	gene-Peve_00004843	52.43117988	26
Porites_evermani_scaffold_1303	66987	68137	gene-Peve_00004844	.	0
Porites_evermani_scaffold_1303	70094	71381	gene-Peve_00004845	20	1
Porites_evermani_scaffold_1303	73970	87601	gene-Peve_00004847	0.4328160468	171
Porites_evermani_scaffold_1303	89922	106830	gene-Peve_00004846	7.753390276	341
Porites_evermani_scaffold_1303	111305	130651	gene-Peve_00004849	0.5883275516	339
Porites_evermani_scaffold_1303	133116	133464	gene-Peve_00004851	.	0
Porites_evermani_scaffold_1303	133527	134154	gene-Peve_00004852	.	0
Porites_evermani_scaffold_1303	135686	136856	gene-Peve_00004853	0	36
Porites_evermani_scaffold_1304	19048	19779	gene-Peve_00004855	.	0
Porites_evermani_scaffold_1304	31660	32791	gene-Peve_00004856	.	0
Porites_evermani_scaffold_1304	45416	46997	gene-Peve_00004857	13.63135835	23
Porites_evermani_scaffold_1304	50834	95925	gene-Peve_00004859	0.5172664728	679
Porites_evermani_scaffold_1304	131203	135182	gene-Peve_00004858	0.1951536977	43
Porites_evermani_scaffold_1305	23448	27238	gene-Peve_00004860	52.3636364	5
Porites_evermani_scaffold_1305	29489	30954	gene-Peve_00004870	1.111111111	9
Porites_evermani_scaffold_1305	30963	31686	gene-Peve_00004871	0	1
Porites_evermani_scaffold_1305	38142	41020	gene-Peve_00004861	0	13
Porites_evermani_scaffold_1305	50586	53242	gene-Peve_00004862	0	25
Porites_evermani_scaffold_1305	56948	63096	gene-Peve_00004863	2.767676767	30
Porites_evermani_scaffold_1305	78108	87908	gene-Peve_00004865	0.5555555333	15
Porites_evermani_scaffold_1305	112305	116026	gene-Peve_00004867	0.295858	26
Porites_evermani_scaffold_1305	124803	125596	gene-Peve_00004868	.	0
Porites_evermani_scaffold_1305	125920	126376	gene-Peve_00004869	.	0
Porites_evermani_scaffold_1306	1178	10610	gene-Peve_00004872	.	0
Porites_evermani_scaffold_1306	11077	29255	gene-Peve_00004875	.	0
Porites_evermani_scaffold_1306	44136	44553	gene-Peve_00004876	.	0
Porites_evermani_scaffold_1306	72349	72781	gene-Peve_00004873	0	8
Porites_evermani_scaffold_1307	838	4126	gene-Peve_00004877	0.2849002963	27
Porites_evermani_scaffold_1307	21894	58726	gene-Peve_00004881	4.796696095	283
Porites_evermani_scaffold_1307	32579	37178	gene-Peve_00004883	1.458672742	31
Porites_evermani_scaffold_1307	66740	77445	gene-Peve_00004878	0.8571428571	35
Porites_evermani_scaffold_1307	89033	90024	gene-Peve_00004879	.	0
Porites_evermani_scaffold_1307	100149	101475	gene-Peve_00004880	.	0
Porites_evermani_scaffold_1307	108547	117947	gene-Peve_00004882	5.382496273	11
Porites_evermani_scaffold_1307	120229	122978	gene-Peve_00004884	0	5
Porites_evermani_scaffold_1307	127242	128934	gene-Peve_00004885	.	0
Porites_evermani_scaffold_1308	1320	7865	gene-Peve_00004886	73.46888119	63
Porites_evermani_scaffold_1308	8781	10773	gene-Peve_00004891	77.85367045	11
Porites_evermani_scaffold_1308	11550	17354	gene-Peve_00004892	.	0
Porites_evermani_scaffold_1308	26424	27851	gene-Peve_00004893	0	12
Porites_evermani_scaffold_1308	30442	71921	gene-Peve_00004894	20.26181596	185
Porites_evermani_scaffold_1308	73960	82677	gene-Peve_00004895	.	0
Porites_evermani_scaffold_1308	87591	91142	gene-Peve_00004896	19.19054458	57
Porites_evermani_scaffold_1308	93575	101642	gene-Peve_00004887	6.477375	98
Porites_evermani_scaffold_1308	102735	106542	gene-Peve_00004888	58	5
Porites_evermani_scaffold_1308	106880	133260	gene-Peve_00004889	15.69108618	296
Porites_evermani_scaffold_1308	134495	136565	gene-Peve_00004890	0.2777777778	72
Porites_evermani_scaffold_1309	233	13027	gene-Peve_00004897	1.132901059	254
Porites_evermani_scaffold_1309	15949	24769	gene-Peve_00004902	23.57608427	101
Porites_evermani_scaffold_1309	25014	36367	gene-Peve_00004906	11.30243551	126
Porites_evermani_scaffold_1309	38491	40198	gene-Peve_00004907	0.1811594203	69
Porites_evermani_scaffold_1309	47873	52660	gene-Peve_00004908	17.22589385	46
Porites_evermani_scaffold_1309	52734	62079	gene-Peve_00004909	12.5454849	187
Porites_evermani_scaffold_1309	63941	67107	gene-Peve_00004898	1.307498067	60
Porites_evermani_scaffold_1309	74107	79567	gene-Peve_00004899	0.3997669	150
Porites_evermani_scaffold_1309	82037	87297	gene-Peve_00004901	0.641617637	135
Porites_evermani_scaffold_1309	91831	93511	gene-Peve_00004903	0.1240694839	62
Porites_evermani_scaffold_1309	97082	103014	gene-Peve_00004904	46.96979796	56
Porites_evermani_scaffold_1309	105355	135854	gene-Peve_00004905	6.959280224	728
Porites_evermani_scaffold_131	46	9685	gene-Peve_00004910	43.75	2
Porites_evermani_scaffold_131	12931	16610	gene-Peve_00004920	.	0
Porites_evermani_scaffold_131	23001	37474	gene-Peve_00004922	19.35054015	234
Porites_evermani_scaffold_131	107968	108910	gene-Peve_00004919	0.3472222333	30
Porites_evermani_scaffold_131	113523	121507	gene-Peve_00004921	0.6905026765	170
Porites_evermani_scaffold_131	125246	132738	gene-Peve_00004923	0.1587301594	138
Porites_evermani_scaffold_131	137931	143976	gene-Peve_00004924	0.4884929118	68
Porites_evermani_scaffold_131	147332	148274	gene-Peve_00004925	0.5027652222	27
Porites_evermani_scaffold_131	157981	168944	gene-Peve_00004926	0.5778900258	271
Porites_evermani_scaffold_131	175363	176452	gene-Peve_00004927	0	34
Porites_evermani_scaffold_131	188326	190075	gene-Peve_00004928	34.51019891	44
Porites_evermani_scaffold_131	194452	196442	gene-Peve_00004929	5.090702929	42
Porites_evermani_scaffold_131	196876	197929	gene-Peve_00004930	40.7867647	10
Porites_evermani_scaffold_131	198685	209522	gene-Peve_00004931	76.13963346	115
Porites_evermani_scaffold_131	217601	218960	gene-Peve_00004932	91.03048837	19
Porites_evermani_scaffold_131	221931	241963	gene-Peve_00004933	65.82089238	164
Porites_evermani_scaffold_131	246387	252542	gene-Peve_00004934	66.92866642	64
Porites_evermani_scaffold_131	253326	268688	gene-Peve_00004935	67.64232747	97
Porites_evermani_scaffold_131	346566	359842	gene-Peve_00004912	36.14563267	175
Porites_evermani_scaffold_131	363579	369365	gene-Peve_00004913	0.2859906028	141
Porites_evermani_scaffold_131	374894	378407	gene-Peve_00004914	0.8982183056	108
Porites_evermani_scaffold_131	379011	402497	gene-Peve_00004915	42.42810378	301
Porites_evermani_scaffold_131	408065	421132	gene-Peve_00004916	31.6861382	168
Porites_evermani_scaffold_131	423723	424658	gene-Peve_00004917	85.54484731	13
Porites_evermani_scaffold_131	426801	448789	gene-Peve_00004918	58.1649549	116
Porites_evermani_scaffold_1310	5523	6379	gene-Peve_00004936	27.06959708	13
Porites_evermani_scaffold_1310	9173	14320	gene-Peve_00004940	76.15384633	3
Porites_evermani_scaffold_1310	14488	42243	gene-Peve_00004944	21.081612	313
Porites_evermani_scaffold_1310	44206	58334	gene-Peve_00004937	20.07396856	183
Porites_evermani_scaffold_1310	60397	62828	gene-Peve_00004938	0.6009566	65
Porites_evermani_scaffold_1310	63412	68750	gene-Peve_00004939	75.94829963	62
Porites_evermani_scaffold_1310	70306	71789	gene-Peve_00004941	47.389205	23
Porites_evermani_scaffold_1310	73876	81710	gene-Peve_00004942	61.48630844	82
Porites_evermani_scaffold_1310	92445	93426	gene-Peve_00004943	0.4347826087	23
Porites_evermani_scaffold_1310	96551	136435	gene-Peve_00004945	15.85132179	531
Porites_evermani_scaffold_1311	560	6523	gene-Peve_00004946	46.60151796	76
Porites_evermani_scaffold_1311	8664	27834	gene-Peve_00004950	30.55767865	347
Porites_evermani_scaffold_1311	36303	40732	gene-Peve_00004952	83.49243433	15
Porites_evermani_scaffold_1311	40884	51399	gene-Peve_00004953	1.477272719	32
Porites_evermani_scaffold_1311	55341	70744	gene-Peve_00004947	50.62120807	134
Porites_evermani_scaffold_1311	79774	80197	gene-Peve_00004948	0.6493506429	14
Porites_evermani_scaffold_1312	6094	14825	gene-Peve_00004956	0.666666675	40
Porites_evermani_scaffold_1312	22395	24628	gene-Peve_00004965	1.385281381	21
Porites_evermani_scaffold_1312	41258	46559	gene-Peve_00004964	1.089309431	130
Porites_evermani_scaffold_1312	51420	59729	gene-Peve_00004954	0.3333333333	30
Porites_evermani_scaffold_1312	66084	78509	gene-Peve_00004955	0.5303030341	88
Porites_evermani_scaffold_1312	86474	96170	gene-Peve_00004957	0.58591797	200
Porites_evermani_scaffold_1312	97704	98610	gene-Peve_00004958	0.7703025172	29
Porites_evermani_scaffold_1312	104127	115269	gene-Peve_00004959	9.033180682	173
Porites_evermani_scaffold_1312	115726	127505	gene-Peve_00004960	39.89264213	61
Porites_evermani_scaffold_1312	128836	131158	gene-Peve_00004961	0.3681177209	129
Porites_evermani_scaffold_1312	133013	133769	gene-Peve_00004962	0.1633986944	36
Porites_evermani_scaffold_1312	134488	135011	gene-Peve_00004963	0.5027652222	27
Porites_evermani_scaffold_1313	837	9532	gene-Peve_00004966	44.75524477	13
Porites_evermani_scaffold_1313	9707	15445	gene-Peve_00004978	70.97756406	16
Porites_evermani_scaffold_1313	17508	43297	gene-Peve_00004979	48.93124609	297
Porites_evermani_scaffold_1313	46698	58455	gene-Peve_00004967	58.95964143	94
Porites_evermani_scaffold_1313	63154	64787	gene-Peve_00004968	0	39
Porites_evermani_scaffold_1313	65511	68673	gene-Peve_00004969	0.2995894245	106
Porites_evermani_scaffold_1313	71613	72445	gene-Peve_00004970	0.4385964737	19
Porites_evermani_scaffold_1313	73140	76429	gene-Peve_00004971	36.09279559	39
Porites_evermani_scaffold_1313	78571	80743	gene-Peve_00004972	84.189663	28
Porites_evermani_scaffold_1313	87747	91871	gene-Peve_00004973	44.64655749	55
Porites_evermani_scaffold_1313	95051	104918	gene-Peve_00004974	1.649909009	223
Porites_evermani_scaffold_1313	106164	121199	gene-Peve_00004975	28.95850492	213
Porites_evermani_scaffold_1313	122242	127143	gene-Peve_00004976	35.06327585	41
Porites_evermani_scaffold_1313	130510	134181	gene-Peve_00004977	.	0
Porites_evermani_scaffold_1314	660	9213	gene-Peve_00004980	0.9192277121	198
Porites_evermani_scaffold_1314	7376	8200	gene-Peve_00004985	3.560238286	14
Porites_evermani_scaffold_1314	11679	13592	gene-Peve_00004986	0.7726648571	28
Porites_evermani_scaffold_1314	49022	49571	gene-Peve_00004987	0.4739859048	21
Porites_evermani_scaffold_1314	63333	67828	gene-Peve_00004988	1.383653367	199
Porites_evermani_scaffold_1314	70902	111792	gene-Peve_00004989	0.9238841426	624
Porites_evermani_scaffold_1314	116499	117961	gene-Peve_00004981	0	28
Porites_evermani_scaffold_1314	121234	122567	gene-Peve_00004982	0.208333325	40
Porites_evermani_scaffold_1314	123348	128873	gene-Peve_00004983	1.410220024	164
Porites_evermani_scaffold_1314	129589	136111	gene-Peve_00004984	62.10083397	72
Porites_evermani_scaffold_1315	2406	4297	gene-Peve_00004995	0	47
Porites_evermani_scaffold_1315	8632	25340	gene-Peve_00005000	0.1496052941	187
Porites_evermani_scaffold_1315	25745	26053	gene-Peve_00005001	.	0
Porites_evermani_scaffold_1315	30183	30825	gene-Peve_00005002	53.8969192	5
Porites_evermani_scaffold_1315	31009	37255	gene-Peve_00005003	0	1
Porites_evermani_scaffold_1315	49668	70668	gene-Peve_00004991	1.873840429	14
Porites_evermani_scaffold_1315	72078	74812	gene-Peve_00004992	0.6743256818	22
Porites_evermani_scaffold_1315	77456	77975	gene-Peve_00004990	0.75757575	12
Porites_evermani_scaffold_1315	92716	100306	gene-Peve_00004993	0.05599104255	94
Porites_evermani_scaffold_1315	102450	102948	gene-Peve_00004994	0	15
Porites_evermani_scaffold_1315	111964	112492	gene-Peve_00004996	1.136363625	8
Porites_evermani_scaffold_1315	115512	116195	gene-Peve_00004998	0	17
Porites_evermani_scaffold_1315	117818	118334	gene-Peve_00004999	0	6
Porites_evermani_scaffold_1316	1870	2924	gene-Peve_00005004	0.1633986944	36
Porites_evermani_scaffold_1316	12352	16975	gene-Peve_00005006	1.004564329	76
Porites_evermani_scaffold_1316	45959	46340	gene-Peve_00005012	.	0
Porites_evermani_scaffold_1316	61698	88182	gene-Peve_00005005	2.441090482	56
Porites_evermani_scaffold_1316	99753	100557	gene-Peve_00005008	.	0
Porites_evermani_scaffold_1316	104009	104645	gene-Peve_00005007	.	0
Porites_evermani_scaffold_1316	108181	108817	gene-Peve_00005009	.	0
Porites_evermani_scaffold_1316	109638	116933	gene-Peve_00005010	0.4193175263	95
Porites_evermani_scaffold_1316	124913	129821	gene-Peve_00005011	0	29
Porites_evermani_scaffold_1317	900	3728	gene-Peve_00005013	0.2818128163	98
Porites_evermani_scaffold_1317	7994	15937	gene-Peve_00005020	27.27492037	89
Porites_evermani_scaffold_1317	22117	37808	gene-Peve_00005022	42.73131256	138
Porites_evermani_scaffold_1317	43673	44735	gene-Peve_00005015	0	4
Porites_evermani_scaffold_1317	47309	55653	gene-Peve_00005016	0.4559478889	117
Porites_evermani_scaffold_1317	68474	87750	gene-Peve_00005017	0.8393618054	370
Porites_evermani_scaffold_1317	92693	93732	gene-Peve_00005018	0.36363636	25
Porites_evermani_scaffold_1317	95415	110113	gene-Peve_00005019	0.2461155942	276
Porites_evermani_scaffold_1317	123954	125110	gene-Peve_00005021	0	50
Porites_evermani_scaffold_1318	6196	10861	gene-Peve_00005042	35.39579261	44
Porites_evermani_scaffold_1318	11840	12227	gene-Peve_00005024	23.076923	1
Porites_evermani_scaffold_1318	14509	14882	gene-Peve_00005025	27.503586	4
Porites_evermani_scaffold_1318	20999	22781	gene-Peve_00005027	41.63237704	25
Porites_evermani_scaffold_1318	25288	25729	gene-Peve_00005028	38.67114867	6
Porites_evermani_scaffold_1318	35592	35909	gene-Peve_00005029	37.037037	1
Porites_evermani_scaffold_1318	37470	39768	gene-Peve_00005030	30.25460127	51
Porites_evermani_scaffold_1318	46309	47012	gene-Peve_00005035	25.14098663	8
Porites_evermani_scaffold_1318	50717	51158	gene-Peve_00005036	44.16028409	11
Porites_evermani_scaffold_1318	53799	56571	gene-Peve_00005037	41.06247732	59
Porites_evermani_scaffold_1318	57171	57579	gene-Peve_00005038	44.8944878	10
Porites_evermani_scaffold_1318	65033	65773	gene-Peve_00005041	53.007987	24
Porites_evermani_scaffold_1318	65129	67677	gene-Peve_00005040	43.0377579	71
Porites_evermani_scaffold_1318	73075	73962	gene-Peve_00005043	43.84789935	31
Porites_evermani_scaffold_1318	83513	84374	gene-Peve_00005044	52.41236817	24
Porites_evermani_scaffold_1318	84835	85174	gene-Peve_00005045	25.13304514	14
Porites_evermani_scaffold_1318	89708	90080	gene-Peve_00005046	47.777778	3
Porites_evermani_scaffold_1318	91306	92797	gene-Peve_00005047	36.40006263	35
Porites_evermani_scaffold_1318	95975	96773	gene-Peve_00005048	29.730015	5
Porites_evermani_scaffold_1318	102968	103727	gene-Peve_00005049	19.2727272	5
Porites_evermani_scaffold_1318	104524	105190	gene-Peve_00005050	29.882784	5
Porites_evermani_scaffold_1318	115717	120708	gene-Peve_00005051	57.3917165	74
Porites_evermani_scaffold_1318	116056	117474	gene-Peve_00005052	44.29384275	24
Porites_evermani_scaffold_1318	125739	127387	gene-Peve_00005053	24.93201225	12
Porites_evermani_scaffold_1318	131721	133058	gene-Peve_00005023	28.38266597	33
Porites_evermani_scaffold_1319	1293	8798	gene-Peve_00005054	0.3988413579	95
Porites_evermani_scaffold_1319	13610	20325	gene-Peve_00005060	0.1886792453	53
Porites_evermani_scaffold_1319	24829	25159	gene-Peve_00005061	0.7575757273	11
Porites_evermani_scaffold_1319	27813	55496	gene-Peve_00005055	1.139093465	129
Porites_evermani_scaffold_1319	57709	64491	gene-Peve_00005056	0	19
Porites_evermani_scaffold_1319	71679	83571	gene-Peve_00005057	7.806985743	35
Porites_evermani_scaffold_1319	88767	112590	gene-Peve_00005058	1.800677363	576
Porites_evermani_scaffold_1319	117538	129703	gene-Peve_00005059	1.258314841	82
Porites_evermani_scaffold_132	1990	2953	gene-Peve_00005062	0.1360544286	35
Porites_evermani_scaffold_132	2982	3622	gene-Peve_00005070	1.024955412	17
Porites_evermani_scaffold_132	20956	22768	gene-Peve_00005096	0.09337068627	51
Porites_evermani_scaffold_132	28939	33303	gene-Peve_00005063	0	5
Porites_evermani_scaffold_132	37902	38909	gene-Peve_00005064	.	0
Porites_evermani_scaffold_132	41983	44343	gene-Peve_00005065	.	0
Porites_evermani_scaffold_132	47834	49593	gene-Peve_00005066	50.74829929	7
Porites_evermani_scaffold_132	49887	50418	gene-Peve_00005067	0	1
Porites_evermani_scaffold_132	52888	68183	gene-Peve_00005068	75.95529522	131
Porites_evermani_scaffold_132	68457	70133	gene-Peve_00005069	39.08103113	16
Porites_evermani_scaffold_132	71915	72737	gene-Peve_00005071	0.9413663846	13
Porites_evermani_scaffold_132	79951	87208	gene-Peve_00005072	4.083194581	160
Porites_evermani_scaffold_132	114686	116377	gene-Peve_00005073	34.9783548	5
Porites_evermani_scaffold_132	122371	125096	gene-Peve_00005074	0	2
Porites_evermani_scaffold_132	132533	152603	gene-Peve_00005075	1.214043076	501
Porites_evermani_scaffold_132	157885	161059	gene-Peve_00005076	0.6959707027	74
Porites_evermani_scaffold_132	180334	181288	gene-Peve_00005077	0.2645502593	27
Porites_evermani_scaffold_132	184227	185247	gene-Peve_00005078	1.854923923	26
Porites_evermani_scaffold_132	185506	223451	gene-Peve_00005079	3.384808252	931
Porites_evermani_scaffold_132	231842	235136	gene-Peve_00005081	0.4317103125	48
Porites_evermani_scaffold_132	249487	255730	gene-Peve_00005082	25.5479911	126
Porites_evermani_scaffold_132	257096	284007	gene-Peve_00005083	8.153085183	553
Porites_evermani_scaffold_132	284003	314311	gene-Peve_00005084	0.7607531918	485
Porites_evermani_scaffold_132	328499	329471	gene-Peve_00005085	.	0
Porites_evermani_scaffold_132	331208	332192	gene-Peve_00005086	.	0
Porites_evermani_scaffold_132	339319	400204	gene-Peve_00005087	3.173824108	1282
Porites_evermani_scaffold_132	401099	409521	gene-Peve_00005088	0.4320861657	175
Porites_evermani_scaffold_132	418168	418558	gene-Peve_00005089	.	0
Porites_evermani_scaffold_132	421712	422102	gene-Peve_00005090	1.666666667	6
Porites_evermani_scaffold_132	425403	425817	gene-Peve_00005091	0	19
Porites_evermani_scaffold_132	437914	438741	gene-Peve_00005092	0	14
Porites_evermani_scaffold_132	443380	444200	gene-Peve_00005093	0	17
Porites_evermani_scaffold_132	448770	449593	gene-Peve_00005094	0.595238125	16
Porites_evermani_scaffold_132	451196	452181	gene-Peve_00005095	0.7964339286	28
Porites_evermani_scaffold_1320	56253	56676	gene-Peve_00005097	.	0
Porites_evermani_scaffold_1320	88517	89637	gene-Peve_00005101	.	0
Porites_evermani_scaffold_1320	93499	93826	gene-Peve_00005102	.	0
Porites_evermani_scaffold_1320	101497	111660	gene-Peve_00005103	0	11
Porites_evermani_scaffold_1321	10243	28629	gene-Peve_00005110	14.9716978	312
Porites_evermani_scaffold_1321	31567	36686	gene-Peve_00005115	0.6840017574	136
Porites_evermani_scaffold_1321	41252	49437	gene-Peve_00005114	0.890613439	41
Porites_evermani_scaffold_1321	56345	62173	gene-Peve_00005106	11.22222223	30
Porites_evermani_scaffold_1321	65177	71801	gene-Peve_00005107	0.3448275862	29
Porites_evermani_scaffold_1321	84103	84820	gene-Peve_00005108	0.86309525	16
Porites_evermani_scaffold_1321	85283	87445	gene-Peve_00005109	0	12
Porites_evermani_scaffold_1321	94836	95561	gene-Peve_00005111	0	1
Porites_evermani_scaffold_1321	96983	107255	gene-Peve_00005112	1.259800803	66
Porites_evermani_scaffold_1321	119918	127333	gene-Peve_00005113	0.4858934138	58
Porites_evermani_scaffold_1322	921	1970	gene-Peve_00005116	0	1
Porites_evermani_scaffold_1322	2801	4990	gene-Peve_00005118	.	0
Porites_evermani_scaffold_1322	6578	41214	gene-Peve_00005120	0.2963588463	807
Porites_evermani_scaffold_1322	42024	42738	gene-Peve_00005119	0.308642	18
Porites_evermani_scaffold_1322	49303	135536	gene-Peve_00005117	18.15303352	1896
Porites_evermani_scaffold_1323	22759	25088	gene-Peve_00005121	67.68027023	13
Porites_evermani_scaffold_1323	27848	28887	gene-Peve_00005122	79.25820708	12
Porites_evermani_scaffold_1323	29726	30635	gene-Peve_00005123	58.88888883	6
Porites_evermani_scaffold_1323	35590	35896	gene-Peve_00005124	.	0
Porites_evermani_scaffold_1323	59301	59709	gene-Peve_00005126	.	0
Porites_evermani_scaffold_1323	59952	60424	gene-Peve_00005127	.	0
Porites_evermani_scaffold_1323	90744	93338	gene-Peve_00005132	11.88758362	34
Porites_evermani_scaffold_1323	93628	95294	gene-Peve_00005133	59.73371267	52
Porites_evermani_scaffold_1323	99396	104889	gene-Peve_00005135	2.706022692	13
Porites_evermani_scaffold_1323	110200	112090	gene-Peve_00005136	.	0
Porites_evermani_scaffold_1323	115094	130295	gene-Peve_00005137	2.641588204	225
Porites_evermani_scaffold_1323	119843	124065	gene-Peve_00005138	4.292325686	102
Porites_evermani_scaffold_1323	132749	135005	gene-Peve_00005139	61.78573219	48
Porites_evermani_scaffold_1324	2898	23737	gene-Peve_00005141	0.6242553778	180
Porites_evermani_scaffold_1324	28789	30388	gene-Peve_00005146	.	0
Porites_evermani_scaffold_1324	47162	59518	gene-Peve_00005142	0.2097822573	412
Porites_evermani_scaffold_1324	62792	64163	gene-Peve_00005143	0	1
Porites_evermani_scaffold_1324	68038	92508	gene-Peve_00005144	44.98885951	334
Porites_evermani_scaffold_1324	97264	102823	gene-Peve_00005145	0.4613807143	133
Porites_evermani_scaffold_1325	14903	15749	gene-Peve_00005150	0.5050505	18
Porites_evermani_scaffold_1325	22916	27074	gene-Peve_00005152	4.4885251	40
Porites_evermani_scaffold_1325	39087	42996	gene-Peve_00005153	.	0
Porites_evermani_scaffold_1325	44871	46822	gene-Peve_00005147	.	0
Porites_evermani_scaffold_1325	70326	71001	gene-Peve_00005148	0.4368629091	22
Porites_evermani_scaffold_1325	76612	83461	gene-Peve_00005149	0.1418439787	47
Porites_evermani_scaffold_1325	93991	112822	gene-Peve_00005151	0.9386811138	123
Porites_evermani_scaffold_1326	7172	12622	gene-Peve_00005154	71.19843291	44
Porites_evermani_scaffold_1326	17681	23290	gene-Peve_00005161	14.37111638	85
Porites_evermani_scaffold_1326	32252	44376	gene-Peve_00005162	17.91591196	169
Porites_evermani_scaffold_1326	46648	59196	gene-Peve_00005155	17.07724122	197
Porites_evermani_scaffold_1326	65376	71326	gene-Peve_00005156	21.65270003	132
Porites_evermani_scaffold_1326	76103	89070	gene-Peve_00005157	38.49669888	166
Porites_evermani_scaffold_1326	94073	112372	gene-Peve_00005158	33.10056272	210
Porites_evermani_scaffold_1326	114601	117965	gene-Peve_00005159	2.135642095	21
Porites_evermani_scaffold_1326	121730	130879	gene-Peve_00005160	.	0
Porites_evermani_scaffold_1327	1155	2259	gene-Peve_00005163	1.235119036	28
Porites_evermani_scaffold_1327	5319	6279	gene-Peve_00005164	23.9351335	8
Porites_evermani_scaffold_1327	7444	15970	gene-Peve_00005165	0.6262804403	243
Porites_evermani_scaffold_1327	21341	38862	gene-Peve_00005166	3.251435727	524
Porites_evermani_scaffold_1327	41972	59952	gene-Peve_00005167	0.8929453281	317
Porites_evermani_scaffold_1327	44523	45326	gene-Peve_00005168	0	21
Porites_evermani_scaffold_1327	62405	65093	gene-Peve_00005169	0.1041666719	64
Porites_evermani_scaffold_1327	81913	123834	gene-Peve_00005170	1.497844633	730
Porites_evermani_scaffold_1327	113245	113644	gene-Peve_00005171	.	0
Porites_evermani_scaffold_1327	115633	118223	gene-Peve_00005172	1.083995549	82
Porites_evermani_scaffold_1327	125321	127143	gene-Peve_00005173	0.3081757313	67
Porites_evermani_scaffold_1328	16232	44890	gene-Peve_00005177	2.586959008	355
Porites_evermani_scaffold_1328	48968	49370	gene-Peve_00005178	0	17
Porites_evermani_scaffold_1328	56729	58797	gene-Peve_00005179	0.1349527719	57
Porites_evermani_scaffold_1328	66002	66440	gene-Peve_00005174	0.2717391304	23
Porites_evermani_scaffold_1328	74307	74829	gene-Peve_00005176	0	30
Porites_evermani_scaffold_1328	81455	126358	gene-Peve_00005175	0.7310637312	1064
Porites_evermani_scaffold_1329	22951	31126	gene-Peve_00005180	66.45764613	23
Porites_evermani_scaffold_1329	39346	47558	gene-Peve_00005184	3.090371185	65
Porites_evermani_scaffold_1329	100702	107302	gene-Peve_00005182	0.3959899857	70
Porites_evermani_scaffold_1329	120461	127176	gene-Peve_00005183	1.35658914	43
Porites_evermani_scaffold_133	1453	1930	gene-Peve_00005185	.	0
Porites_evermani_scaffold_133	8582	15243	gene-Peve_00005201	0.3484347236	199
Porites_evermani_scaffold_133	15501	23125	gene-Peve_00005208	0.3794642841	88
Porites_evermani_scaffold_133	24383	29412	gene-Peve_00005219	0.4005577662	77
Porites_evermani_scaffold_133	54281	61849	gene-Peve_00005214	0.3115039118	34
Porites_evermani_scaffold_133	72739	94757	gene-Peve_00005215	.	0
Porites_evermani_scaffold_133	105053	129746	gene-Peve_00005199	5.470854576	361
Porites_evermani_scaffold_133	123002	123689	gene-Peve_00005200	13.68826025	16
Porites_evermani_scaffold_133	145290	152342	gene-Peve_00005202	.	0
Porites_evermani_scaffold_133	177047	188118	gene-Peve_00005203	72.22222233	3
Porites_evermani_scaffold_133	211189	219546	gene-Peve_00005205	5	11
Porites_evermani_scaffold_133	222350	223115	gene-Peve_00005206	.	0
Porites_evermani_scaffold_133	232078	237697	gene-Peve_00005207	1.060606056	18
Porites_evermani_scaffold_133	243574	243901	gene-Peve_00005209	.	0
Porites_evermani_scaffold_133	244218	245013	gene-Peve_00005210	.	0
Porites_evermani_scaffold_133	247423	248494	gene-Peve_00005211	.	0
Porites_evermani_scaffold_133	249202	255563	gene-Peve_00005212	3.846154	4
Porites_evermani_scaffold_133	263449	270053	gene-Peve_00005213	.	0
Porites_evermani_scaffold_133	272228	275815	gene-Peve_00005216	.	0
Porites_evermani_scaffold_133	278575	279337	gene-Peve_00005217	.	0
Porites_evermani_scaffold_133	281534	289247	gene-Peve_00005218	0.2083333438	32
Porites_evermani_scaffold_133	296924	297764	gene-Peve_00005186	.	0
Porites_evermani_scaffold_133	298186	302975	gene-Peve_00005187	0	22
Porites_evermani_scaffold_133	309582	310567	gene-Peve_00005188	.	0
Porites_evermani_scaffold_133	317369	326383	gene-Peve_00005189	0	22
Porites_evermani_scaffold_133	328709	334036	gene-Peve_00005190	.	0
Porites_evermani_scaffold_133	341955	342765	gene-Peve_00005191	0	20
Porites_evermani_scaffold_133	349503	369248	gene-Peve_00005192	0.3544255643	443
Porites_evermani_scaffold_133	395269	400786	gene-Peve_00005193	.	0
Porites_evermani_scaffold_133	413370	436480	gene-Peve_00005194	4.680304556	410
Porites_evermani_scaffold_133	423061	423441	gene-Peve_00005195	.	0
Porites_evermani_scaffold_133	443203	447565	gene-Peve_00005196	0	9
Porites_evermani_scaffold_133	449055	450016	gene-Peve_00005197	0.2020202121	33
Porites_evermani_scaffold_1330	4118	5839	gene-Peve_00005225	63.33177321	67
Porites_evermani_scaffold_1330	6805	7261	gene-Peve_00005244	65.63587927	11
Porites_evermani_scaffold_1330	10213	12431	gene-Peve_00005220	42.10460176	21
Porites_evermani_scaffold_1330	14849	16132	gene-Peve_00005221	.	0
Porites_evermani_scaffold_1330	16563	17637	gene-Peve_00005222	.	0
Porites_evermani_scaffold_1330	19891	21174	gene-Peve_00005223	.	0
Porites_evermani_scaffold_1330	21862	22237	gene-Peve_00005224	.	0
Porites_evermani_scaffold_1330	22584	23742	gene-Peve_00005226	.	0
Porites_evermani_scaffold_1330	24606	26007	gene-Peve_00005227	.	0
Porites_evermani_scaffold_1330	29323	30493	gene-Peve_00005228	0	6
Porites_evermani_scaffold_1330	33678	34218	gene-Peve_00005229	47.934894	11
Porites_evermani_scaffold_1330	40863	42839	gene-Peve_00005230	87.12121225	4
Porites_evermani_scaffold_1330	43011	44194	gene-Peve_00005231	.	0
Porites_evermani_scaffold_1330	44726	45663	gene-Peve_00005232	.	0
Porites_evermani_scaffold_1330	48440	51981	gene-Peve_00005233	90	2
Porites_evermani_scaffold_1330	52524	53156	gene-Peve_00005234	.	0
Porites_evermani_scaffold_1330	53395	54584	gene-Peve_00005235	.	0
Porites_evermani_scaffold_1330	55116	56053	gene-Peve_00005236	.	0
Porites_evermani_scaffold_1330	58791	61783	gene-Peve_00005237	.	0
Porites_evermani_scaffold_1330	63921	64680	gene-Peve_00005239	.	0
Porites_evermani_scaffold_1330	66071	66455	gene-Peve_00005240	.	0
Porites_evermani_scaffold_1330	70800	73712	gene-Peve_00005242	55.55753379	24
Porites_evermani_scaffold_1330	128041	129274	gene-Peve_00005245	.	0
Porites_evermani_scaffold_1331	41635	44645	gene-Peve_00005251	2.287693467	15
Porites_evermani_scaffold_1331	46034	50123	gene-Peve_00005252	0	21
Porites_evermani_scaffold_1331	48981	49467	gene-Peve_00005250	.	0
Porites_evermani_scaffold_1331	55682	57513	gene-Peve_00005254	0.2	25
Porites_evermani_scaffold_1331	80978	81650	gene-Peve_00005255	0	32
Porites_evermani_scaffold_1331	124274	125375	gene-Peve_00005247	0.2489884902	51
Porites_evermani_scaffold_1331	130810	132866	gene-Peve_00005248	0.25252525	36
Porites_evermani_scaffold_1331	133539	134142	gene-Peve_00005249	0	21
Porites_evermani_scaffold_1332	15842	17755	gene-Peve_00005261	0	48
Porites_evermani_scaffold_1332	20149	21277	gene-Peve_00005265	2.645502778	9
Porites_evermani_scaffold_1332	67834	93337	gene-Peve_00005257	1.718560334	389
Porites_evermani_scaffold_1332	77817	78129	gene-Peve_00005259	0	9
Porites_evermani_scaffold_1332	79247	89268	gene-Peve_00005260	0.2329731298	131
Porites_evermani_scaffold_1332	93444	94649	gene-Peve_00005262	0	35
Porites_evermani_scaffold_1332	113707	114184	gene-Peve_00005263	0.3125	20
Porites_evermani_scaffold_1332	117576	124971	gene-Peve_00005264	0.3917660383	235
Porites_evermani_scaffold_1333	12021	12956	gene-Peve_00005266	.	0
Porites_evermani_scaffold_1333	17518	21166	gene-Peve_00005273	0	12
Porites_evermani_scaffold_1333	28300	29667	gene-Peve_00005274	.	0
Porites_evermani_scaffold_1333	45819	55388	gene-Peve_00005275	.	0
Porites_evermani_scaffold_1333	59474	59800	gene-Peve_00005267	46.153846	4
Porites_evermani_scaffold_1333	69304	104818	gene-Peve_00005268	1.515853642	698
Porites_evermani_scaffold_1333	108337	126361	gene-Peve_00005269	22.25576873	113
Porites_evermani_scaffold_1333	127576	128353	gene-Peve_00005270	0	8
Porites_evermani_scaffold_1333	131749	134702	gene-Peve_00005271	2.777777667	3
Porites_evermani_scaffold_1333	134803	135622	gene-Peve_00005272	25.11331267	12
Porites_evermani_scaffold_1334	10357	10957	gene-Peve_00005276	.	0
Porites_evermani_scaffold_1334	22611	23211	gene-Peve_00005284	0	7
Porites_evermani_scaffold_1334	25998	34512	gene-Peve_00005283	54.03312134	65
Porites_evermani_scaffold_1334	35015	37761	gene-Peve_00005285	91.666667	2
Porites_evermani_scaffold_1334	40457	45487	gene-Peve_00005286	88.95833331	16
Porites_evermani_scaffold_1334	46208	48956	gene-Peve_00005287	95.4545455	2
Porites_evermani_scaffold_1334	53439	63385	gene-Peve_00005277	60.6819689	88
Porites_evermani_scaffold_1334	70516	71071	gene-Peve_00005278	0	12
Porites_evermani_scaffold_1334	73034	73613	gene-Peve_00005279	0	9
Porites_evermani_scaffold_1334	76124	100078	gene-Peve_00005280	27.49151388	282
Porites_evermani_scaffold_1334	105759	111331	gene-Peve_00005281	0.4704386545	55
Porites_evermani_scaffold_1334	115374	128538	gene-Peve_00005282	0.8805024839	248
Porites_evermani_scaffold_1335	2443	4473	gene-Peve_00005293	94.6733879	20
Porites_evermani_scaffold_1335	10417	29437	gene-Peve_00005296	48.20508711	253
Porites_evermani_scaffold_1335	13963	16841	gene-Peve_00005297	88.09014518	17
Porites_evermani_scaffold_1335	39412	39906	gene-Peve_00005288	1.282051333	6
Porites_evermani_scaffold_1335	71678	73498	gene-Peve_00005289	0.2725563929	56
Porites_evermani_scaffold_1335	94705	96058	gene-Peve_00005290	.	0
Porites_evermani_scaffold_1335	104350	106357	gene-Peve_00005291	0.1644736842	38
Porites_evermani_scaffold_1335	109041	109509	gene-Peve_00005292	8.266123567	30
Porites_evermani_scaffold_1335	124612	133997	gene-Peve_00005294	0.899745931	232
Porites_evermani_scaffold_1336	666	1254	gene-Peve_00005298	89.74358967	6
Porites_evermani_scaffold_1336	3103	11960	gene-Peve_00005300	84.29898146	67
Porites_evermani_scaffold_1336	17672	18524	gene-Peve_00005303	0	10
Porites_evermani_scaffold_1336	30700	33387	gene-Peve_00005306	.	0
Porites_evermani_scaffold_1336	71531	72119	gene-Peve_00005299	.	0
Porites_evermani_scaffold_1336	78948	80325	gene-Peve_00005301	0.2450980417	24
Porites_evermani_scaffold_1336	92392	104266	gene-Peve_00005304	8.980248966	88
Porites_evermani_scaffold_1336	108074	109103	gene-Peve_00005305	0	35
Porites_evermani_scaffold_1336	130091	131078	gene-Peve_00005307	.	0
Porites_evermani_scaffold_1337	21467	23420	gene-Peve_00005311	93.80158746	54
Porites_evermani_scaffold_1337	29534	29837	gene-Peve_00005317	0	5
Porites_evermani_scaffold_1337	43439	43850	gene-Peve_00005309	0	7
Porites_evermani_scaffold_1337	45484	47119	gene-Peve_00005310	0.9636723023	43
Porites_evermani_scaffold_1337	97527	97918	gene-Peve_00005313	0	18
Porites_evermani_scaffold_1337	109032	109673	gene-Peve_00005315	0	5
Porites_evermani_scaffold_1337	119605	126283	gene-Peve_00005316	0.384663418	122
Porites_evermani_scaffold_1338	2957	21577	gene-Peve_00005318	52.63455464	69
Porites_evermani_scaffold_1338	23948	24338	gene-Peve_00005321	2.039627	13
Porites_evermani_scaffold_1338	70369	70759	gene-Peve_00005319	0	11
Porites_evermani_scaffold_1338	73890	74481	gene-Peve_00005320	1.182845	22
Porites_evermani_scaffold_1338	82117	82507	gene-Peve_00005322	1.190476143	7
Porites_evermani_scaffold_1338	111624	112530	gene-Peve_00005324	0	20
Porites_evermani_scaffold_1338	126410	130207	gene-Peve_00005325	0.12121212	75
Porites_evermani_scaffold_1339	749	43503	gene-Peve_00005326	1.191555976	670
Porites_evermani_scaffold_1339	70604	101410	gene-Peve_00005330	3.090012441	290
Porites_evermani_scaffold_1339	102709	112708	gene-Peve_00005327	0	4
Porites_evermani_scaffold_1339	128195	134875	gene-Peve_00005328	0.8328724105	95
Porites_evermani_scaffold_134	21273	22976	gene-Peve_00005346	.	0
Porites_evermani_scaffold_134	23297	24499	gene-Peve_00005357	.	0
Porites_evermani_scaffold_134	24577	31313	gene-Peve_00005359	.	0
Porites_evermani_scaffold_134	27184	32213	gene-Peve_00005331	.	0
Porites_evermani_scaffold_134	34805	37428	gene-Peve_00005332	.	0
Porites_evermani_scaffold_134	44263	49208	gene-Peve_00005333	0	4
Porites_evermani_scaffold_134	58828	61513	gene-Peve_00005334	0.625	16
Porites_evermani_scaffold_134	80808	95984	gene-Peve_00005335	0.3510496651	418
Porites_evermani_scaffold_134	97322	102726	gene-Peve_00005336	0.2685668115	122
Porites_evermani_scaffold_134	103539	108669	gene-Peve_00005337	12.91658392	114
Porites_evermani_scaffold_134	114031	114850	gene-Peve_00005338	0.33333335	20
Porites_evermani_scaffold_134	120751	122969	gene-Peve_00005339	0.1472556988	83
Porites_evermani_scaffold_134	127850	132214	gene-Peve_00005340	1.053743408	76
Porites_evermani_scaffold_134	139377	149683	gene-Peve_00005341	15.64382079	71
Porites_evermani_scaffold_134	155416	167453	gene-Peve_00005343	47.72555945	102
Porites_evermani_scaffold_134	173488	174268	gene-Peve_00005344	0	3
Porites_evermani_scaffold_134	177204	177573	gene-Peve_00005345	.	0
Porites_evermani_scaffold_134	177760	178845	gene-Peve_00005342	.	0
Porites_evermani_scaffold_134	195000	196878	gene-Peve_00005348	.	0
Porites_evermani_scaffold_134	199199	212952	gene-Peve_00005350	6.403956802	222
Porites_evermani_scaffold_134	215638	219658	gene-Peve_00005349	0	1
Porites_evermani_scaffold_134	221787	227954	gene-Peve_00005351	56.43282314	14
Porites_evermani_scaffold_134	236072	244197	gene-Peve_00005352	0.7525295676	148
Porites_evermani_scaffold_134	247583	254543	gene-Peve_00005353	56.12891723	88
Porites_evermani_scaffold_134	255377	275296	gene-Peve_00005354	74.74454866	275
Porites_evermani_scaffold_134	276394	279796	gene-Peve_00005355	0.6586241639	122
Porites_evermani_scaffold_134	280350	291840	gene-Peve_00005356	24.58282826	228
Porites_evermani_scaffold_134	299447	309678	gene-Peve_00005358	50.37294223	158
Porites_evermani_scaffold_134	314968	323540	gene-Peve_00005360	66.73187474	62
Porites_evermani_scaffold_134	366264	368413	gene-Peve_00005361	0	1
Porites_evermani_scaffold_134	373464	376479	gene-Peve_00005362	72.88657815	13
Porites_evermani_scaffold_134	378255	380536	gene-Peve_00005363	.	0
Porites_evermani_scaffold_134	385630	396266	gene-Peve_00005364	44.48446993	43
Porites_evermani_scaffold_134	398181	400331	gene-Peve_00005365	9.886363625	8
Porites_evermani_scaffold_134	413524	424704	gene-Peve_00005366	0.6512659347	245
Porites_evermani_scaffold_134	436982	438603	gene-Peve_00005367	0.9759491628	43
Porites_evermani_scaffold_1340	3497	9422	gene-Peve_00005368	48.32294454	112
Porites_evermani_scaffold_1340	9738	24199	gene-Peve_00005373	17.83623684	185
Porites_evermani_scaffold_1340	28050	29670	gene-Peve_00005379	0.2222222333	30
Porites_evermani_scaffold_1340	39922	41661	gene-Peve_00005369	0.2314814722	36
Porites_evermani_scaffold_1340	49546	66462	gene-Peve_00005370	1.203190043	346
Porites_evermani_scaffold_1340	66096	90868	gene-Peve_00005371	11.1349383	573
Porites_evermani_scaffold_1340	70880	71876	gene-Peve_00005372	0.7965397209	43
Porites_evermani_scaffold_1340	92770	97131	gene-Peve_00005374	33.32418026	81
Porites_evermani_scaffold_1340	102011	103978	gene-Peve_00005375	0.2818270204	49
Porites_evermani_scaffold_1340	106775	107799	gene-Peve_00005376	0.1879699286	28
Porites_evermani_scaffold_1340	110456	114742	gene-Peve_00005377	0.5597896774	62
Porites_evermani_scaffold_1340	129769	130147	gene-Peve_00005378	1.190476167	6
Porites_evermani_scaffold_1341	9486	10916	gene-Peve_00005380	54.9736375	14
Porites_evermani_scaffold_1341	13177	14743	gene-Peve_00005385	0	40
Porites_evermani_scaffold_1341	17174	29962	gene-Peve_00005389	27.00120199	113
Porites_evermani_scaffold_1341	33845	39754	gene-Peve_00005390	51.89888258	33
Porites_evermani_scaffold_1341	42930	46863	gene-Peve_00005391	31.05575177	71
Porites_evermani_scaffold_1341	55880	57379	gene-Peve_00005382	0.1831501905	42
Porites_evermani_scaffold_1341	60145	74293	gene-Peve_00005383	1.537056894	199
Porites_evermani_scaffold_1341	81021	83504	gene-Peve_00005384	0.974839459	61
Porites_evermani_scaffold_1341	92794	95328	gene-Peve_00005386	0.1754386053	38
Porites_evermani_scaffold_1341	109619	118219	gene-Peve_00005388	1.143953387	212
Porites_evermani_scaffold_1342	1230	11641	gene-Peve_00005393	0.4842538142	253
Porites_evermani_scaffold_1342	27601	31988	gene-Peve_00005392	1.653847885	78
Porites_evermani_scaffold_1342	36831	37224	gene-Peve_00005406	11.02272725	8
Porites_evermani_scaffold_1342	38233	39050	gene-Peve_00005394	.	0
Porites_evermani_scaffold_1342	40878	42417	gene-Peve_00005395	0.33333332	25
Porites_evermani_scaffold_1342	46470	49570	gene-Peve_00005396	0.3011204559	68
Porites_evermani_scaffold_1342	79612	80608	gene-Peve_00005398	0	44
Porites_evermani_scaffold_1342	84595	85264	gene-Peve_00005399	0.289855087	23
Porites_evermani_scaffold_1342	94061	95105	gene-Peve_00005400	0.5714285714	35
Porites_evermani_scaffold_1342	97699	98502	gene-Peve_00005401	0.5952380833	12
Porites_evermani_scaffold_1342	99094	118662	gene-Peve_00005402	28.32329637	126
Porites_evermani_scaffold_1342	127752	130157	gene-Peve_00005403	94.64285725	4
Porites_evermani_scaffold_1343	1	9632	gene-Peve_00005407	0.5712854589	231
Porites_evermani_scaffold_1343	14876	17605	gene-Peve_00005408	0.5061996056	71
Porites_evermani_scaffold_1343	23230	24774	gene-Peve_00005414	.	0
Porites_evermani_scaffold_1343	27882	28492	gene-Peve_00005415	2.502480125	24
Porites_evermani_scaffold_1343	36843	52227	gene-Peve_00005416	1.179653627	469
Porites_evermani_scaffold_1343	61461	62717	gene-Peve_00005417	0	21
Porites_evermani_scaffold_1343	63040	63610	gene-Peve_00005409	.	0
Porites_evermani_scaffold_1343	65853	87435	gene-Peve_00005410	0.80873777	287
Porites_evermani_scaffold_1343	89917	102510	gene-Peve_00005411	15.33089959	97
Porites_evermani_scaffold_1343	107400	110272	gene-Peve_00005412	0.310559	23
Porites_evermani_scaffold_1343	111187	126583	gene-Peve_00005413	0.8314757284	313
Porites_evermani_scaffold_1344	359	19519	gene-Peve_00005418	0.5093684089	225
Porites_evermani_scaffold_1344	1540	5942	gene-Peve_00005427	2.121212111	9
Porites_evermani_scaffold_1344	23805	32994	gene-Peve_00005419	1.032839706	34
Porites_evermani_scaffold_1344	35455	41604	gene-Peve_00005420	0.184294875	96
Porites_evermani_scaffold_1344	43742	63378	gene-Peve_00005421	0.4433407014	288
Porites_evermani_scaffold_1344	66036	67902	gene-Peve_00005422	0	2
Porites_evermani_scaffold_1344	68315	90026	gene-Peve_00005423	10.61471794	195
Porites_evermani_scaffold_1344	71566	73465	gene-Peve_00005424	.	0
Porites_evermani_scaffold_1344	91586	106860	gene-Peve_00005425	47.18490884	153
Porites_evermani_scaffold_1344	110469	128982	gene-Peve_00005426	5.394824789	109
Porites_evermani_scaffold_1345	796	2500	gene-Peve_00005428	.	0
Porites_evermani_scaffold_1345	34072	34452	gene-Peve_00005429	.	0
Porites_evermani_scaffold_1345	43640	58828	gene-Peve_00005430	2.13515481	163
Porites_evermani_scaffold_1345	59698	87924	gene-Peve_00005431	1.652275252	115
Porites_evermani_scaffold_1345	103671	121854	gene-Peve_00005432	0.7403499932	295
Porites_evermani_scaffold_1345	130328	133459	gene-Peve_00005433	0.7294878837	86
Porites_evermani_scaffold_1346	4550	6137	gene-Peve_00005436	.	0
Porites_evermani_scaffold_1346	20189	23406	gene-Peve_00005443	0	22
Porites_evermani_scaffold_1346	27934	38270	gene-Peve_00005444	0.380134918	183
Porites_evermani_scaffold_1346	42363	48792	gene-Peve_00005445	69.42156057	56
Porites_evermani_scaffold_1346	57112	127435	gene-Peve_00005446	7.117028283	714
Porites_evermani_scaffold_1346	76238	80686	gene-Peve_00005439	0.3174603214	84
Porites_evermani_scaffold_1346	84035	92677	gene-Peve_00005440	0.1639344262	61
Porites_evermani_scaffold_1346	95438	97167	gene-Peve_00005442	0.2450980294	34
Porites_evermani_scaffold_1346	99834	103752	gene-Peve_00005441	0.5726475688	109
Porites_evermani_scaffold_1346	108143	109110	gene-Peve_00005437	.	0
Porites_evermani_scaffold_1346	112525	116373	gene-Peve_00005438	3.215312732	41
Porites_evermani_scaffold_1347	8831	9263	gene-Peve_00005447	.	0
Porites_evermani_scaffold_1347	21083	41351	gene-Peve_00005452	1.673601401	516
Porites_evermani_scaffold_1347	24904	26492	gene-Peve_00005453	0.1788746053	38
Porites_evermani_scaffold_1347	43503	44136	gene-Peve_00005454	3.67642875	12
Porites_evermani_scaffold_1347	44861	45902	gene-Peve_00005455	0	20
Porites_evermani_scaffold_1347	62776	68710	gene-Peve_00005448	0.3780061605	162
Porites_evermani_scaffold_1347	75907	92650	gene-Peve_00005449	0.482502139	331
Porites_evermani_scaffold_1347	110188	115953	gene-Peve_00005450	0.5307998811	143
Porites_evermani_scaffold_1347	117521	130045	gene-Peve_00005451	0.3781924415	410
Porites_evermani_scaffold_1348	136	16966	gene-Peve_00005456	0	11
Porites_evermani_scaffold_1348	21430	21947	gene-Peve_00005464	2.994724579	19
Porites_evermani_scaffold_1348	51832	60009	gene-Peve_00005466	60.83929842	106
Porites_evermani_scaffold_1348	64852	68686	gene-Peve_00005465	86.58680176	25
Porites_evermani_scaffold_1348	71016	77274	gene-Peve_00005457	49.09219924	25
Porites_evermani_scaffold_1348	77530	84941	gene-Peve_00005458	67.92424245	20
Porites_evermani_scaffold_1348	85703	90324	gene-Peve_00005459	1.5151515	6
Porites_evermani_scaffold_1348	93756	94155	gene-Peve_00005460	52.57128453	19
Porites_evermani_scaffold_1348	94183	94802	gene-Peve_00005461	52.82901731	16
Porites_evermani_scaffold_1348	113106	116775	gene-Peve_00005462	0.9635925417	24
Porites_evermani_scaffold_1349	700	3340	gene-Peve_00005467	56.82478927	66
Porites_evermani_scaffold_1349	3991	4959	gene-Peve_00005478	77.37922469	16
Porites_evermani_scaffold_1349	8276	8975	gene-Peve_00005468	48.60960665	23
Porites_evermani_scaffold_1349	9278	10247	gene-Peve_00005469	53.75079147	15
Porites_evermani_scaffold_1349	18743	19223	gene-Peve_00005471	49.5810065	6
Porites_evermani_scaffold_1349	19730	21629	gene-Peve_00005472	39.0569985	22
Porites_evermani_scaffold_1349	21938	23194	gene-Peve_00005473	62.04612542	24
Porites_evermani_scaffold_1349	23711	24128	gene-Peve_00005474	.	0
Porites_evermani_scaffold_1349	27861	29328	gene-Peve_00005475	85.25188813	38
Porites_evermani_scaffold_1349	30217	32321	gene-Peve_00005476	65.67533195	37
Porites_evermani_scaffold_1349	41323	41930	gene-Peve_00005479	.	0
Porites_evermani_scaffold_1349	46121	47186	gene-Peve_00005481	87.52821712	26
Porites_evermani_scaffold_1349	76458	76771	gene-Peve_00005482	83.482143	2
Porites_evermani_scaffold_1349	80562	81251	gene-Peve_00005483	84.2302815	10
Porites_evermani_scaffold_1349	81492	81795	gene-Peve_00005484	70.2797205	2
Porites_evermani_scaffold_1349	94699	95086	gene-Peve_00005488	66.51921425	12
Porites_evermani_scaffold_1349	95924	97488	gene-Peve_00005486	73.62911971	28
Porites_evermani_scaffold_1349	98129	99601	gene-Peve_00005487	37.18292235	43
Porites_evermani_scaffold_1349	110363	110705	gene-Peve_00005490	60.1796245	4
Porites_evermani_scaffold_135	18599	20161	gene-Peve_00005498	8.452381	4
Porites_evermani_scaffold_135	25386	25802	gene-Peve_00005506	.	0
Porites_evermani_scaffold_135	31003	41525	gene-Peve_00005511	.	0
Porites_evermani_scaffold_135	44174	50560	gene-Peve_00005512	0	14
Porites_evermani_scaffold_135	53141	53858	gene-Peve_00005492	.	0
Porites_evermani_scaffold_135	71639	81463	gene-Peve_00005493	2.838217333	30
Porites_evermani_scaffold_135	97309	97828	gene-Peve_00005495	.	0
Porites_evermani_scaffold_135	115256	120595	gene-Peve_00005496	0	4
Porites_evermani_scaffold_135	121932	122838	gene-Peve_00005497	.	0
Porites_evermani_scaffold_135	134457	139395	gene-Peve_00005499	0	5
Porites_evermani_scaffold_135	147668	150173	gene-Peve_00005500	1.071428571	28
Porites_evermani_scaffold_135	194184	220552	gene-Peve_00005501	1.333832911	304
Porites_evermani_scaffold_135	227185	230860	gene-Peve_00005502	3.873325755	53
Porites_evermani_scaffold_135	239724	240780	gene-Peve_00005503	3.636893526	19
Porites_evermani_scaffold_135	241262	242519	gene-Peve_00005504	.	0
Porites_evermani_scaffold_135	265559	277359	gene-Peve_00005505	39.84832897	214
Porites_evermani_scaffold_135	285834	289885	gene-Peve_00005508	0.5671359875	80
Porites_evermani_scaffold_135	291792	296994	gene-Peve_00005509	2.124928885	157
Porites_evermani_scaffold_135	302305	308993	gene-Peve_00005510	1.863799796	54
Porites_evermani_scaffold_135	317704	321158	gene-Peve_00005513	1.0689538	40
Porites_evermani_scaffold_135	344856	357413	gene-Peve_00005514	0.4583084734	207
Porites_evermani_scaffold_135	366739	378719	gene-Peve_00005515	3.26666664	50
Porites_evermani_scaffold_135	389663	397674	gene-Peve_00005516	8.677592255	98
Porites_evermani_scaffold_135	408024	423162	gene-Peve_00005517	0.6543447537	337
Porites_evermani_scaffold_135	436161	436737	gene-Peve_00005518	.	0
Porites_evermani_scaffold_135	437290	438214	gene-Peve_00005519	.	0
Porites_evermani_scaffold_135	442744	443461	gene-Peve_00005521	.	0
Porites_evermani_scaffold_135	444288	448068	gene-Peve_00005520	0.9240487419	31
Porites_evermani_scaffold_1350	789	6993	gene-Peve_00005523	.	0
Porites_evermani_scaffold_1350	17062	25977	gene-Peve_00005530	0.2361042827	191
Porites_evermani_scaffold_1350	30462	31317	gene-Peve_00005529	0.4607843	20
Porites_evermani_scaffold_1350	40506	41763	gene-Peve_00005532	1.447267036	28
Porites_evermani_scaffold_1350	48015	49204	gene-Peve_00005522	0.09380863415	41
Porites_evermani_scaffold_1350	66858	70741	gene-Peve_00005524	0.9022556316	19
Porites_evermani_scaffold_1350	72908	73214	gene-Peve_00005525	.	0
Porites_evermani_scaffold_1350	78732	82113	gene-Peve_00005526	0	46
Porites_evermani_scaffold_1350	91004	109134	gene-Peve_00005527	23.40668188	351
Porites_evermani_scaffold_1350	118836	123321	gene-Peve_00005531	0.8493308929	140
Porites_evermani_scaffold_1351	1	6351	gene-Peve_00005533	0	7
Porites_evermani_scaffold_1351	5558	9084	gene-Peve_00005536	0	6
Porites_evermani_scaffold_1351	13440	17868	gene-Peve_00005543	0	11
Porites_evermani_scaffold_1351	23471	43933	gene-Peve_00005544	0	11
Porites_evermani_scaffold_1351	46353	46707	gene-Peve_00005534	.	0
Porites_evermani_scaffold_1351	59210	64053	gene-Peve_00005535	.	0
Porites_evermani_scaffold_1351	70363	72929	gene-Peve_00005537	.	0
Porites_evermani_scaffold_1351	81635	83231	gene-Peve_00005538	.	0
Porites_evermani_scaffold_1351	93832	97666	gene-Peve_00005539	.	0
Porites_evermani_scaffold_1351	100486	108580	gene-Peve_00005540	3.508289921	38
Porites_evermani_scaffold_1351	109505	113156	gene-Peve_00005541	0	4
Porites_evermani_scaffold_1351	129003	129993	gene-Peve_00005542	.	0
Porites_evermani_scaffold_1352	3609	4428	gene-Peve_00005553	0	8
Porites_evermani_scaffold_1352	9974	11012	gene-Peve_00005554	0	36
Porites_evermani_scaffold_1352	29085	29961	gene-Peve_00005546	0.639512	11
Porites_evermani_scaffold_1352	35262	79046	gene-Peve_00005547	7.117689065	905
Porites_evermani_scaffold_1352	72511	73917	gene-Peve_00005548	71.2045456	10
Porites_evermani_scaffold_1352	81906	85129	gene-Peve_00005549	85.990676	6
Porites_evermani_scaffold_1352	88729	98188	gene-Peve_00005550	2.057533709	127
Porites_evermani_scaffold_1352	112346	113273	gene-Peve_00005551	0.5809002059	34
Porites_evermani_scaffold_1352	130980	131499	gene-Peve_00005552	12.5714284	5
Porites_evermani_scaffold_1353	9233	29948	gene-Peve_00005557	.	0
Porites_evermani_scaffold_1353	35547	42230	gene-Peve_00005560	.	0
Porites_evermani_scaffold_1353	63433	65158	gene-Peve_00005555	0	1
Porites_evermani_scaffold_1353	94255	95845	gene-Peve_00005558	20.54226473	11
Porites_evermani_scaffold_1353	95847	96954	gene-Peve_00005559	21.0268218	45
Porites_evermani_scaffold_1353	124481	130431	gene-Peve_00005561	.	0
Porites_evermani_scaffold_1353	130950	131674	gene-Peve_00005562	.	0
Porites_evermani_scaffold_1354	355	19992	gene-Peve_00005564	3.551771723	195
Porites_evermani_scaffold_1354	38087	51948	gene-Peve_00005565	1.195066994	171
Porites_evermani_scaffold_1354	72898	88340	gene-Peve_00005567	3.273891725	309
Porites_evermani_scaffold_1355	8775	9283	gene-Peve_00005568	.	0
Porites_evermani_scaffold_1355	13255	14044	gene-Peve_00005573	0.3095975263	19
Porites_evermani_scaffold_1355	15363	49903	gene-Peve_00005574	12.13116218	517
Porites_evermani_scaffold_1355	18952	19931	gene-Peve_00005575	0	16
Porites_evermani_scaffold_1355	50264	85030	gene-Peve_00005576	43.15615025	539
Porites_evermani_scaffold_1355	85164	87735	gene-Peve_00005569	0	6
Porites_evermani_scaffold_1355	94541	119984	gene-Peve_00005570	21.0403661	400
Porites_evermani_scaffold_1355	124677	129230	gene-Peve_00005571	35	8
Porites_evermani_scaffold_1355	129631	133487	gene-Peve_00005572	47.85714288	8
Porites_evermani_scaffold_1356	169	2145	gene-Peve_00005577	.	0
Porites_evermani_scaffold_1356	9317	13829	gene-Peve_00005585	0	67
Porites_evermani_scaffold_1356	29134	30124	gene-Peve_00005586	0	9
Porites_evermani_scaffold_1356	30222	31086	gene-Peve_00005587	.	0
Porites_evermani_scaffold_1356	33067	41736	gene-Peve_00005578	0.5467165421	214
Porites_evermani_scaffold_1356	41933	50468	gene-Peve_00005579	37.87679255	42
Porites_evermani_scaffold_1356	56127	59781	gene-Peve_00005580	0.1661129535	86
Porites_evermani_scaffold_1356	60583	77265	gene-Peve_00005581	3.465313992	356
Porites_evermani_scaffold_1356	85497	104540	gene-Peve_00005582	3.329143791	406
Porites_evermani_scaffold_1356	105267	114676	gene-Peve_00005583	1.126202977	173
Porites_evermani_scaffold_1356	117710	130822	gene-Peve_00005584	0	3
Porites_evermani_scaffold_1357	0	621	gene-Peve_00005588	22.98742323	56
Porites_evermani_scaffold_1357	1115	1442	gene-Peve_00005590	70.28986248	40
Porites_evermani_scaffold_1357	2393	3734	gene-Peve_00005595	46.51569803	117
Porites_evermani_scaffold_1357	24802	26498	gene-Peve_00005604	56.35139455	20
Porites_evermani_scaffold_1357	27728	29468	gene-Peve_00005589	33.05708381	16
Porites_evermani_scaffold_1357	36755	39224	gene-Peve_00005591	45.3839612	20
Porites_evermani_scaffold_1357	48061	48955	gene-Peve_00005592	.	0
Porites_evermani_scaffold_1357	97248	97632	gene-Peve_00005594	.	0
Porites_evermani_scaffold_1357	98739	99556	gene-Peve_00005596	.	0
Porites_evermani_scaffold_1357	101072	102218	gene-Peve_00005597	.	0
Porites_evermani_scaffold_1357	102815	104229	gene-Peve_00005598	.	0
Porites_evermani_scaffold_1357	107720	108197	gene-Peve_00005600	81.896891	11
Porites_evermani_scaffold_1357	109305	110124	gene-Peve_00005599	48.367624	9
Porites_evermani_scaffold_1357	111640	112786	gene-Peve_00005601	.	0
Porites_evermani_scaffold_1357	113383	115785	gene-Peve_00005602	39.17582429	7
Porites_evermani_scaffold_1357	117214	124811	gene-Peve_00005603	84.52180573	44
Porites_evermani_scaffold_1358	9	8725	gene-Peve_00005605	2.29145748	179
Porites_evermani_scaffold_1358	11760	15495	gene-Peve_00005607	1.376100742	120
Porites_evermani_scaffold_1358	17072	22188	gene-Peve_00005610	0.3746053784	111
Porites_evermani_scaffold_1358	22996	25428	gene-Peve_00005611	1.728156897	29
Porites_evermani_scaffold_1358	27370	38193	gene-Peve_00005612	3.686099497	157
Porites_evermani_scaffold_1358	41130	75391	gene-Peve_00005613	9.85905374	765
Porites_evermani_scaffold_1358	96837	97469	gene-Peve_00005606	.	0
Porites_evermani_scaffold_1358	121063	122029	gene-Peve_00005609	0.147058825	40
Porites_evermani_scaffold_1359	3130	3583	gene-Peve_00005614	.	0
Porites_evermani_scaffold_1359	4692	5067	gene-Peve_00005621	.	0
Porites_evermani_scaffold_1359	7243	13363	gene-Peve_00005622	84.41558445	11
Porites_evermani_scaffold_1359	7367	15225	gene-Peve_00005625	86.88859171	21
Porites_evermani_scaffold_1359	18020	22530	gene-Peve_00005615	0.4307783636	33
Porites_evermani_scaffold_1359	23910	24387	gene-Peve_00005616	1.25	8
Porites_evermani_scaffold_1359	39645	77433	gene-Peve_00005620	12.14908096	320
Porites_evermani_scaffold_1359	57089	62397	gene-Peve_00005623	86.1585082	20
Porites_evermani_scaffold_1359	65901	69123	gene-Peve_00005624	0.4006931111	27
Porites_evermani_scaffold_1359	83686	84139	gene-Peve_00005626	0	3
Porites_evermani_scaffold_1359	86455	87199	gene-Peve_00005627	72.21755367	3
Porites_evermani_scaffold_1359	101402	105608	gene-Peve_00005628	1.119867407	27
Porites_evermani_scaffold_1359	111507	111960	gene-Peve_00005617	0	19
Porites_evermani_scaffold_1359	121373	124813	gene-Peve_00005618	1.106543327	110
Porites_evermani_scaffold_1359	131666	132119	gene-Peve_00005619	0	1
Porites_evermani_scaffold_136	4230	5487	gene-Peve_00005649	.	0
Porites_evermani_scaffold_136	46834	56861	gene-Peve_00005650	0.7213730177	113
Porites_evermani_scaffold_136	90998	92637	gene-Peve_00005653	7.30769225	12
Porites_evermani_scaffold_136	100957	106552	gene-Peve_00005654	0.6363170968	62
Porites_evermani_scaffold_136	109849	110236	gene-Peve_00005656	.	0
Porites_evermani_scaffold_136	110305	110656	gene-Peve_00005657	15.3846155	4
Porites_evermani_scaffold_136	123080	123422	gene-Peve_00005658	.	0
Porites_evermani_scaffold_136	136536	139425	gene-Peve_00005659	1.990451054	37
Porites_evermani_scaffold_136	147683	182112	gene-Peve_00005660	1.617193294	863
Porites_evermani_scaffold_136	194710	203453	gene-Peve_00005661	0.3154223431	137
Porites_evermani_scaffold_136	210414	210888	gene-Peve_00005663	0	21
Porites_evermani_scaffold_136	215393	218981	gene-Peve_00005664	2.565607213	75
Porites_evermani_scaffold_136	222309	232601	gene-Peve_00005665	0.6016208503	314
Porites_evermani_scaffold_136	288998	292743	gene-Peve_00005667	0	14
Porites_evermani_scaffold_136	302865	314914	gene-Peve_00005668	1.718388284	102
Porites_evermani_scaffold_136	318923	323348	gene-Peve_00005669	36.03707378	151
Porites_evermani_scaffold_136	343420	348615	gene-Peve_00005630	38.26151965	205
Porites_evermani_scaffold_136	351644	351995	gene-Peve_00005631	80.92621671	7
Porites_evermani_scaffold_136	357486	366390	gene-Peve_00005633	78.5088727	202
Porites_evermani_scaffold_136	358676	359493	gene-Peve_00005634	81.5121578	20
Porites_evermani_scaffold_136	360055	361454	gene-Peve_00005635	71.97081062	26
Porites_evermani_scaffold_136	388078	392220	gene-Peve_00005636	51.48560696	27
Porites_evermani_scaffold_136	396871	398285	gene-Peve_00005637	15	2
Porites_evermani_scaffold_136	406102	407339	gene-Peve_00005641	52.81233655	11
Porites_evermani_scaffold_136	411577	412206	gene-Peve_00005642	71.39668333	9
Porites_evermani_scaffold_136	414353	414997	gene-Peve_00005643	68.02360855	11
Porites_evermani_scaffold_136	416532	417594	gene-Peve_00005644	44.577368	9
Porites_evermani_scaffold_136	421102	424046	gene-Peve_00005645	.	0
Porites_evermani_scaffold_136	428867	429854	gene-Peve_00005647	72.54332411	9
Porites_evermani_scaffold_136	432808	434237	gene-Peve_00005648	83.59989625	28
Porites_evermani_scaffold_1360	9476	10964	gene-Peve_00005678	0	31
Porites_evermani_scaffold_1360	11875	14636	gene-Peve_00005683	0.2173091587	63
Porites_evermani_scaffold_1360	34529	38115	gene-Peve_00005670	0.1420454659	88
Porites_evermani_scaffold_1360	42702	43785	gene-Peve_00005684	2.968604167	12
Porites_evermani_scaffold_1360	49899	52353	gene-Peve_00005671	0.6741623279	61
Porites_evermani_scaffold_1360	54561	56915	gene-Peve_00005672	0.1112346897	29
Porites_evermani_scaffold_1360	55204	56292	gene-Peve_00005673	0	12
Porites_evermani_scaffold_1360	77332	78414	gene-Peve_00005674	0.625	24
Porites_evermani_scaffold_1360	83624	84194	gene-Peve_00005675	0	8
Porites_evermani_scaffold_1360	85449	86196	gene-Peve_00005676	1.576611786	28
Porites_evermani_scaffold_1360	86655	88382	gene-Peve_00005679	0.8571224583	48
Porites_evermani_scaffold_1360	88457	89099	gene-Peve_00005677	0.7807845652	23
Porites_evermani_scaffold_1360	94474	94912	gene-Peve_00005681	0.3846153846	13
Porites_evermani_scaffold_1360	103457	132193	gene-Peve_00005682	16.61159827	507
Porites_evermani_scaffold_1361	1183	31064	gene-Peve_00005685	0.5624169789	664
Porites_evermani_scaffold_1361	51483	52879	gene-Peve_00005691	0	35
Porites_evermani_scaffold_1361	54433	54915	gene-Peve_00005692	0	16
Porites_evermani_scaffold_1361	76045	93907	gene-Peve_00005687	0.5699218133	166
Porites_evermani_scaffold_1361	96382	122443	gene-Peve_00005689	1.595447474	688
Porites_evermani_scaffold_1361	123060	126886	gene-Peve_00005688	0.248809525	80
Porites_evermani_scaffold_1361	127346	127766	gene-Peve_00005690	.	0
Porites_evermani_scaffold_1362	9817	14304	gene-Peve_00005696	.	0
Porites_evermani_scaffold_1362	14538	93855	gene-Peve_00005698	5.246290294	1209
Porites_evermani_scaffold_1362	30308	30907	gene-Peve_00005699	0.9046126207	29
Porites_evermani_scaffold_1362	32500	32766	gene-Peve_00005693	0	2
Porites_evermani_scaffold_1362	33296	34800	gene-Peve_00005694	0.3205128077	26
Porites_evermani_scaffold_1362	84990	86283	gene-Peve_00005695	2.289377286	7
Porites_evermani_scaffold_1362	124307	130781	gene-Peve_00005697	0.1521585287	157
Porites_evermani_scaffold_1363	76	1142	gene-Peve_00005700	.	0
Porites_evermani_scaffold_1363	9743	11495	gene-Peve_00005708	.	0
Porites_evermani_scaffold_1363	12325	13798	gene-Peve_00005701	20.28706106	16
Porites_evermani_scaffold_1363	39053	39880	gene-Peve_00005702	3.870012467	15
Porites_evermani_scaffold_1363	39945	41794	gene-Peve_00005703	.	0
Porites_evermani_scaffold_1363	71814	88297	gene-Peve_00005704	0	9
Porites_evermani_scaffold_1363	94295	99075	gene-Peve_00005706	1.8181818	5
Porites_evermani_scaffold_1363	120097	128053	gene-Peve_00005707	.	0
Porites_evermani_scaffold_1364	14	2240	gene-Peve_00005709	32.50562305	19
Porites_evermani_scaffold_1364	4123	5350	gene-Peve_00005717	0	18
Porites_evermani_scaffold_1364	8065	14096	gene-Peve_00005718	0.2837301625	80
Porites_evermani_scaffold_1364	15382	22172	gene-Peve_00005719	0.5827505824	91
Porites_evermani_scaffold_1364	23985	28846	gene-Peve_00005710	0	11
Porites_evermani_scaffold_1364	29410	29853	gene-Peve_00005712	.	0
Porites_evermani_scaffold_1364	33282	39644	gene-Peve_00005711	0.2093596034	58
Porites_evermani_scaffold_1364	40829	47188	gene-Peve_00005713	0.4578754571	35
Porites_evermani_scaffold_1364	50288	59261	gene-Peve_00005714	2.09507335	120
Porites_evermani_scaffold_1364	61829	76627	gene-Peve_00005715	42.45852992	93
Porites_evermani_scaffold_1365	28114	34942	gene-Peve_00005725	75.34456887	93
Porites_evermani_scaffold_1365	35433	36827	gene-Peve_00005727	0.4706790185	54
Porites_evermani_scaffold_1365	40513	43615	gene-Peve_00005728	1.250012196	97
Porites_evermani_scaffold_1365	76455	77538	gene-Peve_00005720	0	39
Porites_evermani_scaffold_1365	83138	86395	gene-Peve_00005721	1.261006256	82
Porites_evermani_scaffold_1365	87359	88157	gene-Peve_00005722	0	31
Porites_evermani_scaffold_1365	104847	107393	gene-Peve_00005723	0.6622975217	46
Porites_evermani_scaffold_1365	121095	122272	gene-Peve_00005726	0	39
Porites_evermani_scaffold_1365	128111	130518	gene-Peve_00005724	0	42
Porites_evermani_scaffold_1366	23223	23775	gene-Peve_00005735	90.344709	35
Porites_evermani_scaffold_1366	40574	43380	gene-Peve_00005736	46.60819153	47
Porites_evermani_scaffold_1366	43948	66677	gene-Peve_00005737	26.54145654	240
Porites_evermani_scaffold_1366	72121	90558	gene-Peve_00005730	17.52386867	285
Porites_evermani_scaffold_1366	99075	103076	gene-Peve_00005731	94.99276638	16
Porites_evermani_scaffold_1366	105929	122105	gene-Peve_00005732	80.10629251	35
Porites_evermani_scaffold_1366	123500	132829	gene-Peve_00005733	1.78571425	12
Porites_evermani_scaffold_1367	6449	8420	gene-Peve_00005738	0	1
Porites_evermani_scaffold_1367	9366	12381	gene-Peve_00005744	21.28381368	37
Porites_evermani_scaffold_1367	20543	20867	gene-Peve_00005745	0.5050505455	11
Porites_evermani_scaffold_1367	57910	79286	gene-Peve_00005739	59.1314434	143
Porites_evermani_scaffold_1367	88120	93841	gene-Peve_00005741	1.077065362	80
Porites_evermani_scaffold_1367	101494	106776	gene-Peve_00005742	0.05050505051	99
Porites_evermani_scaffold_1367	114163	118256	gene-Peve_00005743	2.857142857	7
Porites_evermani_scaffold_1368	17795	33669	gene-Peve_00005746	0.3804512593	378
Porites_evermani_scaffold_1368	95886	97813	gene-Peve_00005747	1.556816955	67
Porites_evermani_scaffold_1368	106813	108678	gene-Peve_00005748	0	3
Porites_evermani_scaffold_1368	111810	116015	gene-Peve_00005749	20.45183357	14
Porites_evermani_scaffold_1368	127222	128185	gene-Peve_00005751	0.3401360476	21
Porites_evermani_scaffold_1369	11689	41108	gene-Peve_00005754	0.4872159938	482
Porites_evermani_scaffold_1369	57072	90109	gene-Peve_00005757	7.345069866	872
Porites_evermani_scaffold_1369	101214	107845	gene-Peve_00005758	0	84
Porites_evermani_scaffold_1369	108231	108636	gene-Peve_00005759	.	0
Porites_evermani_scaffold_1369	109746	110091	gene-Peve_00005755	.	0
Porites_evermani_scaffold_1369	110961	113141	gene-Peve_00005760	0.2041266792	53
Porites_evermani_scaffold_1369	123367	125364	gene-Peve_00005756	21.6951754	20
Porites_evermani_scaffold_137	34491	68522	gene-Peve_00005764	1.467353846	434
Porites_evermani_scaffold_137	85444	94681	gene-Peve_00005784	84.5746694	30
Porites_evermani_scaffold_137	116654	127038	gene-Peve_00005761	72.35750019	136
Porites_evermani_scaffold_137	133620	191883	gene-Peve_00005762	20.46333851	1209
Porites_evermani_scaffold_137	148824	154134	gene-Peve_00005763	42.33068991	207
Porites_evermani_scaffold_137	194699	195728	gene-Peve_00005765	0	12
Porites_evermani_scaffold_137	201257	201956	gene-Peve_00005766	.	0
Porites_evermani_scaffold_137	204453	205479	gene-Peve_00005767	2.365879789	19
Porites_evermani_scaffold_137	207446	226242	gene-Peve_00005768	19.04997615	424
Porites_evermani_scaffold_137	230919	239345	gene-Peve_00005769	0.4717309851	67
Porites_evermani_scaffold_137	246527	249681	gene-Peve_00005770	.	0
Porites_evermani_scaffold_137	252520	258672	gene-Peve_00005771	.	0
Porites_evermani_scaffold_137	286263	291968	gene-Peve_00005773	.	0
Porites_evermani_scaffold_137	300041	308344	gene-Peve_00005774	.	0
Porites_evermani_scaffold_137	315801	320318	gene-Peve_00005775	.	0
Porites_evermani_scaffold_137	324221	324530	gene-Peve_00005776	.	0
Porites_evermani_scaffold_137	328589	333009	gene-Peve_00005777	.	0
Porites_evermani_scaffold_137	341398	356338	gene-Peve_00005778	38.5450883	182
Porites_evermani_scaffold_137	359131	359638	gene-Peve_00005779	0.2840909091	22
Porites_evermani_scaffold_137	360002	378842	gene-Peve_00005780	73.62114926	99
Porites_evermani_scaffold_137	380266	396876	gene-Peve_00005782	68.31822018	92
Porites_evermani_scaffold_137	398250	424481	gene-Peve_00005781	1.3273377	636
Porites_evermani_scaffold_137	425918	433575	gene-Peve_00005783	26.27306207	109
Porites_evermani_scaffold_1370	8989	10671	gene-Peve_00005785	59.41041908	48
Porites_evermani_scaffold_1370	12075	13380	gene-Peve_00005791	29.80524116	31
Porites_evermani_scaffold_1370	20412	21192	gene-Peve_00005795	58.88751697	31
Porites_evermani_scaffold_1370	23008	27895	gene-Peve_00005786	51.20216492	107
Porites_evermani_scaffold_1370	61322	67149	gene-Peve_00005793	.	0
Porites_evermani_scaffold_1370	109696	112060	gene-Peve_00005794	23.73675933	51
Porites_evermani_scaffold_1370	126236	126689	gene-Peve_00005797	18.0128205	4
Porites_evermani_scaffold_1370	127802	128165	gene-Peve_00005798	35.56674092	13
Porites_evermani_scaffold_1370	129162	129966	gene-Peve_00005799	43.32619707	14
Porites_evermani_scaffold_1371	5918	7491	gene-Peve_00005800	0.4545454545	22
Porites_evermani_scaffold_1371	16818	18582	gene-Peve_00005811	0.3344481739	23
Porites_evermani_scaffold_1371	35303	35941	gene-Peve_00005801	1.428571429	7
Porites_evermani_scaffold_1371	50474	51449	gene-Peve_00005802	0	7
Porites_evermani_scaffold_1371	55534	73774	gene-Peve_00005803	37.32561055	293
Porites_evermani_scaffold_1371	93042	104719	gene-Peve_00005804	17.92431261	185
Porites_evermani_scaffold_1371	106876	107917	gene-Peve_00005805	0.9331813171	41
Porites_evermani_scaffold_1371	117827	118265	gene-Peve_00005806	0	5
Porites_evermani_scaffold_1371	119709	120561	gene-Peve_00005807	0.241545913	23
Porites_evermani_scaffold_1371	122381	123779	gene-Peve_00005808	0	32
Porites_evermani_scaffold_1371	131396	132146	gene-Peve_00005809	.	0
Porites_evermani_scaffold_1372	23132	24427	gene-Peve_00005819	.	0
Porites_evermani_scaffold_1372	25314	25668	gene-Peve_00005820	40.5128205	6
Porites_evermani_scaffold_1372	48377	50154	gene-Peve_00005814	0	20
Porites_evermani_scaffold_1372	50671	52837	gene-Peve_00005815	0	23
Porites_evermani_scaffold_1372	54691	55051	gene-Peve_00005816	0	11
Porites_evermani_scaffold_1373	14069	46361	gene-Peve_00005821	2.932869127	229
Porites_evermani_scaffold_1373	72557	131342	gene-Peve_00005822	0.9304218326	1129
Porites_evermani_scaffold_1373	99332	99933	gene-Peve_00005824	0.5050505	18
Porites_evermani_scaffold_1374	26408	27266	gene-Peve_00005830	0.7564756	35
Porites_evermani_scaffold_1374	41990	48574	gene-Peve_00005832	0.5957427981	208
Porites_evermani_scaffold_1374	50545	57042	gene-Peve_00005826	48.9690225	44
Porites_evermani_scaffold_1374	61269	69399	gene-Peve_00005827	0.8743619217	217
Porites_evermani_scaffold_1374	72072	84240	gene-Peve_00005828	6.695526033	211
Porites_evermani_scaffold_1374	85076	85646	gene-Peve_00005829	0	8
Porites_evermani_scaffold_1374	108341	112559	gene-Peve_00005831	1.545709214	14
Porites_evermani_scaffold_1375	9650	11509	gene-Peve_00005838	91.61616167	9
Porites_evermani_scaffold_1375	56124	63098	gene-Peve_00005835	8.505223727	66
Porites_evermani_scaffold_1375	65270	68119	gene-Peve_00005836	73.79209018	22
Porites_evermani_scaffold_1375	70709	88478	gene-Peve_00005837	14.32734844	223
Porites_evermani_scaffold_1375	94158	94872	gene-Peve_00005839	0	7
Porites_evermani_scaffold_1375	96947	108094	gene-Peve_00005840	.	0
Porites_evermani_scaffold_1375	108596	131925	gene-Peve_00005841	7.836879426	47
Porites_evermani_scaffold_1376	1125	28547	gene-Peve_00005843	2.651827356	101
Porites_evermani_scaffold_1376	31617	32686	gene-Peve_00005847	0.3663003846	13
Porites_evermani_scaffold_1376	38188	57419	gene-Peve_00005848	.	0
Porites_evermani_scaffold_1376	85990	86326	gene-Peve_00005844	.	0
Porites_evermani_scaffold_1376	86863	87208	gene-Peve_00005845	.	0
Porites_evermani_scaffold_1377	7095	10080	gene-Peve_00005849	.	0
Porites_evermani_scaffold_1377	25014	45026	gene-Peve_00005853	56.80710348	102
Porites_evermani_scaffold_1377	51575	76234	gene-Peve_00005850	0.695406066	106
Porites_evermani_scaffold_1377	81003	84002	gene-Peve_00005851	.	0
Porites_evermani_scaffold_1377	116438	125813	gene-Peve_00005852	66.03203551	92
Porites_evermani_scaffold_1378	141	787	gene-Peve_00005866	37.18607644	9
Porites_evermani_scaffold_1378	1305	1656	gene-Peve_00005861	55.70120343	7
Porites_evermani_scaffold_1378	1971	3439	gene-Peve_00005854	22.977591	10
Porites_evermani_scaffold_1378	3909	4865	gene-Peve_00005855	55.34547133	3
Porites_evermani_scaffold_1378	16298	16661	gene-Peve_00005875	70.2587414	10
Porites_evermani_scaffold_1378	18394	19844	gene-Peve_00005856	15.43822845	20
Porites_evermani_scaffold_1378	36549	37202	gene-Peve_00005858	36.40995373	11
Porites_evermani_scaffold_1378	39727	42079	gene-Peve_00005859	5.3269231	20
Porites_evermani_scaffold_1378	55179	55485	gene-Peve_00005862	32.31292514	7
Porites_evermani_scaffold_1378	65519	68662	gene-Peve_00005863	33.42003609	35
Porites_evermani_scaffold_1378	69000	69516	gene-Peve_00005864	46.7999322	10
Porites_evermani_scaffold_1378	76906	77434	gene-Peve_00005865	61.37636871	17
Porites_evermani_scaffold_1378	99905	100448	gene-Peve_00005868	62.29853487	15
Porites_evermani_scaffold_1378	110270	110687	gene-Peve_00005869	59.85668273	11
Porites_evermani_scaffold_1378	112140	112500	gene-Peve_00005870	46.0569315	4
Porites_evermani_scaffold_1378	112882	113389	gene-Peve_00005871	7.4747475	6
Porites_evermani_scaffold_1378	122019	122475	gene-Peve_00005872	31.81818167	3
Porites_evermani_scaffold_1378	123224	123584	gene-Peve_00005873	33.47041843	7
Porites_evermani_scaffold_1378	130454	131252	gene-Peve_00005874	30.55962239	28
Porites_evermani_scaffold_1379	861	1458	gene-Peve_00005876	.	0
Porites_evermani_scaffold_1379	2444	2999	gene-Peve_00005881	.	0
Porites_evermani_scaffold_1379	30048	56969	gene-Peve_00005879	0.7538369676	524
Porites_evermani_scaffold_1379	60709	78538	gene-Peve_00005880	43.15685462	212
Porites_evermani_scaffold_1379	84413	85415	gene-Peve_00005882	0	22
Porites_evermani_scaffold_1379	98259	112308	gene-Peve_00005883	0.475631886	193
Porites_evermani_scaffold_1379	129151	129667	gene-Peve_00005884	0	18
Porites_evermani_scaffold_1379	129939	130350	gene-Peve_00005885	0	18
Porites_evermani_scaffold_138	20332	20950	gene-Peve_00005916	1.579150464	28
Porites_evermani_scaffold_138	23720	24635	gene-Peve_00005889	0	15
Porites_evermani_scaffold_138	33679	44556	gene-Peve_00005895	0.2109820061	165
Porites_evermani_scaffold_138	47910	48741	gene-Peve_00005896	.	0
Porites_evermani_scaffold_138	53493	53998	gene-Peve_00005897	0	11
Porites_evermani_scaffold_138	68142	88226	gene-Peve_00005899	0.5699123742	596
Porites_evermani_scaffold_138	92465	111480	gene-Peve_00005900	5.200661301	525
Porites_evermani_scaffold_138	104223	105047	gene-Peve_00005901	0.2178649259	27
Porites_evermani_scaffold_138	114561	186450	gene-Peve_00005902	16.97242615	1271
Porites_evermani_scaffold_138	154114	155601	gene-Peve_00005903	0.3843438689	61
Porites_evermani_scaffold_138	188861	190259	gene-Peve_00005904	21.010101	33
Porites_evermani_scaffold_138	203898	213541	gene-Peve_00005905	29.1917202	158
Porites_evermani_scaffold_138	215038	219222	gene-Peve_00005906	57.53031676	38
Porites_evermani_scaffold_138	265298	265703	gene-Peve_00005911	0	3
Porites_evermani_scaffold_138	265934	268479	gene-Peve_00005912	4.023917176	17
Porites_evermani_scaffold_138	273919	274390	gene-Peve_00005913	0	5
Porites_evermani_scaffold_138	275234	276991	gene-Peve_00005914	0	18
Porites_evermani_scaffold_138	307860	319657	gene-Peve_00005915	11.25864412	77
Porites_evermani_scaffold_138	339914	340515	gene-Peve_00005917	0	8
Porites_evermani_scaffold_138	346312	347365	gene-Peve_00005918	0	15
Porites_evermani_scaffold_138	350395	351122	gene-Peve_00005886	.	0
Porites_evermani_scaffold_138	369445	372076	gene-Peve_00005887	29.45127208	72
Porites_evermani_scaffold_138	387298	389389	gene-Peve_00005888	0	5
Porites_evermani_scaffold_138	399282	401334	gene-Peve_00005890	0.5555555556	18
Porites_evermani_scaffold_138	420901	421675	gene-Peve_00005892	.	0
Porites_evermani_scaffold_1380	23004	28926	gene-Peve_00005919	0.1397959635	137
Porites_evermani_scaffold_1380	36950	38719	gene-Peve_00005920	0	33
Porites_evermani_scaffold_1380	41416	51178	gene-Peve_00005921	0.3338585678	273
Porites_evermani_scaffold_1380	61507	92642	gene-Peve_00005923	0.3908025234	256
Porites_evermani_scaffold_1380	102701	103631	gene-Peve_00005924	1.47689076	25
Porites_evermani_scaffold_1380	108285	123787	gene-Peve_00005925	3.799558554	312
Porites_evermani_scaffold_1381	345	2506	gene-Peve_00005926	.	0
Porites_evermani_scaffold_1381	12434	20655	gene-Peve_00005927	.	0
Porites_evermani_scaffold_1381	24480	24945	gene-Peve_00005931	.	0
Porites_evermani_scaffold_1381	25241	27533	gene-Peve_00005935	.	0
Porites_evermani_scaffold_1381	29972	65904	gene-Peve_00005936	0.4581360648	571
Porites_evermani_scaffold_1381	69070	70780	gene-Peve_00005928	0	5
Porites_evermani_scaffold_1381	75110	80216	gene-Peve_00005929	0.6459816433	157
Porites_evermani_scaffold_1381	85218	91852	gene-Peve_00005930	36.87675032	65
Porites_evermani_scaffold_1381	103501	104512	gene-Peve_00005932	0	20
Porites_evermani_scaffold_1381	107000	112750	gene-Peve_00005933	36.30472327	121
Porites_evermani_scaffold_1381	113050	126652	gene-Peve_00005934	48.93697728	108
Porites_evermani_scaffold_1382	4803	17713	gene-Peve_00005937	20.87511762	195
Porites_evermani_scaffold_1382	19299	46177	gene-Peve_00005940	1.002986117	789
Porites_evermani_scaffold_1382	47094	99820	gene-Peve_00005941	18.98772612	693
Porites_evermani_scaffold_1382	90305	95280	gene-Peve_00005938	0	65
Porites_evermani_scaffold_1382	98800	131621	gene-Peve_00005939	1.050328762	916
Porites_evermani_scaffold_1383	6608	7298	gene-Peve_00005942	1.224934429	21
Porites_evermani_scaffold_1383	37384	38446	gene-Peve_00005950	0.4048583158	19
Porites_evermani_scaffold_1383	58504	59818	gene-Peve_00005951	0.1111111111	45
Porites_evermani_scaffold_1383	82752	84087	gene-Peve_00005943	.	0
Porites_evermani_scaffold_1383	94466	95564	gene-Peve_00005944	.	0
Porites_evermani_scaffold_1383	96667	101795	gene-Peve_00005945	0	21
Porites_evermani_scaffold_1383	106134	114537	gene-Peve_00005946	1.147660842	19
Porites_evermani_scaffold_1383	115635	116133	gene-Peve_00005947	0.4464285714	14
Porites_evermani_scaffold_1383	118489	121737	gene-Peve_00005948	79.05909096	25
Porites_evermani_scaffold_1383	123695	127711	gene-Peve_00005949	79.7058475	18
Porites_evermani_scaffold_1384	134	954	gene-Peve_00005952	0.5566367857	42
Porites_evermani_scaffold_1384	1090	1532	gene-Peve_00005958	0.2976190833	12
Porites_evermani_scaffold_1384	7663	9317	gene-Peve_00005962	0.6652850517	58
Porites_evermani_scaffold_1384	10189	10723	gene-Peve_00005953	0	16
Porites_evermani_scaffold_1384	16553	23720	gene-Peve_00005955	0.6716417761	67
Porites_evermani_scaffold_1384	25596	27088	gene-Peve_00005956	0.5476673448	29
Porites_evermani_scaffold_1384	30932	40140	gene-Peve_00005957	0.1012145789	76
Porites_evermani_scaffold_1384	40129	48849	gene-Peve_00005959	39.28971566	93
Porites_evermani_scaffold_1384	50497	57119	gene-Peve_00005960	1.339370011	188
Porites_evermani_scaffold_1384	57272	63880	gene-Peve_00005963	0	1
Porites_evermani_scaffold_1384	65028	82180	gene-Peve_00005964	4.58333325	4
Porites_evermani_scaffold_1384	82322	98820	gene-Peve_00005965	92.91666667	3
Porites_evermani_scaffold_1384	111836	114788	gene-Peve_00005966	0	6
Porites_evermani_scaffold_1384	119999	131376	gene-Peve_00005967	47.54355837	120
Porites_evermani_scaffold_1385	16205	19019	gene-Peve_00005976	0.1809845541	74
Porites_evermani_scaffold_1385	27357	28499	gene-Peve_00005968	0	11
Porites_evermani_scaffold_1385	35679	40912	gene-Peve_00005969	0.8280971667	126
Porites_evermani_scaffold_1385	49337	50459	gene-Peve_00005970	0.3720238125	32
Porites_evermani_scaffold_1385	55316	56432	gene-Peve_00005971	0.1930501892	37
Porites_evermani_scaffold_1385	59110	91329	gene-Peve_00005972	0.6168607022	403
Porites_evermani_scaffold_1385	92544	97265	gene-Peve_00005973	0.1679293	110
Porites_evermani_scaffold_1385	101582	101894	gene-Peve_00005974	0	6
Porites_evermani_scaffold_1385	105322	107698	gene-Peve_00005975	0.2553485111	45
Porites_evermani_scaffold_1386	10902	25054	gene-Peve_00005977	0.5187643203	128
Porites_evermani_scaffold_1386	35555	35897	gene-Peve_00005981	0	14
Porites_evermani_scaffold_1386	40655	40961	gene-Peve_00005982	0.6666667	10
Porites_evermani_scaffold_1386	53872	90713	gene-Peve_00005983	2.035449976	779
Porites_evermani_scaffold_1386	101962	103240	gene-Peve_00005984	0	6
Porites_evermani_scaffold_1386	104519	105797	gene-Peve_00005978	.	0
Porites_evermani_scaffold_1386	114607	118074	gene-Peve_00005979	0	1
Porites_evermani_scaffold_1386	120574	131381	gene-Peve_00005980	1.509981265	83
Porites_evermani_scaffold_1387	335	3439	gene-Peve_00005991	0.1707779892	93
Porites_evermani_scaffold_1387	5956	7433	gene-Peve_00005995	0.246212125	64
Porites_evermani_scaffold_1387	9346	24533	gene-Peve_00005996	18.70337161	399
Porites_evermani_scaffold_1387	25421	34899	gene-Peve_00005997	72.54138068	136
Porites_evermani_scaffold_1387	39711	40788	gene-Peve_00005998	0	4
Porites_evermani_scaffold_1387	46788	48210	gene-Peve_00005985	0	12
Porites_evermani_scaffold_1387	56924	67674	gene-Peve_00005986	0.6577328	130
Porites_evermani_scaffold_1387	74614	80031	gene-Peve_00005987	0	33
Porites_evermani_scaffold_1387	80091	80649	gene-Peve_00005988	0	6
Porites_evermani_scaffold_1387	83294	85035	gene-Peve_00005989	.	0
Porites_evermani_scaffold_1387	85746	89811	gene-Peve_00005990	0.625	16
Porites_evermani_scaffold_1387	91168	97036	gene-Peve_00005992	9.077166222	63
Porites_evermani_scaffold_1387	97116	108351	gene-Peve_00005993	40.43560606	32
Porites_evermani_scaffold_1387	109244	120030	gene-Peve_00005994	78.30519894	33
Porites_evermani_scaffold_1388	0	2869	gene-Peve_00005999	.	0
Porites_evermani_scaffold_1388	4340	9971	gene-Peve_00006000	.	0
Porites_evermani_scaffold_1388	12214	13405	gene-Peve_00006009	.	0
Porites_evermani_scaffold_1388	14416	25680	gene-Peve_00006010	82.63329588	51
Porites_evermani_scaffold_1388	27538	28129	gene-Peve_00006001	1.041666625	8
Porites_evermani_scaffold_1388	51002	52190	gene-Peve_00006002	2.5	4
Porites_evermani_scaffold_1388	71580	72522	gene-Peve_00006003	.	0
Porites_evermani_scaffold_1388	76822	77134	gene-Peve_00006004	.	0
Porites_evermani_scaffold_1388	91552	92110	gene-Peve_00006005	0	10
Porites_evermani_scaffold_1388	110233	119247	gene-Peve_00006007	0.7708338675	151
Porites_evermani_scaffold_1388	126987	129122	gene-Peve_00006008	0.7762092292	48
Porites_evermani_scaffold_1389	52343	52700	gene-Peve_00006016	.	0
Porites_evermani_scaffold_1389	61644	62714	gene-Peve_00006017	.	0
Porites_evermani_scaffold_1389	86378	89378	gene-Peve_00006019	0	10
Porites_evermani_scaffold_1389	90923	97766	gene-Peve_00006020	0	25
Porites_evermani_scaffold_1389	129055	129750	gene-Peve_00006021	79.69139629	7
Porites_evermani_scaffold_139	21396	23786	gene-Peve_00006041	1.326757308	39
Porites_evermani_scaffold_139	29232	29537	gene-Peve_00006045	1.198352	15
Porites_evermani_scaffold_139	80341	81908	gene-Peve_00006031	0.167224087	46
Porites_evermani_scaffold_139	113881	118000	gene-Peve_00006032	3.94637772	132
Porites_evermani_scaffold_139	132847	137703	gene-Peve_00006033	0.45238095	60
Porites_evermani_scaffold_139	171674	172484	gene-Peve_00006034	0	2
Porites_evermani_scaffold_139	172861	173559	gene-Peve_00006035	.	0
Porites_evermani_scaffold_139	174258	175762	gene-Peve_00006036	.	0
Porites_evermani_scaffold_139	180226	182202	gene-Peve_00006038	0.6181103846	78
Porites_evermani_scaffold_139	183055	187919	gene-Peve_00006039	6.193984407	91
Porites_evermani_scaffold_139	204635	206382	gene-Peve_00006040	0.73333332	25
Porites_evermani_scaffold_139	235398	255627	gene-Peve_00006042	0.2197802222	126
Porites_evermani_scaffold_139	279088	281850	gene-Peve_00006044	0	40
Porites_evermani_scaffold_139	282704	283046	gene-Peve_00006046	.	0
Porites_evermani_scaffold_139	305765	308483	gene-Peve_00006048	2.458003833	6
Porites_evermani_scaffold_139	314675	318053	gene-Peve_00006049	0.74074075	36
Porites_evermani_scaffold_139	333105	333438	gene-Peve_00006050	0	3
Porites_evermani_scaffold_139	337404	338983	gene-Peve_00006051	4.507575687	16
Porites_evermani_scaffold_139	340998	343696	gene-Peve_00006022	.	0
Porites_evermani_scaffold_139	344138	346873	gene-Peve_00006023	.	0
Porites_evermani_scaffold_139	359994	365241	gene-Peve_00006025	0.395531413	46
Porites_evermani_scaffold_139	399552	400092	gene-Peve_00006026	0	2
Porites_evermani_scaffold_139	405245	406278	gene-Peve_00006027	.	0
Porites_evermani_scaffold_139	418878	424840	gene-Peve_00006029	0	40
Porites_evermani_scaffold_1390	8	653	gene-Peve_00006052	.	0
Porites_evermani_scaffold_1390	4374	20983	gene-Peve_00006057	6.798614167	282
Porites_evermani_scaffold_1390	26078	26931	gene-Peve_00006062	2.564881667	33
Porites_evermani_scaffold_1390	31909	38850	gene-Peve_00006063	27.92224316	82
Porites_evermani_scaffold_1390	57629	59677	gene-Peve_00006053	0.132275127	63
Porites_evermani_scaffold_1390	66662	68094	gene-Peve_00006054	0	2
Porites_evermani_scaffold_1390	73287	79574	gene-Peve_00006055	0.6068156512	86
Porites_evermani_scaffold_1390	92590	99860	gene-Peve_00006056	10.18775032	153
Porites_evermani_scaffold_1390	108649	115697	gene-Peve_00006059	0.25252525	36
Porites_evermani_scaffold_1390	126658	127916	gene-Peve_00006061	0	10
Porites_evermani_scaffold_1391	25165	30862	gene-Peve_00006075	31.82894744	39
Porites_evermani_scaffold_1391	36984	37380	gene-Peve_00006076	26.86743565	20
Porites_evermani_scaffold_1391	43772	44829	gene-Peve_00006077	.	0
Porites_evermani_scaffold_1391	76306	76768	gene-Peve_00006066	.	0
Porites_evermani_scaffold_1391	81235	82605	gene-Peve_00006067	.	0
Porites_evermani_scaffold_1391	86374	87281	gene-Peve_00006068	.	0
Porites_evermani_scaffold_1391	98647	99619	gene-Peve_00006069	.	0
Porites_evermani_scaffold_1391	107300	107990	gene-Peve_00006073	.	0
Porites_evermani_scaffold_1392	1349	2051	gene-Peve_00006078	.	0
Porites_evermani_scaffold_1392	6134	6752	gene-Peve_00006082	0	6
Porites_evermani_scaffold_1392	11658	12861	gene-Peve_00006085	2.1986014	25
Porites_evermani_scaffold_1392	19895	23824	gene-Peve_00006086	0.2016129032	31
Porites_evermani_scaffold_1392	68212	72126	gene-Peve_00006088	0.6971457244	127
Porites_evermani_scaffold_1392	77998	82722	gene-Peve_00006079	0	14
Porites_evermani_scaffold_1392	82746	88174	gene-Peve_00006087	1.938161386	101
Porites_evermani_scaffold_1392	94868	103600	gene-Peve_00006080	0.2356532444	135
Porites_evermani_scaffold_1392	104233	115049	gene-Peve_00006081	27.71588677	137
Porites_evermani_scaffold_1392	121894	125295	gene-Peve_00006083	0	9
Porites_evermani_scaffold_1392	128632	129967	gene-Peve_00006084	0	23
Porites_evermani_scaffold_1393	277	31359	gene-Peve_00006089	0.4814687581	587
Porites_evermani_scaffold_1393	40691	48866	gene-Peve_00006095	0.2087194508	122
Porites_evermani_scaffold_1393	54963	56962	gene-Peve_00006096	63.81379004	27
Porites_evermani_scaffold_1393	65025	70227	gene-Peve_00006097	68.92890628	75
Porites_evermani_scaffold_1393	70515	76267	gene-Peve_00006099	51.68145685	40
Porites_evermani_scaffold_1393	80932	84964	gene-Peve_00006098	42.79425969	35
Porites_evermani_scaffold_1393	85382	95410	gene-Peve_00006100	0.4329248154	325
Porites_evermani_scaffold_1393	104509	106268	gene-Peve_00006090	0.3919817875	80
Porites_evermani_scaffold_1393	106916	107225	gene-Peve_00006091	1.568873214	14
Porites_evermani_scaffold_1393	108596	111379	gene-Peve_00006092	0	1
Porites_evermani_scaffold_1393	124139	128504	gene-Peve_00006094	2.43223445	20
Porites_evermani_scaffold_1394	6566	75052	gene-Peve_00006101	10.46114334	134
Porites_evermani_scaffold_1394	20462	21163	gene-Peve_00006105	.	0
Porites_evermani_scaffold_1394	26232	28412	gene-Peve_00006110	16.94444433	6
Porites_evermani_scaffold_1394	42246	48549	gene-Peve_00006102	.	0
Porites_evermani_scaffold_1394	58254	59656	gene-Peve_00006104	.	0
Porites_evermani_scaffold_1394	99120	99582	gene-Peve_00006106	0	7
Porites_evermani_scaffold_1394	107754	108527	gene-Peve_00006107	1.5384616	5
Porites_evermani_scaffold_1394	110551	110926	gene-Peve_00006108	.	0
Porites_evermani_scaffold_1394	126616	128271	gene-Peve_00006109	0	11
Porites_evermani_scaffold_1395	5580	9876	gene-Peve_00006111	1.253299366	134
Porites_evermani_scaffold_1395	16061	24431	gene-Peve_00006115	0.4412828563	174
Porites_evermani_scaffold_1395	27183	35453	gene-Peve_00006116	0.4668469684	95
Porites_evermani_scaffold_1395	55816	93951	gene-Peve_00006112	5.595983979	474
Porites_evermani_scaffold_1395	96928	104706	gene-Peve_00006113	93.18499682	11
Porites_evermani_scaffold_1395	119231	127475	gene-Peve_00006114	27.5	4
Porites_evermani_scaffold_1396	632	908	gene-Peve_00006117	0	5
Porites_evermani_scaffold_1396	16202	18355	gene-Peve_00006123	0.265252	58
Porites_evermani_scaffold_1396	34625	45461	gene-Peve_00006118	1.368542708	281
Porites_evermani_scaffold_1396	46267	62339	gene-Peve_00006119	39.65424615	160
Porites_evermani_scaffold_1396	63534	72232	gene-Peve_00006120	49.96685794	66
Porites_evermani_scaffold_1396	72796	105613	gene-Peve_00006122	6.925308792	355
Porites_evermani_scaffold_1396	88338	130768	gene-Peve_00006121	0.9934139815	755
Porites_evermani_scaffold_1397	4586	9035	gene-Peve_00006124	0.8089334793	121
Porites_evermani_scaffold_1397	35602	36532	gene-Peve_00006132	0	18
Porites_evermani_scaffold_1397	37644	41625	gene-Peve_00006133	1.104728597	62
Porites_evermani_scaffold_1397	47606	54708	gene-Peve_00006134	22.08073016	152
Porites_evermani_scaffold_1397	62869	74198	gene-Peve_00006125	0.5528479129	241
Porites_evermani_scaffold_1397	81643	86841	gene-Peve_00006126	0	119
Porites_evermani_scaffold_1397	86945	90037	gene-Peve_00006127	1.136464471	51
Porites_evermani_scaffold_1397	93370	100878	gene-Peve_00006128	1.119556871	240
Porites_evermani_scaffold_1397	100979	104052	gene-Peve_00006129	0	21
Porites_evermani_scaffold_1397	104357	106516	gene-Peve_00006130	0.65789475	8
Porites_evermani_scaffold_1397	116867	128267	gene-Peve_00006131	0.5342251121	348
Porites_evermani_scaffold_1398	9587	11918	gene-Peve_00006135	0.2503052564	39
Porites_evermani_scaffold_1398	9945	11065	gene-Peve_00006137	0.4067460417	24
Porites_evermani_scaffold_1398	28214	34594	gene-Peve_00006140	1.447971796	49
Porites_evermani_scaffold_1398	42809	49144	gene-Peve_00006141	0.09578543678	87
Porites_evermani_scaffold_1398	59727	60108	gene-Peve_00006138	10.054639	25
Porites_evermani_scaffold_1398	94610	101231	gene-Peve_00006139	0	4
Porites_evermani_scaffold_1399	2202	16461	gene-Peve_00006142	6.743088404	136
Porites_evermani_scaffold_1399	6908	7424	gene-Peve_00006151	29.65811086	14
Porites_evermani_scaffold_1399	24285	25908	gene-Peve_00006143	0.3030303	30
Porites_evermani_scaffold_1399	28710	31948	gene-Peve_00006144	1.134752688	77
Porites_evermani_scaffold_1399	36392	37265	gene-Peve_00006145	0.5	20
Porites_evermani_scaffold_1399	45770	46643	gene-Peve_00006146	0.2100840294	34
Porites_evermani_scaffold_1399	52672	62073	gene-Peve_00006147	23.43783472	134
Porites_evermani_scaffold_1399	63779	109299	gene-Peve_00006148	6.810696954	804
Porites_evermani_scaffold_1399	111431	112193	gene-Peve_00006149	0.5124777059	34
Porites_evermani_scaffold_1399	118324	120115	gene-Peve_00006150	0.5555555833	12
Porites_evermani_scaffold_14	2603	2921	gene-Peve_00006152	0	12
Porites_evermani_scaffold_14	13803	15357	gene-Peve_00006178	0.2966464306	72
Porites_evermani_scaffold_14	33451	35171	gene-Peve_00006153	0.1524390244	41
Porites_evermani_scaffold_14	48029	49463	gene-Peve_00006163	0.1552795	46
Porites_evermani_scaffold_14	58292	58877	gene-Peve_00006174	.	0
Porites_evermani_scaffold_14	60801	62136	gene-Peve_00006179	6.194184647	17
Porites_evermani_scaffold_14	70304	72050	gene-Peve_00006190	0.3115690189	53
Porites_evermani_scaffold_14	114378	115467	gene-Peve_00006217	0	42
Porites_evermani_scaffold_14	122248	123337	gene-Peve_00006218	0.1602564167	48
Porites_evermani_scaffold_14	140060	141095	gene-Peve_00006219	0.2564102564	39
Porites_evermani_scaffold_14	146184	158420	gene-Peve_00006220	20.64766953	226
Porites_evermani_scaffold_14	165148	166729	gene-Peve_00006222	0.4978354857	35
Porites_evermani_scaffold_14	171831	197229	gene-Peve_00006223	15.53288753	428
Porites_evermani_scaffold_14	198886	199861	gene-Peve_00006224	0.2754820909	33
Porites_evermani_scaffold_14	206714	207746	gene-Peve_00006225	0.1225490196	51
Porites_evermani_scaffold_14	242095	243552	gene-Peve_00006228	1.22454624	25
Porites_evermani_scaffold_14	248961	260486	gene-Peve_00006229	0.5952706135	207
Porites_evermani_scaffold_14	265566	270101	gene-Peve_00006230	1.397803924	92
Porites_evermani_scaffold_14	290348	305812	gene-Peve_00006231	51.32102613	257
Porites_evermani_scaffold_14	313855	334522	gene-Peve_00006232	22.59630253	304
Porites_evermani_scaffold_14	335765	365669	gene-Peve_00006233	23.88630754	538
Porites_evermani_scaffold_14	373399	411679	gene-Peve_00006234	0.937287616	935
Porites_evermani_scaffold_14	413183	418208	gene-Peve_00006154	0.1855231168	137
Porites_evermani_scaffold_14	454949	470171	gene-Peve_00006156	0.29253684	375
Porites_evermani_scaffold_14	479638	495150	gene-Peve_00006157	0.8069659269	301
Porites_evermani_scaffold_14	503124	540856	gene-Peve_00006158	1.734137191	782
Porites_evermani_scaffold_14	535024	537842	gene-Peve_00006160	11.96743868	57
Porites_evermani_scaffold_14	553660	565005	gene-Peve_00006162	0.9406640842	190
Porites_evermani_scaffold_14	570416	570845	gene-Peve_00006164	1.075268667	3
Porites_evermani_scaffold_14	579859	593526	gene-Peve_00006166	2.303576814	318
Porites_evermani_scaffold_14	597632	598589	gene-Peve_00006167	0.17391304	25
Porites_evermani_scaffold_14	602296	611062	gene-Peve_00006168	0.7449858564	188
Porites_evermani_scaffold_14	611229	630313	gene-Peve_00006169	0.7679766495	311
Porites_evermani_scaffold_14	637666	647914	gene-Peve_00006171	3.822004175	302
Porites_evermani_scaffold_14	640036	642697	gene-Peve_00006172	0.2731797089	79
Porites_evermani_scaffold_14	649279	649687	gene-Peve_00006173	0.390625	16
Porites_evermani_scaffold_14	653747	654695	gene-Peve_00006175	0	18
Porites_evermani_scaffold_14	658345	659467	gene-Peve_00006176	0	38
Porites_evermani_scaffold_14	676969	678058	gene-Peve_00006177	0	43
Porites_evermani_scaffold_14	682620	699636	gene-Peve_00006180	0.2789694273	337
Porites_evermani_scaffold_14	707846	708203	gene-Peve_00006182	0	5
Porites_evermani_scaffold_14	710081	717001	gene-Peve_00006183	0.52608575	152
Porites_evermani_scaffold_14	731986	734306	gene-Peve_00006184	0.6018589294	85
Porites_evermani_scaffold_14	735622	748348	gene-Peve_00006185	0.4309525216	370
Porites_evermani_scaffold_14	760585	770771	gene-Peve_00006186	0.8716524924	197
Porites_evermani_scaffold_14	765128	778223	gene-Peve_00006187	0.4747273508	248
Porites_evermani_scaffold_14	779101	779491	gene-Peve_00006188	0	5
Porites_evermani_scaffold_14	783420	784458	gene-Peve_00006191	0	21
Porites_evermani_scaffold_14	800364	809971	gene-Peve_00006192	62.46282982	177
Porites_evermani_scaffold_14	810093	818342	gene-Peve_00006194	33.75147801	135
Porites_evermani_scaffold_14	821862	830661	gene-Peve_00006193	0.5278122802	232
Porites_evermani_scaffold_14	840346	924774	gene-Peve_00006196	10.54295691	1633
Porites_evermani_scaffold_14	859995	867440	gene-Peve_00006197	14.79595106	159
Porites_evermani_scaffold_14	869541	880282	gene-Peve_00006198	0.5515427089	237
Porites_evermani_scaffold_14	888656	899277	gene-Peve_00006200	31.58131728	198
Porites_evermani_scaffold_14	907137	922599	gene-Peve_00006201	0.9440247623	345
Porites_evermani_scaffold_14	941131	941665	gene-Peve_00006203	0.9803921765	17
Porites_evermani_scaffold_14	943538	950025	gene-Peve_00006204	0.4446350286	140
Porites_evermani_scaffold_14	973576	976648	gene-Peve_00006205	0.08912655882	102
Porites_evermani_scaffold_14	978521	981643	gene-Peve_00006206	0.5193067882	85
Porites_evermani_scaffold_14	985590	988580	gene-Peve_00006207	1.730781829	41
Porites_evermani_scaffold_14	1000854	1002034	gene-Peve_00006208	1.381535136	44
Porites_evermani_scaffold_14	1007750	1009810	gene-Peve_00006210	0.1810080877	57
Porites_evermani_scaffold_14	1015100	1039140	gene-Peve_00006209	8.941743024	505
Porites_evermani_scaffold_14	1045162	1045477	gene-Peve_00006211	0	10
Porites_evermani_scaffold_14	1048527	1070517	gene-Peve_00006212	17.32253501	442
Porites_evermani_scaffold_14	1071782	1072076	gene-Peve_00006213	0	13
Porites_evermani_scaffold_14	1072832	1073666	gene-Peve_00006214	0.3267973889	18
Porites_evermani_scaffold_14	1081591	1087038	gene-Peve_00006215	10.05947138	98
Porites_evermani_scaffold_14	1089062	1092961	gene-Peve_00006216	52.59363838	34
Porites_evermani_scaffold_140	2	47812	gene-Peve_00006235	9.655205962	635
Porites_evermani_scaffold_140	2010	4426	gene-Peve_00006250	9.72053317	94
Porites_evermani_scaffold_140	30593	31731	gene-Peve_00006236	1.25427766	47
Porites_evermani_scaffold_140	47990	54232	gene-Peve_00006243	39.48220664	25
Porites_evermani_scaffold_140	58341	61110	gene-Peve_00006244	0.5932650319	94
Porites_evermani_scaffold_140	62534	71504	gene-Peve_00006245	40.45972609	100
Porites_evermani_scaffold_140	71750	95921	gene-Peve_00006246	21.0492961	449
Porites_evermani_scaffold_140	99949	116234	gene-Peve_00006247	30.63362933	239
Porites_evermani_scaffold_140	119393	125721	gene-Peve_00006248	54.50453495	74
Porites_evermani_scaffold_140	127528	129935	gene-Peve_00006249	75.64693604	25
Porites_evermani_scaffold_140	132993	133403	gene-Peve_00006251	1.25	16
Porites_evermani_scaffold_140	137281	145252	gene-Peve_00006252	46.56584914	96
Porites_evermani_scaffold_140	145332	166690	gene-Peve_00006253	8.448178117	489
Porites_evermani_scaffold_140	162627	163278	gene-Peve_00006254	0	8
Porites_evermani_scaffold_140	169835	170567	gene-Peve_00006255	0	23
Porites_evermani_scaffold_140	174249	181917	gene-Peve_00006256	0.2022263429	210
Porites_evermani_scaffold_140	186164	187215	gene-Peve_00006257	.	0
Porites_evermani_scaffold_140	187283	200904	gene-Peve_00006258	39.83039949	87
Porites_evermani_scaffold_140	204225	222519	gene-Peve_00006259	17.36351713	165
Porites_evermani_scaffold_140	223398	246731	gene-Peve_00006260	7.261213156	494
Porites_evermani_scaffold_140	248717	252564	gene-Peve_00006262	.	0
Porites_evermani_scaffold_140	261640	285379	gene-Peve_00006263	8.935180725	506
Porites_evermani_scaffold_140	285475	292212	gene-Peve_00006264	60.99200146	65
Porites_evermani_scaffold_140	292954	298812	gene-Peve_00006265	56.13892827	75
Porites_evermani_scaffold_140	303641	311714	gene-Peve_00006266	0.9001951954	174
Porites_evermani_scaffold_140	313507	318094	gene-Peve_00006267	0.145631068	103
Porites_evermani_scaffold_140	327842	328040	gene-Peve_00006269	1.298701286	7
Porites_evermani_scaffold_140	328052	351289	gene-Peve_00006268	7.16264583	447
Porites_evermani_scaffold_140	353054	374123	gene-Peve_00006270	32.13569277	304
Porites_evermani_scaffold_140	376564	382672	gene-Peve_00006271	39.80648606	48
Porites_evermani_scaffold_140	382757	383237	gene-Peve_00006272	.	0
Porites_evermani_scaffold_140	387248	387851	gene-Peve_00006238	2.5	4
Porites_evermani_scaffold_140	388012	394050	gene-Peve_00006237	23.61406426	69
Porites_evermani_scaffold_140	396531	401676	gene-Peve_00006239	1.354712891	129
Porites_evermani_scaffold_140	405832	408095	gene-Peve_00006240	0.7485216429	42
Porites_evermani_scaffold_140	408813	412771	gene-Peve_00006241	0.2184731121	107
Porites_evermani_scaffold_140	413870	425075	gene-Peve_00006242	0.2877909111	270
Porites_evermani_scaffold_1400	14736	27158	gene-Peve_00006275	2.665765931	245
Porites_evermani_scaffold_1400	66814	81082	gene-Peve_00006273	0.8780997168	286
Porites_evermani_scaffold_1400	107103	108683	gene-Peve_00006274	0	33
Porites_evermani_scaffold_1400	125411	127926	gene-Peve_00006276	0.5867608904	73
Porites_evermani_scaffold_1401	2113	3041	gene-Peve_00006277	.	0
Porites_evermani_scaffold_1401	5937	16353	gene-Peve_00006283	0	9
Porites_evermani_scaffold_1401	20835	26877	gene-Peve_00006285	.	0
Porites_evermani_scaffold_1401	32575	32893	gene-Peve_00006286	.	0
Porites_evermani_scaffold_1401	32980	53733	gene-Peve_00006284	1.214696207	29
Porites_evermani_scaffold_1401	57633	59734	gene-Peve_00006287	35.05376094	18
Porites_evermani_scaffold_1401	61356	94012	gene-Peve_00006288	14.92400648	431
Porites_evermani_scaffold_1401	69350	69493	gene-Peve_00006278	3.137255	4
Porites_evermani_scaffold_1401	95336	95876	gene-Peve_00006279	0.8487654444	27
Porites_evermani_scaffold_1401	100563	101691	gene-Peve_00006281	2.626262667	9
Porites_evermani_scaffold_1401	103541	117426	gene-Peve_00006280	51.8686711	123
Porites_evermani_scaffold_1401	120875	129448	gene-Peve_00006282	2.098245601	363
Porites_evermani_scaffold_1402	1120	4672	gene-Peve_00006289	67.98488634	50
Porites_evermani_scaffold_1402	8084	20102	gene-Peve_00006294	0.926277907	258
Porites_evermani_scaffold_1402	12684	17235	gene-Peve_00006298	0.1471375056	89
Porites_evermani_scaffold_1402	30918	34913	gene-Peve_00006299	0.8817184318	88
Porites_evermani_scaffold_1402	47644	51092	gene-Peve_00006290	0.7017543684	38
Porites_evermani_scaffold_1402	55660	72181	gene-Peve_00006291	19.98999479	58
Porites_evermani_scaffold_1402	83666	86122	gene-Peve_00006292	66.48237387	38
Porites_evermani_scaffold_1402	86323	89421	gene-Peve_00006293	62.80418915	34
Porites_evermani_scaffold_1402	94121	94709	gene-Peve_00006295	65.79735633	9
Porites_evermani_scaffold_1402	112288	114169	gene-Peve_00006296	.	0
Porites_evermani_scaffold_1402	118438	130187	gene-Peve_00006297	82.1547342	15
Porites_evermani_scaffold_1403	23008	26991	gene-Peve_00006307	0	11
Porites_evermani_scaffold_1403	29166	34978	gene-Peve_00006302	0.3333333333	30
Porites_evermani_scaffold_1403	36748	37228	gene-Peve_00006303	0	4
Porites_evermani_scaffold_1403	40257	95289	gene-Peve_00006304	1.524773175	137
Porites_evermani_scaffold_1403	81142	84990	gene-Peve_00006305	.	0
Porites_evermani_scaffold_1404	29	2434	gene-Peve_00006308	0.6864383333	48
Porites_evermani_scaffold_1404	5145	9764	gene-Peve_00006320	0.221414479	119
Porites_evermani_scaffold_1404	15941	32564	gene-Peve_00006309	38.00536705	63
Porites_evermani_scaffold_1404	37577	45926	gene-Peve_00006310	0.1942676541	159
Porites_evermani_scaffold_1404	46341	52066	gene-Peve_00006311	54.31161712	59
Porites_evermani_scaffold_1404	53825	62236	gene-Peve_00006312	71.97909572	125
Porites_evermani_scaffold_1404	62825	65451	gene-Peve_00006313	87.16524829	17
Porites_evermani_scaffold_1404	81127	86084	gene-Peve_00006314	68.81379146	24
Porites_evermani_scaffold_1404	94504	95294	gene-Peve_00006315	.	0
Porites_evermani_scaffold_1404	95303	96205	gene-Peve_00006316	.	0
Porites_evermani_scaffold_1404	122740	123433	gene-Peve_00006318	9.833499857	7
Porites_evermani_scaffold_1404	126751	128707	gene-Peve_00006319	43.85864281	21
Porites_evermani_scaffold_1405	6536	13654	gene-Peve_00006321	0.5731416339	112
Porites_evermani_scaffold_1405	18376	19424	gene-Peve_00006327	70	1
Porites_evermani_scaffold_1405	20091	22538	gene-Peve_00006328	6.963725897	29
Porites_evermani_scaffold_1405	30521	31034	gene-Peve_00006322	0	15
Porites_evermani_scaffold_1405	47011	47959	gene-Peve_00006324	0	33
Porites_evermani_scaffold_1405	55269	88463	gene-Peve_00006325	0.5695060165	484
Porites_evermani_scaffold_1406	5204	23153	gene-Peve_00006329	11.40843123	13
Porites_evermani_scaffold_1406	44489	55646	gene-Peve_00006330	20.4242424	10
Porites_evermani_scaffold_1406	77468	77921	gene-Peve_00006331	.	0
Porites_evermani_scaffold_1406	78790	87160	gene-Peve_00006332	.	0
Porites_evermani_scaffold_1406	108464	124698	gene-Peve_00006333	13.63595261	59
Porites_evermani_scaffold_1407	5276	11808	gene-Peve_00006337	47.43256737	8
Porites_evermani_scaffold_1407	26559	29625	gene-Peve_00006335	0	19
Porites_evermani_scaffold_1407	29737	31314	gene-Peve_00006336	0	1
Porites_evermani_scaffold_1407	55283	61961	gene-Peve_00006339	0.3934383767	146
Porites_evermani_scaffold_1407	77242	82859	gene-Peve_00006338	0.6056166	60
Porites_evermani_scaffold_1407	118377	119016	gene-Peve_00006341	2	5
Porites_evermani_scaffold_1407	119771	127125	gene-Peve_00006342	0	25
Porites_evermani_scaffold_1408	815	10668	gene-Peve_00006343	0.5479735668	247
Porites_evermani_scaffold_1408	12123	13518	gene-Peve_00006348	0.478238875	48
Porites_evermani_scaffold_1408	25310	26273	gene-Peve_00006349	1.410256385	13
Porites_evermani_scaffold_1408	32087	32492	gene-Peve_00006350	.	0
Porites_evermani_scaffold_1408	35451	36306	gene-Peve_00006344	0	3
Porites_evermani_scaffold_1408	39334	44880	gene-Peve_00006345	0.1631191377	167
Porites_evermani_scaffold_1408	48336	48846	gene-Peve_00006346	0	4
Porites_evermani_scaffold_1408	59760	117135	gene-Peve_00006347	0.6279882264	1303
Porites_evermani_scaffold_1409	9518	22194	gene-Peve_00006351	5.412328908	76
Porites_evermani_scaffold_1409	30639	43568	gene-Peve_00006360	0.8340315484	62
Porites_evermani_scaffold_1409	49021	49378	gene-Peve_00006361	.	0
Porites_evermani_scaffold_1409	58109	73323	gene-Peve_00006352	20.52203307	141
Porites_evermani_scaffold_1409	79969	82542	gene-Peve_00006353	55.74197919	21
Porites_evermani_scaffold_1409	92799	93852	gene-Peve_00006354	0	2
Porites_evermani_scaffold_1409	107197	107936	gene-Peve_00006355	.	0
Porites_evermani_scaffold_1409	119121	123212	gene-Peve_00006357	0.5925680968	62
Porites_evermani_scaffold_141	16443	17298	gene-Peve_00006379	0.1893939583	24
Porites_evermani_scaffold_141	30221	30755	gene-Peve_00006362	0.7352941176	17
Porites_evermani_scaffold_141	42609	43470	gene-Peve_00006363	.	0
Porites_evermani_scaffold_141	72363	72732	gene-Peve_00006364	8.030303	6
Porites_evermani_scaffold_141	129266	153227	gene-Peve_00006366	26.49885196	480
Porites_evermani_scaffold_141	155105	161311	gene-Peve_00006367	0.3757172414	87
Porites_evermani_scaffold_141	163227	164864	gene-Peve_00006368	0	9
Porites_evermani_scaffold_141	198359	226803	gene-Peve_00006369	4.117732481	212
Porites_evermani_scaffold_141	218029	219032	gene-Peve_00006370	.	0
Porites_evermani_scaffold_141	233957	235831	gene-Peve_00006371	0.3818369474	57
Porites_evermani_scaffold_141	240514	242482	gene-Peve_00006372	0.4785410735	68
Porites_evermani_scaffold_141	251749	252676	gene-Peve_00006373	0.3863826429	28
Porites_evermani_scaffold_141	260521	265422	gene-Peve_00006374	1.045096015	130
Porites_evermani_scaffold_141	270692	271163	gene-Peve_00006376	0	1
Porites_evermani_scaffold_141	273527	281678	gene-Peve_00006377	0.3527216752	157
Porites_evermani_scaffold_141	286207	288208	gene-Peve_00006378	0	57
Porites_evermani_scaffold_141	310505	311504	gene-Peve_00006380	0	23
Porites_evermani_scaffold_141	312342	312732	gene-Peve_00006381	51.12367031	16
Porites_evermani_scaffold_141	312768	313970	gene-Peve_00006382	20.34632025	8
Porites_evermani_scaffold_141	317106	319259	gene-Peve_00006383	1.083916077	26
Porites_evermani_scaffold_141	324765	329051	gene-Peve_00006384	35.71894009	76
Porites_evermani_scaffold_141	329503	333400	gene-Peve_00006385	77.54900992	50
Porites_evermani_scaffold_141	333488	342723	gene-Peve_00006386	61.58559911	118
Porites_evermani_scaffold_141	345785	347818	gene-Peve_00006387	88.61170453	17
Porites_evermani_scaffold_141	359174	362241	gene-Peve_00006388	29.59690886	35
Porites_evermani_scaffold_141	377165	387144	gene-Peve_00006389	1.573918488	213
Porites_evermani_scaffold_141	397751	429350	gene-Peve_00006390	1.282775176	909
Porites_evermani_scaffold_141	419449	431118	gene-Peve_00006391	2.200892406	315
Porites_evermani_scaffold_1410	15892	17095	gene-Peve_00006402	0	29
Porites_evermani_scaffold_1410	20206	20688	gene-Peve_00006393	.	0
Porites_evermani_scaffold_1410	23308	33492	gene-Peve_00006405	0.2689339684	253
Porites_evermani_scaffold_1410	42055	43237	gene-Peve_00006394	.	0
Porites_evermani_scaffold_1410	46895	48766	gene-Peve_00006395	0.9259258889	9
Porites_evermani_scaffold_1410	51469	57879	gene-Peve_00006396	.	0
Porites_evermani_scaffold_1410	80609	81635	gene-Peve_00006397	0	2
Porites_evermani_scaffold_1410	89931	94130	gene-Peve_00006398	63.356971	21
Porites_evermani_scaffold_1410	107554	111504	gene-Peve_00006399	0	15
Porites_evermani_scaffold_1410	115666	122848	gene-Peve_00006400	0.3874198485	33
Porites_evermani_scaffold_1410	117049	118016	gene-Peve_00006401	.	0
Porites_evermani_scaffold_1410	122956	127697	gene-Peve_00006403	1.398809571	14
Porites_evermani_scaffold_1410	128211	128984	gene-Peve_00006404	.	0
Porites_evermani_scaffold_1411	5003	21831	gene-Peve_00006409	19.65516383	204
Porites_evermani_scaffold_1411	22070	30521	gene-Peve_00006415	46.07629888	158
Porites_evermani_scaffold_1411	31034	45326	gene-Peve_00006416	0.2902459294	326
Porites_evermani_scaffold_1411	63863	66460	gene-Peve_00006406	84.84628374	50
Porites_evermani_scaffold_1411	68738	77607	gene-Peve_00006407	76.51730199	78
Porites_evermani_scaffold_1411	77728	78847	gene-Peve_00006408	13.15987933	12
Porites_evermani_scaffold_1411	80156	80654	gene-Peve_00006410	0	14
Porites_evermani_scaffold_1411	81380	96727	gene-Peve_00006411	19.82299195	255
Porites_evermani_scaffold_1411	96989	110177	gene-Peve_00006412	47.01867466	85
Porites_evermani_scaffold_1411	111501	119552	gene-Peve_00006413	0	15
Porites_evermani_scaffold_1411	122037	127369	gene-Peve_00006414	.	0
Porites_evermani_scaffold_1412	12331	22498	gene-Peve_00006423	0.3487182218	266
Porites_evermani_scaffold_1412	36297	43105	gene-Peve_00006424	0.6079739178	219
Porites_evermani_scaffold_1412	55751	60057	gene-Peve_00006425	0.22900433	100
Porites_evermani_scaffold_1412	70733	78258	gene-Peve_00006417	0.4409416703	185
Porites_evermani_scaffold_1412	84608	87261	gene-Peve_00006418	0.1428571429	70
Porites_evermani_scaffold_1412	96053	98262	gene-Peve_00006419	0.272529625	72
Porites_evermani_scaffold_1412	99685	112822	gene-Peve_00006420	0.2496793529	306
Porites_evermani_scaffold_1412	99749	101215	gene-Peve_00006421	0.4620128378	37
Porites_evermani_scaffold_1412	116204	116953	gene-Peve_00006422	0	17
Porites_evermani_scaffold_1413	40615	43106	gene-Peve_00006426	0.7943596418	67
Porites_evermani_scaffold_1413	48270	50881	gene-Peve_00006427	0	5
Porites_evermani_scaffold_1413	103126	112443	gene-Peve_00006431	26.61311444	158
Porites_evermani_scaffold_1413	121848	123605	gene-Peve_00006432	37.41517623	22
Porites_evermani_scaffold_1414	12	681	gene-Peve_00006438	1.136363625	8
Porites_evermani_scaffold_1414	819	1263	gene-Peve_00006443	0.8928571429	7
Porites_evermani_scaffold_1414	16462	41877	gene-Peve_00006444	2.256324508	264
Porites_evermani_scaffold_1414	46931	55520	gene-Peve_00006434	0.1240694839	124
Porites_evermani_scaffold_1414	61895	76800	gene-Peve_00006435	51.24948123	197
Porites_evermani_scaffold_1414	80989	82866	gene-Peve_00006436	61.03036967	9
Porites_evermani_scaffold_1414	82955	87892	gene-Peve_00006437	16.30266761	79
Porites_evermani_scaffold_1414	90907	91793	gene-Peve_00006439	1.14267675	24
Porites_evermani_scaffold_1414	106710	108711	gene-Peve_00006440	57.54485367	57
Porites_evermani_scaffold_1414	120995	123913	gene-Peve_00006441	0.8190593261	138
Porites_evermani_scaffold_1414	125238	126030	gene-Peve_00006442	0	19
Porites_evermani_scaffold_1415	951	13421	gene-Peve_00006445	34.67749695	92
Porites_evermani_scaffold_1415	17788	43084	gene-Peve_00006450	89.52780681	89
Porites_evermani_scaffold_1415	45857	49618	gene-Peve_00006451	89.87528845	31
Porites_evermani_scaffold_1415	50789	54397	gene-Peve_00006452	35.95687338	37
Porites_evermani_scaffold_1415	54573	77863	gene-Peve_00006453	6.035922748	445
Porites_evermani_scaffold_1415	81259	89038	gene-Peve_00006454	65.5018337	104
Porites_evermani_scaffold_1415	95341	97154	gene-Peve_00006446	.	0
Porites_evermani_scaffold_1415	97406	113986	gene-Peve_00006447	.	0
Porites_evermani_scaffold_1415	99183	100052	gene-Peve_00006448	.	0
Porites_evermani_scaffold_1415	117098	128256	gene-Peve_00006449	20	15
Porites_evermani_scaffold_1416	1672	3574	gene-Peve_00006459	0	41
Porites_evermani_scaffold_1416	12820	35427	gene-Peve_00006460	8.708755883	429
Porites_evermani_scaffold_1416	35766	60890	gene-Peve_00006461	18.06913882	513
Porites_evermani_scaffold_1416	63974	79768	gene-Peve_00006462	0.3493412014	139
Porites_evermani_scaffold_1416	82500	90421	gene-Peve_00006455	0.2244315321	218
Porites_evermani_scaffold_1416	94158	96329	gene-Peve_00006456	1.003593319	94
Porites_evermani_scaffold_1416	98057	104421	gene-Peve_00006457	32.13927562	113
Porites_evermani_scaffold_1416	104573	117217	gene-Peve_00006458	33.72842317	190
Porites_evermani_scaffold_1417	5625	6573	gene-Peve_00006467	0.4719567333	30
Porites_evermani_scaffold_1417	14350	15298	gene-Peve_00006473	0.5655513438	32
Porites_evermani_scaffold_1417	24302	24626	gene-Peve_00006463	.	0
Porites_evermani_scaffold_1417	48832	50442	gene-Peve_00006466	0	4
Porites_evermani_scaffold_1417	66264	83267	gene-Peve_00006468	28.62355174	380
Porites_evermani_scaffold_1417	92572	93476	gene-Peve_00006469	0.6944444167	12
Porites_evermani_scaffold_1417	97291	100926	gene-Peve_00006470	1.082699859	128
Porites_evermani_scaffold_1417	102619	124742	gene-Peve_00006471	7.669179881	151
Porites_evermani_scaffold_1417	125226	129942	gene-Peve_00006472	.	0
Porites_evermani_scaffold_1418	19468	20422	gene-Peve_00006474	0	34
Porites_evermani_scaffold_1418	28196	28958	gene-Peve_00006478	.	0
Porites_evermani_scaffold_1418	28955	29186	gene-Peve_00006479	.	0
Porites_evermani_scaffold_1418	33528	36271	gene-Peve_00006476	0.4057698553	76
Porites_evermani_scaffold_1418	36301	37063	gene-Peve_00006477	0	3
Porites_evermani_scaffold_1418	37060	37291	gene-Peve_00006480	.	0
Porites_evermani_scaffold_1418	47244	61595	gene-Peve_00006481	0.5273617089	237
Porites_evermani_scaffold_1418	68843	81940	gene-Peve_00006483	0.4009158709	302
Porites_evermani_scaffold_1418	75662	76127	gene-Peve_00006484	0.5882353	20
Porites_evermani_scaffold_1418	86334	89497	gene-Peve_00006485	0.2234848625	80
Porites_evermani_scaffold_1418	92415	95037	gene-Peve_00006486	0	109
Porites_evermani_scaffold_1418	114550	126330	gene-Peve_00006487	0.549548284	257
Porites_evermani_scaffold_1419	17911	20407	gene-Peve_00006492	2.604166688	16
Porites_evermani_scaffold_1419	60693	85779	gene-Peve_00006493	52.7714145	213
Porites_evermani_scaffold_1419	86579	99317	gene-Peve_00006489	1.047909166	175
Porites_evermani_scaffold_1419	100374	117341	gene-Peve_00006490	0.2032291847	249
Porites_evermani_scaffold_1419	119843	129749	gene-Peve_00006491	0.2122085263	266
Porites_evermani_scaffold_142	4240	15341	gene-Peve_00006495	0.4329004286	21
Porites_evermani_scaffold_142	11035	12180	gene-Peve_00006503	.	0
Porites_evermani_scaffold_142	18811	37812	gene-Peve_00006516	0	28
Porites_evermani_scaffold_142	31968	34625	gene-Peve_00006494	.	0
Porites_evermani_scaffold_142	40756	51590	gene-Peve_00006496	7.00320759	61
Porites_evermani_scaffold_142	64423	65914	gene-Peve_00006497	3.305652625	24
Porites_evermani_scaffold_142	67798	68158	gene-Peve_00006498	.	0
Porites_evermani_scaffold_142	74518	91816	gene-Peve_00006499	0.4831182364	55
Porites_evermani_scaffold_142	97514	112986	gene-Peve_00006501	0	11
Porites_evermani_scaffold_142	120079	121115	gene-Peve_00006502	.	0
Porites_evermani_scaffold_142	137617	139974	gene-Peve_00006504	1.103770569	65
Porites_evermani_scaffold_142	146015	154054	gene-Peve_00006505	21.54400425	83
Porites_evermani_scaffold_142	155931	175702	gene-Peve_00006506	43.1061827	256
Porites_evermani_scaffold_142	178345	179512	gene-Peve_00006507	2.061827048	21
Porites_evermani_scaffold_142	184682	185773	gene-Peve_00006508	0.2976190417	24
Porites_evermani_scaffold_142	189526	203358	gene-Peve_00006509	14.48952716	231
Porites_evermani_scaffold_142	203433	222682	gene-Peve_00006510	3.163662791	435
Porites_evermani_scaffold_142	229207	238906	gene-Peve_00006511	0.2006066827	208
Porites_evermani_scaffold_142	254335	260808	gene-Peve_00006512	0.1407261471	102
Porites_evermani_scaffold_142	277323	277757	gene-Peve_00006513	0.9259258889	9
Porites_evermani_scaffold_142	280028	280659	gene-Peve_00006514	0	12
Porites_evermani_scaffold_142	286654	287575	gene-Peve_00006515	0.4877368846	26
Porites_evermani_scaffold_142	291861	292236	gene-Peve_00006517	0.4901960588	17
Porites_evermani_scaffold_142	318680	330764	gene-Peve_00006518	6.594920236	110
Porites_evermani_scaffold_142	342339	344496	gene-Peve_00006519	0	19
Porites_evermani_scaffold_142	349350	351207	gene-Peve_00006520	.	0
Porites_evermani_scaffold_142	357238	376328	gene-Peve_00006521	19.11185598	278
Porites_evermani_scaffold_142	385004	408103	gene-Peve_00006523	19.31453615	303
Porites_evermani_scaffold_142	410086	428661	gene-Peve_00006524	12.42080464	236
Porites_evermani_scaffold_142	429088	431831	gene-Peve_00006525	34.29614271	42
Porites_evermani_scaffold_1420	2390	41354	gene-Peve_00006527	0.5463540047	849
Porites_evermani_scaffold_1420	73519	84002	gene-Peve_00006530	45.26521425	115
Porites_evermani_scaffold_1420	89540	92082	gene-Peve_00006531	1.243912627	51
Porites_evermani_scaffold_1420	93082	98710	gene-Peve_00006528	52.96551194	51
Porites_evermani_scaffold_1420	99135	129636	gene-Peve_00006529	23.8807359	291
Porites_evermani_scaffold_1421	6606	10426	gene-Peve_00006533	0	33
Porites_evermani_scaffold_1421	19484	25342	gene-Peve_00006532	69.21853077	31
Porites_evermani_scaffold_1421	39215	40157	gene-Peve_00006535	0	30
Porites_evermani_scaffold_1421	42826	43237	gene-Peve_00006536	.	0
Porites_evermani_scaffold_1421	50173	85736	gene-Peve_00006537	0.88519962	900
Porites_evermani_scaffold_1421	128398	129478	gene-Peve_00006534	0	28
Porites_evermani_scaffold_1422	1536	3267	gene-Peve_00006538	0.1358695652	46
Porites_evermani_scaffold_1422	4815	18312	gene-Peve_00006542	0.5921052709	358
Porites_evermani_scaffold_1422	40321	60442	gene-Peve_00006544	1.632293559	513
Porites_evermani_scaffold_1422	78071	85512	gene-Peve_00006545	0.2378137155	116
Porites_evermani_scaffold_1422	97193	97526	gene-Peve_00006540	.	0
Porites_evermani_scaffold_1422	97508	107059	gene-Peve_00006539	0.9056636509	318
Porites_evermani_scaffold_1422	116569	128038	gene-Peve_00006541	1.302664113	257
Porites_evermani_scaffold_1423	974	6307	gene-Peve_00006546	0	8
Porites_evermani_scaffold_1423	9847	29008	gene-Peve_00006550	36.88999985	166
Porites_evermani_scaffold_1423	24138	25587	gene-Peve_00006552	.	0
Porites_evermani_scaffold_1423	30117	40152	gene-Peve_00006553	76.73634314	51
Porites_evermani_scaffold_1423	40247	97624	gene-Peve_00006554	5.507604173	907
Porites_evermani_scaffold_1423	99015	99984	gene-Peve_00006547	0	40
Porites_evermani_scaffold_1423	101271	101886	gene-Peve_00006548	0.625	16
Porites_evermani_scaffold_1423	102615	120318	gene-Peve_00006549	1.02746173	445
Porites_evermani_scaffold_1424	1	963	gene-Peve_00006556	34.33121441	17
Porites_evermani_scaffold_1424	28918	41613	gene-Peve_00006557	0.3921568824	17
Porites_evermani_scaffold_1424	52099	53361	gene-Peve_00006559	.	0
Porites_evermani_scaffold_1424	57188	57649	gene-Peve_00006561	.	0
Porites_evermani_scaffold_1424	95452	115004	gene-Peve_00006565	3.780192097	103
Porites_evermani_scaffold_1424	128133	128814	gene-Peve_00006564	0	26
Porites_evermani_scaffold_1425	9177	9633	gene-Peve_00006566	0	8
Porites_evermani_scaffold_1425	20404	20818	gene-Peve_00006573	0.735294125	16
Porites_evermani_scaffold_1425	83590	86587	gene-Peve_00006567	0.5568356452	62
Porites_evermani_scaffold_1425	99582	100071	gene-Peve_00006568	0	15
Porites_evermani_scaffold_1425	105627	107246	gene-Peve_00006570	0.7979737547	53
Porites_evermani_scaffold_1425	109502	113766	gene-Peve_00006571	30.66589328	130
Porites_evermani_scaffold_1425	116572	118716	gene-Peve_00006572	.	0
Porites_evermani_scaffold_1425	119477	120719	gene-Peve_00006574	.	0
Porites_evermani_scaffold_1425	122110	122632	gene-Peve_00006575	0	3
Porites_evermani_scaffold_1425	127367	129401	gene-Peve_00006576	0.5494505714	14
Porites_evermani_scaffold_1426	579	11286	gene-Peve_00006579	0.04597163871	155
Porites_evermani_scaffold_1426	34395	65160	gene-Peve_00006583	11.65626188	57
Porites_evermani_scaffold_1426	36770	37926	gene-Peve_00006585	.	0
Porites_evermani_scaffold_1426	67773	124244	gene-Peve_00006584	0.5083192793	555
Porites_evermani_scaffold_1426	117625	120930	gene-Peve_00006582	0.09259259722	72
Porites_evermani_scaffold_1427	1	18175	gene-Peve_00006586	0.7497264682	393
Porites_evermani_scaffold_1427	25185	26171	gene-Peve_00006589	0	3
Porites_evermani_scaffold_1427	51814	120640	gene-Peve_00006587	3.291334514	109
Porites_evermani_scaffold_1427	58832	60909	gene-Peve_00006588	.	0
Porites_evermani_scaffold_1427	83761	84615	gene-Peve_00006590	.	0
Porites_evermani_scaffold_1427	108308	108739	gene-Peve_00006591	.	0
Porites_evermani_scaffold_1427	110364	111593	gene-Peve_00006592	.	0
Porites_evermani_scaffold_1428	16516	19216	gene-Peve_00006595	0	10
Porites_evermani_scaffold_1428	32616	35510	gene-Peve_00006594	.	0
Porites_evermani_scaffold_1428	44908	49413	gene-Peve_00006596	1.098901143	7
Porites_evermani_scaffold_1428	70482	96664	gene-Peve_00006597	2.962653111	45
Porites_evermani_scaffold_1428	105122	107918	gene-Peve_00006598	0	5
Porites_evermani_scaffold_1428	122010	122781	gene-Peve_00006599	11.03448275	4
Porites_evermani_scaffold_1429	47	56807	gene-Peve_00006602	32.38895784	506
Porites_evermani_scaffold_1429	65809	69817	gene-Peve_00006606	0.453748	50
Porites_evermani_scaffold_1429	71334	72364	gene-Peve_00006607	0	27
Porites_evermani_scaffold_1429	77781	81319	gene-Peve_00006608	3.973063889	9
Porites_evermani_scaffold_1429	83611	84632	gene-Peve_00006609	0	16
Porites_evermani_scaffold_1429	91279	100025	gene-Peve_00006603	3.248800651	86
Porites_evermani_scaffold_1429	100744	105573	gene-Peve_00006604	85.25204824	49
Porites_evermani_scaffold_1429	109052	115922	gene-Peve_00006605	1.884339481	131
Porites_evermani_scaffold_143	8188	16174	gene-Peve_00006610	1.333333333	30
Porites_evermani_scaffold_143	52809	72661	gene-Peve_00006615	2.993729089	79
Porites_evermani_scaffold_143	77424	113285	gene-Peve_00006616	31.99540383	266
Porites_evermani_scaffold_143	83464	86775	gene-Peve_00006617	23.5714285	4
Porites_evermani_scaffold_143	123220	124668	gene-Peve_00006618	100	2
Porites_evermani_scaffold_143	130483	137468	gene-Peve_00006619	0.3846153846	26
Porites_evermani_scaffold_143	162444	163269	gene-Peve_00006620	0	2
Porites_evermani_scaffold_143	165903	167208	gene-Peve_00006621	0.626090907	43
Porites_evermani_scaffold_143	177373	177862	gene-Peve_00006622	.	0
Porites_evermani_scaffold_143	181095	184495	gene-Peve_00006623	0	10
Porites_evermani_scaffold_143	186189	238640	gene-Peve_00006624	2.834060959	586
Porites_evermani_scaffold_143	269338	280970	gene-Peve_00006625	0.7283371063	320
Porites_evermani_scaffold_143	286086	290265	gene-Peve_00006627	0.3284009703	101
Porites_evermani_scaffold_143	308891	319341	gene-Peve_00006628	27.20613247	79
Porites_evermani_scaffold_143	322551	323823	gene-Peve_00006629	0.4285714286	35
Porites_evermani_scaffold_143	338720	348033	gene-Peve_00006630	1.583828794	189
Porites_evermani_scaffold_143	368085	368961	gene-Peve_00006631	0	34
Porites_evermani_scaffold_143	373407	388484	gene-Peve_00006632	11.72404143	219
Porites_evermani_scaffold_143	388803	405389	gene-Peve_00006611	38.55830556	307
Porites_evermani_scaffold_143	411692	427218	gene-Peve_00006612	23.63096009	343
Porites_evermani_scaffold_143	427422	431929	gene-Peve_00006613	48.93456973	55
Porites_evermani_scaffold_1430	0	14924	gene-Peve_00006633	0.5061393322	292
Porites_evermani_scaffold_1430	104005	110517	gene-Peve_00006636	0.5050505152	33
Porites_evermani_scaffold_1431	7447	14102	gene-Peve_00006643	0.4305991571	210
Porites_evermani_scaffold_1431	9695	10559	gene-Peve_00006647	0.4	25
Porites_evermani_scaffold_1431	37176	39412	gene-Peve_00006638	28.09964077	26
Porites_evermani_scaffold_1431	43211	44121	gene-Peve_00006639	0.396825381	21
Porites_evermani_scaffold_1431	50084	51203	gene-Peve_00006640	15.5555555	6
Porites_evermani_scaffold_1431	71100	71774	gene-Peve_00006641	0	8
Porites_evermani_scaffold_1431	78254	81313	gene-Peve_00006642	1.484105753	77
Porites_evermani_scaffold_1431	94912	107021	gene-Peve_00006644	0.3601033296	179
Porites_evermani_scaffold_1431	123370	126605	gene-Peve_00006646	1.196770739	69
Porites_evermani_scaffold_1431	127535	128875	gene-Peve_00006645	3.322010273	22
Porites_evermani_scaffold_1432	616	17787	gene-Peve_00006648	6.153072411	418
Porites_evermani_scaffold_1432	18398	19535	gene-Peve_00006651	0.1388888889	45
Porites_evermani_scaffold_1432	24203	28234	gene-Peve_00006653	0.3687112059	102
Porites_evermani_scaffold_1432	31618	36431	gene-Peve_00006654	0.3131593193	119
Porites_evermani_scaffold_1432	43938	51459	gene-Peve_00006655	0.2764557766	197
Porites_evermani_scaffold_1432	52724	55066	gene-Peve_00006649	28.62207065	48
Porites_evermani_scaffold_1432	55209	99401	gene-Peve_00006650	15.15827353	719
Porites_evermani_scaffold_1432	109210	118187	gene-Peve_00006652	1.316364511	180
Porites_evermani_scaffold_1433	1	18464	gene-Peve_00006656	0.9863872135	89
Porites_evermani_scaffold_1433	22733	23840	gene-Peve_00006660	3.1697826	35
Porites_evermani_scaffold_1433	26115	27222	gene-Peve_00006661	0.2525252424	33
Porites_evermani_scaffold_1433	35269	42221	gene-Peve_00006662	12.31257787	125
Porites_evermani_scaffold_1433	46922	47939	gene-Peve_00006663	0	19
Porites_evermani_scaffold_1433	71316	73510	gene-Peve_00006657	0	11
Porites_evermani_scaffold_1433	73663	98724	gene-Peve_00006658	0.2566945365	520
Porites_evermani_scaffold_1433	74262	74836	gene-Peve_00006659	0.366300381	21
Porites_evermani_scaffold_1434	22591	28330	gene-Peve_00006664	0	1
Porites_evermani_scaffold_1434	31021	53113	gene-Peve_00006666	23.29111604	112
Porites_evermani_scaffold_1434	61377	62439	gene-Peve_00006667	0	29
Porites_evermani_scaffold_1434	90152	93592	gene-Peve_00006668	0.8042430426	94
Porites_evermani_scaffold_1434	100933	106408	gene-Peve_00006669	.	0
Porites_evermani_scaffold_1435	32363	38928	gene-Peve_00006670	3.885501876	234
Porites_evermani_scaffold_1435	74886	90906	gene-Peve_00006672	1.090522848	433
Porites_evermani_scaffold_1435	114028	121398	gene-Peve_00006673	0.7353741115	287
Porites_evermani_scaffold_1436	15	531	gene-Peve_00006674	.	0
Porites_evermani_scaffold_1436	6436	39275	gene-Peve_00006676	21.18633635	147
Porites_evermani_scaffold_1436	17089	17457	gene-Peve_00006679	.	0
Porites_evermani_scaffold_1436	72413	75973	gene-Peve_00006675	0.21936275	80
Porites_evermani_scaffold_1437	1382	7904	gene-Peve_00006680	0.4285624793	121
Porites_evermani_scaffold_1437	7988	16783	gene-Peve_00006681	0.5259123246	228
Porites_evermani_scaffold_1437	25416	29090	gene-Peve_00006688	0.4599217368	57
Porites_evermani_scaffold_1437	44804	68397	gene-Peve_00006682	0.8095094894	423
Porites_evermani_scaffold_1437	68608	75961	gene-Peve_00006683	0.2745407569	181
Porites_evermani_scaffold_1437	78941	87643	gene-Peve_00006684	62.79597187	75
Porites_evermani_scaffold_1437	101338	105409	gene-Peve_00006686	0.3750794727	55
Porites_evermani_scaffold_1437	120655	121873	gene-Peve_00006687	1.536725857	21
Porites_evermani_scaffold_1438	23406	27239	gene-Peve_00006695	0.6205430822	73
Porites_evermani_scaffold_1438	58547	58936	gene-Peve_00006698	0.7936508333	6
Porites_evermani_scaffold_1438	66480	74898	gene-Peve_00006696	0.5590815263	95
Porites_evermani_scaffold_1438	76737	94429	gene-Peve_00006689	6.761126729	96
Porites_evermani_scaffold_1438	100578	102651	gene-Peve_00006690	0	4
Porites_evermani_scaffold_1438	115865	116312	gene-Peve_00006691	0	6
Porites_evermani_scaffold_1439	217	1027	gene-Peve_00006699	1.666666667	6
Porites_evermani_scaffold_1439	10447	12136	gene-Peve_00006704	5.0031898	45
Porites_evermani_scaffold_1439	15926	17129	gene-Peve_00006705	0.9090909091	22
Porites_evermani_scaffold_1439	20487	25217	gene-Peve_00006700	37.7322421	78
Porites_evermani_scaffold_1439	26495	63016	gene-Peve_00006701	8.865711421	484
Porites_evermani_scaffold_1439	74001	89534	gene-Peve_00006702	0.1414794106	470
Porites_evermani_scaffold_144	16024	26989	gene-Peve_00006721	0.5927406026	78
Porites_evermani_scaffold_144	28810	33545	gene-Peve_00006729	72.80136543	14
Porites_evermani_scaffold_144	38474	45712	gene-Peve_00006736	0.6075036083	120
Porites_evermani_scaffold_144	48875	68291	gene-Peve_00006710	0.464423398	500
Porites_evermani_scaffold_144	70215	70965	gene-Peve_00006719	0	23
Porites_evermani_scaffold_144	77233	78364	gene-Peve_00006720	0.2857142857	35
Porites_evermani_scaffold_144	82291	87276	gene-Peve_00006717	0.3887986271	118
Porites_evermani_scaffold_144	93127	102576	gene-Peve_00006718	1.09429754	261
Porites_evermani_scaffold_144	106230	127350	gene-Peve_00006722	2.318617636	473
Porites_evermani_scaffold_144	112492	119697	gene-Peve_00006723	5.703954309	152
Porites_evermani_scaffold_144	128647	131369	gene-Peve_00006724	56.84887956	25
Porites_evermani_scaffold_144	131549	140183	gene-Peve_00006725	73.52676071	114
Porites_evermani_scaffold_144	142791	144123	gene-Peve_00006726	0.4973749574	47
Porites_evermani_scaffold_144	150800	154714	gene-Peve_00006727	67.52541813	31
Porites_evermani_scaffold_144	167117	228873	gene-Peve_00006728	1.584722978	1299
Porites_evermani_scaffold_144	221790	222382	gene-Peve_00006732	1.398601417	12
Porites_evermani_scaffold_144	231118	266564	gene-Peve_00006734	0.674979087	977
Porites_evermani_scaffold_144	252478	254037	gene-Peve_00006735	1.709469042	48
Porites_evermani_scaffold_144	259252	278728	gene-Peve_00006733	0.6445792021	584
Porites_evermani_scaffold_144	291559	306746	gene-Peve_00006737	27.17119657	279
Porites_evermani_scaffold_144	322311	327645	gene-Peve_00006739	1.3410035	114
Porites_evermani_scaffold_144	354544	356976	gene-Peve_00006706	1.04118103	33
Porites_evermani_scaffold_144	362345	363203	gene-Peve_00006707	0	9
Porites_evermani_scaffold_144	367740	368181	gene-Peve_00006708	.	0
Porites_evermani_scaffold_144	376547	393217	gene-Peve_00006709	1.498113957	398
Porites_evermani_scaffold_144	393480	395918	gene-Peve_00006711	68.84683941	17
Porites_evermani_scaffold_144	397750	404424	gene-Peve_00006712	70.92296179	68
Porites_evermani_scaffold_144	407235	412386	gene-Peve_00006713	53.39064614	80
Porites_evermani_scaffold_144	414822	415590	gene-Peve_00006714	83.20512833	3
Porites_evermani_scaffold_144	418256	422382	gene-Peve_00006715	31.19901842	48
Porites_evermani_scaffold_144	428207	429269	gene-Peve_00006716	0.22222224	25
Porites_evermani_scaffold_1440	185	37142	gene-Peve_00006740	9.433958795	728
Porites_evermani_scaffold_1440	83563	98294	gene-Peve_00006746	0	104
Porites_evermani_scaffold_1440	103930	105113	gene-Peve_00006741	.	0
Porites_evermani_scaffold_1440	105782	106671	gene-Peve_00006742	.	0
Porites_evermani_scaffold_1440	109052	109715	gene-Peve_00006743	.	0
Porites_evermani_scaffold_1440	112747	115093	gene-Peve_00006744	0.9090909	10
Porites_evermani_scaffold_1441	5034	5777	gene-Peve_00006751	12.01631689	9
Porites_evermani_scaffold_1441	9737	22873	gene-Peve_00006753	6.10015341	117
Porites_evermani_scaffold_1441	35805	43022	gene-Peve_00006748	0.6896551724	29
Porites_evermani_scaffold_1441	48793	50874	gene-Peve_00006749	0	15
Porites_evermani_scaffold_1441	57564	69422	gene-Peve_00006750	0.4158994935	310
Porites_evermani_scaffold_1441	74382	108695	gene-Peve_00006752	12.72706838	815
Porites_evermani_scaffold_1442	1656	16345	gene-Peve_00006754	2.877553435	214
Porites_evermani_scaffold_1442	22124	38925	gene-Peve_00006758	7.165649482	222
Porites_evermani_scaffold_1442	41441	41869	gene-Peve_00006763	0	8
Porites_evermani_scaffold_1442	50625	59703	gene-Peve_00006755	87.97657838	125
Porites_evermani_scaffold_1442	62432	66901	gene-Peve_00006756	60.43025837	72
Porites_evermani_scaffold_1442	73287	76646	gene-Peve_00006757	63.95854689	18
Porites_evermani_scaffold_1442	77189	98598	gene-Peve_00006759	23.1109721	284
Porites_evermani_scaffold_1442	95334	112132	gene-Peve_00006760	0.1156190041	242
Porites_evermani_scaffold_1442	121006	122074	gene-Peve_00006761	0.5263157895	19
Porites_evermani_scaffold_1443	3593	4562	gene-Peve_00006764	3.9090909	10
Porites_evermani_scaffold_1443	6845	8425	gene-Peve_00006765	0	38
Porites_evermani_scaffold_1443	16663	18216	gene-Peve_00006766	0	4
Porites_evermani_scaffold_1443	21523	87268	gene-Peve_00006767	1.807771048	1004
Porites_evermani_scaffold_1443	88965	91765	gene-Peve_00006768	1.686199951	41
Porites_evermani_scaffold_1443	115284	115983	gene-Peve_00006769	0	14
Porites_evermani_scaffold_1443	117745	125023	gene-Peve_00006770	0.1939352042	142
Porites_evermani_scaffold_1444	718	15352	gene-Peve_00006771	44.19866582	158
Porites_evermani_scaffold_1444	18246	26648	gene-Peve_00006775	0.2404207355	121
Porites_evermani_scaffold_1444	34285	45783	gene-Peve_00006776	0.4347826087	23
Porites_evermani_scaffold_1444	55958	63965	gene-Peve_00006777	0.5131362759	58
Porites_evermani_scaffold_1444	83319	83925	gene-Peve_00006772	1.190476143	7
Porites_evermani_scaffold_1444	92288	92768	gene-Peve_00006773	0	18
Porites_evermani_scaffold_1444	104685	114404	gene-Peve_00006774	0.3617013438	256
Porites_evermani_scaffold_1445	3248	3926	gene-Peve_00006778	.	0
Porites_evermani_scaffold_1445	15205	18406	gene-Peve_00006783	.	0
Porites_evermani_scaffold_1445	20498	42913	gene-Peve_00006786	34.57682198	56
Porites_evermani_scaffold_1445	47400	66293	gene-Peve_00006779	0	10
Porites_evermani_scaffold_1445	71083	71815	gene-Peve_00006780	0	4
Porites_evermani_scaffold_1445	74365	85489	gene-Peve_00006781	.	0
Porites_evermani_scaffold_1445	88588	90703	gene-Peve_00006782	.	0
Porites_evermani_scaffold_1445	103941	118018	gene-Peve_00006784	63.99537162	52
Porites_evermani_scaffold_1445	119919	127794	gene-Peve_00006785	27.72893771	21
Porites_evermani_scaffold_1446	3104	38832	gene-Peve_00006787	1.017097478	714
Porites_evermani_scaffold_1446	41878	51641	gene-Peve_00006788	15.05155118	217
Porites_evermani_scaffold_1446	52190	56671	gene-Peve_00006789	79.17407239	23
Porites_evermani_scaffold_1446	58480	69907	gene-Peve_00006790	20.16931062	134
Porites_evermani_scaffold_1446	76911	77880	gene-Peve_00006791	0	38
Porites_evermani_scaffold_1446	83786	108277	gene-Peve_00006792	11.71939006	281
Porites_evermani_scaffold_1447	23954	24380	gene-Peve_00006797	.	0
Porites_evermani_scaffold_1447	30020	30923	gene-Peve_00006798	.	0
Porites_evermani_scaffold_1447	35956	36610	gene-Peve_00006799	.	0
Porites_evermani_scaffold_1447	41175	47043	gene-Peve_00006800	81.81818183	6
Porites_evermani_scaffold_1447	55724	59759	gene-Peve_00006801	0	14
Porites_evermani_scaffold_1447	102168	108126	gene-Peve_00006793	0	5
Porites_evermani_scaffold_1447	104996	114602	gene-Peve_00006794	.	0
Porites_evermani_scaffold_1447	121430	122819	gene-Peve_00006796	.	0
Porites_evermani_scaffold_1448	35738	36740	gene-Peve_00006817	0.2976190357	28
Porites_evermani_scaffold_1448	38158	40237	gene-Peve_00006802	89.96549642	52
Porites_evermani_scaffold_1448	43373	60337	gene-Peve_00006803	64.90354209	195
Porites_evermani_scaffold_1448	60771	71476	gene-Peve_00006804	14.76895779	178
Porites_evermani_scaffold_1448	74869	76418	gene-Peve_00006805	0.3795877451	51
Porites_evermani_scaffold_1448	80535	83484	gene-Peve_00006806	60.8658009	39
Porites_evermani_scaffold_1448	83636	84506	gene-Peve_00006807	0.21929825	24
Porites_evermani_scaffold_1448	86407	92481	gene-Peve_00006808	70.73943431	51
Porites_evermani_scaffold_1448	95593	100303	gene-Peve_00006809	42.40516479	133
Porites_evermani_scaffold_1448	110030	111652	gene-Peve_00006811	11.5545635	60
Porites_evermani_scaffold_1448	115082	119349	gene-Peve_00006812	87.27409224	55
Porites_evermani_scaffold_1448	119710	120034	gene-Peve_00006814	92.254902	4
Porites_evermani_scaffold_1448	122332	123879	gene-Peve_00006815	94.85086341	17
Porites_evermani_scaffold_1449	14099	14567	gene-Peve_00006821	1.190476143	7
Porites_evermani_scaffold_1449	15695	16562	gene-Peve_00006822	1.172357059	34
Porites_evermani_scaffold_1449	22048	23101	gene-Peve_00006823	0	4
Porites_evermani_scaffold_1449	33038	33925	gene-Peve_00006818	.	0
Porites_evermani_scaffold_1449	44762	47858	gene-Peve_00006819	.	0
Porites_evermani_scaffold_1449	101875	104367	gene-Peve_00006820	.	0
Porites_evermani_scaffold_145	302	4364	gene-Peve_00006824	.	0
Porites_evermani_scaffold_145	8169	12367	gene-Peve_00006831	.	0
Porites_evermani_scaffold_145	32628	36718	gene-Peve_00006842	2.05443942	112
Porites_evermani_scaffold_145	51748	54407	gene-Peve_00006825	3.441295579	19
Porites_evermani_scaffold_145	60442	66798	gene-Peve_00006827	29.87392624	67
Porites_evermani_scaffold_145	87865	89934	gene-Peve_00006829	0.5951250556	54
Porites_evermani_scaffold_145	94479	105078	gene-Peve_00006830	52.39976621	214
Porites_evermani_scaffold_145	110396	120373	gene-Peve_00006832	1.113417913	252
Porites_evermani_scaffold_145	116557	117156	gene-Peve_00006833	1.398601455	11
Porites_evermani_scaffold_145	118015	118537	gene-Peve_00006834	0.1785714286	28
Porites_evermani_scaffold_145	136099	145046	gene-Peve_00006835	42.78650368	101
Porites_evermani_scaffold_145	150364	151417	gene-Peve_00006836	2.644628091	11
Porites_evermani_scaffold_145	159791	160862	gene-Peve_00006838	0	32
Porites_evermani_scaffold_145	166186	167905	gene-Peve_00006839	0.3166644717	53
Porites_evermani_scaffold_145	171933	175646	gene-Peve_00006840	47.89020291	32
Porites_evermani_scaffold_145	177539	182471	gene-Peve_00006841	0.2136752308	26
Porites_evermani_scaffold_145	185297	190281	gene-Peve_00006843	27.08924869	107
Porites_evermani_scaffold_145	197727	198147	gene-Peve_00006845	1.388888833	6
Porites_evermani_scaffold_145	198946	202089	gene-Peve_00006844	32.5884273	46
Porites_evermani_scaffold_145	210232	213756	gene-Peve_00006846	0.1366618061	98
Porites_evermani_scaffold_145	216901	218255	gene-Peve_00006847	4.892521276	29
Porites_evermani_scaffold_145	219668	224896	gene-Peve_00006848	34.64703389	63
Porites_evermani_scaffold_145	228715	229603	gene-Peve_00006849	0.4647436	30
Porites_evermani_scaffold_145	231567	236793	gene-Peve_00006850	53.86088113	47
Porites_evermani_scaffold_145	238510	240784	gene-Peve_00006851	11.65279732	41
Porites_evermani_scaffold_145	253113	270351	gene-Peve_00006852	20.99085051	233
Porites_evermani_scaffold_145	272618	273720	gene-Peve_00006853	.	0
Porites_evermani_scaffold_145	275717	280056	gene-Peve_00006854	89.43801	16
Porites_evermani_scaffold_145	285010	290365	gene-Peve_00006855	66.1818182	5
Porites_evermani_scaffold_145	295144	323180	gene-Peve_00006856	64.88201725	220
Porites_evermani_scaffold_145	331342	332560	gene-Peve_00006826	0	14
Porites_evermani_scaffold_145	407729	425135	gene-Peve_00006828	0	2
Porites_evermani_scaffold_1450	6620	18183	gene-Peve_00006857	0.08558979433	282
Porites_evermani_scaffold_1450	37048	40030	gene-Peve_00006859	0.2659574468	94
Porites_evermani_scaffold_1450	56600	63104	gene-Peve_00006860	0.5150688836	189
Porites_evermani_scaffold_1450	68761	69670	gene-Peve_00006861	0	27
Porites_evermani_scaffold_1450	79144	80080	gene-Peve_00006862	0.4363283824	34
Porites_evermani_scaffold_1450	87150	120353	gene-Peve_00006863	5.791397317	841
Porites_evermani_scaffold_1450	104689	108326	gene-Peve_00006858	0.9915496931	101
Porites_evermani_scaffold_1451	3299	6564	gene-Peve_00006864	.	0
Porites_evermani_scaffold_1451	8783	10407	gene-Peve_00006872	.	0
Porites_evermani_scaffold_1451	11782	14211	gene-Peve_00006874	43.52066969	29
Porites_evermani_scaffold_1451	15051	21062	gene-Peve_00006875	62.58657459	56
Porites_evermani_scaffold_1451	23607	28181	gene-Peve_00006876	32.84513807	14
Porites_evermani_scaffold_1451	30454	34211	gene-Peve_00006865	51.88500387	15
Porites_evermani_scaffold_1451	34367	37432	gene-Peve_00006866	.	0
Porites_evermani_scaffold_1451	40970	42050	gene-Peve_00006867	.	0
Porites_evermani_scaffold_1451	42648	56357	gene-Peve_00006868	97.91666667	3
Porites_evermani_scaffold_1451	67637	84140	gene-Peve_00006869	5.243629634	101
Porites_evermani_scaffold_1451	89728	102730	gene-Peve_00006871	40.80653728	109
Porites_evermani_scaffold_1451	114856	126655	gene-Peve_00006873	21.20604707	27
Porites_evermani_scaffold_1452	1029	27868	gene-Peve_00006877	6.189831115	592
Porites_evermani_scaffold_1452	37031	37885	gene-Peve_00006879	0	18
Porites_evermani_scaffold_1452	63940	80755	gene-Peve_00006880	28.25088437	262
Porites_evermani_scaffold_1452	80979	102791	gene-Peve_00006878	26.07879911	245
Porites_evermani_scaffold_1453	8802	10379	gene-Peve_00006881	0.3871838551	69
Porites_evermani_scaffold_1453	12658	13264	gene-Peve_00006888	0	24
Porites_evermani_scaffold_1453	20461	24631	gene-Peve_00006889	0.3220319854	137
Porites_evermani_scaffold_1453	27113	29892	gene-Peve_00006890	0	54
Porites_evermani_scaffold_1453	36344	38009	gene-Peve_00006882	0.3900709149	47
Porites_evermani_scaffold_1453	43350	50022	gene-Peve_00006883	0.8437186611	180
Porites_evermani_scaffold_1453	56173	62594	gene-Peve_00006884	0.2299663758	149
Porites_evermani_scaffold_1453	65231	85260	gene-Peve_00006885	11.84119255	442
Porites_evermani_scaffold_1453	87176	94087	gene-Peve_00006886	20.60880568	75
Porites_evermani_scaffold_1453	94611	118829	gene-Peve_00006887	15.58758566	512
Porites_evermani_scaffold_1454	1027	18461	gene-Peve_00006891	1.049004459	209
Porites_evermani_scaffold_1454	19545	27399	gene-Peve_00006893	5.882123056	162
Porites_evermani_scaffold_1454	30284	40400	gene-Peve_00006895	64.80094726	103
Porites_evermani_scaffold_1454	42224	51381	gene-Peve_00006896	27.20007264	22
Porites_evermani_scaffold_1454	53707	56342	gene-Peve_00006897	87.26190475	4
Porites_evermani_scaffold_1454	70756	75067	gene-Peve_00006892	0	7
Porites_evermani_scaffold_1454	84149	108373	gene-Peve_00006894	3.933505121	247
Porites_evermani_scaffold_1455	10137	29743	gene-Peve_00006898	38.93576322	349
Porites_evermani_scaffold_1455	31154	42815	gene-Peve_00006903	13.79318905	83
Porites_evermani_scaffold_1455	42911	48436	gene-Peve_00006904	61.58179952	73
Porites_evermani_scaffold_1455	52080	52401	gene-Peve_00006905	0	8
Porites_evermani_scaffold_1455	57416	68588	gene-Peve_00006906	55.79545456	32
Porites_evermani_scaffold_1455	70824	78295	gene-Peve_00006907	87.28501393	29
Porites_evermani_scaffold_1455	83174	84255	gene-Peve_00006899	0.1388888889	45
Porites_evermani_scaffold_1455	92664	93180	gene-Peve_00006900	.	0
Porites_evermani_scaffold_1455	102738	103254	gene-Peve_00006901	.	0
Porites_evermani_scaffold_1455	118303	118888	gene-Peve_00006902	.	0
Porites_evermani_scaffold_1456	1150	9502	gene-Peve_00006908	89.2045455	2
Porites_evermani_scaffold_1456	12655	14182	gene-Peve_00006913	0	16
Porites_evermani_scaffold_1456	16313	38763	gene-Peve_00006916	6.807254235	451
Porites_evermani_scaffold_1456	43508	44183	gene-Peve_00006909	0	5
Porites_evermani_scaffold_1456	55977	57006	gene-Peve_00006910	0	37
Porites_evermani_scaffold_1456	63170	76596	gene-Peve_00006912	9.732758479	290
Porites_evermani_scaffold_1456	89517	103530	gene-Peve_00006911	2.328528754	195
Porites_evermani_scaffold_1456	108115	108747	gene-Peve_00006914	0	8
Porites_evermani_scaffold_1456	119112	122728	gene-Peve_00006915	0.5472832698	63
Porites_evermani_scaffold_1457	4084	8319	gene-Peve_00006917	1.484082321	140
Porites_evermani_scaffold_1457	28387	58938	gene-Peve_00006922	0.5955868131	765
Porites_evermani_scaffold_1457	61801	63370	gene-Peve_00006918	0.1398601455	55
Porites_evermani_scaffold_1457	70349	71997	gene-Peve_00006919	0.1748251818	44
Porites_evermani_scaffold_1457	108590	117963	gene-Peve_00006920	0.1272052736	212
Porites_evermani_scaffold_1457	125492	126698	gene-Peve_00006921	0.3333333333	30
Porites_evermani_scaffold_1458	13	24500	gene-Peve_00006923	39.54914978	397
Porites_evermani_scaffold_1458	36227	37253	gene-Peve_00006937	0.6158357742	31
Porites_evermani_scaffold_1458	54628	57029	gene-Peve_00006925	0.1280788161	87
Porites_evermani_scaffold_1458	58439	58952	gene-Peve_00006926	3.73626375	12
Porites_evermani_scaffold_1458	73663	73957	gene-Peve_00006930	0	10
Porites_evermani_scaffold_1458	73919	74243	gene-Peve_00006929	0.6993007273	11
Porites_evermani_scaffold_1458	75446	76479	gene-Peve_00006931	0	6
Porites_evermani_scaffold_1458	77107	77431	gene-Peve_00006932	0	16
Porites_evermani_scaffold_1458	87511	88689	gene-Peve_00006933	0.1661129535	43
Porites_evermani_scaffold_1458	100932	103358	gene-Peve_00006934	0	64
Porites_evermani_scaffold_1458	107166	108846	gene-Peve_00006935	0.4527096923	39
Porites_evermani_scaffold_1458	120754	124407	gene-Peve_00006936	39.30533459	59
Porites_evermani_scaffold_1459	1634	5195	gene-Peve_00006938	1.263736286	14
Porites_evermani_scaffold_1459	11748	13156	gene-Peve_00006947	0	29
Porites_evermani_scaffold_1459	20651	45103	gene-Peve_00006948	0.3186752567	413
Porites_evermani_scaffold_1459	50010	51477	gene-Peve_00006939	0	2
Porites_evermani_scaffold_1459	55151	56248	gene-Peve_00006940	.	0
Porites_evermani_scaffold_1459	59496	60963	gene-Peve_00006941	.	0
Porites_evermani_scaffold_1459	64657	65754	gene-Peve_00006942	.	0
Porites_evermani_scaffold_1459	67084	86713	gene-Peve_00006943	61.61522723	179
Porites_evermani_scaffold_1459	90248	95231	gene-Peve_00006944	1.27014073	174
Porites_evermani_scaffold_1459	107087	108806	gene-Peve_00006945	0.5149249434	53
Porites_evermani_scaffold_1459	109106	113800	gene-Peve_00006946	1.428571429	7
Porites_evermani_scaffold_146	5384	18089	gene-Peve_00006949	0.3715660742	445
Porites_evermani_scaffold_146	33995	65461	gene-Peve_00006965	36.48332834	449
Porites_evermani_scaffold_146	71259	93730	gene-Peve_00006971	17.07389577	378
Porites_evermani_scaffold_146	96508	106636	gene-Peve_00006950	65.14961088	95
Porites_evermani_scaffold_146	109958	132029	gene-Peve_00006952	64.43473404	187
Porites_evermani_scaffold_146	132616	147764	gene-Peve_00006966	44.71526225	209
Porites_evermani_scaffold_146	152628	159716	gene-Peve_00006967	37.46948784	69
Porites_evermani_scaffold_146	160976	169341	gene-Peve_00006968	0.6158357742	31
Porites_evermani_scaffold_146	178429	183510	gene-Peve_00006969	0	10
Porites_evermani_scaffold_146	187913	195056	gene-Peve_00006970	17.4416007	40
Porites_evermani_scaffold_146	202353	227917	gene-Peve_00006972	0.4197264667	570
Porites_evermani_scaffold_146	213747	214043	gene-Peve_00006951	20	1
Porites_evermani_scaffold_146	253162	256384	gene-Peve_00006954	0.09389671831	71
Porites_evermani_scaffold_146	261286	264394	gene-Peve_00006953	0.1317523043	69
Porites_evermani_scaffold_146	267162	270430	gene-Peve_00006955	1.481682153	59
Porites_evermani_scaffold_146	278468	280637	gene-Peve_00006956	.	0
Porites_evermani_scaffold_146	289665	291551	gene-Peve_00006957	40.530303	2
Porites_evermani_scaffold_146	308433	314096	gene-Peve_00006958	0	37
Porites_evermani_scaffold_146	315661	426358	gene-Peve_00006959	11.99604899	1265
Porites_evermani_scaffold_146	320763	324702	gene-Peve_00006960	0	22
Porites_evermani_scaffold_146	342234	344316	gene-Peve_00006961	61.99650056	25
Porites_evermani_scaffold_146	353199	360518	gene-Peve_00006962	10.92592589	18
Porites_evermani_scaffold_146	363032	364928	gene-Peve_00006963	2.27272725	4
Porites_evermani_scaffold_146	371204	377043	gene-Peve_00006964	0	39
Porites_evermani_scaffold_1460	2334	10770	gene-Peve_00006975	0.04892367808	146
Porites_evermani_scaffold_1460	11225	11552	gene-Peve_00006974	0	22
Porites_evermani_scaffold_1460	18377	19556	gene-Peve_00006977	0	54
Porites_evermani_scaffold_1460	63102	97145	gene-Peve_00006973	0.4362102652	973
Porites_evermani_scaffold_1460	92647	115950	gene-Peve_00006976	0.5744659716	317
Porites_evermani_scaffold_1461	6466	7429	gene-Peve_00006978	1.324379311	45
Porites_evermani_scaffold_1461	12417	13419	gene-Peve_00006983	0	21
Porites_evermani_scaffold_1461	15253	19793	gene-Peve_00006984	0.3596544455	101
Porites_evermani_scaffold_1461	26627	30812	gene-Peve_00006985	0.8991008889	99
Porites_evermani_scaffold_1461	37084	37591	gene-Peve_00006986	3.941721333	15
Porites_evermani_scaffold_1461	38691	59534	gene-Peve_00006988	0.5554828319	458
Porites_evermani_scaffold_1461	68007	75022	gene-Peve_00006987	0.2112844533	214
Porites_evermani_scaffold_1461	82467	95358	gene-Peve_00006979	0.3138142914	302
Porites_evermani_scaffold_1461	101592	112683	gene-Peve_00006980	0.117557163	319
Porites_evermani_scaffold_1461	116940	117585	gene-Peve_00006981	0	10
Porites_evermani_scaffold_1461	118750	126056	gene-Peve_00006982	25.58115604	120
Porites_evermani_scaffold_1462	4368	56333	gene-Peve_00006989	1.172863043	188
Porites_evermani_scaffold_1462	18024	21920	gene-Peve_00006995	0	13
Porites_evermani_scaffold_1462	70461	71067	gene-Peve_00006991	0	21
Porites_evermani_scaffold_1462	76533	76869	gene-Peve_00006992	0.4761904667	15
Porites_evermani_scaffold_1462	77280	77664	gene-Peve_00006993	5.880806	13
Porites_evermani_scaffold_1462	81401	81740	gene-Peve_00006994	3.125795706	17
Porites_evermani_scaffold_1462	95040	97289	gene-Peve_00006997	0	20
Porites_evermani_scaffold_1463	312	8373	gene-Peve_00006998	13.9624931	61
Porites_evermani_scaffold_1463	11909	17032	gene-Peve_00007005	0.4389571073	177
Porites_evermani_scaffold_1463	17071	20043	gene-Peve_00007006	0	17
Porites_evermani_scaffold_1463	20961	21693	gene-Peve_00007003	0.1602564231	26
Porites_evermani_scaffold_1463	30504	49828	gene-Peve_00006999	2.626935018	171
Porites_evermani_scaffold_1463	58232	63526	gene-Peve_00007000	39.55674525	8
Porites_evermani_scaffold_1463	66845	74977	gene-Peve_00007001	29.9060384	47
Porites_evermani_scaffold_1463	83176	83995	gene-Peve_00007002	0	8
Porites_evermani_scaffold_1464	3068	4610	gene-Peve_00007007	0.4132231364	22
Porites_evermani_scaffold_1464	11172	14050	gene-Peve_00007015	0	14
Porites_evermani_scaffold_1464	17496	23723	gene-Peve_00007018	70	1
Porites_evermani_scaffold_1464	23923	25255	gene-Peve_00007008	4.166666625	8
Porites_evermani_scaffold_1464	35547	38082	gene-Peve_00007009	87.21824496	25
Porites_evermani_scaffold_1464	48025	51205	gene-Peve_00007010	0.07507508108	74
Porites_evermani_scaffold_1464	66785	70699	gene-Peve_00007011	0.4864253382	68
Porites_evermani_scaffold_1464	73903	85739	gene-Peve_00007012	30.76092498	128
Porites_evermani_scaffold_1464	86488	87226	gene-Peve_00007013	0.295858	26
Porites_evermani_scaffold_1464	88787	90395	gene-Peve_00007014	17.99259559	17
Porites_evermani_scaffold_1464	92120	110107	gene-Peve_00007016	12.81613884	385
Porites_evermani_scaffold_1464	114958	126302	gene-Peve_00007017	0.7742700391	307
Porites_evermani_scaffold_1465	9726	18230	gene-Peve_00007029	1.346134984	191
Porites_evermani_scaffold_1465	43721	49914	gene-Peve_00007020	19.23626867	97
Porites_evermani_scaffold_1465	73682	74447	gene-Peve_00007021	0	3
Porites_evermani_scaffold_1465	78106	79387	gene-Peve_00007023	4.878236733	15
Porites_evermani_scaffold_1465	80878	81436	gene-Peve_00007024	0	3
Porites_evermani_scaffold_1465	81468	82113	gene-Peve_00007025	0.4653679	10
Porites_evermani_scaffold_1465	82451	85046	gene-Peve_00007026	2.107250688	16
Porites_evermani_scaffold_1465	103825	122574	gene-Peve_00007028	20.31869223	205
Porites_evermani_scaffold_1466	1547	29354	gene-Peve_00007030	2.681100461	243
Porites_evermani_scaffold_1466	5898	6882	gene-Peve_00007035	.	0
Porites_evermani_scaffold_1466	42151	43746	gene-Peve_00007036	0.1984126944	36
Porites_evermani_scaffold_1466	57097	69356	gene-Peve_00007037	1.294912	122
Porites_evermani_scaffold_1466	78642	79098	gene-Peve_00007031	.	0
Porites_evermani_scaffold_1466	85493	101717	gene-Peve_00007032	1.207710496	115
Porites_evermani_scaffold_1466	106798	114412	gene-Peve_00007033	0.73156605	140
Porites_evermani_scaffold_1466	119582	125599	gene-Peve_00007034	0.5250872866	157
Porites_evermani_scaffold_1467	1732	2134	gene-Peve_00007041	0	4
Porites_evermani_scaffold_1467	6517	15556	gene-Peve_00007043	1.093773844	192
Porites_evermani_scaffold_1467	21075	22550	gene-Peve_00007046	0.2840909062	32
Porites_evermani_scaffold_1467	35536	47633	gene-Peve_00007038	1.293366925	268
Porites_evermani_scaffold_1467	56086	56977	gene-Peve_00007039	0	2
Porites_evermani_scaffold_1467	60037	80705	gene-Peve_00007040	0.501718503	165
Porites_evermani_scaffold_1467	80781	99073	gene-Peve_00007042	0.3979595189	291
Porites_evermani_scaffold_1467	101577	103775	gene-Peve_00007044	.	0
Porites_evermani_scaffold_1467	109091	110649	gene-Peve_00007045	0.1149425345	58
Porites_evermani_scaffold_1468	4185	22012	gene-Peve_00007050	0.2670359565	184
Porites_evermani_scaffold_1468	31400	40162	gene-Peve_00007058	0.490283641	195
Porites_evermani_scaffold_1468	46924	47521	gene-Peve_00007047	0	21
Porites_evermani_scaffold_1468	60678	74727	gene-Peve_00007049	1.119329043	418
Porites_evermani_scaffold_1468	82959	88324	gene-Peve_00007052	0.1821766687	166
Porites_evermani_scaffold_1468	90844	93132	gene-Peve_00007053	32.85650013	56
Porites_evermani_scaffold_1468	96856	98125	gene-Peve_00007054	54.76190471	7
Porites_evermani_scaffold_1468	98416	106003	gene-Peve_00007056	58.00454255	58
Porites_evermani_scaffold_1468	108796	111457	gene-Peve_00007057	0.7814613333	81
Porites_evermani_scaffold_1468	112958	120203	gene-Peve_00007055	78.38540532	91
Porites_evermani_scaffold_1469	6271	7093	gene-Peve_00007061	3.454819	28
Porites_evermani_scaffold_1469	10564	12558	gene-Peve_00007069	3.323326176	17
Porites_evermani_scaffold_1469	18891	19653	gene-Peve_00007059	.	0
Porites_evermani_scaffold_1469	27226	32258	gene-Peve_00007062	2.297566272	103
Porites_evermani_scaffold_1469	38812	40309	gene-Peve_00007063	0.75498575	20
Porites_evermani_scaffold_1469	41454	47152	gene-Peve_00007064	69.57431467	6
Porites_evermani_scaffold_1469	48368	50855	gene-Peve_00007065	16.02125145	11
Porites_evermani_scaffold_1469	61291	61813	gene-Peve_00007066	12.06067942	31
Porites_evermani_scaffold_1469	74540	75733	gene-Peve_00007067	8.64689	5
Porites_evermani_scaffold_1469	81310	82240	gene-Peve_00007068	0	5
Porites_evermani_scaffold_1469	84161	85034	gene-Peve_00007070	0.8634222857	35
Porites_evermani_scaffold_1469	110961	125046	gene-Peve_00007071	0	5
Porites_evermani_scaffold_147	7082	11328	gene-Peve_00007072	45.0182965	34
Porites_evermani_scaffold_147	33587	35854	gene-Peve_00007104	0	9
Porites_evermani_scaffold_147	41559	42828	gene-Peve_00007073	0.5550150208	48
Porites_evermani_scaffold_147	43348	46631	gene-Peve_00007074	1.156677831	71
Porites_evermani_scaffold_147	48075	50217	gene-Peve_00007076	0.4619208095	63
Porites_evermani_scaffold_147	51499	53181	gene-Peve_00007075	0	50
Porites_evermani_scaffold_147	56965	61013	gene-Peve_00007077	0.2195083125	32
Porites_evermani_scaffold_147	75068	87893	gene-Peve_00007079	9.65954599	205
Porites_evermani_scaffold_147	92198	104170	gene-Peve_00007080	5.260858509	57
Porites_evermani_scaffold_147	102182	103132	gene-Peve_00007081	0.8928571429	7
Porites_evermani_scaffold_147	106469	106856	gene-Peve_00007082	.	0
Porites_evermani_scaffold_147	112206	112736	gene-Peve_00007083	0	5
Porites_evermani_scaffold_147	137900	139757	gene-Peve_00007086	0	15
Porites_evermani_scaffold_147	147161	148160	gene-Peve_00007087	19.94391682	38
Porites_evermani_scaffold_147	155422	156157	gene-Peve_00007088	.	0
Porites_evermani_scaffold_147	156328	156595	gene-Peve_00007089	0	5
Porites_evermani_scaffold_147	168174	177194	gene-Peve_00007090	9.038876338	77
Porites_evermani_scaffold_147	217628	218471	gene-Peve_00007091	0.75757575	12
Porites_evermani_scaffold_147	221340	237367	gene-Peve_00007092	1.43128246	202
Porites_evermani_scaffold_147	250693	254593	gene-Peve_00007094	0	39
Porites_evermani_scaffold_147	263157	271358	gene-Peve_00007095	40.12036046	78
Porites_evermani_scaffold_147	276112	282660	gene-Peve_00007096	65.47102802	83
Porites_evermani_scaffold_147	288874	299757	gene-Peve_00007097	0.3829310044	227
Porites_evermani_scaffold_147	300111	311475	gene-Peve_00007098	13.83565921	187
Porites_evermani_scaffold_147	313577	344813	gene-Peve_00007099	22.60500161	627
Porites_evermani_scaffold_147	353904	401006	gene-Peve_00007100	8.164213835	1188
Porites_evermani_scaffold_147	405597	417026	gene-Peve_00007103	0.4558293295	258
Porites_evermani_scaffold_147	423995	426020	gene-Peve_00007102	0.9079619153	59
Porites_evermani_scaffold_1470	6814	11480	gene-Peve_00007114	48.43575574	80
Porites_evermani_scaffold_1470	26989	31598	gene-Peve_00007105	0	45
Porites_evermani_scaffold_1470	43185	48950	gene-Peve_00007106	69.30613881	83
Porites_evermani_scaffold_1470	53501	54158	gene-Peve_00007107	0.5952380952	21
Porites_evermani_scaffold_1470	60385	61291	gene-Peve_00007108	0	28
Porites_evermani_scaffold_1470	72332	72845	gene-Peve_00007109	.	0
Porites_evermani_scaffold_1470	81548	92890	gene-Peve_00007110	71.02546276	68
Porites_evermani_scaffold_1470	96689	97040	gene-Peve_00007111	0	11
Porites_evermani_scaffold_1470	105801	106317	gene-Peve_00007112	.	0
Porites_evermani_scaffold_1470	107957	108566	gene-Peve_00007113	.	0
Porites_evermani_scaffold_1471	25233	30410	gene-Peve_00007126	28.77492867	3
Porites_evermani_scaffold_1471	28398	29693	gene-Peve_00007115	.	0
Porites_evermani_scaffold_1471	30425	30767	gene-Peve_00007116	30	1
Porites_evermani_scaffold_1471	36762	37970	gene-Peve_00007118	.	0
Porites_evermani_scaffold_1471	49159	53166	gene-Peve_00007119	.	0
Porites_evermani_scaffold_1471	58550	61715	gene-Peve_00007120	34.19816636	55
Porites_evermani_scaffold_1471	69409	69823	gene-Peve_00007122	41.81513025	8
Porites_evermani_scaffold_1471	83025	85392	gene-Peve_00007123	40.76151788	33
Porites_evermani_scaffold_1471	120777	122962	gene-Peve_00007125	68.49556866	61
Porites_evermani_scaffold_1472	9536	10763	gene-Peve_00007127	.	0
Porites_evermani_scaffold_1472	11645	22739	gene-Peve_00007128	.	0
Porites_evermani_scaffold_1472	42605	71723	gene-Peve_00007133	0.3244165618	680
Porites_evermani_scaffold_1472	80818	87812	gene-Peve_00007134	0.5457025339	236
Porites_evermani_scaffold_1472	96434	97607	gene-Peve_00007129	0	41
Porites_evermani_scaffold_1472	99423	121953	gene-Peve_00007130	21.59835447	390
Porites_evermani_scaffold_1472	100752	101390	gene-Peve_00007131	0	12
Porites_evermani_scaffold_1473	2025	2847	gene-Peve_00007142	80	2
Porites_evermani_scaffold_1473	4356	4829	gene-Peve_00007143	100	1
Porites_evermani_scaffold_1473	33330	36318	gene-Peve_00007135	0.7109564762	63
Porites_evermani_scaffold_1473	44935	48555	gene-Peve_00007136	0.1700680238	42
Porites_evermani_scaffold_1473	55615	59251	gene-Peve_00007137	0.7302313077	65
Porites_evermani_scaffold_1473	65579	83226	gene-Peve_00007138	0.9915313432	236
Porites_evermani_scaffold_1473	73281	74368	gene-Peve_00007139	0	1
Porites_evermani_scaffold_1473	93369	95617	gene-Peve_00007140	0	5
Porites_evermani_scaffold_1473	103991	114841	gene-Peve_00007141	0.8392532371	97
Porites_evermani_scaffold_1474	3589	36335	gene-Peve_00007144	6.025076317	542
Porites_evermani_scaffold_1474	66602	85147	gene-Peve_00007146	52.90345066	214
Porites_evermani_scaffold_1474	98488	101040	gene-Peve_00007147	32.86789392	50
Porites_evermani_scaffold_1474	108141	118227	gene-Peve_00007145	7.489073375	16
Porites_evermani_scaffold_1475	47365	47668	gene-Peve_00007149	1.801155	11
Porites_evermani_scaffold_1475	53045	59252	gene-Peve_00007150	0	1
Porites_evermani_scaffold_1475	60762	61503	gene-Peve_00007152	.	0
Porites_evermani_scaffold_1475	63134	76395	gene-Peve_00007151	5.399862294	51
Porites_evermani_scaffold_1475	91813	103156	gene-Peve_00007153	0	12
Porites_evermani_scaffold_1475	123130	123922	gene-Peve_00007148	.	0
Porites_evermani_scaffold_1476	5922	6423	gene-Peve_00007154	9.583145214	14
Porites_evermani_scaffold_1476	36926	37298	gene-Peve_00007155	.	0
Porites_evermani_scaffold_1476	42443	48967	gene-Peve_00007156	0.1951604293	191
Porites_evermani_scaffold_1476	63138	68580	gene-Peve_00007157	0.4910029271	96
Porites_evermani_scaffold_1476	87383	88118	gene-Peve_00007158	1.521942176	17
Porites_evermani_scaffold_1476	103494	123561	gene-Peve_00007160	0.7552097827	359
Porites_evermani_scaffold_1477	1028	1538	gene-Peve_00007161	1.25	8
Porites_evermani_scaffold_1477	2765	14343	gene-Peve_00007170	62.38864837	101
Porites_evermani_scaffold_1477	15825	23379	gene-Peve_00007162	0.2422196611	180
Porites_evermani_scaffold_1477	30283	36356	gene-Peve_00007163	69.54583171	77
Porites_evermani_scaffold_1477	40494	44213	gene-Peve_00007164	81.1765413	30
Porites_evermani_scaffold_1477	46829	48504	gene-Peve_00007165	23.40157206	18
Porites_evermani_scaffold_1477	49568	70684	gene-Peve_00007166	18.62406655	415
Porites_evermani_scaffold_1477	74190	80424	gene-Peve_00007167	53.46281161	61
Porites_evermani_scaffold_1477	80632	81613	gene-Peve_00007168	7.6680335	30
Porites_evermani_scaffold_1477	81822	82562	gene-Peve_00007169	5.952380929	14
Porites_evermani_scaffold_1477	90122	92756	gene-Peve_00007171	38.44135804	27
Porites_evermani_scaffold_1477	93037	106866	gene-Peve_00007172	46.28593971	72
Porites_evermani_scaffold_1477	109193	112793	gene-Peve_00007173	16.4539927	57
Porites_evermani_scaffold_1477	121666	123882	gene-Peve_00007174	0.4462413962	53
Porites_evermani_scaffold_1478	4318	4684	gene-Peve_00007175	.	0
Porites_evermani_scaffold_1478	5635	5956	gene-Peve_00007179	0	2
Porites_evermani_scaffold_1478	23875	24768	gene-Peve_00007190	8.463573333	6
Porites_evermani_scaffold_1478	25828	27160	gene-Peve_00007191	4.727150167	18
Porites_evermani_scaffold_1478	38080	40767	gene-Peve_00007177	3.3024223	60
Porites_evermani_scaffold_1478	52757	53974	gene-Peve_00007178	.	0
Porites_evermani_scaffold_1478	61865	65447	gene-Peve_00007180	41.1545353	279
Porites_evermani_scaffold_1478	73743	74352	gene-Peve_00007181	10.13731062	16
Porites_evermani_scaffold_1478	75729	76403	gene-Peve_00007182	0.6493506364	11
Porites_evermani_scaffold_1478	81235	83922	gene-Peve_00007183	2.738095214	14
Porites_evermani_scaffold_1478	101352	101840	gene-Peve_00007184	0	14
Porites_evermani_scaffold_1478	104294	105744	gene-Peve_00007185	0	17
Porites_evermani_scaffold_1478	111817	112249	gene-Peve_00007186	0.2415458889	18
Porites_evermani_scaffold_1478	112363	113431	gene-Peve_00007187	0.3841124783	23
Porites_evermani_scaffold_1478	114548	114956	gene-Peve_00007188	0	4
Porites_evermani_scaffold_1478	118167	118956	gene-Peve_00007189	2.2853535	12
Porites_evermani_scaffold_1479	933	9287	gene-Peve_00007192	0	46
Porites_evermani_scaffold_1479	16302	31439	gene-Peve_00007195	15.00091689	142
Porites_evermani_scaffold_1479	31691	36495	gene-Peve_00007198	79.62447627	90
Porites_evermani_scaffold_1479	41482	49128	gene-Peve_00007199	15.74617799	177
Porites_evermani_scaffold_1479	60093	61536	gene-Peve_00007200	.	0
Porites_evermani_scaffold_1479	68358	69801	gene-Peve_00007193	0.2050264583	72
Porites_evermani_scaffold_1479	84411	89882	gene-Peve_00007194	0.4026556372	113
Porites_evermani_scaffold_1479	106965	107622	gene-Peve_00007196	0.3030303	30
Porites_evermani_scaffold_1479	116403	117060	gene-Peve_00007197	.	0
Porites_evermani_scaffold_148	5324	28746	gene-Peve_00007201	6.076083089	505
Porites_evermani_scaffold_148	31700	67239	gene-Peve_00007229	40.06180593	444
Porites_evermani_scaffold_148	76525	88713	gene-Peve_00007216	41.6242402	102
Porites_evermani_scaffold_148	92027	98639	gene-Peve_00007217	53.02089329	35
Porites_evermani_scaffold_148	98716	106378	gene-Peve_00007219	34.30108495	63
Porites_evermani_scaffold_148	107654	110218	gene-Peve_00007218	75.87492064	50
Porites_evermani_scaffold_148	123370	125704	gene-Peve_00007220	0	46
Porites_evermani_scaffold_148	134751	148865	gene-Peve_00007221	12.62606005	278
Porites_evermani_scaffold_148	150735	156039	gene-Peve_00007222	19.61462518	103
Porites_evermani_scaffold_148	156190	156745	gene-Peve_00007223	0.3508772105	19
Porites_evermani_scaffold_148	158880	177794	gene-Peve_00007224	39.76646866	206
Porites_evermani_scaffold_148	181629	189635	gene-Peve_00007225	6.113042976	125
Porites_evermani_scaffold_148	189782	191383	gene-Peve_00007226	23.19411764	25
Porites_evermani_scaffold_148	192775	196112	gene-Peve_00007227	42.00574807	40
Porites_evermani_scaffold_148	201106	202108	gene-Peve_00007228	.	0
Porites_evermani_scaffold_148	202907	204459	gene-Peve_00007230	0.3448275862	29
Porites_evermani_scaffold_148	205773	209406	gene-Peve_00007231	33.76148968	22
Porites_evermani_scaffold_148	210525	216211	gene-Peve_00007232	1.917473331	145
Porites_evermani_scaffold_148	219375	221164	gene-Peve_00007233	0	86
Porites_evermani_scaffold_148	227296	232157	gene-Peve_00007234	0.4843073594	128
Porites_evermani_scaffold_148	237475	241243	gene-Peve_00007236	0.3899611818	99
Porites_evermani_scaffold_148	246445	248755	gene-Peve_00007235	0.48529412	25
Porites_evermani_scaffold_148	254859	258498	gene-Peve_00007237	0.755266163	92
Porites_evermani_scaffold_148	267406	271069	gene-Peve_00007202	0.0739645	104
Porites_evermani_scaffold_148	273840	283587	gene-Peve_00007203	0	6
Porites_evermani_scaffold_148	287102	308145	gene-Peve_00007204	0.2825633764	271
Porites_evermani_scaffold_148	292943	295883	gene-Peve_00007205	0	5
Porites_evermani_scaffold_148	310200	330535	gene-Peve_00007206	10.49687842	372
Porites_evermani_scaffold_148	322576	325022	gene-Peve_00007207	0.3430353514	74
Porites_evermani_scaffold_148	331424	333335	gene-Peve_00007208	7.112686689	45
Porites_evermani_scaffold_148	335511	341467	gene-Peve_00007209	25.97897404	72
Porites_evermani_scaffold_148	342645	352792	gene-Peve_00007210	47.47303547	121
Porites_evermani_scaffold_148	354232	357113	gene-Peve_00007211	14.28571429	21
Porites_evermani_scaffold_148	366114	367505	gene-Peve_00007212	79.15584425	4
Porites_evermani_scaffold_148	405461	405815	gene-Peve_00007213	.	0
Porites_evermani_scaffold_148	407990	408344	gene-Peve_00007214	.	0
Porites_evermani_scaffold_148	408991	409807	gene-Peve_00007215	63.0616051	10
Porites_evermani_scaffold_1480	3059	12927	gene-Peve_00007238	0.5140870305	164
Porites_evermani_scaffold_1480	17317	19662	gene-Peve_00007241	2.569144811	37
Porites_evermani_scaffold_1480	23204	24338	gene-Peve_00007243	0.2066115682	44
Porites_evermani_scaffold_1480	30341	31347	gene-Peve_00007244	0	25
Porites_evermani_scaffold_1480	32365	43638	gene-Peve_00007239	15.03774923	151
Porites_evermani_scaffold_1480	60291	69444	gene-Peve_00007240	1.242394655	116
Porites_evermani_scaffold_1480	108766	116911	gene-Peve_00007242	7.291666667	6
Porites_evermani_scaffold_1481	25884	26382	gene-Peve_00007248	.	0
Porites_evermani_scaffold_1481	30573	31071	gene-Peve_00007249	.	0
Porites_evermani_scaffold_1481	35921	38423	gene-Peve_00007250	0.23809525	28
Porites_evermani_scaffold_1481	46895	59102	gene-Peve_00007251	25.92710318	44
Porites_evermani_scaffold_1481	65285	75369	gene-Peve_00007245	0.1926239147	129
Porites_evermani_scaffold_1481	86016	91913	gene-Peve_00007246	0	11
Porites_evermani_scaffold_1481	101356	105685	gene-Peve_00007247	0.4	25
Porites_evermani_scaffold_1482	23260	38403	gene-Peve_00007256	0.4544205867	196
Porites_evermani_scaffold_1482	51697	53276	gene-Peve_00007252	0	16
Porites_evermani_scaffold_1482	56788	86274	gene-Peve_00007253	0.8517104054	634
Porites_evermani_scaffold_1482	92001	108017	gene-Peve_00007254	1.882218833	60
Porites_evermani_scaffold_1483	285	39701	gene-Peve_00007257	0.8204361391	302
Porites_evermani_scaffold_1483	51529	55864	gene-Peve_00007261	0	48
Porites_evermani_scaffold_1483	60466	70481	gene-Peve_00007262	0.7527468795	166
Porites_evermani_scaffold_1483	82527	98042	gene-Peve_00007258	0.4554035534	206
Porites_evermani_scaffold_1483	120253	121270	gene-Peve_00007259	0.2777777778	36
Porites_evermani_scaffold_1483	122608	123271	gene-Peve_00007260	0	34
Porites_evermani_scaffold_1484	2792	44708	gene-Peve_00007263	53.11610099	496
Porites_evermani_scaffold_1484	19971	20300	gene-Peve_00007271	92.7083335	4
Porites_evermani_scaffold_1484	46638	50487	gene-Peve_00007264	39.24016881	31
Porites_evermani_scaffold_1484	52653	59212	gene-Peve_00007265	52.83162874	61
Porites_evermani_scaffold_1484	66118	80754	gene-Peve_00007266	31.4753748	131
Porites_evermani_scaffold_1484	82796	86315	gene-Peve_00007267	66.96065513	30
Porites_evermani_scaffold_1484	87603	90827	gene-Peve_00007268	32.66417217	30
Porites_evermani_scaffold_1484	109535	110073	gene-Peve_00007269	12.5949246	10
Porites_evermani_scaffold_1484	115015	123274	gene-Peve_00007270	5.995231962	184
Porites_evermani_scaffold_1485	2373	7258	gene-Peve_00007272	0	17
Porites_evermani_scaffold_1485	11937	13497	gene-Peve_00007275	0	12
Porites_evermani_scaffold_1485	24109	25942	gene-Peve_00007283	0.8823529412	34
Porites_evermani_scaffold_1485	34065	43946	gene-Peve_00007274	0.1082251039	77
Porites_evermani_scaffold_1485	51379	53278	gene-Peve_00007276	0	10
Porites_evermani_scaffold_1485	54125	55441	gene-Peve_00007277	1.172341162	37
Porites_evermani_scaffold_1485	56674	58599	gene-Peve_00007278	0.4759129697	66
Porites_evermani_scaffold_1485	65416	67096	gene-Peve_00007279	0	12
Porites_evermani_scaffold_1485	68068	115959	gene-Peve_00007280	20.52093325	385
Porites_evermani_scaffold_1485	72719	74489	gene-Peve_00007281	0	1
Porites_evermani_scaffold_1485	78768	88564	gene-Peve_00007282	3.34255297	67
Porites_evermani_scaffold_1485	91444	98986	gene-Peve_00007284	16.87140464	88
Porites_evermani_scaffold_1485	121076	123773	gene-Peve_00007273	0.2762748904	73
Porites_evermani_scaffold_1486	1845	18768	gene-Peve_00007285	1.017943012	424
Porites_evermani_scaffold_1486	25201	35162	gene-Peve_00007291	1.258929474	230
Porites_evermani_scaffold_1486	51923	52808	gene-Peve_00007292	0	1
Porites_evermani_scaffold_1486	54408	59717	gene-Peve_00007286	0	18
Porites_evermani_scaffold_1486	62918	63950	gene-Peve_00007287	0.6060606	15
Porites_evermani_scaffold_1486	73683	84211	gene-Peve_00007288	0.9371571767	249
Porites_evermani_scaffold_1486	86451	108117	gene-Peve_00007289	0.6711980673	223
Porites_evermani_scaffold_1486	114297	118716	gene-Peve_00007290	0	9
Porites_evermani_scaffold_1487	993	1623	gene-Peve_00007293	90.4545455	2
Porites_evermani_scaffold_1487	5978	7080	gene-Peve_00007303	0	1
Porites_evermani_scaffold_1487	9165	10388	gene-Peve_00007304	0	10
Porites_evermani_scaffold_1487	16249	23375	gene-Peve_00007305	17.02313946	41
Porites_evermani_scaffold_1487	24598	24913	gene-Peve_00007306	0	6
Porites_evermani_scaffold_1487	28531	29170	gene-Peve_00007294	0	3
Porites_evermani_scaffold_1487	32096	43992	gene-Peve_00007295	3.580659515	68
Porites_evermani_scaffold_1487	50269	56004	gene-Peve_00007296	1.873840429	14
Porites_evermani_scaffold_1487	56288	62315	gene-Peve_00007297	0.5019425083	120
Porites_evermani_scaffold_1487	62829	83664	gene-Peve_00007298	0.4631195476	336
Porites_evermani_scaffold_1487	85032	92653	gene-Peve_00007299	2.857142857	49
Porites_evermani_scaffold_1487	87415	89542	gene-Peve_00007300	0	1
Porites_evermani_scaffold_1487	94931	105140	gene-Peve_00007301	0.3766182092	282
Porites_evermani_scaffold_1487	108499	116003	gene-Peve_00007302	0.9648190606	132
Porites_evermani_scaffold_1488	400	17714	gene-Peve_00007307	1.062927306	111
Porites_evermani_scaffold_1488	22909	43790	gene-Peve_00007315	70.12850865	82
Porites_evermani_scaffold_1488	48436	55346	gene-Peve_00007316	59.50034325	51
Porites_evermani_scaffold_1488	58932	73410	gene-Peve_00007317	40.02256888	41
Porites_evermani_scaffold_1488	73610	75684	gene-Peve_00007308	54.42993797	29
Porites_evermani_scaffold_1488	86406	88599	gene-Peve_00007309	0.2450980294	34
Porites_evermani_scaffold_1488	94950	97932	gene-Peve_00007310	1.351550758	62
Porites_evermani_scaffold_1488	101075	105890	gene-Peve_00007311	1.094258295	78
Porites_evermani_scaffold_1488	111190	113002	gene-Peve_00007312	31.68837476	25
Porites_evermani_scaffold_1488	113955	115098	gene-Peve_00007313	69.43857883	12
Porites_evermani_scaffold_1488	119507	120834	gene-Peve_00007314	35.37779333	12
Porites_evermani_scaffold_1489	3175	3883	gene-Peve_00007321	.	0
Porites_evermani_scaffold_1489	13953	14464	gene-Peve_00007327	.	0
Porites_evermani_scaffold_1489	23161	23674	gene-Peve_00007318	0.8333333	10
Porites_evermani_scaffold_1489	36419	36788	gene-Peve_00007319	11.1111115	2
Porites_evermani_scaffold_1489	44156	48149	gene-Peve_00007320	0.5194805143	35
Porites_evermani_scaffold_1489	50588	54672	gene-Peve_00007322	.	0
Porites_evermani_scaffold_1489	72922	85137	gene-Peve_00007324	1.136363625	8
Porites_evermani_scaffold_1489	89583	104642	gene-Peve_00007325	3.375229	55
Porites_evermani_scaffold_149	34419	64088	gene-Peve_00007341	0.8324784494	534
Porites_evermani_scaffold_149	65352	68601	gene-Peve_00007346	1.153393	59
Porites_evermani_scaffold_149	70097	75931	gene-Peve_00007329	26.20234743	90
Porites_evermani_scaffold_149	76073	105163	gene-Peve_00007330	19.19815919	449
Porites_evermani_scaffold_149	98025	99078	gene-Peve_00007331	0.4703115926	27
Porites_evermani_scaffold_149	108968	114039	gene-Peve_00007332	0.6457366839	174
Porites_evermani_scaffold_149	124680	126257	gene-Peve_00007333	18.7492195	32
Porites_evermani_scaffold_149	126765	156712	gene-Peve_00007334	15.29906192	491
Porites_evermani_scaffold_149	159590	168217	gene-Peve_00007335	1.607514439	214
Porites_evermani_scaffold_149	180971	183593	gene-Peve_00007336	.	0
Porites_evermani_scaffold_149	189246	202224	gene-Peve_00007337	7.865466125	72
Porites_evermani_scaffold_149	206332	223131	gene-Peve_00007338	0.9908070333	180
Porites_evermani_scaffold_149	224848	230415	gene-Peve_00007339	0.3658536585	41
Porites_evermani_scaffold_149	275186	276047	gene-Peve_00007342	0	15
Porites_evermani_scaffold_149	278899	297380	gene-Peve_00007343	2.430811833	282
Porites_evermani_scaffold_149	316117	316456	gene-Peve_00007348	4.8992675	8
Porites_evermani_scaffold_149	317200	322371	gene-Peve_00007344	0.2176715104	96
Porites_evermani_scaffold_149	325111	328801	gene-Peve_00007345	.	0
Porites_evermani_scaffold_149	332627	336317	gene-Peve_00007349	.	0
Porites_evermani_scaffold_149	341479	345006	gene-Peve_00007350	0	14
Porites_evermani_scaffold_149	350590	353925	gene-Peve_00007351	0.06944445	80
Porites_evermani_scaffold_149	379744	407788	gene-Peve_00007353	0.726182934	485
Porites_evermani_scaffold_149	411566	417687	gene-Peve_00007352	50.3636364	5
Porites_evermani_scaffold_1490	5520	53564	gene-Peve_00007354	0.8687540872	1239
Porites_evermani_scaffold_1490	81499	83060	gene-Peve_00007356	0.466400375	40
Porites_evermani_scaffold_1490	89577	117722	gene-Peve_00007357	0.4655351475	766
Porites_evermani_scaffold_1491	559	3268	gene-Peve_00007359	0	8
Porites_evermani_scaffold_1491	27089	27572	gene-Peve_00007360	81.818182	1
Porites_evermani_scaffold_1491	32686	38754	gene-Peve_00007361	.	0
Porites_evermani_scaffold_1491	51287	52869	gene-Peve_00007362	.	0
Porites_evermani_scaffold_1491	58551	60626	gene-Peve_00007363	0	25
Porites_evermani_scaffold_1491	73288	74020	gene-Peve_00007365	.	0
Porites_evermani_scaffold_1491	82833	107804	gene-Peve_00007364	26.25148231	16
Porites_evermani_scaffold_1491	84537	86305	gene-Peve_00007366	.	0
Porites_evermani_scaffold_1491	90244	92402	gene-Peve_00007367	.	0
Porites_evermani_scaffold_1491	100748	102885	gene-Peve_00007369	.	0
Porites_evermani_scaffold_1491	103705	105244	gene-Peve_00007368	.	0
Porites_evermani_scaffold_1491	113619	117359	gene-Peve_00007370	.	0
Porites_evermani_scaffold_1492	538	970	gene-Peve_00007371	.	0
Porites_evermani_scaffold_1492	2878	5318	gene-Peve_00007372	96.66666667	3
Porites_evermani_scaffold_1492	13482	22669	gene-Peve_00007379	20.20046177	145
Porites_evermani_scaffold_1492	23053	28014	gene-Peve_00007380	49.22544127	15
Porites_evermani_scaffold_1492	31621	34534	gene-Peve_00007382	.	0
Porites_evermani_scaffold_1492	35909	40729	gene-Peve_00007381	59.78920766	53
Porites_evermani_scaffold_1492	43705	68287	gene-Peve_00007383	1.255647171	368
Porites_evermani_scaffold_1492	70922	79549	gene-Peve_00007373	60.65822686	136
Porites_evermani_scaffold_1492	88576	88888	gene-Peve_00007374	1.2222223	10
Porites_evermani_scaffold_1492	97852	98281	gene-Peve_00007375	0	12
Porites_evermani_scaffold_1492	100702	102178	gene-Peve_00007376	2.472089289	38
Porites_evermani_scaffold_1492	114208	115228	gene-Peve_00007377	0	30
Porites_evermani_scaffold_1492	120770	121859	gene-Peve_00007378	0.3468669355	31
Porites_evermani_scaffold_1493	13	1395	gene-Peve_00007384	1.643598618	34
Porites_evermani_scaffold_1493	3961	9983	gene-Peve_00007388	0.6977137556	90
Porites_evermani_scaffold_1493	25072	46095	gene-Peve_00007389	39.18664617	157
Porites_evermani_scaffold_1493	53421	67301	gene-Peve_00007390	10.67352984	290
Porites_evermani_scaffold_1493	69296	74293	gene-Peve_00007385	0.1764548396	106
Porites_evermani_scaffold_1493	76627	110244	gene-Peve_00007386	36.97266979	239
Porites_evermani_scaffold_1494	53525	53855	gene-Peve_00007400	.	0
Porites_evermani_scaffold_1494	63981	65995	gene-Peve_00007402	.	0
Porites_evermani_scaffold_1494	94112	95049	gene-Peve_00007394	.	0
Porites_evermani_scaffold_1494	95581	96764	gene-Peve_00007395	.	0
Porites_evermani_scaffold_1494	97548	100837	gene-Peve_00007396	34.69273572	36
Porites_evermani_scaffold_1494	109105	109783	gene-Peve_00007397	65.4545455	6
Porites_evermani_scaffold_1494	117726	118335	gene-Peve_00007398	.	0
Porites_evermani_scaffold_1494	121176	121770	gene-Peve_00007399	10	1
Porites_evermani_scaffold_1494	121880	123161	gene-Peve_00007401	35.75757578	9
Porites_evermani_scaffold_1495	3998	4346	gene-Peve_00007403	0	13
Porites_evermani_scaffold_1495	84442	121595	gene-Peve_00007404	7.358095188	335
Porites_evermani_scaffold_1495	114732	116476	gene-Peve_00007405	93.939394	3
Porites_evermani_scaffold_1495	121813	122449	gene-Peve_00007406	.	0
Porites_evermani_scaffold_1496	1187	1682	gene-Peve_00007407	0	3
Porites_evermani_scaffold_1496	7443	9078	gene-Peve_00007415	0	32
Porites_evermani_scaffold_1496	11649	17599	gene-Peve_00007418	0.6835193789	161
Porites_evermani_scaffold_1496	24906	27782	gene-Peve_00007408	0.07002801471	68
Porites_evermani_scaffold_1496	31094	43777	gene-Peve_00007409	15.26589172	231
Porites_evermani_scaffold_1496	46375	50299	gene-Peve_00007410	0.2309393689	122
Porites_evermani_scaffold_1496	56442	59910	gene-Peve_00007411	48.33761185	68
Porites_evermani_scaffold_1496	59949	61762	gene-Peve_00007412	27.69539477	22
Porites_evermani_scaffold_1496	78545	91550	gene-Peve_00007413	1.185075613	93
Porites_evermani_scaffold_1496	99715	100456	gene-Peve_00007414	0	3
Porites_evermani_scaffold_1496	101192	106467	gene-Peve_00007416	0.8975977895	114
Porites_evermani_scaffold_1496	106573	112588	gene-Peve_00007417	0.3933929403	201
Porites_evermani_scaffold_1497	6913	18719	gene-Peve_00007419	0.3294667897	290
Porites_evermani_scaffold_1497	19867	35590	gene-Peve_00007422	17.86752334	337
Porites_evermani_scaffold_1497	45247	50546	gene-Peve_00007424	0	6
Porites_evermani_scaffold_1497	52008	56524	gene-Peve_00007423	65.570501	28
Porites_evermani_scaffold_1497	58185	87199	gene-Peve_00007425	10.21878951	310
Porites_evermani_scaffold_1497	89751	96484	gene-Peve_00007426	1.078691964	169
Porites_evermani_scaffold_1497	96955	111162	gene-Peve_00007420	1.450759857	446
Porites_evermani_scaffold_1497	114803	123088	gene-Peve_00007421	0.593809009	223
Porites_evermani_scaffold_1498	65	6691	gene-Peve_00007427	22.05804655	108
Porites_evermani_scaffold_1498	11078	17487	gene-Peve_00007436	0.2634691105	181
Porites_evermani_scaffold_1498	43173	49029	gene-Peve_00007428	1.021613435	138
Porites_evermani_scaffold_1498	54633	61004	gene-Peve_00007429	59.63882355	60
Porites_evermani_scaffold_1498	68172	70089	gene-Peve_00007430	0.4272857714	70
Porites_evermani_scaffold_1498	77746	83444	gene-Peve_00007431	50.33270468	98
Porites_evermani_scaffold_1498	83561	98758	gene-Peve_00007432	7.85566824	391
Porites_evermani_scaffold_1498	102116	109460	gene-Peve_00007434	54.72459129	115
Porites_evermani_scaffold_1498	116286	117066	gene-Peve_00007435	5.614973235	17
Porites_evermani_scaffold_1499	640	2389	gene-Peve_00007437	0	13
Porites_evermani_scaffold_1499	10845	12259	gene-Peve_00007442	90.55555567	3
Porites_evermani_scaffold_1499	22176	23261	gene-Peve_00007443	93.48484857	7
Porites_evermani_scaffold_1499	33987	35336	gene-Peve_00007444	0	8
Porites_evermani_scaffold_1499	44073	54831	gene-Peve_00007438	88.66714886	70
Porites_evermani_scaffold_1499	67371	81318	gene-Peve_00007439	18.52865528	58
Porites_evermani_scaffold_1499	93785	94388	gene-Peve_00007440	0	1
Porites_evermani_scaffold_1499	103234	104025	gene-Peve_00007441	95	2
Porites_evermani_scaffold_15	1	14933	gene-Peve_00007445	4.512809713	352
Porites_evermani_scaffold_15	20420	27902	gene-Peve_00007494	30.77266011	95
Porites_evermani_scaffold_15	29363	35394	gene-Peve_00007496	16.76196684	122
Porites_evermani_scaffold_15	35959	57587	gene-Peve_00007504	6.985553499	433
Porites_evermani_scaffold_15	74756	78876	gene-Peve_00007454	.	0
Porites_evermani_scaffold_15	90220	102537	gene-Peve_00007479	0.2256944444	72
Porites_evermani_scaffold_15	106807	124911	gene-Peve_00007489	0.4993465213	376
Porites_evermani_scaffold_15	138316	139018	gene-Peve_00007490	0	18
Porites_evermani_scaffold_15	152841	154914	gene-Peve_00007491	40.94209764	11
Porites_evermani_scaffold_15	164214	164847	gene-Peve_00007492	.	0
Porites_evermani_scaffold_15	174448	175090	gene-Peve_00007493	0.6944445	8
Porites_evermani_scaffold_15	196125	214758	gene-Peve_00007495	0.4436212781	392
Porites_evermani_scaffold_15	222497	246279	gene-Peve_00007497	30.95110855	251
Porites_evermani_scaffold_15	247819	250057	gene-Peve_00007498	0.6738326311	103
Porites_evermani_scaffold_15	252827	264125	gene-Peve_00007499	10.74018581	214
Porites_evermani_scaffold_15	268413	271040	gene-Peve_00007500	65.0567211	10
Porites_evermani_scaffold_15	271617	289555	gene-Peve_00007501	58.33497906	270
Porites_evermani_scaffold_15	289809	292545	gene-Peve_00007502	31.0052085	38
Porites_evermani_scaffold_15	295510	302956	gene-Peve_00007503	0.5286625156	128
Porites_evermani_scaffold_15	318727	327788	gene-Peve_00007505	0.53005705	160
Porites_evermani_scaffold_15	339535	378871	gene-Peve_00007506	0.4326974587	641
Porites_evermani_scaffold_15	388440	402919	gene-Peve_00007507	2.1086278	330
Porites_evermani_scaffold_15	404260	425993	gene-Peve_00007508	0.3429073503	588
Porites_evermani_scaffold_15	431239	458275	gene-Peve_00007509	54.93324864	11
Porites_evermani_scaffold_15	458333	493733	gene-Peve_00007510	1.26839824	25
Porites_evermani_scaffold_15	499161	510000	gene-Peve_00007511	26.9628173	132
Porites_evermani_scaffold_15	519532	525039	gene-Peve_00007512	59.14116981	37
Porites_evermani_scaffold_15	527954	555154	gene-Peve_00007513	64.03222802	266
Porites_evermani_scaffold_15	558258	558805	gene-Peve_00007446	0	8
Porites_evermani_scaffold_15	562764	568184	gene-Peve_00007447	63.72672629	45
Porites_evermani_scaffold_15	570618	576609	gene-Peve_00007448	64.1305142	111
Porites_evermani_scaffold_15	577085	583008	gene-Peve_00007449	75.39991829	90
Porites_evermani_scaffold_15	586381	591634	gene-Peve_00007450	0.1120448235	119
Porites_evermani_scaffold_15	591824	595768	gene-Peve_00007451	40.05487448	42
Porites_evermani_scaffold_15	601519	604680	gene-Peve_00007452	0.4790303871	62
Porites_evermani_scaffold_15	607795	623872	gene-Peve_00007453	8.341205884	372
Porites_evermani_scaffold_15	630902	637893	gene-Peve_00007455	1.888065851	202
Porites_evermani_scaffold_15	641527	646450	gene-Peve_00007456	0.5859518828	128
Porites_evermani_scaffold_15	655577	679529	gene-Peve_00007457	0.4975234435	487
Porites_evermani_scaffold_15	707468	730075	gene-Peve_00007459	0.3580787868	530
Porites_evermani_scaffold_15	733604	746979	gene-Peve_00007460	25.047398	201
Porites_evermani_scaffold_15	752338	762571	gene-Peve_00007461	34.45333301	146
Porites_evermani_scaffold_15	776756	791957	gene-Peve_00007462	48.48724531	210
Porites_evermani_scaffold_15	800066	817662	gene-Peve_00007463	67.22999845	169
Porites_evermani_scaffold_15	822630	838732	gene-Peve_00007464	53.66434555	282
Porites_evermani_scaffold_15	825205	825654	gene-Peve_00007465	94.534632	7
Porites_evermani_scaffold_15	840278	854135	gene-Peve_00007466	13.1084293	226
Porites_evermani_scaffold_15	854275	862694	gene-Peve_00007467	2.995402217	175
Porites_evermani_scaffold_15	875027	877303	gene-Peve_00007468	0.7233681304	115
Porites_evermani_scaffold_15	886842	890033	gene-Peve_00007469	0	76
Porites_evermani_scaffold_15	891281	901249	gene-Peve_00007470	31.28175212	150
Porites_evermani_scaffold_15	902726	906916	gene-Peve_00007471	0	67
Porites_evermani_scaffold_15	917346	927746	gene-Peve_00007473	0.2871470231	173
Porites_evermani_scaffold_15	932916	942434	gene-Peve_00007474	0.9704688614	166
Porites_evermani_scaffold_15	944442	948515	gene-Peve_00007475	0.2579365114	88
Porites_evermani_scaffold_15	951239	951719	gene-Peve_00007476	0	10
Porites_evermani_scaffold_15	976026	988128	gene-Peve_00007478	0.3156861472	197
Porites_evermani_scaffold_15	992468	1018568	gene-Peve_00007480	1.078729061	545
Porites_evermani_scaffold_15	1019323	1027252	gene-Peve_00007481	13.0115817	173
Porites_evermani_scaffold_15	1027445	1044015	gene-Peve_00007482	9.441869158	278
Porites_evermani_scaffold_15	1046412	1050675	gene-Peve_00007483	0.3154121724	116
Porites_evermani_scaffold_15	1055371	1057733	gene-Peve_00007484	0.2100840294	34
Porites_evermani_scaffold_15	1058336	1058657	gene-Peve_00007485	8.547008556	9
Porites_evermani_scaffold_15	1068878	1076194	gene-Peve_00007487	1.514987336	143
Porites_evermani_scaffold_15	1078331	1078832	gene-Peve_00007488	1.84794375	16
Porites_evermani_scaffold_150	24	1849	gene-Peve_00007514	85.17312745	11
Porites_evermani_scaffold_150	3450	11456	gene-Peve_00007544	64.74790116	82
Porites_evermani_scaffold_150	11601	15309	gene-Peve_00007515	71.7012804	35
Porites_evermani_scaffold_150	19105	29646	gene-Peve_00007522	70.19121873	33
Porites_evermani_scaffold_150	35560	36772	gene-Peve_00007530	0	9
Porites_evermani_scaffold_150	40817	49164	gene-Peve_00007533	36.36953925	40
Porites_evermani_scaffold_150	50904	73625	gene-Peve_00007538	15.3856885	297
Porites_evermani_scaffold_150	87911	91750	gene-Peve_00007539	.	0
Porites_evermani_scaffold_150	95998	99705	gene-Peve_00007541	16	5
Porites_evermani_scaffold_150	97533	98456	gene-Peve_00007542	.	0
Porites_evermani_scaffold_150	105606	105984	gene-Peve_00007543	.	0
Porites_evermani_scaffold_150	112646	113289	gene-Peve_00007546	0	8
Porites_evermani_scaffold_150	119705	121505	gene-Peve_00007548	0.2016129032	31
Porites_evermani_scaffold_150	123260	127531	gene-Peve_00007547	0.1419833945	109
Porites_evermani_scaffold_150	128180	130380	gene-Peve_00007550	49.49567679	28
Porites_evermani_scaffold_150	131010	132662	gene-Peve_00007549	60.6495696	20
Porites_evermani_scaffold_150	138298	140818	gene-Peve_00007551	1.02647898	51
Porites_evermani_scaffold_150	145937	157794	gene-Peve_00007552	0.7327324286	315
Porites_evermani_scaffold_150	161548	168710	gene-Peve_00007553	57.70813274	94
Porites_evermani_scaffold_150	174674	184479	gene-Peve_00007554	78.84663659	152
Porites_evermani_scaffold_150	188294	201959	gene-Peve_00007555	5.566963636	404
Porites_evermani_scaffold_150	205528	206982	gene-Peve_00007556	32.52020981	27
Porites_evermani_scaffold_150	207038	224467	gene-Peve_00007557	30.89107304	245
Porites_evermani_scaffold_150	227016	230386	gene-Peve_00007558	0.3456401301	123
Porites_evermani_scaffold_150	243271	248740	gene-Peve_00007516	0.07974481579	114
Porites_evermani_scaffold_150	254894	258196	gene-Peve_00007517	12.31905249	72
Porites_evermani_scaffold_150	260721	269983	gene-Peve_00007518	15.9656694	175
Porites_evermani_scaffold_150	270539	279523	gene-Peve_00007519	20.00626202	173
Porites_evermani_scaffold_150	287015	287545	gene-Peve_00007520	0	15
Porites_evermani_scaffold_150	294800	297296	gene-Peve_00007521	0.1406926364	110
Porites_evermani_scaffold_150	298374	299424	gene-Peve_00007523	0.1831501795	39
Porites_evermani_scaffold_150	300230	303292	gene-Peve_00007524	0.9351189626	107
Porites_evermani_scaffold_150	309972	310452	gene-Peve_00007526	3.70879125	4
Porites_evermani_scaffold_150	323960	324743	gene-Peve_00007527	0	28
Porites_evermani_scaffold_150	334813	337357	gene-Peve_00007531	0.2564102527	91
Porites_evermani_scaffold_150	360049	360680	gene-Peve_00007532	1.428571429	7
Porites_evermani_scaffold_150	366824	378397	gene-Peve_00007534	0.3977272708	48
Porites_evermani_scaffold_150	385667	386108	gene-Peve_00007535	0	7
Porites_evermani_scaffold_150	405589	406861	gene-Peve_00007536	0	4
Porites_evermani_scaffold_150	408908	421322	gene-Peve_00007537	0.6772521526	367
Porites_evermani_scaffold_1500	7056	11943	gene-Peve_00007563	1.252909288	59
Porites_evermani_scaffold_1500	12120	12462	gene-Peve_00007571	0.3460207647	17
Porites_evermani_scaffold_1500	19934	22857	gene-Peve_00007559	0	15
Porites_evermani_scaffold_1500	25210	26203	gene-Peve_00007560	0.3909843448	29
Porites_evermani_scaffold_1500	36052	36820	gene-Peve_00007561	0	5
Porites_evermani_scaffold_1500	44975	49089	gene-Peve_00007562	0	4
Porites_evermani_scaffold_1500	49294	50835	gene-Peve_00007564	1.388889	4
Porites_evermani_scaffold_1500	55883	59693	gene-Peve_00007566	0.5336204369	103
Porites_evermani_scaffold_1500	67224	87448	gene-Peve_00007567	21.55112996	345
Porites_evermani_scaffold_1500	90205	97148	gene-Peve_00007568	0.3269729211	152
Porites_evermani_scaffold_1500	107078	108318	gene-Peve_00007569	0.1320645952	42
Porites_evermani_scaffold_1501	10063	14626	gene-Peve_00007578	0.453431375	48
Porites_evermani_scaffold_1501	27352	27748	gene-Peve_00007584	.	0
Porites_evermani_scaffold_1501	28694	29090	gene-Peve_00007572	.	0
Porites_evermani_scaffold_1501	30378	33341	gene-Peve_00007573	0.4973982273	66
Porites_evermani_scaffold_1501	53290	57609	gene-Peve_00007575	52.38095233	3
Porites_evermani_scaffold_1501	72758	73141	gene-Peve_00007579	87.5	2
Porites_evermani_scaffold_1502	6302	29221	gene-Peve_00007585	1.016390997	623
Porites_evermani_scaffold_1502	68561	79799	gene-Peve_00007586	3.508059347	239
Porites_evermani_scaffold_1502	92691	102299	gene-Peve_00007587	0	15
Porites_evermani_scaffold_1502	117793	122661	gene-Peve_00007588	4.1025641	10
Porites_evermani_scaffold_1503	9386	12462	gene-Peve_00007589	0.6565656667	24
Porites_evermani_scaffold_1503	20865	41198	gene-Peve_00007591	15.20792033	162
Porites_evermani_scaffold_1503	42024	72148	gene-Peve_00007592	26.79045697	360
Porites_evermani_scaffold_1503	89868	111298	gene-Peve_00007590	82.222222	3
Porites_evermani_scaffold_1504	2009	15501	gene-Peve_00007593	84.50724243	154
Porites_evermani_scaffold_1504	20661	21066	gene-Peve_00007599	0	2
Porites_evermani_scaffold_1504	21551	29872	gene-Peve_00007600	77.61161373	171
Porites_evermani_scaffold_1504	44006	52940	gene-Peve_00007601	43.96366079	140
Porites_evermani_scaffold_1504	53857	66364	gene-Peve_00007595	45.24198626	261
Porites_evermani_scaffold_1504	73198	76138	gene-Peve_00007594	0.1931075455	88
Porites_evermani_scaffold_1504	108278	109088	gene-Peve_00007596	58.1818182	5
Porites_evermani_scaffold_1504	116693	118009	gene-Peve_00007597	0	3
Porites_evermani_scaffold_1504	118909	119557	gene-Peve_00007598	.	0
Porites_evermani_scaffold_1505	11304	11697	gene-Peve_00007604	.	0
Porites_evermani_scaffold_1505	24633	25421	gene-Peve_00007605	.	0
Porites_evermani_scaffold_1505	39730	59304	gene-Peve_00007606	20.07322248	33
Porites_evermani_scaffold_1505	65323	65677	gene-Peve_00007607	.	0
Porites_evermani_scaffold_1505	65749	66763	gene-Peve_00007608	.	0
Porites_evermani_scaffold_1505	69704	74071	gene-Peve_00007609	2.507122519	27
Porites_evermani_scaffold_1505	75959	76958	gene-Peve_00007610	.	0
Porites_evermani_scaffold_1505	114152	122548	gene-Peve_00007611	24.23184916	38
Porites_evermani_scaffold_1506	5044	5959	gene-Peve_00007615	0	16
Porites_evermani_scaffold_1506	17765	47234	gene-Peve_00007617	15.11936209	371
Porites_evermani_scaffold_1506	18976	19701	gene-Peve_00007618	0	14
Porites_evermani_scaffold_1506	50533	65542	gene-Peve_00007612	2.989516881	320
Porites_evermani_scaffold_1506	67262	75450	gene-Peve_00007613	0.2369281046	153
Porites_evermani_scaffold_1506	75812	98471	gene-Peve_00007614	0.5748141291	333
Porites_evermani_scaffold_1506	110270	122015	gene-Peve_00007616	0.1597693121	141
Porites_evermani_scaffold_1507	8353	23512	gene-Peve_00007619	41.32858889	81
Porites_evermani_scaffold_1507	24716	26832	gene-Peve_00007622	.	0
Porites_evermani_scaffold_1507	30824	36501	gene-Peve_00007624	4.363576222	18
Porites_evermani_scaffold_1507	38427	39048	gene-Peve_00007620	52.27272733	3
Porites_evermani_scaffold_1507	64073	70863	gene-Peve_00007623	28.00072952	61
Porites_evermani_scaffold_1507	77735	79123	gene-Peve_00007625	0	2
Porites_evermani_scaffold_1507	96365	96833	gene-Peve_00007626	.	0
Porites_evermani_scaffold_1507	106490	115360	gene-Peve_00007627	56.99337122	32
Porites_evermani_scaffold_1507	117072	117988	gene-Peve_00007628	.	0
Porites_evermani_scaffold_1508	7784	8243	gene-Peve_00007632	0.9340659231	26
Porites_evermani_scaffold_1508	19018	23000	gene-Peve_00007638	0.462984466	103
Porites_evermani_scaffold_1508	26387	27134	gene-Peve_00007639	1.247474733	30
Porites_evermani_scaffold_1508	56851	57377	gene-Peve_00007629	.	0
Porites_evermani_scaffold_1508	59463	59937	gene-Peve_00007630	.	0
Porites_evermani_scaffold_1508	61665	62151	gene-Peve_00007631	0	8
Porites_evermani_scaffold_1508	75787	76252	gene-Peve_00007633	0.3759398421	19
Porites_evermani_scaffold_1508	89524	90028	gene-Peve_00007634	1.428571429	14
Porites_evermani_scaffold_1508	96908	97538	gene-Peve_00007635	0	17
Porites_evermani_scaffold_1508	99225	99921	gene-Peve_00007636	0.3472222083	24
Porites_evermani_scaffold_1508	109494	110187	gene-Peve_00007637	0	18
Porites_evermani_scaffold_1509	1205	16117	gene-Peve_00007642	36.55016558	204
Porites_evermani_scaffold_1509	21071	66359	gene-Peve_00007643	0.7346279266	831
Porites_evermani_scaffold_1509	72706	82222	gene-Peve_00007644	0.7093486524	233
Porites_evermani_scaffold_1509	85367	94951	gene-Peve_00007645	54.40960497	121
Porites_evermani_scaffold_1509	106115	120318	gene-Peve_00007646	0.6202722683	205
Porites_evermani_scaffold_151	1159	1876	gene-Peve_00007647	0.2946708621	29
Porites_evermani_scaffold_151	2238	2736	gene-Peve_00007667	0.6993007273	11
Porites_evermani_scaffold_151	4484	6697	gene-Peve_00007672	4.047619	7
Porites_evermani_scaffold_151	6686	8393	gene-Peve_00007648	0.9162924265	68
Porites_evermani_scaffold_151	18411	138948	gene-Peve_00007653	18.81885897	2901
Porites_evermani_scaffold_151	63338	65054	gene-Peve_00007662	52.82196975	8
Porites_evermani_scaffold_151	68058	68475	gene-Peve_00007666	65.45454567	3
Porites_evermani_scaffold_151	78557	80038	gene-Peve_00007668	34.4137237	66
Porites_evermani_scaffold_151	81423	82150	gene-Peve_00007669	18.76728104	24
Porites_evermani_scaffold_151	114037	115009	gene-Peve_00007671	24.36508409	11
Porites_evermani_scaffold_151	139376	148422	gene-Peve_00007674	61.86189321	204
Porites_evermani_scaffold_151	152986	153452	gene-Peve_00007676	0	21
Porites_evermani_scaffold_151	153518	155539	gene-Peve_00007677	0.3486279744	78
Porites_evermani_scaffold_151	156371	156896	gene-Peve_00007679	0.7246376522	23
Porites_evermani_scaffold_151	157775	158589	gene-Peve_00007680	0.2	50
Porites_evermani_scaffold_151	166255	167418	gene-Peve_00007650	0.4545454545	44
Porites_evermani_scaffold_151	175321	175948	gene-Peve_00007655	3.086627357	28
Porites_evermani_scaffold_151	278139	278808	gene-Peve_00007656	0.6993006923	13
Porites_evermani_scaffold_151	282345	283063	gene-Peve_00007657	39.38708043	23
Porites_evermani_scaffold_151	302512	322176	gene-Peve_00007658	2.189609437	327
Porites_evermani_scaffold_151	342321	392537	gene-Peve_00007660	22.89349473	1106
Porites_evermani_scaffold_151	403188	403686	gene-Peve_00007664	6.398601385	13
Porites_evermani_scaffold_1510	99	62616	gene-Peve_00007681	12.39582237	1450
Porites_evermani_scaffold_1510	81206	81545	gene-Peve_00007682	5.634659364	11
Porites_evermani_scaffold_1511	161	36719	gene-Peve_00007683	4.260816	549
Porites_evermani_scaffold_1511	44639	53021	gene-Peve_00007684	0	60
Porites_evermani_scaffold_1511	54870	63447	gene-Peve_00007685	57.00816559	54
Porites_evermani_scaffold_1511	67614	70449	gene-Peve_00007686	0	69
Porites_evermani_scaffold_1511	80419	82002	gene-Peve_00007687	1.8181818	5
Porites_evermani_scaffold_1511	98792	100291	gene-Peve_00007689	.	0
Porites_evermani_scaffold_1511	103980	121538	gene-Peve_00007688	0.5275074468	282
Porites_evermani_scaffold_1512	246	9468	gene-Peve_00007690	2.754086901	141
Porites_evermani_scaffold_1512	3697	4465	gene-Peve_00007696	0	14
Porites_evermani_scaffold_1512	11107	17493	gene-Peve_00007697	26.93972691	11
Porites_evermani_scaffold_1512	17743	42335	gene-Peve_00007691	10.61543732	411
Porites_evermani_scaffold_1512	56654	69636	gene-Peve_00007692	60.64818933	108
Porites_evermani_scaffold_1512	95771	98207	gene-Peve_00007694	0.6771397606	71
Porites_evermani_scaffold_1512	110906	114705	gene-Peve_00007695	0.4117361587	126
Porites_evermani_scaffold_1513	140	3165	gene-Peve_00007698	0.4430292019	104
Porites_evermani_scaffold_1513	11962	19217	gene-Peve_00007703	0.2471555596	218
Porites_evermani_scaffold_1513	34009	40174	gene-Peve_00007704	0.1254480323	186
Porites_evermani_scaffold_1513	47022	60846	gene-Peve_00007699	7.699489105	380
Porites_evermani_scaffold_1513	71941	84690	gene-Peve_00007700	44.75979368	136
Porites_evermani_scaffold_1513	94650	98958	gene-Peve_00007701	46.94725447	43
Porites_evermani_scaffold_1513	103397	109227	gene-Peve_00007702	53.80993741	37
Porites_evermani_scaffold_1514	2714	3083	gene-Peve_00007711	0	7
Porites_evermani_scaffold_1514	5785	8031	gene-Peve_00007716	0.7650042308	78
Porites_evermani_scaffold_1514	9291	10290	gene-Peve_00007717	0.1443001515	33
Porites_evermani_scaffold_1514	16713	17304	gene-Peve_00007718	0.7738095	20
Porites_evermani_scaffold_1514	53555	55817	gene-Peve_00007706	0.1182033191	47
Porites_evermani_scaffold_1514	69680	70488	gene-Peve_00007707	1.356114828	29
Porites_evermani_scaffold_1514	90376	91487	gene-Peve_00007709	1.666666667	12
Porites_evermani_scaffold_1514	91801	92104	gene-Peve_00007710	0	6
Porites_evermani_scaffold_1514	92781	93664	gene-Peve_00007712	1.939393933	15
Porites_evermani_scaffold_1514	93047	94326	gene-Peve_00007713	4.064171118	17
Porites_evermani_scaffold_1514	95705	96671	gene-Peve_00007714	.	0
Porites_evermani_scaffold_1514	108731	113501	gene-Peve_00007715	0.2587991739	46
Porites_evermani_scaffold_1515	19117	23955	gene-Peve_00007724	0	23
Porites_evermani_scaffold_1515	37693	38527	gene-Peve_00007725	80	1
Porites_evermani_scaffold_1515	56112	57203	gene-Peve_00007719	0.6410256154	13
Porites_evermani_scaffold_1515	57495	59739	gene-Peve_00007720	0.04306631481	54
Porites_evermani_scaffold_1515	68989	71713	gene-Peve_00007721	88.31240186	7
Porites_evermani_scaffold_1515	104966	105275	gene-Peve_00007722	.	0
Porites_evermani_scaffold_1515	111070	111379	gene-Peve_00007723	.	0
Porites_evermani_scaffold_1516	3253	3937	gene-Peve_00007729	.	0
Porites_evermani_scaffold_1516	9162	12927	gene-Peve_00007728	18.5255343	23
Porites_evermani_scaffold_1516	14232	56156	gene-Peve_00007730	6.019571725	596
Porites_evermani_scaffold_1516	61248	70960	gene-Peve_00007731	48.63850258	118
Porites_evermani_scaffold_1516	72824	82654	gene-Peve_00007726	44.43139847	116
Porites_evermani_scaffold_1516	108319	118927	gene-Peve_00007727	70.22727275	4
Porites_evermani_scaffold_1517	504	3358	gene-Peve_00007732	94.95543671	17
Porites_evermani_scaffold_1517	4586	9823	gene-Peve_00007740	16.9709158	123
Porites_evermani_scaffold_1517	16135	31145	gene-Peve_00007741	80.77505825	4
Porites_evermani_scaffold_1517	26565	29449	gene-Peve_00007742	.	0
Porites_evermani_scaffold_1517	31271	56257	gene-Peve_00007743	11.59733106	334
Porites_evermani_scaffold_1517	60727	69560	gene-Peve_00007733	1.667610424	231
Porites_evermani_scaffold_1517	72657	75655	gene-Peve_00007734	0.3270223735	83
Porites_evermani_scaffold_1517	81808	83869	gene-Peve_00007736	0.5555555556	18
Porites_evermani_scaffold_1517	86375	91448	gene-Peve_00007737	0.4910512239	67
Porites_evermani_scaffold_1517	101296	118818	gene-Peve_00007738	53.31725392	137
Porites_evermani_scaffold_1517	119316	120142	gene-Peve_00007739	.	0
Porites_evermani_scaffold_1518	9848	47314	gene-Peve_00007744	16.3002593	443
Porites_evermani_scaffold_1518	40614	41709	gene-Peve_00007748	.	0
Porites_evermani_scaffold_1518	54784	55288	gene-Peve_00007745	0	11
Porites_evermani_scaffold_1518	60279	61298	gene-Peve_00007746	0	28
Porites_evermani_scaffold_1518	71846	84342	gene-Peve_00007747	20.54968302	180
Porites_evermani_scaffold_1519	9027	11030	gene-Peve_00007758	0	2
Porites_evermani_scaffold_1519	17032	17653	gene-Peve_00007749	0	16
Porites_evermani_scaffold_1519	18776	20152	gene-Peve_00007750	15.71969675	4
Porites_evermani_scaffold_1519	20758	24724	gene-Peve_00007751	1.145833312	16
Porites_evermani_scaffold_1519	27295	32513	gene-Peve_00007752	0.5953505946	74
Porites_evermani_scaffold_1519	32570	45001	gene-Peve_00007753	19.01245859	196
Porites_evermani_scaffold_1519	45799	54878	gene-Peve_00007754	27.92674222	151
Porites_evermani_scaffold_1519	56492	58241	gene-Peve_00007755	0.1501501622	37
Porites_evermani_scaffold_1519	66691	84603	gene-Peve_00007756	26.1363635	4
Porites_evermani_scaffold_1519	97339	99004	gene-Peve_00007757	.	0
Porites_evermani_scaffold_152	2401	6463	gene-Peve_00007760	2.976936853	116
Porites_evermani_scaffold_152	9543	17458	gene-Peve_00007778	0.2185707358	106
Porites_evermani_scaffold_152	24820	27980	gene-Peve_00007763	68.84353743	7
Porites_evermani_scaffold_152	29078	38638	gene-Peve_00007766	82.08874467	6
Porites_evermani_scaffold_152	41707	46788	gene-Peve_00007769	73.14685317	6
Porites_evermani_scaffold_152	54595	60190	gene-Peve_00007773	1.256850565	23
Porites_evermani_scaffold_152	65238	68836	gene-Peve_00007776	0	11
Porites_evermani_scaffold_152	87762	119643	gene-Peve_00007777	7.014896404	596
Porites_evermani_scaffold_152	125891	126665	gene-Peve_00007779	9.142585778	27
Porites_evermani_scaffold_152	142209	143343	gene-Peve_00007780	0.395256913	23
Porites_evermani_scaffold_152	148817	177166	gene-Peve_00007781	34.39899241	489
Porites_evermani_scaffold_152	181202	183325	gene-Peve_00007782	0.5810041522	46
Porites_evermani_scaffold_152	183837	186391	gene-Peve_00007761	0.1854395625	80
Porites_evermani_scaffold_152	201633	207334	gene-Peve_00007762	1.508678842	177
Porites_evermani_scaffold_152	214380	223436	gene-Peve_00007764	90.01577161	145
Porites_evermani_scaffold_152	233336	255564	gene-Peve_00007765	33.80613146	370
Porites_evermani_scaffold_152	262498	274786	gene-Peve_00007767	1.341718703	37
Porites_evermani_scaffold_152	280249	320176	gene-Peve_00007768	5.440438978	955
Porites_evermani_scaffold_152	326727	334787	gene-Peve_00007770	0.8828075979	281
Porites_evermani_scaffold_152	343441	344242	gene-Peve_00007771	0.3759398421	19
Porites_evermani_scaffold_152	351155	365917	gene-Peve_00007772	1.00930422	373
Porites_evermani_scaffold_152	385247	387104	gene-Peve_00007774	0.2967711296	54
Porites_evermani_scaffold_152	409372	413686	gene-Peve_00007775	44.57914509	87
Porites_evermani_scaffold_1520	387	873	gene-Peve_00007783	0	2
Porites_evermani_scaffold_1520	3641	7272	gene-Peve_00007790	0	2
Porites_evermani_scaffold_1520	7788	8556	gene-Peve_00007795	.	0
Porites_evermani_scaffold_1520	8801	9908	gene-Peve_00007784	.	0
Porites_evermani_scaffold_1520	10806	12147	gene-Peve_00007796	.	0
Porites_evermani_scaffold_1520	14068	19005	gene-Peve_00007785	10.87837195	22
Porites_evermani_scaffold_1520	26341	26928	gene-Peve_00007786	.	0
Porites_evermani_scaffold_1520	28890	29684	gene-Peve_00007787	.	0
Porites_evermani_scaffold_1520	54029	58001	gene-Peve_00007789	.	0
Porites_evermani_scaffold_1520	66028	66403	gene-Peve_00007792	.	0
Porites_evermani_scaffold_1520	86173	101780	gene-Peve_00007794	9.63667575	36
Porites_evermani_scaffold_1521	21283	65028	gene-Peve_00007800	1.508041539	323
Porites_evermani_scaffold_1521	117403	117680	gene-Peve_00007799	0.9259258889	9
Porites_evermani_scaffold_1522	4198	23544	gene-Peve_00007801	1.895600563	192
Porites_evermani_scaffold_1522	33567	47686	gene-Peve_00007807	40.02390092	105
Porites_evermani_scaffold_1522	49728	53333	gene-Peve_00007808	59.65565761	56
Porites_evermani_scaffold_1522	58408	77498	gene-Peve_00007809	29.30989374	136
Porites_evermani_scaffold_1522	81358	88199	gene-Peve_00007802	85.29385251	41
Porites_evermani_scaffold_1522	91874	98729	gene-Peve_00007803	0.6896066324	185
Porites_evermani_scaffold_1522	105552	106692	gene-Peve_00007804	0	1
Porites_evermani_scaffold_1522	110256	111396	gene-Peve_00007805	0	10
Porites_evermani_scaffold_1522	114837	115932	gene-Peve_00007806	.	0
Porites_evermani_scaffold_1523	19443	49510	gene-Peve_00007814	0.9947869294	637
Porites_evermani_scaffold_1523	69946	72263	gene-Peve_00007810	0.1048218113	53
Porites_evermani_scaffold_1523	91669	93530	gene-Peve_00007811	0.3630050417	48
Porites_evermani_scaffold_1523	107084	116551	gene-Peve_00007812	63.00751391	119
Porites_evermani_scaffold_1524	26847	27234	gene-Peve_00007815	0	7
Porites_evermani_scaffold_1524	35722	37267	gene-Peve_00007817	0.1484728529	68
Porites_evermani_scaffold_1524	47282	57320	gene-Peve_00007818	4.696779517	29
Porites_evermani_scaffold_1524	63535	63880	gene-Peve_00007819	.	0
Porites_evermani_scaffold_1524	93325	120974	gene-Peve_00007816	1.410888904	519
Porites_evermani_scaffold_1525	1543	2747	gene-Peve_00007825	80.22817871	14
Porites_evermani_scaffold_1525	5930	8216	gene-Peve_00007827	88.63636367	3
Porites_evermani_scaffold_1525	11583	13410	gene-Peve_00007828	68.6625875	4
Porites_evermani_scaffold_1525	21184	34485	gene-Peve_00007830	3.09090908	50
Porites_evermani_scaffold_1525	36702	49710	gene-Peve_00007829	0.4517178629	124
Porites_evermani_scaffold_1525	51543	54070	gene-Peve_00007820	.	0
Porites_evermani_scaffold_1525	60698	82717	gene-Peve_00007821	50.8860723	10
Porites_evermani_scaffold_1525	88873	89392	gene-Peve_00007822	.	0
Porites_evermani_scaffold_1525	90842	91883	gene-Peve_00007823	63.33333333	3
Porites_evermani_scaffold_1525	105182	107816	gene-Peve_00007824	0	2
Porites_evermani_scaffold_1525	117212	120917	gene-Peve_00007826	9.832548429	14
Porites_evermani_scaffold_1526	8413	9829	gene-Peve_00007831	31.06554954	13
Porites_evermani_scaffold_1526	11456	14516	gene-Peve_00007838	0	15
Porites_evermani_scaffold_1526	21310	25385	gene-Peve_00007832	.	0
Porites_evermani_scaffold_1526	28005	61297	gene-Peve_00007833	42.56409894	384
Porites_evermani_scaffold_1526	64189	72784	gene-Peve_00007834	4.061709533	15
Porites_evermani_scaffold_1526	78441	79509	gene-Peve_00007835	.	0
Porites_evermani_scaffold_1527	1202	5093	gene-Peve_00007839	0.2621882143	42
Porites_evermani_scaffold_1527	6854	7577	gene-Peve_00007842	0	2
Porites_evermani_scaffold_1527	41009	41794	gene-Peve_00007841	6.829799517	29
Porites_evermani_scaffold_1527	41833	44164	gene-Peve_00007840	13.40345427	74
Porites_evermani_scaffold_1527	112272	116244	gene-Peve_00007843	3.148348522	207
Porites_evermani_scaffold_1527	117934	118615	gene-Peve_00007844	5.93160134	47
Porites_evermani_scaffold_1528	2958	4000	gene-Peve_00007848	0.7706258333	30
Porites_evermani_scaffold_1528	13376	47511	gene-Peve_00007852	17.70411056	627
Porites_evermani_scaffold_1528	47669	56090	gene-Peve_00007846	25.27675948	85
Porites_evermani_scaffold_1528	50210	50487	gene-Peve_00007847	94.117647	1
Porites_evermani_scaffold_1528	57765	64558	gene-Peve_00007849	68.69405981	117
Porites_evermani_scaffold_1528	73626	89872	gene-Peve_00007850	1.309019163	350
Porites_evermani_scaffold_1528	92327	120688	gene-Peve_00007851	37.32738556	406
Porites_evermani_scaffold_1529	1224	2802	gene-Peve_00007853	0.1349527692	39
Porites_evermani_scaffold_1529	14169	15796	gene-Peve_00007854	0.9463673214	56
Porites_evermani_scaffold_1529	46105	47958	gene-Peve_00007859	.	0
Porites_evermani_scaffold_1529	53646	54762	gene-Peve_00007860	.	0
Porites_evermani_scaffold_1529	55005	57396	gene-Peve_00007861	3.333333364	11
Porites_evermani_scaffold_1529	72891	73632	gene-Peve_00007856	.	0
Porites_evermani_scaffold_1529	81670	90837	gene-Peve_00007857	6.046032431	58
Porites_evermani_scaffold_1529	93373	99873	gene-Peve_00007858	.	0
Porites_evermani_scaffold_153	3182	12404	gene-Peve_00007871	62.70577088	113
Porites_evermani_scaffold_153	14758	20527	gene-Peve_00007892	0.8196650909	154
Porites_evermani_scaffold_153	21853	24164	gene-Peve_00007862	0.3025793667	60
Porites_evermani_scaffold_153	25036	44475	gene-Peve_00007863	17.39369108	335
Porites_evermani_scaffold_153	46324	47779	gene-Peve_00007864	1.723646694	36
Porites_evermani_scaffold_153	57321	58914	gene-Peve_00007865	2.265275672	61
Porites_evermani_scaffold_153	69556	76304	gene-Peve_00007866	0	5
Porites_evermani_scaffold_153	81076	96351	gene-Peve_00007867	2.409349274	230
Porites_evermani_scaffold_153	108157	108949	gene-Peve_00007868	0.4526749259	27
Porites_evermani_scaffold_153	111065	111797	gene-Peve_00007869	0.2057613333	18
Porites_evermani_scaffold_153	114982	116056	gene-Peve_00007870	0.76339285	40
Porites_evermani_scaffold_153	121627	142499	gene-Peve_00007872	38.36629818	341
Porites_evermani_scaffold_153	146003	146894	gene-Peve_00007873	1.145833312	16
Porites_evermani_scaffold_153	161110	162941	gene-Peve_00007874	47.06956052	33
Porites_evermani_scaffold_153	168601	180014	gene-Peve_00007875	79.09580106	185
Porites_evermani_scaffold_153	186133	189779	gene-Peve_00007876	0.5709807328	116
Porites_evermani_scaffold_153	205220	217876	gene-Peve_00007877	0.3443098384	328
Porites_evermani_scaffold_153	220244	237652	gene-Peve_00007878	0.533911441	542
Porites_evermani_scaffold_153	244769	253061	gene-Peve_00007879	0.2690848018	227
Porites_evermani_scaffold_153	275461	275920	gene-Peve_00007880	0.6993006923	13
Porites_evermani_scaffold_153	283681	284749	gene-Peve_00007881	0.5552685909	44
Porites_evermani_scaffold_153	300218	301427	gene-Peve_00007882	0.1388888958	48
Porites_evermani_scaffold_153	303481	313890	gene-Peve_00007883	0.5921933401	197
Porites_evermani_scaffold_153	316147	324247	gene-Peve_00007884	71.09611351	61
Porites_evermani_scaffold_153	327316	329440	gene-Peve_00007886	89.85258786	21
Porites_evermani_scaffold_153	329815	333063	gene-Peve_00007885	74.42576654	13
Porites_evermani_scaffold_153	333670	334288	gene-Peve_00007887	0	7
Porites_evermani_scaffold_153	338866	350039	gene-Peve_00007888	58.96119222	134
Porites_evermani_scaffold_153	354094	393153	gene-Peve_00007890	9.412986072	776
Porites_evermani_scaffold_153	393460	397417	gene-Peve_00007893	23.44193523	43
Porites_evermani_scaffold_153	400809	402078	gene-Peve_00007894	0.2525252424	66
Porites_evermani_scaffold_153	403987	413256	gene-Peve_00007895	28.51123781	118
Porites_evermani_scaffold_1530	2125	40836	gene-Peve_00007896	44.83231028	345
Porites_evermani_scaffold_1530	47042	55868	gene-Peve_00007901	0.5799287124	233
Porites_evermani_scaffold_1530	70847	78697	gene-Peve_00007902	60.67021297	65
Porites_evermani_scaffold_1530	81830	83984	gene-Peve_00007903	.	0
Porites_evermani_scaffold_1530	85678	87067	gene-Peve_00007904	.	0
Porites_evermani_scaffold_1530	87291	99799	gene-Peve_00007897	38.95415194	33
Porites_evermani_scaffold_1530	102177	112022	gene-Peve_00007898	5.038153242	62
Porites_evermani_scaffold_1530	118085	118574	gene-Peve_00007900	.	0
Porites_evermani_scaffold_1531	9379	12971	gene-Peve_00007907	.	0
Porites_evermani_scaffold_1531	47986	85777	gene-Peve_00007905	27.4242425	6
Porites_evermani_scaffold_1531	104856	105575	gene-Peve_00007906	.	0
Porites_evermani_scaffold_1532	2203	9871	gene-Peve_00007908	0.7757587927	164
Porites_evermani_scaffold_1532	10248	16915	gene-Peve_00007915	34.97246509	97
Porites_evermani_scaffold_1532	17211	37145	gene-Peve_00007916	3.962828448	451
Porites_evermani_scaffold_1532	39941	61415	gene-Peve_00007909	18.77896425	287
Porites_evermani_scaffold_1532	63086	64742	gene-Peve_00007910	30.07751537	35
Porites_evermani_scaffold_1532	68200	71338	gene-Peve_00007911	92.01505689	28
Porites_evermani_scaffold_1532	74500	79620	gene-Peve_00007912	16.91410095	83
Porites_evermani_scaffold_1532	81166	97089	gene-Peve_00007913	1.165397462	498
Porites_evermani_scaffold_1532	102844	118740	gene-Peve_00007914	35.099335	212
Porites_evermani_scaffold_1533	156	5677	gene-Peve_00007917	1.716202912	170
Porites_evermani_scaffold_1533	6647	19377	gene-Peve_00007921	18.1629745	225
Porites_evermani_scaffold_1533	21439	28519	gene-Peve_00007922	18.28701448	159
Porites_evermani_scaffold_1533	30668	113466	gene-Peve_00007923	14.33859716	878
Porites_evermani_scaffold_1533	75880	92808	gene-Peve_00007918	50.99757346	63
Porites_evermani_scaffold_1533	99055	107976	gene-Peve_00007919	8.017943615	26
Porites_evermani_scaffold_1533	119001	119337	gene-Peve_00007920	0	3
Porites_evermani_scaffold_1534	1283	1634	gene-Peve_00007925	.	0
Porites_evermani_scaffold_1534	4634	5102	gene-Peve_00007930	.	0
Porites_evermani_scaffold_1534	7564	9103	gene-Peve_00007934	0	1
Porites_evermani_scaffold_1534	16325	28330	gene-Peve_00007935	0.864741753	247
Porites_evermani_scaffold_1534	30212	30779	gene-Peve_00007926	0	3
Porites_evermani_scaffold_1534	31961	32495	gene-Peve_00007927	0	19
Porites_evermani_scaffold_1534	43106	48329	gene-Peve_00007928	0.7227290588	136
Porites_evermani_scaffold_1534	51336	63501	gene-Peve_00007929	0.6268722338	231
Porites_evermani_scaffold_1534	70284	97382	gene-Peve_00007931	0.6044638576	632
Porites_evermani_scaffold_1534	110681	112382	gene-Peve_00007932	0.1748251818	44
Porites_evermani_scaffold_1534	116786	117132	gene-Peve_00007933	5.140198833	6
Porites_evermani_scaffold_1535	18313	19716	gene-Peve_00007938	0.3496967778	54
Porites_evermani_scaffold_1535	35631	38487	gene-Peve_00007936	0.2656923958	96
Porites_evermani_scaffold_1535	44710	64846	gene-Peve_00007941	2.143820948	561
Porites_evermani_scaffold_1535	59605	60023	gene-Peve_00007937	10.15381105	21
Porites_evermani_scaffold_1535	67599	114715	gene-Peve_00007940	12.6114478	555
Porites_evermani_scaffold_1535	78739	91442	gene-Peve_00007939	40.64393944	16
Porites_evermani_scaffold_1536	1	1577	gene-Peve_00007942	0	20
Porites_evermani_scaffold_1536	3859	6170	gene-Peve_00007949	95.6439395	4
Porites_evermani_scaffold_1536	6917	10667	gene-Peve_00007950	17.36842105	19
Porites_evermani_scaffold_1536	19586	29792	gene-Peve_00007951	1.02704587	208
Porites_evermani_scaffold_1536	33602	34214	gene-Peve_00007943	0	6
Porites_evermani_scaffold_1536	41998	72141	gene-Peve_00007944	0.6963655411	645
Porites_evermani_scaffold_1536	78578	79826	gene-Peve_00007945	0.1636661277	47
Porites_evermani_scaffold_1536	85813	86566	gene-Peve_00007946	0.2645502593	27
Porites_evermani_scaffold_1536	95117	97354	gene-Peve_00007948	0	6
Porites_evermani_scaffold_1536	106418	117474	gene-Peve_00007947	0.3175894615	260
Porites_evermani_scaffold_1537	10051	16710	gene-Peve_00007955	2.237866286	28
Porites_evermani_scaffold_1537	36265	37051	gene-Peve_00007956	0.2578622903	31
Porites_evermani_scaffold_1537	79076	79799	gene-Peve_00007952	0.2530308056	36
Porites_evermani_scaffold_1537	86108	89692	gene-Peve_00007953	0.3852574	95
Porites_evermani_scaffold_1537	95358	110380	gene-Peve_00007954	40.01481931	226
Porites_evermani_scaffold_1538	6300	6822	gene-Peve_00007957	0.3676470625	16
Porites_evermani_scaffold_1538	12374	12887	gene-Peve_00007964	0	6
Porites_evermani_scaffold_1538	55139	56297	gene-Peve_00007958	0	10
Porites_evermani_scaffold_1538	63804	64413	gene-Peve_00007959	0	3
Porites_evermani_scaffold_1538	100178	101195	gene-Peve_00007962	0	3
Porites_evermani_scaffold_1538	103045	103536	gene-Peve_00007963	32.07459192	13
Porites_evermani_scaffold_1539	5177	26663	gene-Peve_00007966	1.583751311	206
Porites_evermani_scaffold_1539	47953	117642	gene-Peve_00007969	0.8875050379	211
Porites_evermani_scaffold_1539	65615	67332	gene-Peve_00007970	.	0
Porites_evermani_scaffold_1539	67489	71758	gene-Peve_00007971	.	0
Porites_evermani_scaffold_1539	78796	80352	gene-Peve_00007972	.	0
Porites_evermani_scaffold_154	19136	22933	gene-Peve_00007982	3.373771051	138
Porites_evermani_scaffold_154	38755	56752	gene-Peve_00007983	0.4769111086	534
Porites_evermani_scaffold_154	70154	106444	gene-Peve_00007985	7.515874649	681
Porites_evermani_scaffold_154	116831	128035	gene-Peve_00007987	2.317219448	250
Porites_evermani_scaffold_154	132282	149784	gene-Peve_00007988	33.42351463	311
Porites_evermani_scaffold_154	153218	165262	gene-Peve_00007989	38.27120908	144
Porites_evermani_scaffold_154	168715	171992	gene-Peve_00007990	37.91615255	65
Porites_evermani_scaffold_154	174084	176413	gene-Peve_00007991	76.97029691	22
Porites_evermani_scaffold_154	176592	178852	gene-Peve_00007992	29.04244137	52
Porites_evermani_scaffold_154	180788	185241	gene-Peve_00007993	49.32151212	40
Porites_evermani_scaffold_154	185321	205885	gene-Peve_00007994	12.82635225	502
Porites_evermani_scaffold_154	208072	212148	gene-Peve_00007995	0.2827381042	96
Porites_evermani_scaffold_154	234135	235224	gene-Peve_00007996	1.333333325	40
Porites_evermani_scaffold_154	237351	247950	gene-Peve_00007997	51.52850358	196
Porites_evermani_scaffold_154	248156	254560	gene-Peve_00007998	38.46543142	91
Porites_evermani_scaffold_154	267295	288408	gene-Peve_00007999	7.048477306	513
Porites_evermani_scaffold_154	296973	327348	gene-Peve_00008000	8.325063741	656
Porites_evermani_scaffold_154	330893	331451	gene-Peve_00007973	.	0
Porites_evermani_scaffold_154	333958	335215	gene-Peve_00007975	.	0
Porites_evermani_scaffold_154	341014	341443	gene-Peve_00007977	0.5494505385	13
Porites_evermani_scaffold_154	350751	351264	gene-Peve_00007978	0.8547008889	9
Porites_evermani_scaffold_154	365332	371578	gene-Peve_00007979	66.44803409	57
Porites_evermani_scaffold_154	372050	388937	gene-Peve_00007980	11.9643065	414
Porites_evermani_scaffold_154	389342	419261	gene-Peve_00007981	0.8687252925	588
Porites_evermani_scaffold_1540	53799	78496	gene-Peve_00008004	2.761896962	573
Porites_evermani_scaffold_1540	79825	101056	gene-Peve_00008005	0.799755023	434
Porites_evermani_scaffold_1540	105951	106794	gene-Peve_00008001	.	0
Porites_evermani_scaffold_1540	111784	112396	gene-Peve_00008002	0	2
Porites_evermani_scaffold_1540	114486	115329	gene-Peve_00008003	.	0
Porites_evermani_scaffold_1541	66739	67959	gene-Peve_00008008	55.99234107	14
Porites_evermani_scaffold_1541	89325	91143	gene-Peve_00008012	87.30632118	51
Porites_evermani_scaffold_1541	94233	94815	gene-Peve_00008013	86.58433524	29
Porites_evermani_scaffold_1541	113788	118379	gene-Peve_00008015	54.8285643	56
Porites_evermani_scaffold_1542	2850	3291	gene-Peve_00008017	80.415305	6
Porites_evermani_scaffold_1542	51467	52443	gene-Peve_00008018	0	3
Porites_evermani_scaffold_1542	53550	84864	gene-Peve_00008019	2.894180634	191
Porites_evermani_scaffold_1542	90040	108930	gene-Peve_00008020	25.75740004	271
Porites_evermani_scaffold_1542	112611	113138	gene-Peve_00008021	71.83150186	7
Porites_evermani_scaffold_1542	117083	118730	gene-Peve_00008022	0.2314814722	36
Porites_evermani_scaffold_1543	707	10522	gene-Peve_00008023	0.157366075	160
Porites_evermani_scaffold_1543	13897	14459	gene-Peve_00008031	0	5
Porites_evermani_scaffold_1543	24398	25889	gene-Peve_00008032	0	15
Porites_evermani_scaffold_1543	36206	45991	gene-Peve_00008025	0.4687646519	181
Porites_evermani_scaffold_1543	49488	74090	gene-Peve_00008026	6.03302464	242
Porites_evermani_scaffold_1543	79220	100625	gene-Peve_00008027	31.89688422	67
Porites_evermani_scaffold_1544	403	45872	gene-Peve_00008033	20.8213541	651
Porites_evermani_scaffold_1544	47241	56010	gene-Peve_00008035	87.18129082	93
Porites_evermani_scaffold_1544	56447	81630	gene-Peve_00008036	1.683266356	284
Porites_evermani_scaffold_1544	85829	106675	gene-Peve_00008037	0.4590609517	207
Porites_evermani_scaffold_1544	108141	109476	gene-Peve_00008034	.	0
Porites_evermani_scaffold_1545	3623	13280	gene-Peve_00008039	88.75820167	55
Porites_evermani_scaffold_1545	14518	25093	gene-Peve_00008040	71.581659	126
Porites_evermani_scaffold_1545	25266	27735	gene-Peve_00008041	50.20627122	32
Porites_evermani_scaffold_1545	30813	56032	gene-Peve_00008042	0.4297122476	529
Porites_evermani_scaffold_1545	57956	113266	gene-Peve_00008038	8.687050541	989
Porites_evermani_scaffold_1546	14396	14896	gene-Peve_00008048	.	0
Porites_evermani_scaffold_1546	15978	16517	gene-Peve_00008056	.	0
Porites_evermani_scaffold_1546	23994	25494	gene-Peve_00008043	.	0
Porites_evermani_scaffold_1546	37136	42828	gene-Peve_00008045	.	0
Porites_evermani_scaffold_1546	43801	44152	gene-Peve_00008046	.	0
Porites_evermani_scaffold_1546	44887	47069	gene-Peve_00008047	.	0
Porites_evermani_scaffold_1546	59726	62520	gene-Peve_00008049	.	0
Porites_evermani_scaffold_1546	84698	85301	gene-Peve_00008053	.	0
Porites_evermani_scaffold_1546	91517	92698	gene-Peve_00008054	.	0
Porites_evermani_scaffold_1546	95269	95918	gene-Peve_00008057	.	0
Porites_evermani_scaffold_1546	95993	99923	gene-Peve_00008050	.	0
Porites_evermani_scaffold_1546	100881	101531	gene-Peve_00008058	8.75	8
Porites_evermani_scaffold_1546	114733	115284	gene-Peve_00008060	.	0
Porites_evermani_scaffold_1547	2	2200	gene-Peve_00008061	0.9482861132	53
Porites_evermani_scaffold_1547	2852	15892	gene-Peve_00008062	42.34223761	66
Porites_evermani_scaffold_1547	17991	20522	gene-Peve_00008064	26.14784203	33
Porites_evermani_scaffold_1547	21773	36509	gene-Peve_00008065	16.14931162	176
Porites_evermani_scaffold_1547	36886	44766	gene-Peve_00008066	52.10719654	28
Porites_evermani_scaffold_1547	45120	46050	gene-Peve_00008067	0	7
Porites_evermani_scaffold_1547	55654	56584	gene-Peve_00008068	.	0
Porites_evermani_scaffold_1547	62272	72764	gene-Peve_00008069	0.8740202055	253
Porites_evermani_scaffold_1547	75053	76355	gene-Peve_00008070	1.820600071	42
Porites_evermani_scaffold_1547	90110	111047	gene-Peve_00008071	14.85053874	304
Porites_evermani_scaffold_1548	4601	4928	gene-Peve_00008074	.	0
Porites_evermani_scaffold_1548	7861	12903	gene-Peve_00008077	0.767836814	43
Porites_evermani_scaffold_1548	28073	36365	gene-Peve_00008076	0.6498987393	257
Porites_evermani_scaffold_1548	43630	47689	gene-Peve_00008078	0.06734007071	99
Porites_evermani_scaffold_1548	49792	66595	gene-Peve_00008079	1.014755442	382
Porites_evermani_scaffold_1548	72038	74833	gene-Peve_00008072	0.5337690784	51
Porites_evermani_scaffold_1548	81372	93344	gene-Peve_00008073	0.4981187712	306
Porites_evermani_scaffold_1548	100493	119071	gene-Peve_00008075	0.2435397638	525
Porites_evermani_scaffold_1549	3498	18423	gene-Peve_00008080	1.207330337	205
Porites_evermani_scaffold_1549	23337	24693	gene-Peve_00008087	0	39
Porites_evermani_scaffold_1549	28447	51399	gene-Peve_00008088	19.78409053	483
Porites_evermani_scaffold_1549	51514	63496	gene-Peve_00008081	35.44967915	133
Porites_evermani_scaffold_1549	64241	76812	gene-Peve_00008083	28.6653149	203
Porites_evermani_scaffold_1549	64922	65765	gene-Peve_00008082	0.8556149706	34
Porites_evermani_scaffold_1549	76904	92485	gene-Peve_00008084	17.21190023	199
Porites_evermani_scaffold_1549	97233	99096	gene-Peve_00008085	0.1082251136	88
Porites_evermani_scaffold_1549	116782	119053	gene-Peve_00008086	0.7620504423	52
Porites_evermani_scaffold_155	3188	10791	gene-Peve_00008093	0	9
Porites_evermani_scaffold_155	11685	14249	gene-Peve_00008097	59.03332629	17
Porites_evermani_scaffold_155	16103	27150	gene-Peve_00008100	74.6251307	20
Porites_evermani_scaffold_155	27324	32389	gene-Peve_00008105	8.10606065	20
Porites_evermani_scaffold_155	42210	48295	gene-Peve_00008119	0.8928571429	63
Porites_evermani_scaffold_155	52511	61469	gene-Peve_00008089	0.6850045973	221
Porites_evermani_scaffold_155	63717	70859	gene-Peve_00008090	0.395883186	129
Porites_evermani_scaffold_155	73822	77329	gene-Peve_00008091	0.2660383152	92
Porites_evermani_scaffold_155	88701	96493	gene-Peve_00008094	0.4321493535	99
Porites_evermani_scaffold_155	99896	111409	gene-Peve_00008095	0	20
Porites_evermani_scaffold_155	112413	112911	gene-Peve_00008098	.	0
Porites_evermani_scaffold_155	147577	147949	gene-Peve_00008099	0	1
Porites_evermani_scaffold_155	172257	181273	gene-Peve_00008102	14.1782625	142
Porites_evermani_scaffold_155	182336	197040	gene-Peve_00008103	13.29950944	157
Porites_evermani_scaffold_155	197210	201690	gene-Peve_00008104	54.93432362	24
Porites_evermani_scaffold_155	203228	235070	gene-Peve_00008106	21.32151033	227
Porites_evermani_scaffold_155	240866	248582	gene-Peve_00008107	1.09794661	164
Porites_evermani_scaffold_155	251261	252074	gene-Peve_00008108	3.746444118	34
Porites_evermani_scaffold_155	253074	271207	gene-Peve_00008109	1.44581313	339
Porites_evermani_scaffold_155	273750	276741	gene-Peve_00008110	1.607374052	77
Porites_evermani_scaffold_155	286254	287491	gene-Peve_00008111	2.17681625	32
Porites_evermani_scaffold_155	290183	294853	gene-Peve_00008112	0.05434782609	92
Porites_evermani_scaffold_155	323978	350633	gene-Peve_00008113	36.32633639	205
Porites_evermani_scaffold_155	366370	387890	gene-Peve_00008114	64.72324982	159
Porites_evermani_scaffold_155	390331	398088	gene-Peve_00008115	0.8059689128	195
Porites_evermani_scaffold_155	399400	406256	gene-Peve_00008116	0.355436573	185
Porites_evermani_scaffold_155	410859	412837	gene-Peve_00008117	0	52
Porites_evermani_scaffold_155	415946	418632	gene-Peve_00008118	2.670242296	71
Porites_evermani_scaffold_1550	20	3457	gene-Peve_00008120	68.3352019	42
Porites_evermani_scaffold_1550	4787	12248	gene-Peve_00008128	0.4507011639	244
Porites_evermani_scaffold_1550	34709	47681	gene-Peve_00008121	15.07488784	187
Porites_evermani_scaffold_1550	48748	49466	gene-Peve_00008122	8.3333332	5
Porites_evermani_scaffold_1550	49586	52472	gene-Peve_00008123	53.88117435	23
Porites_evermani_scaffold_1550	67284	75462	gene-Peve_00008125	77.62729971	78
Porites_evermani_scaffold_1550	75418	80892	gene-Peve_00008126	67.65442762	68
Porites_evermani_scaffold_1550	81766	83796	gene-Peve_00008127	0.61209152	50
Porites_evermani_scaffold_1550	99106	101665	gene-Peve_00008129	0.2604166667	48
Porites_evermani_scaffold_1550	114311	118079	gene-Peve_00008130	0.4262574583	24
Porites_evermani_scaffold_1551	3114	5815	gene-Peve_00008131	0	16
Porites_evermani_scaffold_1551	13738	43794	gene-Peve_00008134	0.7325705664	708
Porites_evermani_scaffold_1551	84942	98484	gene-Peve_00008132	59.23439253	152
Porites_evermani_scaffold_1551	102412	117444	gene-Peve_00008133	34.49735773	134
Porites_evermani_scaffold_1552	63542	67742	gene-Peve_00008137	3.064243462	13
Porites_evermani_scaffold_1552	85172	86894	gene-Peve_00008138	.	0
Porites_evermani_scaffold_1552	97898	100836	gene-Peve_00008140	8.440335556	18
Porites_evermani_scaffold_1552	100844	101489	gene-Peve_00008141	2.162058375	8
Porites_evermani_scaffold_1552	103537	104851	gene-Peve_00008142	.	0
Porites_evermani_scaffold_1553	184	25780	gene-Peve_00008146	10.98956834	440
Porites_evermani_scaffold_1553	87999	89747	gene-Peve_00008148	0.3125	20
Porites_evermani_scaffold_1553	92710	96950	gene-Peve_00008149	0.187165775	80
Porites_evermani_scaffold_1553	105599	108769	gene-Peve_00008150	0.1705029855	69
Porites_evermani_scaffold_1554	28152	29307	gene-Peve_00008159	2.394041139	36
Porites_evermani_scaffold_1554	40331	42379	gene-Peve_00008163	0.4385965	38
Porites_evermani_scaffold_1554	54957	56121	gene-Peve_00008151	0.2673796765	34
Porites_evermani_scaffold_1554	61006	64440	gene-Peve_00008152	0.4821567375	80
Porites_evermani_scaffold_1554	67351	68080	gene-Peve_00008154	0	20
Porites_evermani_scaffold_1554	72088	73138	gene-Peve_00008155	0	35
Porites_evermani_scaffold_1554	75549	104655	gene-Peve_00008156	1.531943288	371
Porites_evermani_scaffold_1554	83586	84941	gene-Peve_00008157	0	22
Porites_evermani_scaffold_1554	105780	106410	gene-Peve_00008158	0	17
Porites_evermani_scaffold_1554	111655	112435	gene-Peve_00008160	2.074579875	16
Porites_evermani_scaffold_1554	113555	114932	gene-Peve_00008161	0	7
Porites_evermani_scaffold_1554	116149	117662	gene-Peve_00008162	0	11
Porites_evermani_scaffold_1555	7097	30262	gene-Peve_00008169	4.429511505	200
Porites_evermani_scaffold_1555	14726	19432	gene-Peve_00008170	14.543212	55
Porites_evermani_scaffold_1555	48165	50112	gene-Peve_00008165	0	11
Porites_evermani_scaffold_1555	63779	101813	gene-Peve_00008166	0.7500413889	378
Porites_evermani_scaffold_1555	63892	64820	gene-Peve_00008167	0.1552795	28
Porites_evermani_scaffold_1555	108667	110395	gene-Peve_00008168	0	19
Porites_evermani_scaffold_1556	711	1041	gene-Peve_00008171	28.77329673	11
Porites_evermani_scaffold_1556	1947	2987	gene-Peve_00008187	.	0
Porites_evermani_scaffold_1556	4924	6537	gene-Peve_00008189	.	0
Porites_evermani_scaffold_1556	15596	15944	gene-Peve_00008172	17.96203786	7
Porites_evermani_scaffold_1556	21517	21907	gene-Peve_00008174	78.56367483	6
Porites_evermani_scaffold_1556	32373	32782	gene-Peve_00008175	21.25966622	9
Porites_evermani_scaffold_1556	32997	33690	gene-Peve_00008176	0.48076925	16
Porites_evermani_scaffold_1556	43720	44050	gene-Peve_00008177	53.3932795	16
Porites_evermani_scaffold_1556	49686	51476	gene-Peve_00008178	6.839463	24
Porites_evermani_scaffold_1556	61873	62221	gene-Peve_00008181	45.41005283	6
Porites_evermani_scaffold_1556	65571	66855	gene-Peve_00008183	84.21602459	22
Porites_evermani_scaffold_1556	79711	83167	gene-Peve_00008184	3.763254316	19
Porites_evermani_scaffold_1556	85538	86789	gene-Peve_00008185	.	0
Porites_evermani_scaffold_1556	103727	108344	gene-Peve_00008186	.	0
Porites_evermani_scaffold_1556	111293	112511	gene-Peve_00008188	10	1
Porites_evermani_scaffold_1557	736	6711	gene-Peve_00008190	0.4155312157	102
Porites_evermani_scaffold_1557	9775	18776	gene-Peve_00008196	30.05174077	172
Porites_evermani_scaffold_1557	19284	23696	gene-Peve_00008197	34.51357512	90
Porites_evermani_scaffold_1557	25316	30995	gene-Peve_00008198	0.4426819432	176
Porites_evermani_scaffold_1557	57123	58756	gene-Peve_00008191	22.90986789	18
Porites_evermani_scaffold_1557	61987	70291	gene-Peve_00008192	71.6955959	71
Porites_evermani_scaffold_1557	84250	95638	gene-Peve_00008193	1.19012241	188
Porites_evermani_scaffold_1557	98233	101366	gene-Peve_00008194	0.3060912273	66
Porites_evermani_scaffold_1557	103274	118663	gene-Peve_00008195	0.8070141461	397
Porites_evermani_scaffold_1558	633	5038	gene-Peve_00008199	.	0
Porites_evermani_scaffold_1558	6966	26428	gene-Peve_00008208	.	0
Porites_evermani_scaffold_1558	30367	34912	gene-Peve_00008209	1.735537182	11
Porites_evermani_scaffold_1558	50781	65187	gene-Peve_00008210	.	0
Porites_evermani_scaffold_1558	66488	76883	gene-Peve_00008200	.	0
Porites_evermani_scaffold_1558	78434	81484	gene-Peve_00008201	.	0
Porites_evermani_scaffold_1558	85998	86394	gene-Peve_00008202	.	0
Porites_evermani_scaffold_1559	355	3723	gene-Peve_00008211	19.98475579	29
Porites_evermani_scaffold_1559	5270	6410	gene-Peve_00008216	62.988678	13
Porites_evermani_scaffold_1559	15400	39962	gene-Peve_00008219	19.3263499	393
Porites_evermani_scaffold_1559	40244	43815	gene-Peve_00008223	44.35804196	25
Porites_evermani_scaffold_1559	46382	79022	gene-Peve_00008212	65.46241419	121
Porites_evermani_scaffold_1559	81127	82346	gene-Peve_00008213	.	0
Porites_evermani_scaffold_1559	82492	85052	gene-Peve_00008214	20	1
Porites_evermani_scaffold_1559	89516	91975	gene-Peve_00008215	.	0
Porites_evermani_scaffold_1559	102945	103664	gene-Peve_00008217	.	0
Porites_evermani_scaffold_1559	108282	109818	gene-Peve_00008218	0	4
Porites_evermani_scaffold_1559	113532	115638	gene-Peve_00008220	1.6025642	5
Porites_evermani_scaffold_1559	115857	116508	gene-Peve_00008221	1.894757929	14
Porites_evermani_scaffold_1559	116686	117800	gene-Peve_00008222	1.66666675	4
Porites_evermani_scaffold_156	183	11285	gene-Peve_00008224	0.513557092	250
Porites_evermani_scaffold_156	16824	33813	gene-Peve_00008238	1.099736133	180
Porites_evermani_scaffold_156	37772	39076	gene-Peve_00008244	1.269636519	54
Porites_evermani_scaffold_156	42894	44682	gene-Peve_00008246	0.3350815769	52
Porites_evermani_scaffold_156	61951	73936	gene-Peve_00008225	0.07544887919	298
Porites_evermani_scaffold_156	81476	104048	gene-Peve_00008227	45.06247521	394
Porites_evermani_scaffold_156	104278	117830	gene-Peve_00008231	14.62190603	297
Porites_evermani_scaffold_156	120049	125238	gene-Peve_00008233	0.2006551154	130
Porites_evermani_scaffold_156	134678	155814	gene-Peve_00008234	11.47772044	455
Porites_evermani_scaffold_156	157894	158671	gene-Peve_00008235	0.6060606	15
Porites_evermani_scaffold_156	161565	177805	gene-Peve_00008236	53.72178872	226
Porites_evermani_scaffold_156	185226	189484	gene-Peve_00008239	3.203540971	138
Porites_evermani_scaffold_156	192281	200189	gene-Peve_00008240	45.21483564	121
Porites_evermani_scaffold_156	206123	247085	gene-Peve_00008241	39.03489965	603
Porites_evermani_scaffold_156	208110	208451	gene-Peve_00008242	.	0
Porites_evermani_scaffold_156	230400	230601	gene-Peve_00008243	.	0
Porites_evermani_scaffold_156	253593	256467	gene-Peve_00008245	79.67811168	75
Porites_evermani_scaffold_156	260679	271185	gene-Peve_00008247	0.6897446745	341
Porites_evermani_scaffold_156	272666	273701	gene-Peve_00008248	0	33
Porites_evermani_scaffold_156	281125	332895	gene-Peve_00008249	9.638932706	1054
Porites_evermani_scaffold_156	344874	345288	gene-Peve_00008252	0	14
Porites_evermani_scaffold_156	363663	365224	gene-Peve_00008226	0.637942125	64
Porites_evermani_scaffold_156	365927	371249	gene-Peve_00008228	0.9139446693	127
Porites_evermani_scaffold_156	382495	383284	gene-Peve_00008229	0	4
Porites_evermani_scaffold_1560	19278	21493	gene-Peve_00008255	.	0
Porites_evermani_scaffold_1560	27713	34804	gene-Peve_00008256	0	3
Porites_evermani_scaffold_1561	9258	9903	gene-Peve_00008257	0	7
Porites_evermani_scaffold_1561	15156	23859	gene-Peve_00008260	0	8
Porites_evermani_scaffold_1561	54945	55983	gene-Peve_00008258	.	0
Porites_evermani_scaffold_1561	57346	58482	gene-Peve_00008259	.	0
Porites_evermani_scaffold_1561	68201	96715	gene-Peve_00008261	.	0
Porites_evermani_scaffold_1562	1017	2712	gene-Peve_00008262	.	0
Porites_evermani_scaffold_1562	16257	22333	gene-Peve_00008267	.	0
Porites_evermani_scaffold_1562	35036	46661	gene-Peve_00008268	.	0
Porites_evermani_scaffold_1562	35075	36065	gene-Peve_00008269	.	0
Porites_evermani_scaffold_1562	49572	51928	gene-Peve_00008263	.	0
Porites_evermani_scaffold_1562	91213	91717	gene-Peve_00008265	.	0
Porites_evermani_scaffold_1562	103818	108216	gene-Peve_00008266	.	0
Porites_evermani_scaffold_1563	1926	2852	gene-Peve_00008270	35.39275533	9
Porites_evermani_scaffold_1563	3088	3637	gene-Peve_00008274	42.20814774	23
Porites_evermani_scaffold_1563	4475	4822	gene-Peve_00008281	.	0
Porites_evermani_scaffold_1563	11051	11432	gene-Peve_00008283	17.857143	2
Porites_evermani_scaffold_1563	18166	19308	gene-Peve_00008271	46.33293787	16
Porites_evermani_scaffold_1563	21907	22905	gene-Peve_00008272	3.6666666	5
Porites_evermani_scaffold_1563	24892	26483	gene-Peve_00008273	54.02468355	11
Porites_evermani_scaffold_1563	26866	27493	gene-Peve_00008275	55.26570658	12
Porites_evermani_scaffold_1563	51421	52818	gene-Peve_00008276	0.3246753182	22
Porites_evermani_scaffold_1563	65329	77773	gene-Peve_00008277	33.54247986	205
Porites_evermani_scaffold_1563	78358	78766	gene-Peve_00008278	47.6662528	10
Porites_evermani_scaffold_1563	87800	88904	gene-Peve_00008279	.	0
Porites_evermani_scaffold_1564	1527	3506	gene-Peve_00008284	0.2618371017	59
Porites_evermani_scaffold_1564	5347	39876	gene-Peve_00008288	0.9601285806	124
Porites_evermani_scaffold_1564	43394	55583	gene-Peve_00008285	0.151193012	83
Porites_evermani_scaffold_1564	60100	61122	gene-Peve_00008286	0.5567229333	30
Porites_evermani_scaffold_1564	62680	89922	gene-Peve_00008287	0.5996287223	461
Porites_evermani_scaffold_1565	18562	21850	gene-Peve_00008295	0.5196844845	97
Porites_evermani_scaffold_1565	25122	29049	gene-Peve_00008289	59.42419382	62
Porites_evermani_scaffold_1565	32429	33539	gene-Peve_00008290	0.6040500182	55
Porites_evermani_scaffold_1565	35904	53812	gene-Peve_00008291	5.200336337	481
Porites_evermani_scaffold_1565	85628	88922	gene-Peve_00008292	1.613051707	58
Porites_evermani_scaffold_1565	94370	101080	gene-Peve_00008293	0.2564102667	15
Porites_evermani_scaffold_1565	104921	110845	gene-Peve_00008294	3.939394	4
Porites_evermani_scaffold_1566	31215	32716	gene-Peve_00008299	0	51
Porites_evermani_scaffold_1566	55536	55965	gene-Peve_00008296	.	0
Porites_evermani_scaffold_1566	102407	102606	gene-Peve_00008298	.	0
Porites_evermani_scaffold_1567	15316	43773	gene-Peve_00008305	0.3788894024	82
Porites_evermani_scaffold_1567	43794	47991	gene-Peve_00008306	0.2475990408	49
Porites_evermani_scaffold_1567	50102	54290	gene-Peve_00008307	0.4117647059	34
Porites_evermani_scaffold_1567	84475	89140	gene-Peve_00008300	0.8318359057	53
Porites_evermani_scaffold_1567	99070	100605	gene-Peve_00008301	.	0
Porites_evermani_scaffold_1567	102851	107212	gene-Peve_00008302	0	2
Porites_evermani_scaffold_1567	109662	111100	gene-Peve_00008303	1.341463415	41
Porites_evermani_scaffold_1568	3544	3913	gene-Peve_00008315	.	0
Porites_evermani_scaffold_1568	6335	9398	gene-Peve_00008317	.	0
Porites_evermani_scaffold_1568	10753	12588	gene-Peve_00008316	.	0
Porites_evermani_scaffold_1568	34491	39140	gene-Peve_00008309	0	14
Porites_evermani_scaffold_1568	42025	42664	gene-Peve_00008311	0.4273504615	13
Porites_evermani_scaffold_1568	52056	57390	gene-Peve_00008310	.	0
Porites_evermani_scaffold_1568	77053	82897	gene-Peve_00008312	.	0
Porites_evermani_scaffold_1568	88114	88873	gene-Peve_00008313	0	11
Porites_evermani_scaffold_1568	105204	118132	gene-Peve_00008314	62.07570207	27
Porites_evermani_scaffold_1569	10737	15408	gene-Peve_00008318	0	4
Porites_evermani_scaffold_1569	12169	14557	gene-Peve_00008323	0	2
Porites_evermani_scaffold_1569	32160	33589	gene-Peve_00008327	70.91065606	16
Porites_evermani_scaffold_1569	50530	61167	gene-Peve_00008326	2.41609267	97
Porites_evermani_scaffold_1569	64041	65970	gene-Peve_00008319	1.410256385	13
Porites_evermani_scaffold_1569	65569	66125	gene-Peve_00008320	.	0
Porites_evermani_scaffold_1569	66708	67182	gene-Peve_00008321	0.7692308	10
Porites_evermani_scaffold_1569	70806	72017	gene-Peve_00008322	0	8
Porites_evermani_scaffold_1569	73761	77040	gene-Peve_00008324	0.7575757273	11
Porites_evermani_scaffold_1569	95011	101725	gene-Peve_00008325	76.025641	6
Porites_evermani_scaffold_157	5330	24728	gene-Peve_00008329	0.3267921582	392
Porites_evermani_scaffold_157	48637	61903	gene-Peve_00008366	0.6504585816	380
Porites_evermani_scaffold_157	69784	97361	gene-Peve_00008371	1.715739945	839
Porites_evermani_scaffold_157	117889	125227	gene-Peve_00008337	70.48816727	95
Porites_evermani_scaffold_157	125764	126537	gene-Peve_00008360	48.10691971	17
Porites_evermani_scaffold_157	141347	143066	gene-Peve_00008361	72.961039	10
Porites_evermani_scaffold_157	157831	158227	gene-Peve_00008362	.	0
Porites_evermani_scaffold_157	162928	164191	gene-Peve_00008363	59.0645915	10
Porites_evermani_scaffold_157	173311	175118	gene-Peve_00008364	.	0
Porites_evermani_scaffold_157	188075	188459	gene-Peve_00008365	75.61188825	4
Porites_evermani_scaffold_157	206116	208094	gene-Peve_00008367	47.00635957	54
Porites_evermani_scaffold_157	208525	209394	gene-Peve_00008368	61.738225	10
Porites_evermani_scaffold_157	211904	212246	gene-Peve_00008369	.	0
Porites_evermani_scaffold_157	215339	216369	gene-Peve_00008370	70.58692546	13
Porites_evermani_scaffold_157	247278	247832	gene-Peve_00008372	47.75617991	11
Porites_evermani_scaffold_157	258108	258530	gene-Peve_00008373	96	5
Porites_evermani_scaffold_157	259178	260874	gene-Peve_00008374	88.47534309	56
Porites_evermani_scaffold_157	265226	265925	gene-Peve_00008376	67.97261833	9
Porites_evermani_scaffold_157	266109	272383	gene-Peve_00008377	80.16937346	142
Porites_evermani_scaffold_157	293048	294576	gene-Peve_00008331	56.77055339	23
Porites_evermani_scaffold_157	301105	302643	gene-Peve_00008333	87.14295258	24
Porites_evermani_scaffold_157	311309	311743	gene-Peve_00008334	0	8
Porites_evermani_scaffold_157	311936	312569	gene-Peve_00008335	0	17
Porites_evermani_scaffold_157	328370	329511	gene-Peve_00008338	84.77450372	61
Porites_evermani_scaffold_157	330331	333564	gene-Peve_00008340	71.003685	28
Porites_evermani_scaffold_157	334310	335318	gene-Peve_00008339	64.96804319	36
Porites_evermani_scaffold_157	349761	350244	gene-Peve_00008341	70.79458555	11
Porites_evermani_scaffold_157	356278	357004	gene-Peve_00008342	80.420294	7
Porites_evermani_scaffold_157	360455	361829	gene-Peve_00008343	62.13196117	12
Porites_evermani_scaffold_157	362081	362549	gene-Peve_00008344	94.64285725	4
Porites_evermani_scaffold_157	364164	364672	gene-Peve_00008345	76.03141257	7
Porites_evermani_scaffold_157	369235	371439	gene-Peve_00008348	72.36186365	20
Porites_evermani_scaffold_157	372094	373721	gene-Peve_00008347	84.00336411	36
Porites_evermani_scaffold_157	376708	377140	gene-Peve_00008349	81.23017046	13
Porites_evermani_scaffold_157	382751	386644	gene-Peve_00008350	78.82920605	43
Porites_evermani_scaffold_157	387006	388155	gene-Peve_00008351	32.04004329	7
Porites_evermani_scaffold_157	389841	391501	gene-Peve_00008352	82.52879073	22
Porites_evermani_scaffold_157	391563	392265	gene-Peve_00008353	91.424152	23
Porites_evermani_scaffold_157	393266	394514	gene-Peve_00008354	86.5465359	20
Porites_evermani_scaffold_157	396478	399596	gene-Peve_00008355	85.58602359	78
Porites_evermani_scaffold_157	416105	416459	gene-Peve_00008359	74.65622479	14
Porites_evermani_scaffold_1570	515	6018	gene-Peve_00008378	0.1278968774	155
Porites_evermani_scaffold_1570	18614	21383	gene-Peve_00008387	0.0821018046	87
Porites_evermani_scaffold_1570	21981	27875	gene-Peve_00008388	16.48051103	131
Porites_evermani_scaffold_1570	27962	29210	gene-Peve_00008379	26.66666667	3
Porites_evermani_scaffold_1570	30339	34446	gene-Peve_00008380	26.06060611	19
Porites_evermani_scaffold_1570	33573	39319	gene-Peve_00008381	66.90919207	14
Porites_evermani_scaffold_1570	39597	117948	gene-Peve_00008382	2.512307348	1079
Porites_evermani_scaffold_1570	53484	63053	gene-Peve_00008384	5.76666396	150
Porites_evermani_scaffold_1570	56693	59788	gene-Peve_00008385	3.275576784	51
Porites_evermani_scaffold_1571	3161	3668	gene-Peve_00008389	1.493212706	17
Porites_evermani_scaffold_1571	38954	52747	gene-Peve_00008392	0.7954064073	302
Porites_evermani_scaffold_1571	59022	78408	gene-Peve_00008393	0.7142697601	396
Porites_evermani_scaffold_1572	1107	10829	gene-Peve_00008395	0.1750163605	172
Porites_evermani_scaffold_1572	12670	14034	gene-Peve_00008402	0.4037081316	38
Porites_evermani_scaffold_1572	18206	32500	gene-Peve_00008403	24.24824243	167
Porites_evermani_scaffold_1572	39466	46689	gene-Peve_00008404	1.732842473	226
Porites_evermani_scaffold_1572	48549	58351	gene-Peve_00008405	7.988634979	145
Porites_evermani_scaffold_1572	59647	73633	gene-Peve_00008396	11.08362777	247
Porites_evermani_scaffold_1572	74431	79084	gene-Peve_00008397	.	0
Porites_evermani_scaffold_1572	83028	98480	gene-Peve_00008400	0.5546834184	98
Porites_evermani_scaffold_1572	98528	101635	gene-Peve_00008398	0	59
Porites_evermani_scaffold_1572	104383	111788	gene-Peve_00008399	0	64
Porites_evermani_scaffold_1572	113922	117288	gene-Peve_00008401	0	6
Porites_evermani_scaffold_1573	18571	19231	gene-Peve_00008406	.	0
Porites_evermani_scaffold_1573	34400	37758	gene-Peve_00008409	0.7692308	10
Porites_evermani_scaffold_1573	43787	44853	gene-Peve_00008410	.	0
Porites_evermani_scaffold_1573	56652	62032	gene-Peve_00008412	0.05347594118	85
Porites_evermani_scaffold_1573	69885	73832	gene-Peve_00008413	0.3289473684	19
Porites_evermani_scaffold_1573	80733	85543	gene-Peve_00008407	0.1333333333	75
Porites_evermani_scaffold_1573	101275	102442	gene-Peve_00008408	.	0
Porites_evermani_scaffold_1574	26	679	gene-Peve_00008418	0.617284	9
Porites_evermani_scaffold_1574	19740	21093	gene-Peve_00008433	64.67032437	35
Porites_evermani_scaffold_1574	21393	23356	gene-Peve_00008415	.	0
Porites_evermani_scaffold_1574	31393	33971	gene-Peve_00008416	0	1
Porites_evermani_scaffold_1574	34069	36593	gene-Peve_00008417	9.548435938	16
Porites_evermani_scaffold_1574	40461	40836	gene-Peve_00008419	0	1
Porites_evermani_scaffold_1574	66381	69153	gene-Peve_00008420	0.4872252037	54
Porites_evermani_scaffold_1574	73513	73966	gene-Peve_00008421	.	0
Porites_evermani_scaffold_1574	82125	83099	gene-Peve_00008423	2.577725364	11
Porites_evermani_scaffold_1574	86312	86782	gene-Peve_00008426	17.81746033	6
Porites_evermani_scaffold_1574	100521	101068	gene-Peve_00008428	31.63946882	17
Porites_evermani_scaffold_1574	102532	103078	gene-Peve_00008429	50.38384692	13
Porites_evermani_scaffold_1575	6245	10222	gene-Peve_00008437	1.428571429	7
Porites_evermani_scaffold_1575	12331	29681	gene-Peve_00008443	0.7375643208	106
Porites_evermani_scaffold_1575	39424	40881	gene-Peve_00008444	0	8
Porites_evermani_scaffold_1575	45201	54524	gene-Peve_00008445	5.100623806	67
Porites_evermani_scaffold_1575	55987	56997	gene-Peve_00008435	0	2
Porites_evermani_scaffold_1575	59858	71831	gene-Peve_00008436	0.5208519669	121
Porites_evermani_scaffold_1575	81722	82832	gene-Peve_00008439	0.4545454545	22
Porites_evermani_scaffold_1575	99864	112888	gene-Peve_00008440	19.49505561	141
Porites_evermani_scaffold_1575	104038	104872	gene-Peve_00008441	1.923077	4
Porites_evermani_scaffold_1575	116783	117722	gene-Peve_00008442	0	32
Porites_evermani_scaffold_1576	241	5580	gene-Peve_00008446	68.73835224	54
Porites_evermani_scaffold_1576	9222	18047	gene-Peve_00008452	78.40396059	78
Porites_evermani_scaffold_1576	18214	22288	gene-Peve_00008453	50.34543864	42
Porites_evermani_scaffold_1576	23770	39097	gene-Peve_00008454	72.71885151	59
Porites_evermani_scaffold_1576	40221	47898	gene-Peve_00008447	83.48914806	48
Porites_evermani_scaffold_1576	51522	54215	gene-Peve_00008448	.	0
Porites_evermani_scaffold_1576	55280	86373	gene-Peve_00008449	3.899902279	61
Porites_evermani_scaffold_1576	89975	105842	gene-Peve_00008451	0.8150130517	58
Porites_evermani_scaffold_1576	111056	117783	gene-Peve_00008450	0	2
Porites_evermani_scaffold_1577	2888	10870	gene-Peve_00008455	0	3
Porites_evermani_scaffold_1577	8592	9048	gene-Peve_00008461	.	0
Porites_evermani_scaffold_1577	14198	15116	gene-Peve_00008462	0	8
Porites_evermani_scaffold_1577	22648	24531	gene-Peve_00008463	.	0
Porites_evermani_scaffold_1577	45431	52499	gene-Peve_00008464	2.226594017	59
Porites_evermani_scaffold_1577	63970	85295	gene-Peve_00008456	25.87687335	390
Porites_evermani_scaffold_1577	90912	93254	gene-Peve_00008457	89.16666667	6
Porites_evermani_scaffold_1577	97075	98740	gene-Peve_00008458	.	0
Porites_evermani_scaffold_1577	115026	117101	gene-Peve_00008460	2.8333333	10
Porites_evermani_scaffold_1578	1826	6262	gene-Peve_00008465	76.79009682	67
Porites_evermani_scaffold_1578	45495	50938	gene-Peve_00008467	0.3842174146	82
Porites_evermani_scaffold_1578	53357	54364	gene-Peve_00008468	0	8
Porites_evermani_scaffold_1578	55950	57301	gene-Peve_00008469	1.4835165	10
Porites_evermani_scaffold_1578	57681	58370	gene-Peve_00008470	9.090909	1
Porites_evermani_scaffold_1578	77158	82314	gene-Peve_00008471	17.34900972	78
Porites_evermani_scaffold_1578	95595	99189	gene-Peve_00008473	0.9549274118	17
Porites_evermani_scaffold_1578	114240	114725	gene-Peve_00008474	0.6984055263	19
Porites_evermani_scaffold_1579	243	951	gene-Peve_00008475	.	0
Porites_evermani_scaffold_1579	1200	3439	gene-Peve_00008483	84.35965289	9
Porites_evermani_scaffold_1579	5713	10784	gene-Peve_00008486	71.45218037	27
Porites_evermani_scaffold_1579	11107	17745	gene-Peve_00008487	79.32893439	51
Porites_evermani_scaffold_1579	18682	20576	gene-Peve_00008476	42.97369297	36
Porites_evermani_scaffold_1579	28881	34382	gene-Peve_00008477	44.27082523	79
Porites_evermani_scaffold_1579	36956	38783	gene-Peve_00008478	0	17
Porites_evermani_scaffold_1579	46569	50478	gene-Peve_00008479	0	2
Porites_evermani_scaffold_1579	56800	63578	gene-Peve_00008480	0.2981117949	156
Porites_evermani_scaffold_1579	70624	78052	gene-Peve_00008481	0.3040098955	67
Porites_evermani_scaffold_1579	77958	105542	gene-Peve_00008482	56.18231772	176
Porites_evermani_scaffold_1579	105939	108375	gene-Peve_00008484	40.63890655	11
Porites_evermani_scaffold_1579	109117	115296	gene-Peve_00008485	14.28571429	7
Porites_evermani_scaffold_158	6350	10905	gene-Peve_00008488	0.4477589759	166
Porites_evermani_scaffold_158	24179	27248	gene-Peve_00008492	0.8574949756	82
Porites_evermani_scaffold_158	31594	42076	gene-Peve_00008494	10.65721793	168
Porites_evermani_scaffold_158	42118	43753	gene-Peve_00008493	0	27
Porites_evermani_scaffold_158	46748	59192	gene-Peve_00008496	19.45227594	187
Porites_evermani_scaffold_158	62327	69549	gene-Peve_00008495	4.584757432	111
Porites_evermani_scaffold_158	76030	79921	gene-Peve_00008497	0.09026151639	122
Porites_evermani_scaffold_158	82826	84779	gene-Peve_00008498	2.637728098	41
Porites_evermani_scaffold_158	94900	129429	gene-Peve_00008499	5.366553485	497
Porites_evermani_scaffold_158	130084	130450	gene-Peve_00008500	0	7
Porites_evermani_scaffold_158	130899	132758	gene-Peve_00008501	0	47
Porites_evermani_scaffold_158	133521	138642	gene-Peve_00008502	47.28515477	48
Porites_evermani_scaffold_158	139137	141967	gene-Peve_00008503	51.29776605	22
Porites_evermani_scaffold_158	156664	165099	gene-Peve_00008504	35.20962735	46
Porites_evermani_scaffold_158	165587	172109	gene-Peve_00008505	32.77728024	29
Porites_evermani_scaffold_158	173475	176015	gene-Peve_00008506	27.23236403	32
Porites_evermani_scaffold_158	186440	190720	gene-Peve_00008507	.	0
Porites_evermani_scaffold_158	194593	207786	gene-Peve_00008508	0.8103401208	240
Porites_evermani_scaffold_158	222497	244459	gene-Peve_00008509	16.44308788	320
Porites_evermani_scaffold_158	246582	266806	gene-Peve_00008510	29.10193812	199
Porites_evermani_scaffold_158	270907	278913	gene-Peve_00008511	36.04921008	36
Porites_evermani_scaffold_158	283096	283870	gene-Peve_00008512	0.2873563103	29
Porites_evermani_scaffold_158	285877	295868	gene-Peve_00008513	37.47049999	141
Porites_evermani_scaffold_158	296190	298269	gene-Peve_00008514	37.91139958	43
Porites_evermani_scaffold_158	303211	305460	gene-Peve_00008515	33.13637704	27
Porites_evermani_scaffold_158	309361	326611	gene-Peve_00008516	23.00331237	291
Porites_evermani_scaffold_158	330220	348598	gene-Peve_00008518	12.76851629	271
Porites_evermani_scaffold_158	349141	364653	gene-Peve_00008519	1.322814396	326
Porites_evermani_scaffold_158	350299	351529	gene-Peve_00008520	1.642628192	26
Porites_evermani_scaffold_158	353203	355360	gene-Peve_00008521	0	36
Porites_evermani_scaffold_158	369239	377231	gene-Peve_00008489	0.4910498302	53
Porites_evermani_scaffold_158	387273	390890	gene-Peve_00008490	0.5106621778	45
Porites_evermani_scaffold_158	395542	409392	gene-Peve_00008491	0.8352557991	423
Porites_evermani_scaffold_1580	7910	15811	gene-Peve_00008522	1.211588392	232
Porites_evermani_scaffold_1580	37861	38694	gene-Peve_00008527	0	10
Porites_evermani_scaffold_1580	45390	45765	gene-Peve_00008528	4.567582111	9
Porites_evermani_scaffold_1580	49799	55355	gene-Peve_00008523	70.82027292	109
Porites_evermani_scaffold_1580	81426	87782	gene-Peve_00008524	13.62498352	159
Porites_evermani_scaffold_1580	89149	91423	gene-Peve_00008525	19.31753458	60
Porites_evermani_scaffold_1580	96162	105584	gene-Peve_00008526	81.49939466	102
Porites_evermani_scaffold_1581	6884	7239	gene-Peve_00008529	0	4
Porites_evermani_scaffold_1581	8088	10768	gene-Peve_00008533	1.317251486	70
Porites_evermani_scaffold_1581	17727	20238	gene-Peve_00008542	0	57
Porites_evermani_scaffold_1581	26156	27311	gene-Peve_00008530	.	0
Porites_evermani_scaffold_1581	37337	38522	gene-Peve_00008531	.	0
Porites_evermani_scaffold_1581	59546	67304	gene-Peve_00008534	48.9677931	88
Porites_evermani_scaffold_1581	73616	74075	gene-Peve_00008535	.	0
Porites_evermani_scaffold_1581	74679	74948	gene-Peve_00008536	.	0
Porites_evermani_scaffold_1581	80455	81943	gene-Peve_00008537	0	27
Porites_evermani_scaffold_1581	90607	98212	gene-Peve_00008538	37.69950403	99
Porites_evermani_scaffold_1581	100229	102327	gene-Peve_00008539	1.694337531	81
Porites_evermani_scaffold_1581	106377	107865	gene-Peve_00008540	0.2782931429	42
Porites_evermani_scaffold_1581	110618	116900	gene-Peve_00008541	0.7260802743	175
Porites_evermani_scaffold_1582	4120	4459	gene-Peve_00008549	.	0
Porites_evermani_scaffold_1582	25646	26808	gene-Peve_00008543	1.5151515	6
Porites_evermani_scaffold_1582	35266	36913	gene-Peve_00008545	.	0
Porites_evermani_scaffold_1582	37498	37834	gene-Peve_00008546	.	0
Porites_evermani_scaffold_1582	40450	40972	gene-Peve_00008547	.	0
Porites_evermani_scaffold_1582	66619	70963	gene-Peve_00008548	.	0
Porites_evermani_scaffold_1582	99366	105564	gene-Peve_00008550	.	0
Porites_evermani_scaffold_1583	3513	20697	gene-Peve_00008553	0.4543150619	210
Porites_evermani_scaffold_1583	35076	75696	gene-Peve_00008552	0.1651164896	337
Porites_evermani_scaffold_1583	73673	92337	gene-Peve_00008555	28.28213312	58
Porites_evermani_scaffold_1583	97078	100115	gene-Peve_00008556	7.138177189	37
Porites_evermani_scaffold_1583	104072	117395	gene-Peve_00008554	0	1
Porites_evermani_scaffold_1584	6145	9182	gene-Peve_00008565	1.4285714	5
Porites_evermani_scaffold_1584	17374	18232	gene-Peve_00008558	.	0
Porites_evermani_scaffold_1584	19570	20043	gene-Peve_00008559	.	0
Porites_evermani_scaffold_1584	31501	41440	gene-Peve_00008560	.	0
Porites_evermani_scaffold_1584	62407	72677	gene-Peve_00008561	.	0
Porites_evermani_scaffold_1584	79315	83127	gene-Peve_00008562	.	0
Porites_evermani_scaffold_1584	85267	86258	gene-Peve_00008563	.	0
Porites_evermani_scaffold_1584	103204	106366	gene-Peve_00008564	0	8
Porites_evermani_scaffold_1585	660	9933	gene-Peve_00008566	65.80887887	76
Porites_evermani_scaffold_1585	12810	34522	gene-Peve_00008570	79.95018294	147
Porites_evermani_scaffold_1585	36550	40329	gene-Peve_00008574	85.41047739	23
Porites_evermani_scaffold_1585	63244	63808	gene-Peve_00008567	0.2100840588	17
Porites_evermani_scaffold_1585	67867	84200	gene-Peve_00008568	1.095550356	337
Porites_evermani_scaffold_1585	96457	99292	gene-Peve_00008571	0.447714	61
Porites_evermani_scaffold_1585	108625	109372	gene-Peve_00008572	6.290805333	6
Porites_evermani_scaffold_1586	321	711	gene-Peve_00008575	.	0
Porites_evermani_scaffold_1586	15505	32439	gene-Peve_00008586	0.9456653	190
Porites_evermani_scaffold_1586	41309	42104	gene-Peve_00008576	.	0
Porites_evermani_scaffold_1586	43195	43585	gene-Peve_00008577	5.880231	3
Porites_evermani_scaffold_1586	44066	44653	gene-Peve_00008578	40	1
Porites_evermani_scaffold_1586	66924	67704	gene-Peve_00008582	.	0
Porites_evermani_scaffold_1586	86354	96498	gene-Peve_00008585	0.4166666667	39
Porites_evermani_scaffold_1587	1675	2772	gene-Peve_00008587	0	1
Porites_evermani_scaffold_1587	5714	6053	gene-Peve_00008591	0	14
Porites_evermani_scaffold_1587	18246	20588	gene-Peve_00008593	1.199294091	55
Porites_evermani_scaffold_1587	26766	28385	gene-Peve_00008595	0.3711484706	34
Porites_evermani_scaffold_1587	67166	83684	gene-Peve_00008590	0.435278117	530
Porites_evermani_scaffold_1587	113776	115610	gene-Peve_00008592	0	15
Porites_evermani_scaffold_1588	22594	23602	gene-Peve_00008596	0	6
Porites_evermani_scaffold_1589	574	2877	gene-Peve_00008603	0	9
Porites_evermani_scaffold_1589	5083	10387	gene-Peve_00008605	2.406555293	99
Porites_evermani_scaffold_1589	10827	15675	gene-Peve_00008606	83.30356575	24
Porites_evermani_scaffold_1589	20785	21919	gene-Peve_00008598	10	2
Porites_evermani_scaffold_1589	22247	52921	gene-Peve_00008597	4.138437981	314
Porites_evermani_scaffold_1589	54776	73367	gene-Peve_00008599	17.82990233	138
Porites_evermani_scaffold_1589	75062	78839	gene-Peve_00008600	66.90726486	49
Porites_evermani_scaffold_1589	79941	81950	gene-Peve_00008601	0.3306878333	72
Porites_evermani_scaffold_1589	91349	98486	gene-Peve_00008602	25.35053784	122
Porites_evermani_scaffold_1589	98622	108293	gene-Peve_00008604	73.15790767	130
Porites_evermani_scaffold_159	2131	4126	gene-Peve_00008607	0.6293706316	57
Porites_evermani_scaffold_159	11644	12814	gene-Peve_00008616	0	7
Porites_evermani_scaffold_159	19235	20147	gene-Peve_00008625	.	0
Porites_evermani_scaffold_159	23793	24441	gene-Peve_00008640	.	0
Porites_evermani_scaffold_159	27649	28228	gene-Peve_00008611	.	0
Porites_evermani_scaffold_159	33023	33473	gene-Peve_00008613	0	33
Porites_evermani_scaffold_159	40638	45048	gene-Peve_00008615	0.384286875	136
Porites_evermani_scaffold_159	49004	64838	gene-Peve_00008617	0.3138300692	260
Porites_evermani_scaffold_159	84031	85480	gene-Peve_00008619	19.00762197	38
Porites_evermani_scaffold_159	91619	103145	gene-Peve_00008620	1.650004322	301
Porites_evermani_scaffold_159	107412	123027	gene-Peve_00008621	42.34910256	218
Porites_evermani_scaffold_159	134330	135650	gene-Peve_00008622	2.471064273	33
Porites_evermani_scaffold_159	135727	138067	gene-Peve_00008623	0	47
Porites_evermani_scaffold_159	167038	168153	gene-Peve_00008626	9.081422231	26
Porites_evermani_scaffold_159	168960	169599	gene-Peve_00008627	60	1
Porites_evermani_scaffold_159	171573	178253	gene-Peve_00008628	.	0
Porites_evermani_scaffold_159	195865	201663	gene-Peve_00008630	2.591609183	164
Porites_evermani_scaffold_159	204253	227291	gene-Peve_00008631	0.8158151673	532
Porites_evermani_scaffold_159	232443	241335	gene-Peve_00008632	11.45278832	191
Porites_evermani_scaffold_159	260039	266839	gene-Peve_00008633	3.3333335	2
Porites_evermani_scaffold_159	268130	278293	gene-Peve_00008634	9.89789692	224
Porites_evermani_scaffold_159	282762	283089	gene-Peve_00008636	0	5
Porites_evermani_scaffold_159	290063	302024	gene-Peve_00008637	32.54532566	193
Porites_evermani_scaffold_159	304824	350511	gene-Peve_00008639	8.443041565	1018
Porites_evermani_scaffold_159	359491	364651	gene-Peve_00008638	0.2225189159	107
Porites_evermani_scaffold_159	376991	380603	gene-Peve_00008643	0.3703703704	54
Porites_evermani_scaffold_159	396675	398631	gene-Peve_00008608	0.2136752154	65
Porites_evermani_scaffold_159	408558	412645	gene-Peve_00008609	0	34
Porites_evermani_scaffold_1590	12928	32870	gene-Peve_00008644	29.2709289	296
Porites_evermani_scaffold_1590	40001	72571	gene-Peve_00008646	0.7854864118	340
Porites_evermani_scaffold_1590	53260	57906	gene-Peve_00008647	0.08888889333	75
Porites_evermani_scaffold_1590	64428	64933	gene-Peve_00008648	.	0
Porites_evermani_scaffold_1590	73508	75640	gene-Peve_00008649	0	31
Porites_evermani_scaffold_1590	77354	78531	gene-Peve_00008651	0.7142857083	24
Porites_evermani_scaffold_1590	95675	116717	gene-Peve_00008652	0.6554279962	520
Porites_evermani_scaffold_1590	106227	107380	gene-Peve_00008653	.	0
Porites_evermani_scaffold_1590	107682	109023	gene-Peve_00008654	0.848092614	57
Porites_evermani_scaffold_1591	0	2306	gene-Peve_00008655	0	2
Porites_evermani_scaffold_1591	24054	27007	gene-Peve_00008656	80.53720757	30
Porites_evermani_scaffold_1591	28859	31765	gene-Peve_00008657	0.4651162791	43
Porites_evermani_scaffold_1591	34139	53821	gene-Peve_00008658	64.99975163	139
Porites_evermani_scaffold_1591	54191	58514	gene-Peve_00008659	72.25337364	22
Porites_evermani_scaffold_1591	60316	83392	gene-Peve_00008660	81.12503585	142
Porites_evermani_scaffold_1591	86427	105973	gene-Peve_00008661	30.07322326	380
Porites_evermani_scaffold_1591	110580	112854	gene-Peve_00008662	0.5023923421	38
Porites_evermani_scaffold_1592	4937	28005	gene-Peve_00008663	0.1605096859	191
Porites_evermani_scaffold_1592	33819	47972	gene-Peve_00008665	9.218638881	260
Porites_evermani_scaffold_1592	52292	62002	gene-Peve_00008666	57.33181653	76
Porites_evermani_scaffold_1592	101423	114691	gene-Peve_00008664	11.1284912	306
Porites_evermani_scaffold_1593	647	10232	gene-Peve_00008668	0.6493506429	14
Porites_evermani_scaffold_1593	23736	25407	gene-Peve_00008678	.	0
Porites_evermani_scaffold_1593	26909	27822	gene-Peve_00008679	0	9
Porites_evermani_scaffold_1593	67220	68201	gene-Peve_00008669	.	0
Porites_evermani_scaffold_1593	72898	73700	gene-Peve_00008670	.	0
Porites_evermani_scaffold_1593	73808	76184	gene-Peve_00008671	.	0
Porites_evermani_scaffold_1593	79350	79809	gene-Peve_00008672	.	0
Porites_evermani_scaffold_1593	88800	89463	gene-Peve_00008673	.	0
Porites_evermani_scaffold_1593	100802	106047	gene-Peve_00008676	0	6
Porites_evermani_scaffold_1594	1169	3151	gene-Peve_00008680	78.08164821	14
Porites_evermani_scaffold_1594	6129	11989	gene-Peve_00008687	70.46302915	115
Porites_evermani_scaffold_1594	12508	16273	gene-Peve_00008690	0.1134846449	107
Porites_evermani_scaffold_1594	17645	19872	gene-Peve_00008692	.	0
Porites_evermani_scaffold_1594	20391	27554	gene-Peve_00008694	0	36
Porites_evermani_scaffold_1594	35822	37162	gene-Peve_00008681	0	21
Porites_evermani_scaffold_1594	43956	45429	gene-Peve_00008682	0.5791129333	45
Porites_evermani_scaffold_1594	49948	57421	gene-Peve_00008683	0.4975130213	141
Porites_evermani_scaffold_1594	61110	67902	gene-Peve_00008684	40	2
Porites_evermani_scaffold_1594	71746	79342	gene-Peve_00008685	84.80152782	66
Porites_evermani_scaffold_1594	80654	81974	gene-Peve_00008686	0.6316137667	30
Porites_evermani_scaffold_1594	82918	84343	gene-Peve_00008688	0	12
Porites_evermani_scaffold_1594	85964	86303	gene-Peve_00008689	.	0
Porites_evermani_scaffold_1594	98039	104018	gene-Peve_00008691	21.19059091	89
Porites_evermani_scaffold_1594	114265	115453	gene-Peve_00008693	.	0
Porites_evermani_scaffold_1595	22996	23463	gene-Peve_00008707	.	0
Porites_evermani_scaffold_1595	23439	24240	gene-Peve_00008706	.	0
Porites_evermani_scaffold_1595	27818	29158	gene-Peve_00008708	.	0
Porites_evermani_scaffold_1595	40010	42410	gene-Peve_00008696	.	0
Porites_evermani_scaffold_1595	46569	49440	gene-Peve_00008697	7.487855286	14
Porites_evermani_scaffold_1595	67904	68321	gene-Peve_00008700	.	0
Porites_evermani_scaffold_1595	82945	84124	gene-Peve_00008702	63.51899983	24
Porites_evermani_scaffold_1595	84376	85225	gene-Peve_00008703	56.80678633	15
Porites_evermani_scaffold_1595	101563	102431	gene-Peve_00008704	28.61100756	16
Porites_evermani_scaffold_1595	101905	102770	gene-Peve_00008705	36.10552429	14
Porites_evermani_scaffold_1596	765	1710	gene-Peve_00008709	.	0
Porites_evermani_scaffold_1596	31977	32457	gene-Peve_00008713	.	0
Porites_evermani_scaffold_1596	43536	53386	gene-Peve_00008714	24.50549457	7
Porites_evermani_scaffold_1596	87652	88804	gene-Peve_00008710	.	0
Porites_evermani_scaffold_1596	96490	105890	gene-Peve_00008711	.	0
Porites_evermani_scaffold_1597	1396	36739	gene-Peve_00008715	20.35396988	568
Porites_evermani_scaffold_1597	37108	38700	gene-Peve_00008724	6.9444445	8
Porites_evermani_scaffold_1597	41441	43293	gene-Peve_00008725	.	0
Porites_evermani_scaffold_1597	60318	71558	gene-Peve_00008717	2.007310342	351
Porites_evermani_scaffold_1597	77457	89943	gene-Peve_00008718	63.76958949	199
Porites_evermani_scaffold_1597	90706	91931	gene-Peve_00008719	11.111111	3
Porites_evermani_scaffold_1597	91938	94697	gene-Peve_00008720	73.01230238	29
Porites_evermani_scaffold_1597	112600	113038	gene-Peve_00008723	.	0
Porites_evermani_scaffold_1598	28	1123	gene-Peve_00008726	.	0
Porites_evermani_scaffold_1598	4610	17094	gene-Peve_00008728	62.0993164	84
Porites_evermani_scaffold_1598	36228	74340	gene-Peve_00008730	1.275077901	142
Porites_evermani_scaffold_1598	101437	102310	gene-Peve_00008727	.	0
Porites_evermani_scaffold_1599	13437	14201	gene-Peve_00008731	0	1
Porites_evermani_scaffold_1599	40714	41770	gene-Peve_00008737	0	8
Porites_evermani_scaffold_1599	49346	51338	gene-Peve_00008736	0	1
Porites_evermani_scaffold_1599	59041	60058	gene-Peve_00008738	.	0
Porites_evermani_scaffold_1599	94744	95656	gene-Peve_00008733	.	0
Porites_evermani_scaffold_1599	97363	98942	gene-Peve_00008734	0.6243032609	23
Porites_evermani_scaffold_1599	105765	112381	gene-Peve_00008735	0.1697792632	19
Porites_evermani_scaffold_16	11938	12355	gene-Peve_00008760	0	7
Porites_evermani_scaffold_16	17328	37404	gene-Peve_00008778	1.514313249	237
Porites_evermani_scaffold_16	38846	43073	gene-Peve_00008789	27.22097745	71
Porites_evermani_scaffold_16	46295	47225	gene-Peve_00008746	0.4376657931	29
Porites_evermani_scaffold_16	48956	51439	gene-Peve_00008751	0.2401960875	80
Porites_evermani_scaffold_16	54692	73089	gene-Peve_00008757	0.4670149098	521
Porites_evermani_scaffold_16	76478	82921	gene-Peve_00008764	33.67122265	110
Porites_evermani_scaffold_16	83220	96067	gene-Peve_00008772	54.7726027	213
Porites_evermani_scaffold_16	100904	105913	gene-Peve_00008773	1.003709458	118
Porites_evermani_scaffold_16	111107	114739	gene-Peve_00008774	0.5423030921	76
Porites_evermani_scaffold_16	129571	137118	gene-Peve_00008776	0.2226482299	174
Porites_evermani_scaffold_16	138095	141847	gene-Peve_00008777	62.10963438	45
Porites_evermani_scaffold_16	143777	157979	gene-Peve_00008779	18.60900317	221
Porites_evermani_scaffold_16	159168	189793	gene-Peve_00008780	0.4524179556	631
Porites_evermani_scaffold_16	201247	203139	gene-Peve_00008781	3.526196345	29
Porites_evermani_scaffold_16	214507	241904	gene-Peve_00008782	2.993793072	208
Porites_evermani_scaffold_16	257747	258371	gene-Peve_00008784	0	5
Porites_evermani_scaffold_16	267750	277185	gene-Peve_00008783	0.2027972067	150
Porites_evermani_scaffold_16	284366	304008	gene-Peve_00008785	0.3126098462	351
Porites_evermani_scaffold_16	307002	325072	gene-Peve_00008786	0.4477372635	315
Porites_evermani_scaffold_16	328339	333043	gene-Peve_00008787	2.977926902	41
Porites_evermani_scaffold_16	355359	358281	gene-Peve_00008788	0.1876531875	96
Porites_evermani_scaffold_16	360136	361536	gene-Peve_00008790	0.4629629667	30
Porites_evermani_scaffold_16	363080	391056	gene-Peve_00008791	19.93538489	612
Porites_evermani_scaffold_16	391351	397248	gene-Peve_00008792	70.95290651	115
Porites_evermani_scaffold_16	397543	421874	gene-Peve_00008793	24.99795846	447
Porites_evermani_scaffold_16	424166	430229	gene-Peve_00008794	5.40617355	80
Porites_evermani_scaffold_16	436073	437078	gene-Peve_00008795	0.1400560238	42
Porites_evermani_scaffold_16	438788	451363	gene-Peve_00008796	0.3900656343	309
Porites_evermani_scaffold_16	444437	518789	gene-Peve_00008797	3.170910673	1904
Porites_evermani_scaffold_16	523649	529813	gene-Peve_00008798	2.896771101	188
Porites_evermani_scaffold_16	533694	534636	gene-Peve_00008799	0	37
Porites_evermani_scaffold_16	538973	577173	gene-Peve_00008800	8.116952929	815
Porites_evermani_scaffold_16	548896	550171	gene-Peve_00008801	6.206865	17
Porites_evermani_scaffold_16	587464	623012	gene-Peve_00008739	0.9155909369	1015
Porites_evermani_scaffold_16	625344	631079	gene-Peve_00008740	0.4799332625	160
Porites_evermani_scaffold_16	632761	648679	gene-Peve_00008741	13.43090062	308
Porites_evermani_scaffold_16	666437	690720	gene-Peve_00008742	45.45917653	508
Porites_evermani_scaffold_16	693618	717470	gene-Peve_00008743	41.40081893	435
Porites_evermani_scaffold_16	718635	737949	gene-Peve_00008744	6.697511198	237
Porites_evermani_scaffold_16	744272	748933	gene-Peve_00008745	73.20991083	40
Porites_evermani_scaffold_16	777159	778926	gene-Peve_00008747	0	54
Porites_evermani_scaffold_16	791086	794214	gene-Peve_00008748	1.424030075	80
Porites_evermani_scaffold_16	803536	806404	gene-Peve_00008749	2.036768448	87
Porites_evermani_scaffold_16	825983	830589	gene-Peve_00008750	.	0
Porites_evermani_scaffold_16	836206	839423	gene-Peve_00008752	43.68428267	70
Porites_evermani_scaffold_16	841870	849294	gene-Peve_00008753	44.5634288	130
Porites_evermani_scaffold_16	856968	862311	gene-Peve_00008754	51.62309137	71
Porites_evermani_scaffold_16	872794	874144	gene-Peve_00008755	0	35
Porites_evermani_scaffold_16	892008	892930	gene-Peve_00008756	0.4901960833	12
Porites_evermani_scaffold_16	903386	930039	gene-Peve_00008758	14.35558241	586
Porites_evermani_scaffold_16	932242	935803	gene-Peve_00008759	74.09869767	33
Porites_evermani_scaffold_16	935967	946429	gene-Peve_00008761	34.09858068	215
Porites_evermani_scaffold_16	947952	949398	gene-Peve_00008762	13.25398306	33
Porites_evermani_scaffold_16	951595	965765	gene-Peve_00008763	43.5696096	110
Porites_evermani_scaffold_16	969340	986701	gene-Peve_00008765	68.1314641	160
Porites_evermani_scaffold_16	988073	998491	gene-Peve_00008766	33.51924092	166
Porites_evermani_scaffold_16	1043582	1046991	gene-Peve_00008770	60.34820586	50
Porites_evermani_scaffold_16	1055827	1057692	gene-Peve_00008771	0	34
Porites_evermani_scaffold_160	1564	1900	gene-Peve_00008802	62.00112582	11
Porites_evermani_scaffold_160	4740	62493	gene-Peve_00008820	14.05506383	1346
Porites_evermani_scaffold_160	6734	11908	gene-Peve_00008824	69.97862192	91
Porites_evermani_scaffold_160	31689	31983	gene-Peve_00008832	0.5882352941	17
Porites_evermani_scaffold_160	74062	93037	gene-Peve_00008821	14.10032639	260
Porites_evermani_scaffold_160	95559	117691	gene-Peve_00008822	64.559557	247
Porites_evermani_scaffold_160	117831	226183	gene-Peve_00008825	62.5623358	2484
Porites_evermani_scaffold_160	148416	149811	gene-Peve_00008826	83.49755227	26
Porites_evermani_scaffold_160	169522	172246	gene-Peve_00008827	61.65443467	57
Porites_evermani_scaffold_160	186354	186816	gene-Peve_00008828	72.77777778	9
Porites_evermani_scaffold_160	208690	208955	gene-Peve_00008830	56.684504	5
Porites_evermani_scaffold_160	213832	214809	gene-Peve_00008831	88.53810241	32
Porites_evermani_scaffold_160	233569	260503	gene-Peve_00008803	3.949990915	318
Porites_evermani_scaffold_160	284905	285848	gene-Peve_00008804	0	12
Porites_evermani_scaffold_160	298200	299042	gene-Peve_00008805	11.15158646	28
Porites_evermani_scaffold_160	304187	304565	gene-Peve_00008806	0.4901960833	12
Porites_evermani_scaffold_160	304601	305135	gene-Peve_00008807	0	8
Porites_evermani_scaffold_160	305502	308665	gene-Peve_00008808	0.9843924762	21
Porites_evermani_scaffold_160	317478	317768	gene-Peve_00008809	.	0
Porites_evermani_scaffold_160	335735	336652	gene-Peve_00008810	21.00342278	23
Porites_evermani_scaffold_160	342976	343635	gene-Peve_00008811	2.94413915	20
Porites_evermani_scaffold_160	352234	352687	gene-Peve_00008812	1.136363625	8
Porites_evermani_scaffold_160	355434	356881	gene-Peve_00008813	0.5454545429	35
Porites_evermani_scaffold_160	365638	366341	gene-Peve_00008815	2.316017357	14
Porites_evermani_scaffold_160	399049	399964	gene-Peve_00008817	0.3401360612	49
Porites_evermani_scaffold_160	410137	413218	gene-Peve_00008819	0.07215007071	99
Porites_evermani_scaffold_1600	10299	11256	gene-Peve_00008839	.	0
Porites_evermani_scaffold_1600	18250	40031	gene-Peve_00008841	0.6262271695	177
Porites_evermani_scaffold_1600	51148	51619	gene-Peve_00008833	18.37998429	7
Porites_evermani_scaffold_1600	56960	59294	gene-Peve_00008842	0.293255129	31
Porites_evermani_scaffold_1600	59494	60715	gene-Peve_00008834	0	6
Porites_evermani_scaffold_1600	63790	64468	gene-Peve_00008835	0	6
Porites_evermani_scaffold_1600	64682	70453	gene-Peve_00008843	0.4407483333	57
Porites_evermani_scaffold_1600	70525	86139	gene-Peve_00008840	0.7384924275	131
Porites_evermani_scaffold_1600	103174	103801	gene-Peve_00008836	0	8
Porites_evermani_scaffold_1601	1612	7661	gene-Peve_00008844	57.96597631	13
Porites_evermani_scaffold_1601	20622	27652	gene-Peve_00008847	92.8100234	10
Porites_evermani_scaffold_1601	33225	40620	gene-Peve_00008848	0	23
Porites_evermani_scaffold_1601	44555	49678	gene-Peve_00008849	0	12
Porites_evermani_scaffold_1601	56346	93097	gene-Peve_00008845	1.802141688	494
Porites_evermani_scaffold_1601	97881	116006	gene-Peve_00008846	0.3786647599	404
Porites_evermani_scaffold_1602	5332	5866	gene-Peve_00008857	60.1818182	5
Porites_evermani_scaffold_1602	9467	10124	gene-Peve_00008860	.	0
Porites_evermani_scaffold_1602	12201	12588	gene-Peve_00008864	82.67106956	9
Porites_evermani_scaffold_1602	16360	18557	gene-Peve_00008865	36.26036338	13
Porites_evermani_scaffold_1602	20213	21491	gene-Peve_00008851	.	0
Porites_evermani_scaffold_1602	25040	25662	gene-Peve_00008852	66.95861686	7
Porites_evermani_scaffold_1602	39485	40813	gene-Peve_00008854	3.4632035	8
Porites_evermani_scaffold_1602	56537	56907	gene-Peve_00008859	0	8
Porites_evermani_scaffold_1602	61559	80976	gene-Peve_00008861	46.69256805	248
Porites_evermani_scaffold_1602	81469	97335	gene-Peve_00008862	32.63545957	178
Porites_evermani_scaffold_1602	101092	102321	gene-Peve_00008863	0	6
Porites_evermani_scaffold_1603	5074	6941	gene-Peve_00008866	0.1623376607	56
Porites_evermani_scaffold_1603	12516	20819	gene-Peve_00008873	18.53342885	159
Porites_evermani_scaffold_1603	22391	23896	gene-Peve_00008874	50.64105682	34
Porites_evermani_scaffold_1603	24781	34136	gene-Peve_00008875	69.45446266	126
Porites_evermani_scaffold_1603	26198	26572	gene-Peve_00008876	100	5
Porites_evermani_scaffold_1603	34573	35872	gene-Peve_00008867	55.76879341	17
Porites_evermani_scaffold_1603	38877	49976	gene-Peve_00008868	38.61087823	149
Porites_evermani_scaffold_1603	57438	58092	gene-Peve_00008869	0.711797881	42
Porites_evermani_scaffold_1603	62923	63622	gene-Peve_00008870	0	15
Porites_evermani_scaffold_1603	68675	71122	gene-Peve_00008871	0.1515151591	44
Porites_evermani_scaffold_1604	117	8822	gene-Peve_00008877	74.72194476	21
Porites_evermani_scaffold_1604	38986	39715	gene-Peve_00008887	.	0
Porites_evermani_scaffold_1604	59537	60296	gene-Peve_00008879	0	1
Porites_evermani_scaffold_1604	62185	67746	gene-Peve_00008880	2.465483231	13
Porites_evermani_scaffold_1604	76691	77852	gene-Peve_00008881	.	0
Porites_evermani_scaffold_1604	85726	100377	gene-Peve_00008882	2.04742457	93
Porites_evermani_scaffold_1604	101501	105004	gene-Peve_00008883	0	24
Porites_evermani_scaffold_1604	107511	111406	gene-Peve_00008884	.	0
Porites_evermani_scaffold_1605	4186	15052	gene-Peve_00008894	0.8712121	20
Porites_evermani_scaffold_1605	17395	28297	gene-Peve_00008895	2.646154316	19
Porites_evermani_scaffold_1605	35694	51779	gene-Peve_00008888	0.2775939744	195
Porites_evermani_scaffold_1605	68772	69177	gene-Peve_00008889	.	0
Porites_evermani_scaffold_1605	99385	106864	gene-Peve_00008892	0.2880081863	263
Porites_evermani_scaffold_1606	18375	18735	gene-Peve_00008900	3.023088083	12
Porites_evermani_scaffold_1606	18877	20127	gene-Peve_00008901	0	35
Porites_evermani_scaffold_1606	32150	34211	gene-Peve_00008896	0.9961697143	56
Porites_evermani_scaffold_1606	46453	71222	gene-Peve_00008897	1.167958452	241
Porites_evermani_scaffold_1606	82072	82605	gene-Peve_00008898	0	14
Porites_evermani_scaffold_1607	1054	1501	gene-Peve_00008903	1.7933724	15
Porites_evermani_scaffold_1607	13447	13873	gene-Peve_00008913	1.090225571	14
Porites_evermani_scaffold_1607	17416	17749	gene-Peve_00008914	1.304915182	11
Porites_evermani_scaffold_1607	29837	30419	gene-Peve_00008904	0	20
Porites_evermani_scaffold_1607	40355	40946	gene-Peve_00008905	0.850551	22
Porites_evermani_scaffold_1607	46608	47096	gene-Peve_00008906	12.86257931	16
Porites_evermani_scaffold_1607	47548	51236	gene-Peve_00008907	3.874906985	131
Porites_evermani_scaffold_1607	52891	53638	gene-Peve_00008908	2.029894333	18
Porites_evermani_scaffold_1607	80973	81393	gene-Peve_00008909	.	0
Porites_evermani_scaffold_1607	86620	87067	gene-Peve_00008910	0	14
Porites_evermani_scaffold_1607	90301	110234	gene-Peve_00008911	22.69935998	324
Porites_evermani_scaffold_1607	110705	115798	gene-Peve_00008912	81.6668979	59
Porites_evermani_scaffold_1608	1006	1396	gene-Peve_00008915	0	15
Porites_evermani_scaffold_1608	3623	13411	gene-Peve_00008921	1.551644831	249
Porites_evermani_scaffold_1608	22610	24703	gene-Peve_00008923	0.2450980417	24
Porites_evermani_scaffold_1608	43076	43478	gene-Peve_00008924	0	7
Porites_evermani_scaffold_1608	52663	54441	gene-Peve_00008917	0	49
Porites_evermani_scaffold_1608	56957	57275	gene-Peve_00008918	0.6993007273	11
Porites_evermani_scaffold_1608	64550	68228	gene-Peve_00008919	1.130446169	89
Porites_evermani_scaffold_1608	88361	103018	gene-Peve_00008920	0.05089058779	131
Porites_evermani_scaffold_1609	11953	17875	gene-Peve_00008925	0	1
Porites_evermani_scaffold_1609	28031	36295	gene-Peve_00008926	.	0
Porites_evermani_scaffold_1609	29635	33323	gene-Peve_00008928	.	0
Porites_evermani_scaffold_1609	42997	43633	gene-Peve_00008930	.	0
Porites_evermani_scaffold_1609	45390	47946	gene-Peve_00008929	.	0
Porites_evermani_scaffold_1609	56128	62280	gene-Peve_00008931	0.4132231364	22
Porites_evermani_scaffold_1609	101702	115483	gene-Peve_00008932	2.4285714	10
Porites_evermani_scaffold_161	22	9252	gene-Peve_00008933	20.68043814	126
Porites_evermani_scaffold_161	46055	54220	gene-Peve_00008943	41.93530991	168
Porites_evermani_scaffold_161	56714	66440	gene-Peve_00008944	0.5236674979	241
Porites_evermani_scaffold_161	76942	79501	gene-Peve_00008945	38.52311151	39
Porites_evermani_scaffold_161	83343	87445	gene-Peve_00008946	78.29347313	48
Porites_evermani_scaffold_161	87590	94312	gene-Peve_00008947	23.29646915	127
Porites_evermani_scaffold_161	97985	98615	gene-Peve_00008948	.	0
Porites_evermani_scaffold_161	102671	107431	gene-Peve_00008949	20.97755807	76
Porites_evermani_scaffold_161	109065	110007	gene-Peve_00008950	0	29
Porites_evermani_scaffold_161	113557	122284	gene-Peve_00008951	1.370286597	288
Porites_evermani_scaffold_161	125248	131295	gene-Peve_00008952	0.5436912212	208
Porites_evermani_scaffold_161	133675	136377	gene-Peve_00008953	.	0
Porites_evermani_scaffold_161	136572	142445	gene-Peve_00008954	21.87114821	48
Porites_evermani_scaffold_161	144060	150718	gene-Peve_00008955	10	4
Porites_evermani_scaffold_161	154600	157669	gene-Peve_00008956	90.68181825	4
Porites_evermani_scaffold_161	165009	167288	gene-Peve_00008957	0	41
Porites_evermani_scaffold_161	169165	170482	gene-Peve_00008958	0.5950435741	54
Porites_evermani_scaffold_161	171118	182989	gene-Peve_00008959	50.55452225	95
Porites_evermani_scaffold_161	171435	175958	gene-Peve_00008960	44.34186053	72
Porites_evermani_scaffold_161	183546	195570	gene-Peve_00008961	12.60386266	154
Porites_evermani_scaffold_161	198479	207319	gene-Peve_00008962	67.28585223	131
Porites_evermani_scaffold_161	207389	235323	gene-Peve_00008963	13.44087565	615
Porites_evermani_scaffold_161	236245	244836	gene-Peve_00008964	45.05280744	148
Porites_evermani_scaffold_161	246599	248374	gene-Peve_00008965	0	46
Porites_evermani_scaffold_161	271728	273993	gene-Peve_00008966	0.2713704179	67
Porites_evermani_scaffold_161	287964	288954	gene-Peve_00008967	0	20
Porites_evermani_scaffold_161	300342	300738	gene-Peve_00008968	0	15
Porites_evermani_scaffold_161	313117	313819	gene-Peve_00008969	0.6944444444	18
Porites_evermani_scaffold_161	317908	329062	gene-Peve_00008970	22.54971131	208
Porites_evermani_scaffold_161	329284	334763	gene-Peve_00008971	62.34994436	83
Porites_evermani_scaffold_161	340794	347564	gene-Peve_00008934	43.47431336	84
Porites_evermani_scaffold_161	350423	356986	gene-Peve_00008935	0	118
Porites_evermani_scaffold_161	359326	360703	gene-Peve_00008936	2.073048902	41
Porites_evermani_scaffold_161	364959	372325	gene-Peve_00008937	69.74930359	61
Porites_evermani_scaffold_161	390864	391446	gene-Peve_00008938	.	0
Porites_evermani_scaffold_161	392323	395814	gene-Peve_00008939	.	0
Porites_evermani_scaffold_161	398491	399199	gene-Peve_00008940	0	27
Porites_evermani_scaffold_161	404201	405463	gene-Peve_00008941	.	0
Porites_evermani_scaffold_161	410520	412260	gene-Peve_00008942	87.4387283	20
Porites_evermani_scaffold_1610	390	22090	gene-Peve_00008972	28.6882216	251
Porites_evermani_scaffold_1610	22106	24575	gene-Peve_00008976	92.80501111	28
Porites_evermani_scaffold_1610	27044	34662	gene-Peve_00008977	71.99439321	63
Porites_evermani_scaffold_1610	39669	40482	gene-Peve_00008973	0	11
Porites_evermani_scaffold_1610	43349	49010	gene-Peve_00008974	55.11576803	33
Porites_evermani_scaffold_1610	56451	102993	gene-Peve_00008975	30.72137431	529
Porites_evermani_scaffold_1611	15240	17454	gene-Peve_00008979	.	0
Porites_evermani_scaffold_1611	54174	62151	gene-Peve_00008980	0.1543209815	54
Porites_evermani_scaffold_1611	92997	97405	gene-Peve_00008978	0.2134081667	102
Porites_evermani_scaffold_1612	2320	6842	gene-Peve_00008987	0.115207371	62
Porites_evermani_scaffold_1612	19776	40207	gene-Peve_00008990	0.3151528299	294
Porites_evermani_scaffold_1612	48549	53593	gene-Peve_00008982	1.006938791	43
Porites_evermani_scaffold_1612	54729	55442	gene-Peve_00008983	0	20
Porites_evermani_scaffold_1612	62904	63618	gene-Peve_00008984	0.4784688947	19
Porites_evermani_scaffold_1612	75085	96558	gene-Peve_00008985	11.15194386	203
Porites_evermani_scaffold_1612	100085	101150	gene-Peve_00008986	.	0
Porites_evermani_scaffold_1612	110126	111179	gene-Peve_00008988	0	38
Porites_evermani_scaffold_1612	114226	115150	gene-Peve_00008989	3.516266348	23
Porites_evermani_scaffold_1613	30	576	gene-Peve_00008991	0	10
Porites_evermani_scaffold_1613	1714	14695	gene-Peve_00008994	2.559908748	321
Porites_evermani_scaffold_1613	30495	39446	gene-Peve_00008998	0	6
Porites_evermani_scaffold_1613	72103	80465	gene-Peve_00008992	0.2901629625	160
Porites_evermani_scaffold_1613	82228	83212	gene-Peve_00008995	.	0
Porites_evermani_scaffold_1613	83721	107991	gene-Peve_00008993	0.3162461644	450
Porites_evermani_scaffold_1613	108209	108632	gene-Peve_00008996	0	11
Porites_evermani_scaffold_1614	1379	2135	gene-Peve_00008999	0.6060606	15
Porites_evermani_scaffold_1614	6927	15914	gene-Peve_00009003	0	22
Porites_evermani_scaffold_1614	17536	19825	gene-Peve_00009007	.	0
Porites_evermani_scaffold_1614	21429	22800	gene-Peve_00009008	.	0
Porites_evermani_scaffold_1614	22947	23445	gene-Peve_00009009	.	0
Porites_evermani_scaffold_1614	25050	25587	gene-Peve_00009001	90	1
Porites_evermani_scaffold_1614	25620	28486	gene-Peve_00009000	76.23376629	7
Porites_evermani_scaffold_1614	48351	87985	gene-Peve_00009002	22.66027238	113
Porites_evermani_scaffold_1614	95989	97036	gene-Peve_00009004	48.85790985	13
Porites_evermani_scaffold_1614	110161	112836	gene-Peve_00009006	.	0
Porites_evermani_scaffold_1615	14762	16376	gene-Peve_00009012	34.53126471	7
Porites_evermani_scaffold_1615	22741	24638	gene-Peve_00009015	0.4872619231	39
Porites_evermani_scaffold_1615	28264	28819	gene-Peve_00009016	0.2976190714	14
Porites_evermani_scaffold_1615	31979	33684	gene-Peve_00009010	0	23
Porites_evermani_scaffold_1615	59388	60684	gene-Peve_00009011	0	2
Porites_evermani_scaffold_1615	83196	92886	gene-Peve_00009013	0.5972664519	239
Porites_evermani_scaffold_1615	92595	100451	gene-Peve_00009014	0.1075268871	62
Porites_evermani_scaffold_1616	2126	7618	gene-Peve_00009017	84.18117833	6
Porites_evermani_scaffold_1616	8491	11255	gene-Peve_00009018	86.66666667	3
Porites_evermani_scaffold_1616	30520	31265	gene-Peve_00009019	.	0
Porites_evermani_scaffold_1616	45509	67279	gene-Peve_00009020	0.9323752377	324
Porites_evermani_scaffold_1616	72917	74768	gene-Peve_00009021	.	0
Porites_evermani_scaffold_1616	94867	95138	gene-Peve_00009022	.	0
Porites_evermani_scaffold_1617	6	5656	gene-Peve_00009023	0.2161949717	106
Porites_evermani_scaffold_1617	10061	10508	gene-Peve_00009030	10.41666675	4
Porites_evermani_scaffold_1617	26515	26887	gene-Peve_00009032	0	8
Porites_evermani_scaffold_1617	52909	54297	gene-Peve_00009024	.	0
Porites_evermani_scaffold_1617	70447	87230	gene-Peve_00009025	11.50312788	251
Porites_evermani_scaffold_1617	94689	95964	gene-Peve_00009026	0	8
Porites_evermani_scaffold_1617	98392	99849	gene-Peve_00009027	.	0
Porites_evermani_scaffold_1617	107413	108602	gene-Peve_00009028	.	0
Porites_evermani_scaffold_1617	109873	110473	gene-Peve_00009029	.	0
Porites_evermani_scaffold_1618	4	44117	gene-Peve_00009033	0.4036569573	211
Porites_evermani_scaffold_1618	10669	11895	gene-Peve_00009037	.	0
Porites_evermani_scaffold_1618	18895	21301	gene-Peve_00009042	.	0
Porites_evermani_scaffold_1618	46412	48261	gene-Peve_00009043	0.3401360714	14
Porites_evermani_scaffold_1618	63901	65451	gene-Peve_00009044	0	16
Porites_evermani_scaffold_1618	75510	75963	gene-Peve_00009034	.	0
Porites_evermani_scaffold_1618	85738	87670	gene-Peve_00009035	.	0
Porites_evermani_scaffold_1618	92928	96233	gene-Peve_00009036	0.3007518947	38
Porites_evermani_scaffold_1618	97615	99302	gene-Peve_00009038	.	0
Porites_evermani_scaffold_1618	104529	105126	gene-Peve_00009039	1.282051333	6
Porites_evermani_scaffold_1618	105204	106605	gene-Peve_00009040	0	8
Porites_evermani_scaffold_1618	110608	112437	gene-Peve_00009041	.	0
Porites_evermani_scaffold_1619	763	13137	gene-Peve_00009045	0.4545454545	22
Porites_evermani_scaffold_1619	14108	23973	gene-Peve_00009050	23.20389219	161
Porites_evermani_scaffold_1619	24202	47754	gene-Peve_00009049	18.72128624	430
Porites_evermani_scaffold_1619	54717	56371	gene-Peve_00009051	0	3
Porites_evermani_scaffold_1619	68248	72604	gene-Peve_00009046	0	1
Porites_evermani_scaffold_1619	100535	108047	gene-Peve_00009048	22.05288962	29
Porites_evermani_scaffold_162	12592	28106	gene-Peve_00009052	29.31398763	35
Porites_evermani_scaffold_162	35035	47200	gene-Peve_00009071	35.15418451	118
Porites_evermani_scaffold_162	55452	77526	gene-Peve_00009074	0.9169370442	317
Porites_evermani_scaffold_162	94350	95056	gene-Peve_00009053	.	0
Porites_evermani_scaffold_162	96932	98659	gene-Peve_00009054	0	11
Porites_evermani_scaffold_162	99136	101749	gene-Peve_00009055	0	8
Porites_evermani_scaffold_162	105827	111422	gene-Peve_00009056	1.157463241	29
Porites_evermani_scaffold_162	119720	124345	gene-Peve_00009058	56.377997	16
Porites_evermani_scaffold_162	125847	129782	gene-Peve_00009060	1.073574212	66
Porites_evermani_scaffold_162	136840	145103	gene-Peve_00009059	2.45857858	238
Porites_evermani_scaffold_162	157441	173118	gene-Peve_00009061	0.579057303	363
Porites_evermani_scaffold_162	174670	180691	gene-Peve_00009062	70.76739741	117
Porites_evermani_scaffold_162	180884	211689	gene-Peve_00009063	23.48400556	553
Porites_evermani_scaffold_162	213589	220328	gene-Peve_00009064	0.3586948324	185
Porites_evermani_scaffold_162	266707	275666	gene-Peve_00009065	0.5691596732	257
Porites_evermani_scaffold_162	318925	329971	gene-Peve_00009068	0.3137255	40
Porites_evermani_scaffold_162	337899	340209	gene-Peve_00009069	0.135685209	67
Porites_evermani_scaffold_162	341134	363331	gene-Peve_00009070	1.248255006	477
Porites_evermani_scaffold_162	367652	374024	gene-Peve_00009072	0.7574018976	166
Porites_evermani_scaffold_162	378876	379908	gene-Peve_00009073	0.5657748043	46
Porites_evermani_scaffold_1620	246	14095	gene-Peve_00009077	1.247936936	235
Porites_evermani_scaffold_1620	20845	30527	gene-Peve_00009076	0.4125890233	43
Porites_evermani_scaffold_1620	41572	46326	gene-Peve_00009078	.	0
Porites_evermani_scaffold_1620	67106	88105	gene-Peve_00009079	10.73714793	134
Porites_evermani_scaffold_1620	92133	103500	gene-Peve_00009080	0.3704963417	199
Porites_evermani_scaffold_1620	112729	113560	gene-Peve_00009081	.	0
Porites_evermani_scaffold_1621	5893	6670	gene-Peve_00009082	.	0
Porites_evermani_scaffold_1621	38072	38786	gene-Peve_00009084	0	2
Porites_evermani_scaffold_1621	44940	45291	gene-Peve_00009086	.	0
Porites_evermani_scaffold_1621	61319	77857	gene-Peve_00009087	0.9161129339	348
Porites_evermani_scaffold_1621	80149	105216	gene-Peve_00009088	81.37468332	436
Porites_evermani_scaffold_1621	83426	85064	gene-Peve_00009090	95.91574382	45
Porites_evermani_scaffold_1622	5477	6686	gene-Peve_00009091	0.2032520244	41
Porites_evermani_scaffold_1622	12042	14785	gene-Peve_00009097	46.33203877	44
Porites_evermani_scaffold_1622	25930	35403	gene-Peve_00009100	86.66062491	91
Porites_evermani_scaffold_1622	39413	48104	gene-Peve_00009092	82.6473289	73
Porites_evermani_scaffold_1622	49254	58087	gene-Peve_00009093	69.51107795	150
Porites_evermani_scaffold_1622	59868	69975	gene-Peve_00009094	9.560498108	130
Porites_evermani_scaffold_1622	92456	99035	gene-Peve_00009096	1.939601443	235
Porites_evermani_scaffold_1622	105855	106194	gene-Peve_00009098	4.4444445	10
Porites_evermani_scaffold_1623	28105	38906	gene-Peve_00009102	19.21012627	37
Porites_evermani_scaffold_1623	41456	54775	gene-Peve_00009103	1.318330375	24
Porites_evermani_scaffold_1623	99583	103493	gene-Peve_00009101	.	0
Porites_evermani_scaffold_1624	10551	12675	gene-Peve_00009108	53.1276775	14
Porites_evermani_scaffold_1624	26567	27392	gene-Peve_00009105	1	10
Porites_evermani_scaffold_1624	31396	32424	gene-Peve_00009106	0.4040404103	39
Porites_evermani_scaffold_1624	41711	42865	gene-Peve_00009107	.	0
Porites_evermani_scaffold_1625	3	876	gene-Peve_00009112	51.10020348	31
Porites_evermani_scaffold_1625	2646	9299	gene-Peve_00009109	51.72380657	124
Porites_evermani_scaffold_1625	20324	49872	gene-Peve_00009113	28.62184058	60
Porites_evermani_scaffold_1625	52245	55597	gene-Peve_00009114	.	0
Porites_evermani_scaffold_1625	55761	57112	gene-Peve_00009115	.	0
Porites_evermani_scaffold_1625	60891	62864	gene-Peve_00009116	.	0
Porites_evermani_scaffold_1625	62994	104357	gene-Peve_00009117	13.08300396	23
Porites_evermani_scaffold_1625	98115	98537	gene-Peve_00009110	.	0
Porites_evermani_scaffold_1626	3502	18794	gene-Peve_00009118	9.21601108	351
Porites_evermani_scaffold_1626	23147	24509	gene-Peve_00009122	8.300047	8
Porites_evermani_scaffold_1626	28711	65119	gene-Peve_00009124	2.114870195	957
Porites_evermani_scaffold_1626	53011	53499	gene-Peve_00009119	0.8122312609	23
Porites_evermani_scaffold_1626	67004	68739	gene-Peve_00009120	0.1960784333	30
Porites_evermani_scaffold_1626	70107	109619	gene-Peve_00009121	0.9309799843	890
Porites_evermani_scaffold_1626	110673	114481	gene-Peve_00009123	54.50029386	56
Porites_evermani_scaffold_1627	1456	2796	gene-Peve_00009132	1.428571429	7
Porites_evermani_scaffold_1627	44992	54262	gene-Peve_00009126	0.6075921923	78
Porites_evermani_scaffold_1627	57330	78652	gene-Peve_00009127	2.561580438	169
Porites_evermani_scaffold_1627	83745	88061	gene-Peve_00009129	1.056511054	37
Porites_evermani_scaffold_1627	91318	101290	gene-Peve_00009130	0.1926079091	66
Porites_evermani_scaffold_1627	94406	95024	gene-Peve_00009131	0	2
Porites_evermani_scaffold_1628	8377	10130	gene-Peve_00009139	0	32
Porites_evermani_scaffold_1628	23496	26884	gene-Peve_00009140	0.07490637079	89
Porites_evermani_scaffold_1628	28651	39702	gene-Peve_00009141	31.0586853	179
Porites_evermani_scaffold_1628	42709	64633	gene-Peve_00009134	0.2918414966	290
Porites_evermani_scaffold_1628	72313	81063	gene-Peve_00009135	31.08782004	154
Porites_evermani_scaffold_1628	75578	76789	gene-Peve_00009136	0	35
Porites_evermani_scaffold_1628	82725	97898	gene-Peve_00009137	61.39793787	114
Porites_evermani_scaffold_1628	96755	108630	gene-Peve_00009138	53.58051547	60
Porites_evermani_scaffold_1629	876	1454	gene-Peve_00009142	65.58608071	7
Porites_evermani_scaffold_1629	10898	15247	gene-Peve_00009145	71.53348116	51
Porites_evermani_scaffold_1629	84615	88240	gene-Peve_00009144	0.4576426441	59
Porites_evermani_scaffold_1629	93552	111297	gene-Peve_00009143	0.4807293739	238
Porites_evermani_scaffold_163	623	16502	gene-Peve_00009146	9.625525919	297
Porites_evermani_scaffold_163	27205	28569	gene-Peve_00009151	0	31
Porites_evermani_scaffold_163	28883	29707	gene-Peve_00009157	.	0
Porites_evermani_scaffold_163	41015	46071	gene-Peve_00009159	1.16550119	21
Porites_evermani_scaffold_163	56913	62134	gene-Peve_00009160	77.20676501	67
Porites_evermani_scaffold_163	65912	67760	gene-Peve_00009161	0.3588078571	70
Porites_evermani_scaffold_163	69241	74247	gene-Peve_00009162	55.52496969	65
Porites_evermani_scaffold_163	75566	78400	gene-Peve_00009163	1.320839861	79
Porites_evermani_scaffold_163	79059	92136	gene-Peve_00009164	76.95224124	112
Porites_evermani_scaffold_163	160941	163300	gene-Peve_00009165	78.93900286	28
Porites_evermani_scaffold_163	197166	204977	gene-Peve_00009167	0.772456702	198
Porites_evermani_scaffold_163	206392	211244	gene-Peve_00009168	0.5301219351	154
Porites_evermani_scaffold_163	212619	217074	gene-Peve_00009169	2.586595207	116
Porites_evermani_scaffold_163	218977	225403	gene-Peve_00009170	69.42108435	63
Porites_evermani_scaffold_163	223274	224154	gene-Peve_00009171	82.73809525	8
Porites_evermani_scaffold_163	226290	230293	gene-Peve_00009172	0.08333333	100
Porites_evermani_scaffold_163	236840	239684	gene-Peve_00009173	0.9602605	76
Porites_evermani_scaffold_163	241096	241930	gene-Peve_00009174	0.1736111111	36
Porites_evermani_scaffold_163	243087	251260	gene-Peve_00009175	0.05055010593	236
Porites_evermani_scaffold_163	252809	253949	gene-Peve_00009176	0.4491451724	29
Porites_evermani_scaffold_163	255687	256830	gene-Peve_00009177	0.2040816286	35
Porites_evermani_scaffold_163	258822	259314	gene-Peve_00009178	0	20
Porites_evermani_scaffold_163	261685	263772	gene-Peve_00009179	0.5107962167	60
Porites_evermani_scaffold_163	264110	283113	gene-Peve_00009180	20.59208858	356
Porites_evermani_scaffold_163	285211	286162	gene-Peve_00009181	0	30
Porites_evermani_scaffold_163	296370	307419	gene-Peve_00009182	2.40263151	241
Porites_evermani_scaffold_163	310745	312030	gene-Peve_00009183	18.181818	1
Porites_evermani_scaffold_163	319504	329881	gene-Peve_00009147	0.4330785865	237
Porites_evermani_scaffold_163	332423	344861	gene-Peve_00009148	48.77480839	194
Porites_evermani_scaffold_163	345709	346327	gene-Peve_00009149	0	14
Porites_evermani_scaffold_163	354356	355828	gene-Peve_00009150	8.756765136	44
Porites_evermani_scaffold_163	357130	360119	gene-Peve_00009152	1.617853289	90
Porites_evermani_scaffold_163	362923	364088	gene-Peve_00009153	52.51984129	7
Porites_evermani_scaffold_163	375023	375827	gene-Peve_00009155	81.91774935	31
Porites_evermani_scaffold_163	400730	401177	gene-Peve_00009158	0	14
Porites_evermani_scaffold_1630	17251	22822	gene-Peve_00009186	0	75
Porites_evermani_scaffold_1630	29447	45409	gene-Peve_00009184	0.6624647817	142
Porites_evermani_scaffold_1630	46679	48058	gene-Peve_00009185	0	4
Porites_evermani_scaffold_1630	52536	53289	gene-Peve_00009195	.	0
Porites_evermani_scaffold_1630	53522	55112	gene-Peve_00009187	.	0
Porites_evermani_scaffold_1630	59125	59506	gene-Peve_00009188	0	4
Porites_evermani_scaffold_1630	62324	62963	gene-Peve_00009190	.	0
Porites_evermani_scaffold_1630	87515	91160	gene-Peve_00009193	.	0
Porites_evermani_scaffold_1630	96481	99420	gene-Peve_00009194	.	0
Porites_evermani_scaffold_1631	7779	9654	gene-Peve_00009196	63.91479679	28
Porites_evermani_scaffold_1631	11361	18904	gene-Peve_00009209	62.43196153	157
Porites_evermani_scaffold_1631	19063	19655	gene-Peve_00009197	39.9090908	5
Porites_evermani_scaffold_1631	19745	27121	gene-Peve_00009198	53.02842975	8
Porites_evermani_scaffold_1631	27254	27952	gene-Peve_00009199	.	0
Porites_evermani_scaffold_1631	31878	32349	gene-Peve_00009200	.	0
Porites_evermani_scaffold_1631	32797	33785	gene-Peve_00009201	.	0
Porites_evermani_scaffold_1631	34070	34819	gene-Peve_00009202	.	0
Porites_evermani_scaffold_1631	40652	42810	gene-Peve_00009203	46.10896754	26
Porites_evermani_scaffold_1631	44705	45135	gene-Peve_00009204	7.14285725	4
Porites_evermani_scaffold_1631	54498	56486	gene-Peve_00009205	6.060606	3
Porites_evermani_scaffold_1631	58093	60084	gene-Peve_00009206	20.9759079	10
Porites_evermani_scaffold_1631	62091	64800	gene-Peve_00009207	35.89041313	31
Porites_evermani_scaffold_1631	70624	71506	gene-Peve_00009208	17.40108935	17
Porites_evermani_scaffold_1631	72836	76939	gene-Peve_00009210	60.21158837	73
Porites_evermani_scaffold_1631	83047	84080	gene-Peve_00009211	62.02070147	40
Porites_evermani_scaffold_1631	101968	102802	gene-Peve_00009212	61.3636365	2
Porites_evermani_scaffold_1631	102867	103212	gene-Peve_00009213	21.64391167	9
Porites_evermani_scaffold_1631	105075	107205	gene-Peve_00009214	54.18855589	27
Porites_evermani_scaffold_1632	653	2767	gene-Peve_00009215	95.50045909	11
Porites_evermani_scaffold_1632	3213	27733	gene-Peve_00009218	11.32524122	79
Porites_evermani_scaffold_1632	32605	33529	gene-Peve_00009222	0	11
Porites_evermani_scaffold_1632	62117	63023	gene-Peve_00009217	0	20
Porites_evermani_scaffold_1632	73457	74429	gene-Peve_00009219	0.3496503462	26
Porites_evermani_scaffold_1632	79867	83735	gene-Peve_00009220	0.3188772091	110
Porites_evermani_scaffold_1632	112243	113307	gene-Peve_00009221	0.4633204595	37
Porites_evermani_scaffold_1633	4402	6968	gene-Peve_00009224	.	0
Porites_evermani_scaffold_1633	27894	38101	gene-Peve_00009228	0.5531286953	233
Porites_evermani_scaffold_1633	45580	49668	gene-Peve_00009229	0.4779422055	73
Porites_evermani_scaffold_1633	52415	59520	gene-Peve_00009230	0.8333333333	12
Porites_evermani_scaffold_1633	60585	64633	gene-Peve_00009231	0.7137060444	135
Porites_evermani_scaffold_1633	66447	76523	gene-Peve_00009225	22.50415638	210
Porites_evermani_scaffold_1633	90128	94145	gene-Peve_00009226	0.1635538765	81
Porites_evermani_scaffold_1633	102302	106246	gene-Peve_00009227	0.2002670187	107
Porites_evermani_scaffold_1634	1735	3115	gene-Peve_00009232	0.2447980465	43
Porites_evermani_scaffold_1634	22271	32766	gene-Peve_00009233	17.85405822	36
Porites_evermani_scaffold_1634	65064	66114	gene-Peve_00009235	.	0
Porites_evermani_scaffold_1634	68785	69318	gene-Peve_00009236	.	0
Porites_evermani_scaffold_1634	71641	72076	gene-Peve_00009239	.	0
Porites_evermani_scaffold_1635	6025	9492	gene-Peve_00009240	4.00641025	4
Porites_evermani_scaffold_1635	15061	20574	gene-Peve_00009247	64.19588495	21
Porites_evermani_scaffold_1635	29112	30707	gene-Peve_00009241	14.73103822	32
Porites_evermani_scaffold_1635	35386	67449	gene-Peve_00009242	15.84216842	270
Porites_evermani_scaffold_1635	68127	80044	gene-Peve_00009243	0	17
Porites_evermani_scaffold_1635	85592	89322	gene-Peve_00009244	0	34
Porites_evermani_scaffold_1635	96267	100178	gene-Peve_00009245	5.151515111	9
Porites_evermani_scaffold_1635	105424	110647	gene-Peve_00009246	.	0
Porites_evermani_scaffold_1636	1	1713	gene-Peve_00009248	0.2272727273	44
Porites_evermani_scaffold_1636	2959	22974	gene-Peve_00009254	20.95412693	269
Porites_evermani_scaffold_1636	25898	39688	gene-Peve_00009255	29.50604959	266
Porites_evermani_scaffold_1636	45282	62117	gene-Peve_00009249	6.802804119	235
Porites_evermani_scaffold_1636	62957	73375	gene-Peve_00009250	20.41343549	111
Porites_evermani_scaffold_1636	74156	79465	gene-Peve_00009251	49.86090595	60
Porites_evermani_scaffold_1636	80964	81459	gene-Peve_00009252	0.5494505714	14
Porites_evermani_scaffold_1636	85646	113243	gene-Peve_00009253	0.7360544161	548
Porites_evermani_scaffold_1637	13781	14063	gene-Peve_00009256	.	0
Porites_evermani_scaffold_1637	17392	40368	gene-Peve_00009260	15.74994482	104
Porites_evermani_scaffold_1637	49148	49763	gene-Peve_00009261	27.97202767	3
Porites_evermani_scaffold_1637	64885	71940	gene-Peve_00009262	4.8333333	10
Porites_evermani_scaffold_1637	75991	85416	gene-Peve_00009257	83.52651766	118
Porites_evermani_scaffold_1637	90678	100474	gene-Peve_00009258	74.608974	29
Porites_evermani_scaffold_1637	103509	113857	gene-Peve_00009259	61.49572633	6
Porites_evermani_scaffold_1638	26891	41545	gene-Peve_00009266	18.57914814	22
Porites_evermani_scaffold_1638	41612	72246	gene-Peve_00009265	2.821518975	163
Porites_evermani_scaffold_1638	79668	82335	gene-Peve_00009263	.	0
Porites_evermani_scaffold_1638	82646	93775	gene-Peve_00009264	0.2217294878	41
Porites_evermani_scaffold_1639	2544	9162	gene-Peve_00009267	79.1931215	6
Porites_evermani_scaffold_1639	10813	31359	gene-Peve_00009270	4.032622443	323
Porites_evermani_scaffold_1639	37015	39363	gene-Peve_00009272	0.2450980294	34
Porites_evermani_scaffold_1639	57700	58543	gene-Peve_00009278	0.9090909	10
Porites_evermani_scaffold_1639	64021	64867	gene-Peve_00009268	4.172979875	16
Porites_evermani_scaffold_1639	68617	81156	gene-Peve_00009269	0.4528688529	170
Porites_evermani_scaffold_1639	83261	95420	gene-Peve_00009271	0.5779138491	212
Porites_evermani_scaffold_1639	98295	99042	gene-Peve_00009273	.	0
Porites_evermani_scaffold_1639	99310	99987	gene-Peve_00009274	0	15
Porites_evermani_scaffold_1639	101373	101991	gene-Peve_00009275	0	16
Porites_evermani_scaffold_1639	104285	105712	gene-Peve_00009276	20	5
Porites_evermani_scaffold_1639	105859	113509	gene-Peve_00009277	10.01007613	116
Porites_evermani_scaffold_164	3845	69973	gene-Peve_00009281	32.68145312	1550
Porites_evermani_scaffold_164	18852	19652	gene-Peve_00009285	71.43156096	23
Porites_evermani_scaffold_164	36460	39070	gene-Peve_00009282	38.58182013	80
Porites_evermani_scaffold_164	94459	133796	gene-Peve_00009284	1.038410257	657
Porites_evermani_scaffold_164	135823	147816	gene-Peve_00009286	47.07211684	186
Porites_evermani_scaffold_164	161851	177682	gene-Peve_00009287	2.056602852	264
Porites_evermani_scaffold_164	170225	171278	gene-Peve_00009288	11.54196393	28
Porites_evermani_scaffold_164	211402	216885	gene-Peve_00009289	36.05531683	82
Porites_evermani_scaffold_164	221684	222647	gene-Peve_00009291	90.37936326	34
Porites_evermani_scaffold_164	249152	254741	gene-Peve_00009290	13.78880299	98
Porites_evermani_scaffold_164	255164	264728	gene-Peve_00009293	72.12370333	190
Porites_evermani_scaffold_164	265327	276798	gene-Peve_00009292	29.97913707	265
Porites_evermani_scaffold_164	290163	296599	gene-Peve_00009294	0.4211841204	191
Porites_evermani_scaffold_164	305655	309451	gene-Peve_00009295	0.4981096627	83
Porites_evermani_scaffold_164	321537	329331	gene-Peve_00009296	0.7770517387	222
Porites_evermani_scaffold_164	340911	341493	gene-Peve_00009298	0	26
Porites_evermani_scaffold_164	343352	343751	gene-Peve_00009299	0	13
Porites_evermani_scaffold_164	360345	365531	gene-Peve_00009300	0.2194066272	169
Porites_evermani_scaffold_164	383376	408289	gene-Peve_00009301	0.6533330868	783
Porites_evermani_scaffold_164	405058	406639	gene-Peve_00009302	0.7999573889	36
Porites_evermani_scaffold_1640	5521	7378	gene-Peve_00009308	0	11
Porites_evermani_scaffold_1640	10432	20717	gene-Peve_00009303	1.047459904	83
Porites_evermani_scaffold_1640	20732	24159	gene-Peve_00009304	0	1
Porites_evermani_scaffold_1640	32756	53152	gene-Peve_00009305	2.053916532	79
Porites_evermani_scaffold_1640	68694	101477	gene-Peve_00009306	10.41132062	167
Porites_evermani_scaffold_1640	72013	74015	gene-Peve_00009307	18.82431496	24
Porites_evermani_scaffold_1640	103882	105218	gene-Peve_00009309	0	4
Porites_evermani_scaffold_1641	6064	7082	gene-Peve_00009310	0.1897533226	31
Porites_evermani_scaffold_1641	32087	59358	gene-Peve_00009312	6.195245493	477
Porites_evermani_scaffold_1641	61193	64562	gene-Peve_00009313	1.017364742	93
Porites_evermani_scaffold_1641	65742	66692	gene-Peve_00009314	2.805177263	19
Porites_evermani_scaffold_1641	75134	104582	gene-Peve_00009311	8.260671507	534
Porites_evermani_scaffold_1642	353	1729	gene-Peve_00009315	.	0
Porites_evermani_scaffold_1642	15071	16313	gene-Peve_00009324	13.6721015	8
Porites_evermani_scaffold_1642	21530	21917	gene-Peve_00009316	.	0
Porites_evermani_scaffold_1642	30978	61389	gene-Peve_00009317	2.996410345	579
Porites_evermani_scaffold_1642	65868	69928	gene-Peve_00009318	0.1589825135	37
Porites_evermani_scaffold_1642	74232	74991	gene-Peve_00009319	.	0
Porites_evermani_scaffold_1642	78117	86487	gene-Peve_00009320	0	4
Porites_evermani_scaffold_1642	95549	112020	gene-Peve_00009321	41.97895594	53
Porites_evermani_scaffold_1642	100216	102206	gene-Peve_00009322	.	0
Porites_evermani_scaffold_1642	103082	103726	gene-Peve_00009323	.	0
Porites_evermani_scaffold_1643	5966	6716	gene-Peve_00009325	0	8
Porites_evermani_scaffold_1643	9439	10591	gene-Peve_00009334	0	3
Porites_evermani_scaffold_1643	13471	14241	gene-Peve_00009326	.	0
Porites_evermani_scaffold_1643	27166	29223	gene-Peve_00009327	.	0
Porites_evermani_scaffold_1643	29612	30560	gene-Peve_00009328	.	0
Porites_evermani_scaffold_1643	32255	34527	gene-Peve_00009329	.	0
Porites_evermani_scaffold_1643	40312	49176	gene-Peve_00009330	48.03030308	12
Porites_evermani_scaffold_1643	49358	60280	gene-Peve_00009331	1.5151515	6
Porites_evermani_scaffold_1643	65517	65874	gene-Peve_00009332	.	0
Porites_evermani_scaffold_1644	10	13836	gene-Peve_00009335	1.5864136	75
Porites_evermani_scaffold_1644	24286	48696	gene-Peve_00009339	0.4107633115	305
Porites_evermani_scaffold_1644	49987	68836	gene-Peve_00009340	0.71851625	176
Porites_evermani_scaffold_1644	73557	83176	gene-Peve_00009341	0.1851851778	90
Porites_evermani_scaffold_1644	83340	87024	gene-Peve_00009342	0.3246753214	28
Porites_evermani_scaffold_1644	93136	94957	gene-Peve_00009336	0.2083333438	32
Porites_evermani_scaffold_1644	98332	107320	gene-Peve_00009337	79.60377207	55
Porites_evermani_scaffold_1644	110149	113001	gene-Peve_00009338	.	0
Porites_evermani_scaffold_1645	2093	21026	gene-Peve_00009343	0.7640850087	115
Porites_evermani_scaffold_1645	54431	55333	gene-Peve_00009348	1.215806844	32
Porites_evermani_scaffold_1645	57567	66967	gene-Peve_00009349	0.2948031818	11
Porites_evermani_scaffold_1645	72010	79533	gene-Peve_00009346	.	0
Porites_evermani_scaffold_1645	84866	85655	gene-Peve_00009347	.	0
Porites_evermani_scaffold_1645	93221	95533	gene-Peve_00009344	.	0
Porites_evermani_scaffold_1645	97501	106063	gene-Peve_00009345	.	0
Porites_evermani_scaffold_1646	12563	13682	gene-Peve_00009355	0.2232142857	28
Porites_evermani_scaffold_1646	28397	29456	gene-Peve_00009357	.	0
Porites_evermani_scaffold_1646	30995	44206	gene-Peve_00009350	5.573807887	97
Porites_evermani_scaffold_1646	53708	54455	gene-Peve_00009351	0	2
Porites_evermani_scaffold_1646	54542	54887	gene-Peve_00009352	0	13
Porites_evermani_scaffold_1646	65014	65500	gene-Peve_00009353	.	0
Porites_evermani_scaffold_1646	83312	90121	gene-Peve_00009354	3.896103857	14
Porites_evermani_scaffold_1647	138	47950	gene-Peve_00009358	53.3708542	543
Porites_evermani_scaffold_1647	56815	58097	gene-Peve_00009359	0.4385964737	19
Porites_evermani_scaffold_1647	59498	63666	gene-Peve_00009360	2.530284842	95
Porites_evermani_scaffold_1647	66308	66973	gene-Peve_00009362	0	18
Porites_evermani_scaffold_1647	91193	93260	gene-Peve_00009364	.	0
Porites_evermani_scaffold_1647	97976	99193	gene-Peve_00009365	.	0
Porites_evermani_scaffold_1647	107300	107956	gene-Peve_00009366	0	16
Porites_evermani_scaffold_1648	297	5272	gene-Peve_00009368	0.6095232308	156
Porites_evermani_scaffold_1648	14031	16917	gene-Peve_00009369	0.7364341047	86
Porites_evermani_scaffold_1648	20743	39454	gene-Peve_00009370	11.32749039	377
Porites_evermani_scaffold_1648	46197	46678	gene-Peve_00009372	0	5
Porites_evermani_scaffold_1648	48906	50842	gene-Peve_00009373	0	23
Porites_evermani_scaffold_1648	54825	56943	gene-Peve_00009374	1.941786263	38
Porites_evermani_scaffold_1648	69012	113320	gene-Peve_00009371	1.274266943	300
Porites_evermani_scaffold_1649	26953	28501	gene-Peve_00009379	.	0
Porites_evermani_scaffold_1649	28823	30923	gene-Peve_00009380	.	0
Porites_evermani_scaffold_1649	33519	72602	gene-Peve_00009375	0.4813776123	748
Porites_evermani_scaffold_1649	44805	46559	gene-Peve_00009376	0.414515869	84
Porites_evermani_scaffold_1649	90419	107522	gene-Peve_00009378	0.1726257984	372
Porites_evermani_scaffold_165	115128	115862	gene-Peve_00009422	82.27583917	12
Porites_evermani_scaffold_165	115920	119513	gene-Peve_00009423	72.04324157	70
Porites_evermani_scaffold_165	133573	134633	gene-Peve_00009424	84.34524871	41
Porites_evermani_scaffold_165	153613	156789	gene-Peve_00009425	70.67427352	61
Porites_evermani_scaffold_165	158834	159167	gene-Peve_00009426	76.41802658	12
Porites_evermani_scaffold_165	164079	170720	gene-Peve_00009427	49.30243659	105
Porites_evermani_scaffold_165	176379	177039	gene-Peve_00009428	70.98807629	7
Porites_evermani_scaffold_165	179661	180162	gene-Peve_00009382	78.42394544	16
Porites_evermani_scaffold_165	182721	183639	gene-Peve_00009383	62.26702404	27
Porites_evermani_scaffold_165	186181	187962	gene-Peve_00009384	49.49097204	24
Porites_evermani_scaffold_165	190518	191831	gene-Peve_00009385	74.75304762	53
Porites_evermani_scaffold_165	192596	193922	gene-Peve_00009386	85.3326155	16
Porites_evermani_scaffold_165	201130	201604	gene-Peve_00009387	74.88297633	12
Porites_evermani_scaffold_165	203419	203980	gene-Peve_00009388	69.74407936	11
Porites_evermani_scaffold_165	205643	206616	gene-Peve_00009390	74.1624645	28
Porites_evermani_scaffold_165	206838	207282	gene-Peve_00009389	53.08741624	25
Porites_evermani_scaffold_165	210548	211202	gene-Peve_00009391	66.8096158	10
Porites_evermani_scaffold_165	214510	220227	gene-Peve_00009392	.	0
Porites_evermani_scaffold_165	231882	234282	gene-Peve_00009394	72.60035544	34
Porites_evermani_scaffold_165	238247	240088	gene-Peve_00009395	72.11235741	46
Porites_evermani_scaffold_165	240260	241283	gene-Peve_00009396	45.20902929	35
Porites_evermani_scaffold_165	241838	242648	gene-Peve_00009397	49.1357265	18
Porites_evermani_scaffold_165	249397	251781	gene-Peve_00009398	58.02396503	62
Porites_evermani_scaffold_165	252324	252591	gene-Peve_00009399	67.05255538	13
Porites_evermani_scaffold_165	258033	260076	gene-Peve_00009400	23.63321622	18
Porites_evermani_scaffold_165	260894	264577	gene-Peve_00009401	27.17198247	30
Porites_evermani_scaffold_165	269708	270581	gene-Peve_00009402	9.863945571	7
Porites_evermani_scaffold_165	281087	282611	gene-Peve_00009403	12.79716	21
Porites_evermani_scaffold_165	293175	299342	gene-Peve_00009405	38.13387277	83
Porites_evermani_scaffold_165	300511	301249	gene-Peve_00009407	.	0
Porites_evermani_scaffold_165	301424	301931	gene-Peve_00009406	.	0
Porites_evermani_scaffold_165	304117	305930	gene-Peve_00009408	6.565722424	33
Porites_evermani_scaffold_165	314969	317708	gene-Peve_00009410	0	16
Porites_evermani_scaffold_165	323644	327106	gene-Peve_00009409	1.577060935	31
Porites_evermani_scaffold_165	349392	349785	gene-Peve_00009411	0.621118	7
Porites_evermani_scaffold_165	349996	351154	gene-Peve_00009412	0	11
Porites_evermani_scaffold_165	358670	358977	gene-Peve_00009413	74.6057692	10
Porites_evermani_scaffold_165	376443	376884	gene-Peve_00009415	65.91398567	6
Porites_evermani_scaffold_165	387161	387551	gene-Peve_00009416	65.80086589	9
Porites_evermani_scaffold_1650	20366	54286	gene-Peve_00009429	17.75326078	604
Porites_evermani_scaffold_1650	59911	65656	gene-Peve_00009432	0.1499721937	191
Porites_evermani_scaffold_1650	75541	78485	gene-Peve_00009433	0	80
Porites_evermani_scaffold_1650	86539	87355	gene-Peve_00009430	0	25
Porites_evermani_scaffold_1651	8260	10032	gene-Peve_00009438	.	0
Porites_evermani_scaffold_1651	19489	39918	gene-Peve_00009439	12.52026773	278
Porites_evermani_scaffold_1651	41732	44132	gene-Peve_00009434	40.38461545	11
Porites_evermani_scaffold_1651	44427	52880	gene-Peve_00009435	23.53789908	38
Porites_evermani_scaffold_1651	55084	61247	gene-Peve_00009436	0.5565544348	115
Porites_evermani_scaffold_1651	66769	110751	gene-Peve_00009437	7.975302708	677
Porites_evermani_scaffold_1652	711	1530	gene-Peve_00009440	.	0
Porites_evermani_scaffold_1652	3180	14222	gene-Peve_00009441	4.316174549	237
Porites_evermani_scaffold_1652	19485	58634	gene-Peve_00009443	0.7458891816	391
Porites_evermani_scaffold_1652	74332	91528	gene-Peve_00009442	1.345598849	192
Porites_evermani_scaffold_1653	1193	5976	gene-Peve_00009444	1.538136645	110
Porites_evermani_scaffold_1653	12348	22762	gene-Peve_00009451	1.624020923	142
Porites_evermani_scaffold_1653	37598	38627	gene-Peve_00009445	0	15
Porites_evermani_scaffold_1653	40431	42498	gene-Peve_00009446	0.8670436364	55
Porites_evermani_scaffold_1653	68543	69104	gene-Peve_00009448	0	2
Porites_evermani_scaffold_1653	73043	75587	gene-Peve_00009449	0.1275510179	56
Porites_evermani_scaffold_1653	102494	104510	gene-Peve_00009450	1.193181812	16
Porites_evermani_scaffold_1654	4037	11643	gene-Peve_00009453	36.55846693	44
Porites_evermani_scaffold_1654	13432	21847	gene-Peve_00009458	0.5419580385	52
Porites_evermani_scaffold_1654	23118	39262	gene-Peve_00009459	76.10828573	11
Porites_evermani_scaffold_1654	42540	53973	gene-Peve_00009460	4.523001472	36
Porites_evermani_scaffold_1654	83802	84304	gene-Peve_00009454	.	0
Porites_evermani_scaffold_1654	104851	105496	gene-Peve_00009455	0	1
Porites_evermani_scaffold_1654	108850	110206	gene-Peve_00009456	1.382627526	19
Porites_evermani_scaffold_1655	2524	11704	gene-Peve_00009462	0.3214281467	259
Porites_evermani_scaffold_1655	18837	47102	gene-Peve_00009466	0.9007578615	758
Porites_evermani_scaffold_1655	62027	65640	gene-Peve_00009467	0.4874536176	68
Porites_evermani_scaffold_1655	70095	70473	gene-Peve_00009464	0	14
Porites_evermani_scaffold_1655	78984	79552	gene-Peve_00009465	0	30
Porites_evermani_scaffold_1655	84534	85451	gene-Peve_00009463	0.4441981333	30
Porites_evermani_scaffold_1656	22315	22654	gene-Peve_00009470	0	5
Porites_evermani_scaffold_1656	24177	38288	gene-Peve_00009471	0	10
Porites_evermani_scaffold_1656	51700	52921	gene-Peve_00009472	0	2
Porites_evermani_scaffold_1656	86085	90825	gene-Peve_00009473	0.8468132414	174
Porites_evermani_scaffold_1656	94045	101261	gene-Peve_00009468	0.09845049143	175
Porites_evermani_scaffold_1657	15938	85853	gene-Peve_00009474	2.595020069	576
Porites_evermani_scaffold_1657	88293	98762	gene-Peve_00009475	21.07408737	110
Porites_evermani_scaffold_1657	101111	110117	gene-Peve_00009476	15.52635874	107
Porites_evermani_scaffold_1658	13260	14211	gene-Peve_00009481	0	15
Porites_evermani_scaffold_1658	20768	43354	gene-Peve_00009482	0.3741129971	342
Porites_evermani_scaffold_1658	45151	50783	gene-Peve_00009477	2.232364569	65
Porites_evermani_scaffold_1658	69910	70489	gene-Peve_00009478	.	0
Porites_evermani_scaffold_1658	105763	110271	gene-Peve_00009480	0.6592320652	46
Porites_evermani_scaffold_1659	2451	21432	gene-Peve_00009483	0.1744086051	590
Porites_evermani_scaffold_1659	29908	40240	gene-Peve_00009484	30.02899789	160
Porites_evermani_scaffold_1659	45171	48226	gene-Peve_00009485	89.08147125	20
Porites_evermani_scaffold_1659	51666	70064	gene-Peve_00009486	55.80018723	124
Porites_evermani_scaffold_1659	79594	82861	gene-Peve_00009487	.	0
Porites_evermani_scaffold_1659	94647	98995	gene-Peve_00009488	.	0
Porites_evermani_scaffold_166	2142	3450	gene-Peve_00009490	.	0
Porites_evermani_scaffold_166	9491	11015	gene-Peve_00009493	2.27272725	4
Porites_evermani_scaffold_166	14648	27567	gene-Peve_00009496	27.32626834	115
Porites_evermani_scaffold_166	30030	30360	gene-Peve_00009500	0	6
Porites_evermani_scaffold_166	34415	39270	gene-Peve_00009505	0.2868975374	147
Porites_evermani_scaffold_166	39390	60790	gene-Peve_00009517	14.18116375	209
Porites_evermani_scaffold_166	87611	88216	gene-Peve_00009491	68.18878618	11
Porites_evermani_scaffold_166	95740	97006	gene-Peve_00009492	0	47
Porites_evermani_scaffold_166	108781	128379	gene-Peve_00009494	27.91630028	123
Porites_evermani_scaffold_166	132484	148738	gene-Peve_00009495	1.013510012	346
Porites_evermani_scaffold_166	154248	180039	gene-Peve_00009497	23.14602016	518
Porites_evermani_scaffold_166	171577	174047	gene-Peve_00009498	0.3431006505	103
Porites_evermani_scaffold_166	180781	181777	gene-Peve_00009499	0	26
Porites_evermani_scaffold_166	184455	188156	gene-Peve_00009501	40.27809229	45
Porites_evermani_scaffold_166	188550	192008	gene-Peve_00009502	68.31497667	40
Porites_evermani_scaffold_166	192087	195872	gene-Peve_00009503	71.73231388	58
Porites_evermani_scaffold_166	198887	233684	gene-Peve_00009504	22.53247132	490
Porites_evermani_scaffold_166	235032	237128	gene-Peve_00009506	.	0
Porites_evermani_scaffold_166	238572	241531	gene-Peve_00009507	27.8991596	10
Porites_evermani_scaffold_166	241844	249534	gene-Peve_00009508	47.40851473	71
Porites_evermani_scaffold_166	250100	250694	gene-Peve_00009509	0	25
Porites_evermani_scaffold_166	256879	258031	gene-Peve_00009510	1.071152132	38
Porites_evermani_scaffold_166	287446	289974	gene-Peve_00009511	40.01113409	34
Porites_evermani_scaffold_166	290148	316594	gene-Peve_00009512	76.852534	283
Porites_evermani_scaffold_166	317844	318804	gene-Peve_00009513	0	8
Porites_evermani_scaffold_166	321271	321886	gene-Peve_00009514	0.3472222083	24
Porites_evermani_scaffold_166	324290	328982	gene-Peve_00009515	0	1
Porites_evermani_scaffold_166	331941	333156	gene-Peve_00009516	0.178571425	40
Porites_evermani_scaffold_166	336044	338442	gene-Peve_00009518	1.428571448	29
Porites_evermani_scaffold_166	338577	339750	gene-Peve_00009519	2.2222222	5
Porites_evermani_scaffold_166	345037	345853	gene-Peve_00009520	.	0
Porites_evermani_scaffold_166	348834	351729	gene-Peve_00009521	0.8095238133	75
Porites_evermani_scaffold_166	352165	359006	gene-Peve_00009522	21.07367092	93
Porites_evermani_scaffold_166	359327	373096	gene-Peve_00009523	56.29989724	90
Porites_evermani_scaffold_166	374875	378890	gene-Peve_00009524	0	3
Porites_evermani_scaffold_166	386947	409228	gene-Peve_00009525	51.36760213	55
Porites_evermani_scaffold_1660	19846	37105	gene-Peve_00009528	0	47
Porites_evermani_scaffold_1660	99337	104816	gene-Peve_00009526	0	2
Porites_evermani_scaffold_1661	4123	26000	gene-Peve_00009529	5.532220786	271
Porites_evermani_scaffold_1661	35039	60879	gene-Peve_00009534	0.6942616131	504
Porites_evermani_scaffold_1661	66984	99908	gene-Peve_00009530	1.415154386	632
Porites_evermani_scaffold_1661	78894	80055	gene-Peve_00009531	0.3963264423	52
Porites_evermani_scaffold_1661	100121	112213	gene-Peve_00009532	52.40329513	134
Porites_evermani_scaffold_1662	510	4706	gene-Peve_00009535	1.052120585	94
Porites_evermani_scaffold_1662	5223	5832	gene-Peve_00009542	.	0
Porites_evermani_scaffold_1662	18983	28070	gene-Peve_00009536	0.6067826089	248
Porites_evermani_scaffold_1662	28066	28441	gene-Peve_00009546	.	0
Porites_evermani_scaffold_1662	33788	65045	gene-Peve_00009537	42.25178019	493
Porites_evermani_scaffold_1662	72969	80947	gene-Peve_00009538	83.14698381	111
Porites_evermani_scaffold_1662	81355	83387	gene-Peve_00009539	25.55090498	45
Porites_evermani_scaffold_1662	93766	96540	gene-Peve_00009541	0.6014194167	60
Porites_evermani_scaffold_1662	99010	103815	gene-Peve_00009543	55.10871679	97
Porites_evermani_scaffold_1663	15421	18773	gene-Peve_00009547	0.25478675	108
Porites_evermani_scaffold_1663	22329	22731	gene-Peve_00009548	0	9
Porites_evermani_scaffold_1663	56878	57625	gene-Peve_00009549	1.8181818	5
Porites_evermani_scaffold_1663	64747	81807	gene-Peve_00009550	0.2192982368	114
Porites_evermani_scaffold_1663	102561	104785	gene-Peve_00009551	0.5263157895	19
Porites_evermani_scaffold_1664	3031	9745	gene-Peve_00009552	85.90526326	19
Porites_evermani_scaffold_1664	11995	14562	gene-Peve_00009558	41.68370811	28
Porites_evermani_scaffold_1664	25828	35175	gene-Peve_00009559	0.8307077667	300
Porites_evermani_scaffold_1664	45060	67834	gene-Peve_00009560	16.7631095	393
Porites_evermani_scaffold_1664	68568	91787	gene-Peve_00009554	8.950100174	115
Porites_evermani_scaffold_1664	94678	95762	gene-Peve_00009556	.	0
Porites_evermani_scaffold_1664	98104	110472	gene-Peve_00009557	15.14212024	179
Porites_evermani_scaffold_1665	6737	8237	gene-Peve_00009561	0	5
Porites_evermani_scaffold_1665	41490	42297	gene-Peve_00009562	0	6
Porites_evermani_scaffold_1665	47531	49665	gene-Peve_00009563	25.16317015	13
Porites_evermani_scaffold_1665	51648	52446	gene-Peve_00009564	80.952381	2
Porites_evermani_scaffold_1665	67642	76375	gene-Peve_00009565	0	4
Porites_evermani_scaffold_1665	88754	90305	gene-Peve_00009566	0	33
Porites_evermani_scaffold_1665	95506	101037	gene-Peve_00009567	1	10
Porites_evermani_scaffold_1665	107766	110638	gene-Peve_00009568	0	2
Porites_evermani_scaffold_1666	10332	18103	gene-Peve_00009576	0	19
Porites_evermani_scaffold_1666	29224	29878	gene-Peve_00009570	.	0
Porites_evermani_scaffold_1666	37214	58102	gene-Peve_00009571	8.535285167	383
Porites_evermani_scaffold_1666	65282	75340	gene-Peve_00009572	6.676449267	191
Porites_evermani_scaffold_1666	79220	82376	gene-Peve_00009573	0.308641963	27
Porites_evermani_scaffold_1666	94778	100383	gene-Peve_00009574	9.997269915	117
Porites_evermani_scaffold_1667	553	73518	gene-Peve_00009577	3.647040004	1048
Porites_evermani_scaffold_1667	85067	98213	gene-Peve_00009579	0.2564102564	78
Porites_evermani_scaffold_1667	100404	101337	gene-Peve_00009580	.	0
Porites_evermani_scaffold_1667	107116	108431	gene-Peve_00009581	.	0
Porites_evermani_scaffold_1668	26045	29168	gene-Peve_00009582	0.2525252727	22
Porites_evermani_scaffold_1668	40244	41654	gene-Peve_00009583	0	10
Porites_evermani_scaffold_1668	41031	42177	gene-Peve_00009584	0	9
Porites_evermani_scaffold_1668	74150	111165	gene-Peve_00009585	0.4923418331	701
Porites_evermani_scaffold_1669	11920	12587	gene-Peve_00009593	0.07215009524	21
Porites_evermani_scaffold_1669	35585	63136	gene-Peve_00009586	2.420129541	634
Porites_evermani_scaffold_1669	51136	52003	gene-Peve_00009587	1.585516559	34
Porites_evermani_scaffold_1669	65275	91334	gene-Peve_00009589	12.06814089	616
Porites_evermani_scaffold_1669	94119	100796	gene-Peve_00009591	0.3257784576	177
Porites_evermani_scaffold_1669	104949	110051	gene-Peve_00009590	58.88050156	79
Porites_evermani_scaffold_167	33543	35788	gene-Peve_00009595	0	5
Porites_evermani_scaffold_167	55056	102233	gene-Peve_00009596	52.19790817	793
Porites_evermani_scaffold_167	105115	105778	gene-Peve_00009599	0.2136752308	26
Porites_evermani_scaffold_167	110696	160329	gene-Peve_00009600	23.66561782	839
Porites_evermani_scaffold_167	160693	175442	gene-Peve_00009604	80.29112585	188
Porites_evermani_scaffold_167	176280	200367	gene-Peve_00009605	81.6530849	216
Porites_evermani_scaffold_167	202519	259247	gene-Peve_00009606	63.0898116	867
Porites_evermani_scaffold_167	248494	250986	gene-Peve_00009607	34.06675708	12
Porites_evermani_scaffold_167	259663	261034	gene-Peve_00009608	6.346006957	23
Porites_evermani_scaffold_167	266778	269381	gene-Peve_00009609	86.69221808	26
Porites_evermani_scaffold_167	279135	287574	gene-Peve_00009610	63.30474953	121
Porites_evermani_scaffold_167	287772	298605	gene-Peve_00009611	73.96949801	98
Porites_evermani_scaffold_167	298980	323198	gene-Peve_00009612	71.75438973	273
Porites_evermani_scaffold_167	325285	362801	gene-Peve_00009613	16.09784353	631
Porites_evermani_scaffold_167	363011	394130	gene-Peve_00009614	79.22070595	417
Porites_evermani_scaffold_167	403498	403809	gene-Peve_00009616	0.7746166923	13
Porites_evermani_scaffold_167	407019	407238	gene-Peve_00009617	1.345005176	17
Porites_evermani_scaffold_167	407708	408032	gene-Peve_00009618	3.383607917	12
Porites_evermani_scaffold_167	408202	408402	gene-Peve_00009619	1.111415167	6
Porites_evermani_scaffold_1670	6782	7445	gene-Peve_00009624	0	15
Porites_evermani_scaffold_1670	20385	20727	gene-Peve_00009627	.	0
Porites_evermani_scaffold_1670	36274	46859	gene-Peve_00009621	16.78893417	80
Porites_evermani_scaffold_1670	50419	85109	gene-Peve_00009622	25.20949114	547
Porites_evermani_scaffold_1670	98656	99052	gene-Peve_00009623	.	0
Porites_evermani_scaffold_1671	8116	8512	gene-Peve_00009630	0.5128205333	15
Porites_evermani_scaffold_1671	18599	19826	gene-Peve_00009637	.	0
Porites_evermani_scaffold_1671	22010	25772	gene-Peve_00009628	60.5555555	2
Porites_evermani_scaffold_1671	26276	26736	gene-Peve_00009629	0	5
Porites_evermani_scaffold_1671	36778	48905	gene-Peve_00009631	44.81169367	197
Porites_evermani_scaffold_1671	55389	56052	gene-Peve_00009632	2.043269187	16
Porites_evermani_scaffold_1671	63774	100408	gene-Peve_00009633	65.80461516	186
Porites_evermani_scaffold_1671	92193	93772	gene-Peve_00009634	72.07070717	6
Porites_evermani_scaffold_1671	101116	103511	gene-Peve_00009635	77.87823567	21
Porites_evermani_scaffold_1671	104649	108903	gene-Peve_00009636	47.25339871	21
Porites_evermani_scaffold_1672	847	10949	gene-Peve_00009638	63.09899957	117
Porites_evermani_scaffold_1672	12357	20185	gene-Peve_00009646	83.04394925	56
Porites_evermani_scaffold_1672	20291	42090	gene-Peve_00009647	51.64972251	126
Porites_evermani_scaffold_1672	49044	51882	gene-Peve_00009648	80.12311512	16
Porites_evermani_scaffold_1672	54388	56995	gene-Peve_00009649	.	0
Porites_evermani_scaffold_1672	57389	60322	gene-Peve_00009639	95	2
Porites_evermani_scaffold_1672	65122	65974	gene-Peve_00009640	0.591716	13
Porites_evermani_scaffold_1672	66240	80431	gene-Peve_00009641	46.24526993	112
Porites_evermani_scaffold_1672	83955	84984	gene-Peve_00009642	0	14
Porites_evermani_scaffold_1672	88357	89386	gene-Peve_00009643	0	17
Porites_evermani_scaffold_1672	97572	105491	gene-Peve_00009644	80.429293	6
Porites_evermani_scaffold_1672	107959	110167	gene-Peve_00009645	.	0
Porites_evermani_scaffold_1673	431	11727	gene-Peve_00009650	40.7967313	46
Porites_evermani_scaffold_1673	3137	7852	gene-Peve_00009654	42.475704	35
Porites_evermani_scaffold_1673	11824	16231	gene-Peve_00009655	79.88636375	4
Porites_evermani_scaffold_1673	25427	66056	gene-Peve_00009657	0.6320011888	482
Porites_evermani_scaffold_1673	48119	48764	gene-Peve_00009658	0	17
Porites_evermani_scaffold_1673	67477	74425	gene-Peve_00009659	67.20855502	41
Porites_evermani_scaffold_1673	75591	83968	gene-Peve_00009660	68.44427135	96
Porites_evermani_scaffold_1673	91423	105096	gene-Peve_00009651	58.97194104	268
Porites_evermani_scaffold_1673	105837	108397	gene-Peve_00009653	66.69581816	31
Porites_evermani_scaffold_1673	110710	111711	gene-Peve_00009656	88.43137238	8
Porites_evermani_scaffold_1674	11	1365	gene-Peve_00009661	100	2
Porites_evermani_scaffold_1674	1633	6663	gene-Peve_00009663	30.00299521	43
Porites_evermani_scaffold_1674	10147	18281	gene-Peve_00009664	1.463474794	63
Porites_evermani_scaffold_1674	19941	29084	gene-Peve_00009668	1.132540823	124
Porites_evermani_scaffold_1674	30535	32696	gene-Peve_00009669	0.9855011321	53
Porites_evermani_scaffold_1674	36076	39601	gene-Peve_00009670	0.05299417117	111
Porites_evermani_scaffold_1674	54766	65525	gene-Peve_00009662	47.09104509	153
Porites_evermani_scaffold_1674	75498	85550	gene-Peve_00009665	29.185606	8
Porites_evermani_scaffold_1674	85853	101215	gene-Peve_00009666	0	127
Porites_evermani_scaffold_1674	103976	111194	gene-Peve_00009667	77.00976923	100
Porites_evermani_scaffold_1675	12603	54861	gene-Peve_00009676	8.917309577	71
Porites_evermani_scaffold_1675	58654	88973	gene-Peve_00009673	8.734487767	30
Porites_evermani_scaffold_1676	862	1464	gene-Peve_00009677	0	10
Porites_evermani_scaffold_1676	20722	22892	gene-Peve_00009683	0	39
Porites_evermani_scaffold_1676	26635	49020	gene-Peve_00009684	13.51719372	366
Porites_evermani_scaffold_1676	34673	35034	gene-Peve_00009685	0	17
Porites_evermani_scaffold_1676	50763	62275	gene-Peve_00009678	0.7714718199	161
Porites_evermani_scaffold_1676	64255	71803	gene-Peve_00009679	53.4478862	138
Porites_evermani_scaffold_1676	77274	78261	gene-Peve_00009680	1.75749927	37
Porites_evermani_scaffold_1676	107166	111397	gene-Peve_00009681	0.1576093786	103
Porites_evermani_scaffold_1677	128	1676	gene-Peve_00009686	57.38643485	20
Porites_evermani_scaffold_1677	2251	4661	gene-Peve_00009696	.	0
Porites_evermani_scaffold_1677	7083	15964	gene-Peve_00009697	92.4331501	10
Porites_evermani_scaffold_1677	17949	26228	gene-Peve_00009698	6.476190467	15
Porites_evermani_scaffold_1677	26247	28864	gene-Peve_00009687	.	0
Porites_evermani_scaffold_1677	28992	30898	gene-Peve_00009688	.	0
Porites_evermani_scaffold_1677	32729	35306	gene-Peve_00009689	0	8
Porites_evermani_scaffold_1677	41092	53561	gene-Peve_00009690	90.00804767	6
Porites_evermani_scaffold_1677	60958	81537	gene-Peve_00009691	10.31497912	17
Porites_evermani_scaffold_1677	83783	87567	gene-Peve_00009692	77.12353964	14
Porites_evermani_scaffold_1677	87731	91178	gene-Peve_00009693	87.93952353	15
Porites_evermani_scaffold_1677	91358	93952	gene-Peve_00009694	66.7442126	20
Porites_evermani_scaffold_1677	94077	105847	gene-Peve_00009695	39.31134764	67
Porites_evermani_scaffold_1678	4454	6887	gene-Peve_00009699	0.60512405	80
Porites_evermani_scaffold_1678	17466	19203	gene-Peve_00009707	0.6949549434	53
Porites_evermani_scaffold_1678	25561	44697	gene-Peve_00009700	32.58497026	271
Porites_evermani_scaffold_1678	44967	48810	gene-Peve_00009702	66.95120279	73
Porites_evermani_scaffold_1678	49485	54148	gene-Peve_00009703	91.98357398	48
Porites_evermani_scaffold_1678	56422	59506	gene-Peve_00009704	74.22307396	25
Porites_evermani_scaffold_1678	63898	77793	gene-Peve_00009705	1.862813359	220
Porites_evermani_scaffold_1678	90738	103039	gene-Peve_00009706	1.551052023	262
Porites_evermani_scaffold_1679	11600	12158	gene-Peve_00009711	0	22
Porites_evermani_scaffold_1679	35971	38911	gene-Peve_00009713	0.3225297113	97
Porites_evermani_scaffold_1679	43633	45744	gene-Peve_00009714	0.08438818987	79
Porites_evermani_scaffold_1679	68766	72634	gene-Peve_00009715	0.9122849394	33
Porites_evermani_scaffold_1679	78099	80627	gene-Peve_00009708	0.2354627297	74
Porites_evermani_scaffold_1679	91524	94165	gene-Peve_00009709	0.1069518727	55
Porites_evermani_scaffold_1679	107523	107829	gene-Peve_00009712	0.9803921667	6
Porites_evermani_scaffold_168	4102	20343	gene-Peve_00009716	37.11690963	144
Porites_evermani_scaffold_168	21684	72963	gene-Peve_00009726	19.2039339	461
Porites_evermani_scaffold_168	73062	73539	gene-Peve_00009735	0	1
Porites_evermani_scaffold_168	75200	80700	gene-Peve_00009740	.	0
Porites_evermani_scaffold_168	84906	87445	gene-Peve_00009717	0.2564102556	90
Porites_evermani_scaffold_168	87573	105034	gene-Peve_00009718	0.5277156768	427
Porites_evermani_scaffold_168	99830	103369	gene-Peve_00009719	0.3177309	80
Porites_evermani_scaffold_168	116860	121708	gene-Peve_00009720	57.03244643	46
Porites_evermani_scaffold_168	122207	138836	gene-Peve_00009722	14.41098742	256
Porites_evermani_scaffold_168	142725	147207	gene-Peve_00009721	40.79055964	66
Porites_evermani_scaffold_168	153907	163534	gene-Peve_00009723	0.7234381192	302
Porites_evermani_scaffold_168	173705	174300	gene-Peve_00009725	0	19
Porites_evermani_scaffold_168	181663	224441	gene-Peve_00009724	11.54214365	771
Porites_evermani_scaffold_168	227153	245975	gene-Peve_00009727	21.30418268	510
Porites_evermani_scaffold_168	247647	254809	gene-Peve_00009728	58.34721042	59
Porites_evermani_scaffold_168	259396	260323	gene-Peve_00009729	0	19
Porites_evermani_scaffold_168	264117	276987	gene-Peve_00009730	58.95118064	157
Porites_evermani_scaffold_168	270669	271010	gene-Peve_00009732	3.242391154	13
Porites_evermani_scaffold_168	286065	298021	gene-Peve_00009733	0.1555282964	280
Porites_evermani_scaffold_168	309532	314311	gene-Peve_00009736	1.067080927	151
Porites_evermani_scaffold_168	329434	342760	gene-Peve_00009738	64.02600281	148
Porites_evermani_scaffold_168	347890	352649	gene-Peve_00009739	58.39616054	37
Porites_evermani_scaffold_168	354576	360193	gene-Peve_00009741	34.38585174	62
Porites_evermani_scaffold_168	365821	370864	gene-Peve_00009742	1.265232168	95
Porites_evermani_scaffold_168	380728	382198	gene-Peve_00009743	.	0
Porites_evermani_scaffold_168	387011	406977	gene-Peve_00009744	72.86185311	172
Porites_evermani_scaffold_1680	237	2063	gene-Peve_00009746	0.4425451333	45
Porites_evermani_scaffold_1680	12773	16651	gene-Peve_00009745	0.7369702875	80
Porites_evermani_scaffold_1680	21648	33891	gene-Peve_00009747	18.91768814	176
Porites_evermani_scaffold_1680	34209	35354	gene-Peve_00009748	7.394255083	24
Porites_evermani_scaffold_1680	42228	50192	gene-Peve_00009749	0.2690152896	183
Porites_evermani_scaffold_1680	55438	59908	gene-Peve_00009750	0.7048810459	109
Porites_evermani_scaffold_1680	63082	64264	gene-Peve_00009751	1.043771037	27
Porites_evermani_scaffold_1680	81090	83349	gene-Peve_00009752	0.5530872727	44
Porites_evermani_scaffold_1680	90124	91285	gene-Peve_00009753	.	0
Porites_evermani_scaffold_1680	101343	102845	gene-Peve_00009754	0	7
Porites_evermani_scaffold_1681	937	4981	gene-Peve_00009755	83.10935792	36
Porites_evermani_scaffold_1681	10996	13843	gene-Peve_00009759	0	12
Porites_evermani_scaffold_1681	16032	16779	gene-Peve_00009760	0	10
Porites_evermani_scaffold_1681	26638	33515	gene-Peve_00009761	1.762127429	191
Porites_evermani_scaffold_1681	50865	58808	gene-Peve_00009762	0.4776382273	176
Porites_evermani_scaffold_1681	60769	61195	gene-Peve_00009763	0	10
Porites_evermani_scaffold_1681	62153	68190	gene-Peve_00009764	78.55157296	53
Porites_evermani_scaffold_1681	70742	74270	gene-Peve_00009756	.	0
Porites_evermani_scaffold_1681	76539	106094	gene-Peve_00009757	1.027707972	398
Porites_evermani_scaffold_1681	106872	109904	gene-Peve_00009758	3.965455778	18
Porites_evermani_scaffold_1682	7977	8280	gene-Peve_00009774	2.02922075	8
Porites_evermani_scaffold_1682	11021	12054	gene-Peve_00009766	0	28
Porites_evermani_scaffold_1682	12542	13739	gene-Peve_00009767	0.13305856	50
Porites_evermani_scaffold_1682	39336	43505	gene-Peve_00009768	.	0
Porites_evermani_scaffold_1682	44526	45300	gene-Peve_00009769	.	0
Porites_evermani_scaffold_1682	51307	51709	gene-Peve_00009770	.	0
Porites_evermani_scaffold_1682	54026	54593	gene-Peve_00009771	.	0
Porites_evermani_scaffold_1682	57503	58171	gene-Peve_00009773	0.91666665	20
Porites_evermani_scaffold_1682	68933	69973	gene-Peve_00009775	.	0
Porites_evermani_scaffold_1682	71002	73523	gene-Peve_00009776	.	0
Porites_evermani_scaffold_1682	76843	77725	gene-Peve_00009778	.	0
Porites_evermani_scaffold_1682	91682	93506	gene-Peve_00009779	.	0
Porites_evermani_scaffold_1682	106407	107235	gene-Peve_00009780	.	0
Porites_evermani_scaffold_1683	1199	2939	gene-Peve_00009781	.	0
Porites_evermani_scaffold_1683	12415	20504	gene-Peve_00009786	6.095645411	56
Porites_evermani_scaffold_1683	15886	16870	gene-Peve_00009787	.	0
Porites_evermani_scaffold_1683	28503	31891	gene-Peve_00009788	4.465319613	62
Porites_evermani_scaffold_1683	35676	49242	gene-Peve_00009782	0.9318226028	214
Porites_evermani_scaffold_1683	58596	71040	gene-Peve_00009783	0.466326472	339
Porites_evermani_scaffold_1683	73630	94100	gene-Peve_00009784	0.8040665984	366
Porites_evermani_scaffold_1683	106128	109113	gene-Peve_00009785	.	0
Porites_evermani_scaffold_1684	69	5752	gene-Peve_00009789	0	81
Porites_evermani_scaffold_1684	7307	8038	gene-Peve_00009796	0	15
Porites_evermani_scaffold_1684	9717	15561	gene-Peve_00009798	0.3482797515	169
Porites_evermani_scaffold_1684	20544	22014	gene-Peve_00009799	0	29
Porites_evermani_scaffold_1684	39515	47969	gene-Peve_00009801	25.50495822	78
Porites_evermani_scaffold_1684	48256	56238	gene-Peve_00009802	37.52181623	74
Porites_evermani_scaffold_1684	56967	64115	gene-Peve_00009790	69.10252444	50
Porites_evermani_scaffold_1684	65836	73872	gene-Peve_00009791	75.10833517	40
Porites_evermani_scaffold_1684	74539	79886	gene-Peve_00009792	0.4842174792	96
Porites_evermani_scaffold_1684	76863	89648	gene-Peve_00009793	0.8861713829	316
Porites_evermani_scaffold_1684	91612	101337	gene-Peve_00009794	37.20946427	73
Porites_evermani_scaffold_1684	103028	103599	gene-Peve_00009795	0	3
Porites_evermani_scaffold_1684	107222	109996	gene-Peve_00009797	86.23034597	31
Porites_evermani_scaffold_1685	3448	15446	gene-Peve_00009803	0	6
Porites_evermani_scaffold_1685	34249	34732	gene-Peve_00009810	.	0
Porites_evermani_scaffold_1685	41697	56800	gene-Peve_00009811	2.656708108	65
Porites_evermani_scaffold_1685	68039	68738	gene-Peve_00009804	.	0
Porites_evermani_scaffold_1685	74091	74649	gene-Peve_00009805	.	0
Porites_evermani_scaffold_1685	76851	77508	gene-Peve_00009806	.	0
Porites_evermani_scaffold_1685	78991	79624	gene-Peve_00009807	.	0
Porites_evermani_scaffold_1685	87882	92301	gene-Peve_00009808	.	0
Porites_evermani_scaffold_1686	13193	14279	gene-Peve_00009820	0	39
Porites_evermani_scaffold_1686	21192	23379	gene-Peve_00009821	0	58
Porites_evermani_scaffold_1686	24199	25339	gene-Peve_00009822	0	33
Porites_evermani_scaffold_1686	27707	31010	gene-Peve_00009812	0.1538461538	65
Porites_evermani_scaffold_1686	36151	37355	gene-Peve_00009813	0.8346492258	31
Porites_evermani_scaffold_1686	42410	42767	gene-Peve_00009814	1.282051333	6
Porites_evermani_scaffold_1686	43642	53809	gene-Peve_00009815	33.09368147	129
Porites_evermani_scaffold_1686	53967	59442	gene-Peve_00009816	69.6775848	46
Porites_evermani_scaffold_1686	61953	77162	gene-Peve_00009817	17.21073238	117
Porites_evermani_scaffold_1686	83875	102432	gene-Peve_00009818	0.829111006	167
Porites_evermani_scaffold_1686	105962	110229	gene-Peve_00009819	0.5882352941	17
Porites_evermani_scaffold_1687	3345	21387	gene-Peve_00009824	22.85700661	142
Porites_evermani_scaffold_1687	18488	18957	gene-Peve_00009832	0	4
Porites_evermani_scaffold_1687	21446	31536	gene-Peve_00009835	20.62158776	74
Porites_evermani_scaffold_1687	40968	42331	gene-Peve_00009826	0.4444444333	30
Porites_evermani_scaffold_1687	48324	52127	gene-Peve_00009827	2.509963129	62
Porites_evermani_scaffold_1687	57087	57921	gene-Peve_00009828	0.4273504444	18
Porites_evermani_scaffold_1687	64330	72278	gene-Peve_00009829	32.70368151	175
Porites_evermani_scaffold_1687	72467	75538	gene-Peve_00009831	1.261813016	64
Porites_evermani_scaffold_1687	77269	80373	gene-Peve_00009830	0.1025641077	65
Porites_evermani_scaffold_1687	82104	85648	gene-Peve_00009833	0.5886438592	71
Porites_evermani_scaffold_1687	90622	101773	gene-Peve_00009834	1.936026889	9
Porites_evermani_scaffold_1688	1332	1716	gene-Peve_00009836	5.208419091	11
Porites_evermani_scaffold_1688	7859	16642	gene-Peve_00009839	31.77380952	25
Porites_evermani_scaffold_1688	22914	24335	gene-Peve_00009841	0	3
Porites_evermani_scaffold_1688	28297	32508	gene-Peve_00009846	0	89
Porites_evermani_scaffold_1688	37483	66228	gene-Peve_00009838	0	6
Porites_evermani_scaffold_1688	49302	53453	gene-Peve_00009840	.	0
Porites_evermani_scaffold_1688	54524	57780	gene-Peve_00009842	.	0
Porites_evermani_scaffold_1688	69355	92064	gene-Peve_00009843	0.8940841333	30
Porites_evermani_scaffold_1688	92344	100980	gene-Peve_00009844	25.24450859	27
Porites_evermani_scaffold_1688	108366	109713	gene-Peve_00009845	0.7924870645	31
Porites_evermani_scaffold_1689	24023	25569	gene-Peve_00009847	0	26
Porites_evermani_scaffold_1689	25970	27661	gene-Peve_00009848	1.198562762	21
Porites_evermani_scaffold_1689	50866	51611	gene-Peve_00009852	0.1257660345	58
Porites_evermani_scaffold_1689	55565	56528	gene-Peve_00009854	0	2
Porites_evermani_scaffold_1689	56659	57474	gene-Peve_00009855	0.3389355735	68
Porites_evermani_scaffold_1689	72094	99473	gene-Peve_00009856	76.12767655	908
Porites_evermani_scaffold_1689	74337	83774	gene-Peve_00009857	73.57694564	330
Porites_evermani_scaffold_169	10980	12068	gene-Peve_00009862	0	32
Porites_evermani_scaffold_169	15397	19440	gene-Peve_00009863	0.4874381151	139
Porites_evermani_scaffold_169	23121	42990	gene-Peve_00009864	0.2062919112	439
Porites_evermani_scaffold_169	52661	55438	gene-Peve_00009860	0.09831553425	73
Porites_evermani_scaffold_169	56728	63589	gene-Peve_00009861	0.3457750233	129
Porites_evermani_scaffold_169	68721	95770	gene-Peve_00009865	0.6902007195	549
Porites_evermani_scaffold_169	98839	124684	gene-Peve_00009866	2.240026748	115
Porites_evermani_scaffold_169	107678	108842	gene-Peve_00009867	0.3030303182	22
Porites_evermani_scaffold_169	129301	131299	gene-Peve_00009868	.	0
Porites_evermani_scaffold_169	139337	145916	gene-Peve_00009869	0	16
Porites_evermani_scaffold_169	147896	150200	gene-Peve_00009870	36.3636365	2
Porites_evermani_scaffold_169	150334	168187	gene-Peve_00009871	17.84511785	27
Porites_evermani_scaffold_169	168688	171039	gene-Peve_00009872	0.3030303182	22
Porites_evermani_scaffold_169	171287	220290	gene-Peve_00009873	0.8323730174	574
Porites_evermani_scaffold_169	228624	229530	gene-Peve_00009874	0	29
Porites_evermani_scaffold_169	231681	232486	gene-Peve_00009875	7.167612929	14
Porites_evermani_scaffold_169	239749	250214	gene-Peve_00009876	0.2511861023	264
Porites_evermani_scaffold_169	253976	254907	gene-Peve_00009877	0	28
Porites_evermani_scaffold_169	257195	266054	gene-Peve_00009878	4.856237414	237
Porites_evermani_scaffold_169	275052	286615	gene-Peve_00009879	0.41399784	250
Porites_evermani_scaffold_169	294848	297781	gene-Peve_00009880	0.6920133043	69
Porites_evermani_scaffold_169	305681	314060	gene-Peve_00009881	0.2851837739	199
Porites_evermani_scaffold_169	316643	329077	gene-Peve_00009882	0.6705331129	186
Porites_evermani_scaffold_169	333700	341261	gene-Peve_00009883	0.740943785	200
Porites_evermani_scaffold_169	347542	351972	gene-Peve_00009884	0.2189273893	131
Porites_evermani_scaffold_169	358943	365044	gene-Peve_00009885	2.905129784	88
Porites_evermani_scaffold_169	367440	394645	gene-Peve_00009886	14.60560824	436
Porites_evermani_scaffold_169	394874	397268	gene-Peve_00009887	92.57278443	14
Porites_evermani_scaffold_169	399515	400759	gene-Peve_00009888	100	2
Porites_evermani_scaffold_1690	21975	55563	gene-Peve_00009896	4.500106705	685
Porites_evermani_scaffold_1690	55644	64160	gene-Peve_00009897	18.31003205	147
Porites_evermani_scaffold_1690	68665	69253	gene-Peve_00009890	.	0
Porites_evermani_scaffold_1690	72691	73223	gene-Peve_00009891	0	1
Porites_evermani_scaffold_1690	75289	75816	gene-Peve_00009892	.	0
Porites_evermani_scaffold_1690	84288	85203	gene-Peve_00009893	7.303921625	8
Porites_evermani_scaffold_1690	92006	94289	gene-Peve_00009894	4.319494381	21
Porites_evermani_scaffold_1691	479	3367	gene-Peve_00009898	92.63888892	12
Porites_evermani_scaffold_1691	7765	8350	gene-Peve_00009905	.	0
Porites_evermani_scaffold_1691	14228	26655	gene-Peve_00009899	1.421729312	64
Porites_evermani_scaffold_1691	55854	56285	gene-Peve_00009901	.	0
Porites_evermani_scaffold_1691	99553	104504	gene-Peve_00009904	94.41558443	7
Porites_evermani_scaffold_1692	1493	23145	gene-Peve_00009908	0.5963419085	645
Porites_evermani_scaffold_1692	28137	30840	gene-Peve_00009906	1.468523314	51
Porites_evermani_scaffold_1692	37522	39158	gene-Peve_00009907	.	0
Porites_evermani_scaffold_1692	50758	52509	gene-Peve_00009909	0.1923076923	52
Porites_evermani_scaffold_1692	53695	63231	gene-Peve_00009910	14.62527475	206
Porites_evermani_scaffold_1692	67226	98409	gene-Peve_00009911	23.47285853	468
Porites_evermani_scaffold_1692	101471	102581	gene-Peve_00009912	0	13
Porites_evermani_scaffold_1693	7752	9219	gene-Peve_00009921	8.288215586	58
Porites_evermani_scaffold_1693	27126	29175	gene-Peve_00009914	0.16666666	50
Porites_evermani_scaffold_1693	91350	92472	gene-Peve_00009917	0	25
Porites_evermani_scaffold_1693	92964	98429	gene-Peve_00009918	0.1472802532	154
Porites_evermani_scaffold_1693	105105	105427	gene-Peve_00009920	0	7
Porites_evermani_scaffold_1694	22065	23069	gene-Peve_00009924	1.3333334	5
Porites_evermani_scaffold_1694	32328	46597	gene-Peve_00009926	0.3780202651	215
Porites_evermani_scaffold_1694	89147	93195	gene-Peve_00009923	0.3210710721	111
Porites_evermani_scaffold_1695	2278	3214	gene-Peve_00009927	.	0
Porites_evermani_scaffold_1695	4272	19175	gene-Peve_00009932	4.682539667	21
Porites_evermani_scaffold_1695	20764	28759	gene-Peve_00009933	37.50582753	19
Porites_evermani_scaffold_1695	32049	39447	gene-Peve_00009934	64.1141556	57
Porites_evermani_scaffold_1695	46912	51421	gene-Peve_00009928	39.22677406	18
Porites_evermani_scaffold_1695	64900	67315	gene-Peve_00009929	0.3255528243	74
Porites_evermani_scaffold_1695	78157	78919	gene-Peve_00009930	0.4962779032	31
Porites_evermani_scaffold_1695	83069	108503	gene-Peve_00009931	1.190219122	533
Porites_evermani_scaffold_1696	815	12711	gene-Peve_00009937	0.1724137931	29
Porites_evermani_scaffold_1696	12672	19185	gene-Peve_00009936	0.1209317047	149
Porites_evermani_scaffold_1696	24972	36414	gene-Peve_00009935	0.3581525405	148
Porites_evermani_scaffold_1696	39078	39988	gene-Peve_00009938	0.4337520769	26
Porites_evermani_scaffold_1696	44245	44656	gene-Peve_00009939	0	4
Porites_evermani_scaffold_1696	53909	66224	gene-Peve_00009940	2.329163278	270
Porites_evermani_scaffold_1696	67151	87932	gene-Peve_00009941	61.04309753	88
Porites_evermani_scaffold_1696	97657	99091	gene-Peve_00009942	0.7519608	25
Porites_evermani_scaffold_1696	107441	108626	gene-Peve_00009943	0.51785714	50
Porites_evermani_scaffold_1697	10408	13267	gene-Peve_00009951	0.6812365	78
Porites_evermani_scaffold_1697	22808	24477	gene-Peve_00009952	0.3525640962	52
Porites_evermani_scaffold_1697	26333	28414	gene-Peve_00009944	0.4629629444	18
Porites_evermani_scaffold_1697	36588	39249	gene-Peve_00009945	0.7153138605	86
Porites_evermani_scaffold_1697	46063	47627	gene-Peve_00009946	0.1851851944	36
Porites_evermani_scaffold_1697	66589	91645	gene-Peve_00009947	0.7549635415	325
Porites_evermani_scaffold_1697	86031	89727	gene-Peve_00009948	0.5555555833	12
Porites_evermani_scaffold_1697	92978	95111	gene-Peve_00009949	.	0
Porites_evermani_scaffold_1697	96002	106647	gene-Peve_00009950	11.18489873	52
Porites_evermani_scaffold_1698	1119	3798	gene-Peve_00009957	90.30303033	3
Porites_evermani_scaffold_1698	3901	15439	gene-Peve_00009958	81.82553571	21
Porites_evermani_scaffold_1698	19573	25365	gene-Peve_00009960	43.4037502	41
Porites_evermani_scaffold_1698	29356	32832	gene-Peve_00009959	0	33
Porites_evermani_scaffold_1698	43738	46090	gene-Peve_00009953	.	0
Porites_evermani_scaffold_1698	57428	61949	gene-Peve_00009954	0	14
Porites_evermani_scaffold_1698	68252	73764	gene-Peve_00009956	0.375302661	59
Porites_evermani_scaffold_1698	102539	107106	gene-Peve_00009955	0.75757575	12
Porites_evermani_scaffold_1699	1549	2191	gene-Peve_00009961	5.882353	7
Porites_evermani_scaffold_1699	4499	16109	gene-Peve_00009963	0.987899972	286
Porites_evermani_scaffold_1699	29014	38627	gene-Peve_00009968	6.246395748	107
Porites_evermani_scaffold_1699	44280	45024	gene-Peve_00009962	0	15
Porites_evermani_scaffold_1699	63129	80018	gene-Peve_00009964	32.39280111	200
Porites_evermani_scaffold_1699	86250	89591	gene-Peve_00009965	0.2649875354	99
Porites_evermani_scaffold_1699	97174	109997	gene-Peve_00009967	16.71486586	123
Porites_evermani_scaffold_17	9893	34214	gene-Peve_00009969	3.866922833	431
Porites_evermani_scaffold_17	26775	32514	gene-Peve_00010012	0.5511459161	143
Porites_evermani_scaffold_17	35286	48058	gene-Peve_00010020	5.758337094	245
Porites_evermani_scaffold_17	43156	43496	gene-Peve_00010025	9.599673167	6
Porites_evermani_scaffold_17	53527	68643	gene-Peve_00010033	69.95275142	165
Porites_evermani_scaffold_17	71706	72741	gene-Peve_00009984	0.2024291579	38
Porites_evermani_scaffold_17	72837	96045	gene-Peve_00009991	11.60669284	358
Porites_evermani_scaffold_17	96696	106620	gene-Peve_00009993	2.698331562	201
Porites_evermani_scaffold_17	110940	113439	gene-Peve_00010013	56.05513419	21
Porites_evermani_scaffold_17	113605	118004	gene-Peve_00010014	79.56389537	79
Porites_evermani_scaffold_17	119500	128980	gene-Peve_00010015	82.0116579	84
Porites_evermani_scaffold_17	136445	154153	gene-Peve_00010016	20.61932458	342
Porites_evermani_scaffold_17	154229	155582	gene-Peve_00010017	0.3246753214	28
Porites_evermani_scaffold_17	159748	161164	gene-Peve_00010018	73.51707639	23
Porites_evermani_scaffold_17	166521	175399	gene-Peve_00010019	34.07295338	118
Porites_evermani_scaffold_17	184723	210894	gene-Peve_00010021	0.3410166105	665
Porites_evermani_scaffold_17	235026	236058	gene-Peve_00010022	0.1788908837	43
Porites_evermani_scaffold_17	238314	248124	gene-Peve_00010023	0.0617937839	236
Porites_evermani_scaffold_17	255301	256177	gene-Peve_00010026	0	25
Porites_evermani_scaffold_17	260610	270795	gene-Peve_00010027	0.2597534647	269
Porites_evermani_scaffold_17	278195	338471	gene-Peve_00010028	0.6845614706	1766
Porites_evermani_scaffold_17	343573	355772	gene-Peve_00010030	0.6091761534	339
Porites_evermani_scaffold_17	365343	374193	gene-Peve_00010031	0.4953379848	66
Porites_evermani_scaffold_17	392743	411447	gene-Peve_00010032	0.7636989646	452
Porites_evermani_scaffold_17	423643	447339	gene-Peve_00010035	0.7248524157	664
Porites_evermani_scaffold_17	458788	461268	gene-Peve_00010037	0.327053898	49
Porites_evermani_scaffold_17	466383	470189	gene-Peve_00010038	2.039030103	68
Porites_evermani_scaffold_17	471639	508931	gene-Peve_00010036	0.6183678727	644
Porites_evermani_scaffold_17	520231	545797	gene-Peve_00009971	2.456736163	209
Porites_evermani_scaffold_17	552925	556739	gene-Peve_00009972	0.1035196739	46
Porites_evermani_scaffold_17	563244	565254	gene-Peve_00009973	0.09746588889	54
Porites_evermani_scaffold_17	569807	570685	gene-Peve_00009974	0	24
Porites_evermani_scaffold_17	575416	618889	gene-Peve_00009976	28.76079755	580
Porites_evermani_scaffold_17	622236	629764	gene-Peve_00009975	53.13658514	97
Porites_evermani_scaffold_17	633409	676233	gene-Peve_00009977	21.14678779	969
Porites_evermani_scaffold_17	676389	678029	gene-Peve_00009978	30.99682487	24
Porites_evermani_scaffold_17	680138	686499	gene-Peve_00009979	73.8163307	73
Porites_evermani_scaffold_17	686724	695311	gene-Peve_00009980	71.67815984	69
Porites_evermani_scaffold_17	696895	698774	gene-Peve_00009981	0.2192982368	38
Porites_evermani_scaffold_17	701297	706136	gene-Peve_00009982	70.98788005	66
Porites_evermani_scaffold_17	710633	713842	gene-Peve_00009983	3.001982483	118
Porites_evermani_scaffold_17	719910	729887	gene-Peve_00009985	8.695652174	23
Porites_evermani_scaffold_17	724535	725051	gene-Peve_00009986	.	0
Porites_evermani_scaffold_17	730322	741987	gene-Peve_00009987	15.28450182	39
Porites_evermani_scaffold_17	742196	758292	gene-Peve_00009988	36.68767382	39
Porites_evermani_scaffold_17	758379	771240	gene-Peve_00009989	26.41167355	169
Porites_evermani_scaffold_17	780811	782080	gene-Peve_00009990	0	21
Porites_evermani_scaffold_17	804084	835569	gene-Peve_00009992	43.06504408	582
Porites_evermani_scaffold_17	846471	847707	gene-Peve_00009994	3.099398765	51
Porites_evermani_scaffold_17	849154	867142	gene-Peve_00009995	0.4402516949	354
Porites_evermani_scaffold_17	877522	883728	gene-Peve_00009996	1.064017119	160
Porites_evermani_scaffold_17	888741	891109	gene-Peve_00009997	0.1714677654	81
Porites_evermani_scaffold_17	903253	916969	gene-Peve_00009998	0.1916890241	332
Porites_evermani_scaffold_17	922980	930565	gene-Peve_00009999	0.2331007485	171
Porites_evermani_scaffold_17	933619	946089	gene-Peve_00010000	7.536320866	134
Porites_evermani_scaffold_17	948407	955669	gene-Peve_00010001	11.12034414	102
Porites_evermani_scaffold_17	959379	962829	gene-Peve_00010002	1.21524616	75
Porites_evermani_scaffold_17	964650	965863	gene-Peve_00010003	0.2192982368	38
Porites_evermani_scaffold_17	969558	982731	gene-Peve_00010004	0.3468316954	302
Porites_evermani_scaffold_17	983373	996019	gene-Peve_00010005	0.6245515473	349
Porites_evermani_scaffold_17	1005173	1007119	gene-Peve_00010007	1.043771037	27
Porites_evermani_scaffold_17	1008196	1008574	gene-Peve_00010006	0.7865646429	14
Porites_evermani_scaffold_17	1013200	1018934	gene-Peve_00010008	15.81259028	97
Porites_evermani_scaffold_17	1019197	1031877	gene-Peve_00010009	8.447865438	208
Porites_evermani_scaffold_17	1037075	1039218	gene-Peve_00010010	.	0
Porites_evermani_scaffold_17	1041082	1048038	gene-Peve_00010011	0.4964030888	169
Porites_evermani_scaffold_170	4591	4972	gene-Peve_00010045	.	0
Porites_evermani_scaffold_170	5539	7322	gene-Peve_00010039	0.2489697857	56
Porites_evermani_scaffold_170	11968	14446	gene-Peve_00010054	1.934523812	64
Porites_evermani_scaffold_170	18127	60958	gene-Peve_00010061	11.4990658	545
Porites_evermani_scaffold_170	52169	52563	gene-Peve_00010041	90.909091	1
Porites_evermani_scaffold_170	63182	63575	gene-Peve_00010042	.	0
Porites_evermani_scaffold_170	72742	75178	gene-Peve_00010043	0.4448912841	88
Porites_evermani_scaffold_170	82037	91568	gene-Peve_00010044	61.71789427	64
Porites_evermani_scaffold_170	106222	132295	gene-Peve_00010046	32.44968695	231
Porites_evermani_scaffold_170	137823	138666	gene-Peve_00010047	0.1782531212	33
Porites_evermani_scaffold_170	143570	155939	gene-Peve_00010048	66.0962406	82
Porites_evermani_scaffold_170	156202	170752	gene-Peve_00010049	27.7378586	328
Porites_evermani_scaffold_170	187324	198870	gene-Peve_00010050	38.62645659	199
Porites_evermani_scaffold_170	209254	223581	gene-Peve_00010051	0.3524639307	303
Porites_evermani_scaffold_170	229266	239430	gene-Peve_00010052	0.9139918123	325
Porites_evermani_scaffold_170	241598	242222	gene-Peve_00010053	.	0
Porites_evermani_scaffold_170	249640	264633	gene-Peve_00010055	6.120152694	121
Porites_evermani_scaffold_170	266624	278849	gene-Peve_00010056	0.6603267583	331
Porites_evermani_scaffold_170	282695	287282	gene-Peve_00010057	0.1883617724	123
Porites_evermani_scaffold_170	288576	289740	gene-Peve_00010058	0	25
Porites_evermani_scaffold_170	290988	291636	gene-Peve_00010059	0.3401360476	21
Porites_evermani_scaffold_170	297508	299076	gene-Peve_00010060	0	53
Porites_evermani_scaffold_170	312227	313991	gene-Peve_00010062	0	5
Porites_evermani_scaffold_170	329904	351342	gene-Peve_00010063	1.076020214	281
Porites_evermani_scaffold_170	353389	356156	gene-Peve_00010065	0.7692307692	39
Porites_evermani_scaffold_170	353891	363650	gene-Peve_00010064	0.36284275	216
Porites_evermani_scaffold_170	365815	367280	gene-Peve_00010067	.	0
Porites_evermani_scaffold_170	381031	385159	gene-Peve_00010040	0.2962969661	118
Porites_evermani_scaffold_1700	15969	21307	gene-Peve_00010070	0	61
Porites_evermani_scaffold_1700	32573	36222	gene-Peve_00010069	0	10
Porites_evermani_scaffold_1700	37385	39127	gene-Peve_00010071	0.2469135926	27
Porites_evermani_scaffold_1700	43227	45430	gene-Peve_00010072	0.3089720784	51
Porites_evermani_scaffold_1700	47651	64486	gene-Peve_00010074	1.010615586	285
Porites_evermani_scaffold_1700	64504	65924	gene-Peve_00010075	0	23
Porites_evermani_scaffold_1700	69207	76693	gene-Peve_00010073	0.6766457529	259
Porites_evermani_scaffold_1700	81994	98668	gene-Peve_00010076	1.128870988	400
Porites_evermani_scaffold_1700	101666	107370	gene-Peve_00010068	0	2
Porites_evermani_scaffold_1701	4960	15671	gene-Peve_00010077	32.40835001	211
Porites_evermani_scaffold_1701	26092	43383	gene-Peve_00010082	0.9617439574	470
Porites_evermani_scaffold_1701	48015	56758	gene-Peve_00010083	13.72924249	201
Porites_evermani_scaffold_1701	59609	66437	gene-Peve_00010078	48.76577133	27
Porites_evermani_scaffold_1701	75210	81440	gene-Peve_00010079	50.07858968	75
Porites_evermani_scaffold_1701	84329	85521	gene-Peve_00010080	0	35
Porites_evermani_scaffold_1701	103874	108148	gene-Peve_00010081	1.751054848	79
Porites_evermani_scaffold_1702	1045	3539	gene-Peve_00010084	84.848485	3
Porites_evermani_scaffold_1702	3558	9377	gene-Peve_00010087	96.67748921	14
Porites_evermani_scaffold_1702	14227	21762	gene-Peve_00010086	17.09583295	87
Porites_evermani_scaffold_1702	26320	61095	gene-Peve_00010088	14.39021703	553
Porites_evermani_scaffold_1702	101900	102884	gene-Peve_00010085	1.03333336	25
Porites_evermani_scaffold_1703	7940	32391	gene-Peve_00010089	0.3903664832	238
Porites_evermani_scaffold_1703	40957	60917	gene-Peve_00010094	18.03511497	225
Porites_evermani_scaffold_1703	63415	71026	gene-Peve_00010090	68.41349873	93
Porites_evermani_scaffold_1703	73379	73862	gene-Peve_00010091	0	4
Porites_evermani_scaffold_1703	84021	109244	gene-Peve_00010093	8.823890192	354
Porites_evermani_scaffold_1704	5202	11570	gene-Peve_00010096	0.6896551724	29
Porites_evermani_scaffold_1704	11630	19450	gene-Peve_00010095	0.2604166667	24
Porites_evermani_scaffold_1704	67890	89046	gene-Peve_00010097	0.9915143704	243
Porites_evermani_scaffold_1704	96254	106559	gene-Peve_00010098	1.409594411	246
Porites_evermani_scaffold_1704	103331	103751	gene-Peve_00010099	0	18
Porites_evermani_scaffold_1705	6408	7386	gene-Peve_00010101	0.2631578947	38
Porites_evermani_scaffold_1705	11003	37722	gene-Peve_00010102	25.85626554	221
Porites_evermani_scaffold_1705	47952	54843	gene-Peve_00010103	0.353132639	205
Porites_evermani_scaffold_1705	79017	100030	gene-Peve_00010104	9.973116652	460
Porites_evermani_scaffold_1706	457	799	gene-Peve_00010105	.	0
Porites_evermani_scaffold_1706	1026	40010	gene-Peve_00010110	1.420525272	162
Porites_evermani_scaffold_1706	49895	51703	gene-Peve_00010108	0.9090909091	11
Porites_evermani_scaffold_1706	54781	66049	gene-Peve_00010109	1.020733649	57
Porites_evermani_scaffold_1706	95223	97080	gene-Peve_00010106	.	0
Porites_evermani_scaffold_1706	103454	104576	gene-Peve_00010107	0	13
Porites_evermani_scaffold_1707	2678	4495	gene-Peve_00010112	0.3908692927	41
Porites_evermani_scaffold_1707	32100	37197	gene-Peve_00010118	0.4431679359	78
Porites_evermani_scaffold_1707	38365	40070	gene-Peve_00010119	1.272727267	15
Porites_evermani_scaffold_1707	38685	64163	gene-Peve_00010113	14.08832005	420
Porites_evermani_scaffold_1707	46211	48254	gene-Peve_00010114	0.2717391304	23
Porites_evermani_scaffold_1707	79839	83877	gene-Peve_00010115	0.2526364867	113
Porites_evermani_scaffold_1707	97165	97777	gene-Peve_00010116	0	28
Porites_evermani_scaffold_1708	40428	41490	gene-Peve_00010125	0.3030303182	22
Porites_evermani_scaffold_1708	62196	62556	gene-Peve_00010121	0	11
Porites_evermani_scaffold_1708	95370	95868	gene-Peve_00010123	0	22
Porites_evermani_scaffold_1708	96603	97164	gene-Peve_00010124	0.8874992222	18
Porites_evermani_scaffold_1709	3996	4593	gene-Peve_00010126	82.27648868	37
Porites_evermani_scaffold_1709	28009	29613	gene-Peve_00010135	80.19454123	39
Porites_evermani_scaffold_1709	30964	32363	gene-Peve_00010136	65.42288626	19
Porites_evermani_scaffold_1709	51132	51510	gene-Peve_00010137	68.7062935	2
Porites_evermani_scaffold_1709	55322	56368	gene-Peve_00010128	50	1
Porites_evermani_scaffold_1709	58475	59908	gene-Peve_00010127	59.90274926	27
Porites_evermani_scaffold_1709	62228	63122	gene-Peve_00010129	19.38074357	7
Porites_evermani_scaffold_1709	67913	70603	gene-Peve_00010132	47.79148586	28
Porites_evermani_scaffold_1709	82520	83933	gene-Peve_00010134	80	3
Porites_evermani_scaffold_171	8550	11421	gene-Peve_00010138	80.01599104	26
Porites_evermani_scaffold_171	20055	26309	gene-Peve_00010148	57.52182475	63
Porites_evermani_scaffold_171	29967	32654	gene-Peve_00010149	0.1846590909	88
Porites_evermani_scaffold_171	38140	43878	gene-Peve_00010157	26.08664103	78
Porites_evermani_scaffold_171	59073	61625	gene-Peve_00010139	2.650875245	49
Porites_evermani_scaffold_171	65454	73064	gene-Peve_00010140	23.75121704	150
Porites_evermani_scaffold_171	78813	79551	gene-Peve_00010141	0.2040816286	35
Porites_evermani_scaffold_171	83563	95073	gene-Peve_00010142	65.40421665	171
Porites_evermani_scaffold_171	100760	100921	gene-Peve_00010143	0.3205128333	6
Porites_evermani_scaffold_171	102031	106980	gene-Peve_00010144	0.4458398171	175
Porites_evermani_scaffold_171	118597	127622	gene-Peve_00010146	3.191697272	136
Porites_evermani_scaffold_171	129556	229584	gene-Peve_00010145	0.6209852498	1281
Porites_evermani_scaffold_171	205940	207938	gene-Peve_00010150	0.4434589756	41
Porites_evermani_scaffold_171	212654	213662	gene-Peve_00010151	0	7
Porites_evermani_scaffold_171	237831	239022	gene-Peve_00010152	0	3
Porites_evermani_scaffold_171	239742	241091	gene-Peve_00010153	1.73896151	49
Porites_evermani_scaffold_171	242188	323091	gene-Peve_00010154	4.829647004	1967
Porites_evermani_scaffold_171	291166	292845	gene-Peve_00010155	10.08562248	42
Porites_evermani_scaffold_171	313844	315522	gene-Peve_00010156	0.08779631343	67
Porites_evermani_scaffold_171	340083	342069	gene-Peve_00010158	.	0
Porites_evermani_scaffold_171	343202	370669	gene-Peve_00010159	0.7883520524	210
Porites_evermani_scaffold_171	371011	404787	gene-Peve_00010160	1.293254506	425
Porites_evermani_scaffold_1710	22530	24805	gene-Peve_00010167	.	0
Porites_evermani_scaffold_1710	31894	32780	gene-Peve_00010168	.	0
Porites_evermani_scaffold_1710	33042	34225	gene-Peve_00010169	.	0
Porites_evermani_scaffold_1710	39465	42045	gene-Peve_00010161	0	7
Porites_evermani_scaffold_1710	43530	47936	gene-Peve_00010162	9.082251133	15
Porites_evermani_scaffold_1710	77769	87484	gene-Peve_00010164	8.359370697	33
Porites_evermani_scaffold_1710	90149	93208	gene-Peve_00010163	.	0
Porites_evermani_scaffold_1710	101459	103728	gene-Peve_00010166	.	0
Porites_evermani_scaffold_1711	838	1651	gene-Peve_00010170	30	3
Porites_evermani_scaffold_1711	5778	6087	gene-Peve_00010175	.	0
Porites_evermani_scaffold_1711	16486	27749	gene-Peve_00010176	1.016887478	67
Porites_evermani_scaffold_1711	30481	31973	gene-Peve_00010171	0	17
Porites_evermani_scaffold_1711	43216	63322	gene-Peve_00010172	18.41241221	334
Porites_evermani_scaffold_1711	75978	94953	gene-Peve_00010173	0.331929535	428
Porites_evermani_scaffold_1711	103023	108851	gene-Peve_00010174	3.173814506	89
Porites_evermani_scaffold_1712	8613	8958	gene-Peve_00010177	0	15
Porites_evermani_scaffold_1712	11694	12000	gene-Peve_00010179	0	14
Porites_evermani_scaffold_1712	12365	16706	gene-Peve_00010180	1.122765895	57
Porites_evermani_scaffold_1712	48319	48769	gene-Peve_00010182	0	7
Porites_evermani_scaffold_1712	79958	80486	gene-Peve_00010183	.	0
Porites_evermani_scaffold_1712	81829	86231	gene-Peve_00010184	.	0
Porites_evermani_scaffold_1712	85766	90501	gene-Peve_00010185	8.562547324	37
Porites_evermani_scaffold_1712	99509	102073	gene-Peve_00010178	.	0
Porites_evermani_scaffold_1713	133	3639	gene-Peve_00010186	.	0
Porites_evermani_scaffold_1713	6031	8741	gene-Peve_00010192	100	2
Porites_evermani_scaffold_1713	16803	19057	gene-Peve_00010193	.	0
Porites_evermani_scaffold_1713	23566	25654	gene-Peve_00010195	0	3
Porites_evermani_scaffold_1713	27029	31227	gene-Peve_00010194	.	0
Porites_evermani_scaffold_1713	31947	32976	gene-Peve_00010196	.	0
Porites_evermani_scaffold_1713	35020	39285	gene-Peve_00010187	0.9090909091	11
Porites_evermani_scaffold_1713	40334	41383	gene-Peve_00010188	0	6
Porites_evermani_scaffold_1713	45213	75125	gene-Peve_00010189	4.127396781	297
Porites_evermani_scaffold_1713	76149	92902	gene-Peve_00010190	1.729262312	263
Porites_evermani_scaffold_1713	93099	103238	gene-Peve_00010191	1.129889095	137
Porites_evermani_scaffold_1714	963	41871	gene-Peve_00010197	0.8665697213	811
Porites_evermani_scaffold_1714	52885	62368	gene-Peve_00010202	53.94403171	129
Porites_evermani_scaffold_1714	62651	67521	gene-Peve_00010203	0.5851555629	167
Porites_evermani_scaffold_1714	71756	72504	gene-Peve_00010198	0.3448275862	29
Porites_evermani_scaffold_1714	91986	92949	gene-Peve_00010201	0.1290322581	31
Porites_evermani_scaffold_1714	94328	97870	gene-Peve_00010200	0.4984665765	85
Porites_evermani_scaffold_1715	15546	22814	gene-Peve_00010204	0.2054369433	141
Porites_evermani_scaffold_1715	47126	47906	gene-Peve_00010212	.	0
Porites_evermani_scaffold_1715	49791	50160	gene-Peve_00010205	0	1
Porites_evermani_scaffold_1715	54977	55616	gene-Peve_00010208	.	0
Porites_evermani_scaffold_1715	60969	62310	gene-Peve_00010210	0	7
Porites_evermani_scaffold_1715	74000	91491	gene-Peve_00010211	0	12
Porites_evermani_scaffold_1716	2975	4591	gene-Peve_00010220	70.45454575	4
Porites_evermani_scaffold_1716	9442	13402	gene-Peve_00010227	.	0
Porites_evermani_scaffold_1716	15634	16036	gene-Peve_00010230	.	0
Porites_evermani_scaffold_1716	16944	17841	gene-Peve_00010231	82.40660537	35
Porites_evermani_scaffold_1716	20478	21108	gene-Peve_00010215	74.8251748	5
Porites_evermani_scaffold_1716	22741	23544	gene-Peve_00010216	.	0
Porites_evermani_scaffold_1716	34522	40972	gene-Peve_00010217	53.91623706	16
Porites_evermani_scaffold_1716	42267	42927	gene-Peve_00010218	3.2817338	5
Porites_evermani_scaffold_1716	48460	48892	gene-Peve_00010219	.	0
Porites_evermani_scaffold_1716	49887	50553	gene-Peve_00010221	73.9279583	27
Porites_evermani_scaffold_1716	53377	57612	gene-Peve_00010222	46.14376455	40
Porites_evermani_scaffold_1716	65657	66238	gene-Peve_00010224	90	1
Porites_evermani_scaffold_1716	71125	77573	gene-Peve_00010225	18.558879	31
Porites_evermani_scaffold_1716	102156	106412	gene-Peve_00010229	0.1577690732	41
Porites_evermani_scaffold_1717	4904	11458	gene-Peve_00010232	34.29855278	86
Porites_evermani_scaffold_1717	16695	25004	gene-Peve_00010239	35.06205166	67
Porites_evermani_scaffold_1717	45022	46231	gene-Peve_00010234	81.46520143	7
Porites_evermani_scaffold_1717	76350	94448	gene-Peve_00010237	11.07361742	172
Porites_evermani_scaffold_1717	89261	89673	gene-Peve_00010238	.	0
Porites_evermani_scaffold_1718	735	18541	gene-Peve_00010241	82.55591484	122
Porites_evermani_scaffold_1718	26338	38419	gene-Peve_00010245	6.636209818	99
Porites_evermani_scaffold_1718	70528	74279	gene-Peve_00010243	0.6801529792	48
Porites_evermani_scaffold_1718	104850	106693	gene-Peve_00010244	0	4
Porites_evermani_scaffold_1719	2941	12930	gene-Peve_00010246	80.81184279	58
Porites_evermani_scaffold_1719	18263	24564	gene-Peve_00010249	38.47049835	101
Porites_evermani_scaffold_1719	30695	42357	gene-Peve_00010250	1.329866758	194
Porites_evermani_scaffold_1719	83797	97912	gene-Peve_00010247	19.32462739	218
Porites_evermani_scaffold_1719	98957	101679	gene-Peve_00010248	1.38268396	25
Porites_evermani_scaffold_172	354	25981	gene-Peve_00010251	7.285494182	269
Porites_evermani_scaffold_172	16512	20149	gene-Peve_00010257	0.6061825263	38
Porites_evermani_scaffold_172	28526	36655	gene-Peve_00010269	0.8729376774	93
Porites_evermani_scaffold_172	46524	47663	gene-Peve_00010267	0.2593440217	46
Porites_evermani_scaffold_172	48365	49478	gene-Peve_00010268	0	24
Porites_evermani_scaffold_172	52806	55223	gene-Peve_00010266	0.9397769747	79
Porites_evermani_scaffold_172	66888	68892	gene-Peve_00010252	0.1282051346	52
Porites_evermani_scaffold_172	73113	75790	gene-Peve_00010253	0.3778590676	74
Porites_evermani_scaffold_172	77488	81675	gene-Peve_00010254	0.6929248333	42
Porites_evermani_scaffold_172	83050	103173	gene-Peve_00010255	0.2847030265	490
Porites_evermani_scaffold_172	110460	121415	gene-Peve_00010256	10.43487913	167
Porites_evermani_scaffold_172	121707	125282	gene-Peve_00010258	55.90331103	36
Porites_evermani_scaffold_172	127432	134090	gene-Peve_00010259	10.93000892	50
Porites_evermani_scaffold_172	155941	173872	gene-Peve_00010263	33.84301813	212
Porites_evermani_scaffold_172	182305	251123	gene-Peve_00010264	0.596547803	1772
Porites_evermani_scaffold_172	214503	222764	gene-Peve_00010265	0.9742056527	239
Porites_evermani_scaffold_172	261012	261936	gene-Peve_00010270	0.2564102667	30
Porites_evermani_scaffold_172	275831	313024	gene-Peve_00010271	0.9233376348	794
Porites_evermani_scaffold_172	319981	320362	gene-Peve_00010272	3.388278286	7
Porites_evermani_scaffold_172	321647	326044	gene-Peve_00010273	.	0
Porites_evermani_scaffold_172	331203	333110	gene-Peve_00010274	.	0
Porites_evermani_scaffold_172	339705	347560	gene-Peve_00010275	0.4048583158	19
Porites_evermani_scaffold_172	361815	365729	gene-Peve_00010276	0.5198259149	47
Porites_evermani_scaffold_172	366826	375947	gene-Peve_00010278	0.3566142958	213
Porites_evermani_scaffold_172	378123	391705	gene-Peve_00010277	0.4358434245	139
Porites_evermani_scaffold_172	395404	399582	gene-Peve_00010279	0.1893939318	44
Porites_evermani_scaffold_172	402757	404005	gene-Peve_00010280	.	0
Porites_evermani_scaffold_1720	462	2831	gene-Peve_00010281	1.977165148	27
Porites_evermani_scaffold_1720	4324	10782	gene-Peve_00010288	28.5594406	20
Porites_evermani_scaffold_1720	11345	12337	gene-Peve_00010289	0	12
Porites_evermani_scaffold_1720	15236	29146	gene-Peve_00010290	0.6015617117	274
Porites_evermani_scaffold_1720	31603	36724	gene-Peve_00010291	0.1196695809	136
Porites_evermani_scaffold_1720	38846	39149	gene-Peve_00010282	0	9
Porites_evermani_scaffold_1720	45612	49120	gene-Peve_00010284	0.1631560455	110
Porites_evermani_scaffold_1720	50819	52148	gene-Peve_00010285	0.1644736875	32
Porites_evermani_scaffold_1720	65731	67697	gene-Peve_00010286	0	19
Porites_evermani_scaffold_1720	84842	102231	gene-Peve_00010287	2.503824157	102
Porites_evermani_scaffold_1721	15292	16847	gene-Peve_00010292	1.935144593	27
Porites_evermani_scaffold_1721	23946	25671	gene-Peve_00010296	0.1461988421	38
Porites_evermani_scaffold_1721	27126	33327	gene-Peve_00010295	0	2
Porites_evermani_scaffold_1721	52601	53924	gene-Peve_00010297	81.21485625	12
Porites_evermani_scaffold_1721	82730	85485	gene-Peve_00010293	.	0
Porites_evermani_scaffold_1721	94177	106091	gene-Peve_00010294	.	0
Porites_evermani_scaffold_1722	13367	17811	gene-Peve_00010303	0.2332836695	118
Porites_evermani_scaffold_1722	38364	94506	gene-Peve_00010298	50.40412273	1030
Porites_evermani_scaffold_1722	66342	68164	gene-Peve_00010299	.	0
Porites_evermani_scaffold_1722	82605	89589	gene-Peve_00010300	2.507026554	233
Porites_evermani_scaffold_1722	95952	99891	gene-Peve_00010301	.	0
Porites_evermani_scaffold_1722	103541	104417	gene-Peve_00010302	0.4166666667	24
Porites_evermani_scaffold_1723	10849	18275	gene-Peve_00010306	0.5869501382	152
Porites_evermani_scaffold_1723	23751	43834	gene-Peve_00010310	0.1833280878	262
Porites_evermani_scaffold_1723	50120	51173	gene-Peve_00010304	0.9833024	35
Porites_evermani_scaffold_1723	62624	66717	gene-Peve_00010305	0.5050505455	11
Porites_evermani_scaffold_1723	72515	75635	gene-Peve_00010307	.	0
Porites_evermani_scaffold_1723	92263	93388	gene-Peve_00010308	0.3496503462	26
Porites_evermani_scaffold_1723	106717	107839	gene-Peve_00010309	0	28
Porites_evermani_scaffold_1724	12116	18378	gene-Peve_00010313	0.479347825	80
Porites_evermani_scaffold_1724	35864	49178	gene-Peve_00010311	0.7502656084	286
Porites_evermani_scaffold_1724	50121	61316	gene-Peve_00010312	27.90086251	190
Porites_evermani_scaffold_1724	62846	63515	gene-Peve_00010314	0.33333335	20
Porites_evermani_scaffold_1724	64075	68643	gene-Peve_00010315	16.39810193	30
Porites_evermani_scaffold_1724	69819	79359	gene-Peve_00010316	28.9618572	84
Porites_evermani_scaffold_1724	86072	89535	gene-Peve_00010317	44.34823945	38
Porites_evermani_scaffold_1724	91445	107834	gene-Peve_00010318	68.84655376	92
Porites_evermani_scaffold_1725	19825	27900	gene-Peve_00010325	1.345854987	78
Porites_evermani_scaffold_1725	23727	24572	gene-Peve_00010326	0	6
Porites_evermani_scaffold_1725	30640	41153	gene-Peve_00010327	0.9975412618	275
Porites_evermani_scaffold_1725	48767	53152	gene-Peve_00010321	0	14
Porites_evermani_scaffold_1725	78691	80248	gene-Peve_00010322	.	0
Porites_evermani_scaffold_1725	95776	96226	gene-Peve_00010323	.	0
Porites_evermani_scaffold_1725	107341	108208	gene-Peve_00010324	.	0
Porites_evermani_scaffold_1726	1844	7180	gene-Peve_00010328	0	12
Porites_evermani_scaffold_1726	48402	50074	gene-Peve_00010333	0.3401360476	21
Porites_evermani_scaffold_1726	75833	76178	gene-Peve_00010329	0	18
Porites_evermani_scaffold_1726	80104	92346	gene-Peve_00010330	0.1306600275	291
Porites_evermani_scaffold_1726	99617	108144	gene-Peve_00010331	6.361267619	97
Porites_evermani_scaffold_1726	105922	106995	gene-Peve_00010332	.	0
Porites_evermani_scaffold_1727	1	25287	gene-Peve_00010334	3.776595734	94
Porites_evermani_scaffold_1727	25582	29214	gene-Peve_00010335	1.2591545	84
Porites_evermani_scaffold_1727	29184	33332	gene-Peve_00010336	0.9861203889	162
Porites_evermani_scaffold_1727	33880	61784	gene-Peve_00010337	0.9191649157	451
Porites_evermani_scaffold_1727	63511	75029	gene-Peve_00010338	0.6403985714	77
Porites_evermani_scaffold_1728	24	11494	gene-Peve_00010340	0.7375699225	129
Porites_evermani_scaffold_1728	15504	28921	gene-Peve_00010344	10.0205451	90
Porites_evermani_scaffold_1728	29076	32278	gene-Peve_00010347	75.56071014	29
Porites_evermani_scaffold_1728	35270	36116	gene-Peve_00010341	10	1
Porites_evermani_scaffold_1728	39203	46317	gene-Peve_00010342	0.2203207639	144
Porites_evermani_scaffold_1728	52896	77650	gene-Peve_00010343	1.048680841	271
Porites_evermani_scaffold_1728	83040	95219	gene-Peve_00010345	12.87246792	115
Porites_evermani_scaffold_1728	98921	103894	gene-Peve_00010346	0	21
Porites_evermani_scaffold_1729	30903	33561	gene-Peve_00010350	.	0
Porites_evermani_scaffold_1729	34909	35437	gene-Peve_00010348	.	0
Porites_evermani_scaffold_1729	68855	70204	gene-Peve_00010349	.	0
Porites_evermani_scaffold_1729	94708	105887	gene-Peve_00010351	19.69651428	147
Porites_evermani_scaffold_173	10751	27880	gene-Peve_00010358	0	44
Porites_evermani_scaffold_173	28686	31837	gene-Peve_00010361	5.176767636	11
Porites_evermani_scaffold_173	53488	54169	gene-Peve_00010369	.	0
Porites_evermani_scaffold_173	65619	69471	gene-Peve_00010381	1.768437623	77
Porites_evermani_scaffold_173	71289	71970	gene-Peve_00010356	3.12096312	50
Porites_evermani_scaffold_173	73435	77398	gene-Peve_00010357	5.952475342	228
Porites_evermani_scaffold_173	112638	112994	gene-Peve_00010360	.	0
Porites_evermani_scaffold_173	119335	119665	gene-Peve_00010362	.	0
Porites_evermani_scaffold_173	123200	126069	gene-Peve_00010363	0	6
Porites_evermani_scaffold_173	139048	177543	gene-Peve_00010364	0.6552047516	310
Porites_evermani_scaffold_173	183363	192617	gene-Peve_00010365	0.5507972353	68
Porites_evermani_scaffold_173	199194	200442	gene-Peve_00010366	0	39
Porites_evermani_scaffold_173	205449	206238	gene-Peve_00010367	.	0
Porites_evermani_scaffold_173	210137	219586	gene-Peve_00010368	0.5737296792	240
Porites_evermani_scaffold_173	230581	232548	gene-Peve_00010370	1.8393276	55
Porites_evermani_scaffold_173	241339	241708	gene-Peve_00010371	0	9
Porites_evermani_scaffold_173	247848	256821	gene-Peve_00010372	1.666463007	149
Porites_evermani_scaffold_173	260545	266266	gene-Peve_00010374	0	35
Porites_evermani_scaffold_173	267129	287445	gene-Peve_00010373	0.468738918	61
Porites_evermani_scaffold_173	288127	290766	gene-Peve_00010375	0.2998737386	88
Porites_evermani_scaffold_173	297890	311623	gene-Peve_00010376	8.34573469	284
Porites_evermani_scaffold_173	314057	319937	gene-Peve_00010377	13.44434225	114
Porites_evermani_scaffold_173	324265	327605	gene-Peve_00010378	1.035025853	95
Porites_evermani_scaffold_173	329515	336091	gene-Peve_00010379	0.7277463351	188
Porites_evermani_scaffold_173	340901	349159	gene-Peve_00010380	0.6363741812	149
Porites_evermani_scaffold_173	352137	358218	gene-Peve_00010352	0.7312095789	114
Porites_evermani_scaffold_173	359740	364159	gene-Peve_00010353	.	0
Porites_evermani_scaffold_173	373900	375495	gene-Peve_00010354	0.75757575	12
Porites_evermani_scaffold_173	384394	398871	gene-Peve_00010355	0.5008793062	209
Porites_evermani_scaffold_1730	25455	26214	gene-Peve_00010387	.	0
Porites_evermani_scaffold_1730	32487	44307	gene-Peve_00010382	16.65795601	71
Porites_evermani_scaffold_1730	50008	51478	gene-Peve_00010383	.	0
Porites_evermani_scaffold_1730	63044	85598	gene-Peve_00010384	0.7502356136	88
Porites_evermani_scaffold_1730	105055	107948	gene-Peve_00010385	0	2
Porites_evermani_scaffold_1731	34006	38360	gene-Peve_00010389	58.58640383	52
Porites_evermani_scaffold_1731	40964	44322	gene-Peve_00010390	.	0
Porites_evermani_scaffold_1731	49835	59256	gene-Peve_00010391	1.498758433	245
Porites_evermani_scaffold_1731	60994	68944	gene-Peve_00010392	0.8819116601	253
Porites_evermani_scaffold_1731	74064	81948	gene-Peve_00010393	0.1585554628	188
Porites_evermani_scaffold_1731	84680	107580	gene-Peve_00010394	7.769326117	145
Porites_evermani_scaffold_1731	92120	93281	gene-Peve_00010395	0.6993006923	13
Porites_evermani_scaffold_1732	12036	13917	gene-Peve_00010403	0	20
Porites_evermani_scaffold_1732	24817	29861	gene-Peve_00010400	33.09670142	66
Porites_evermani_scaffold_1732	30275	32432	gene-Peve_00010401	29.35672511	9
Porites_evermani_scaffold_1732	40306	59755	gene-Peve_00010402	11.56334669	277
Porites_evermani_scaffold_1732	72129	79666	gene-Peve_00010404	90.43825478	74
Porites_evermani_scaffold_1732	80578	81799	gene-Peve_00010405	14.28571429	7
Porites_evermani_scaffold_1732	91060	106722	gene-Peve_00010406	0.5243420378	238
Porites_evermani_scaffold_1733	18688	22749	gene-Peve_00010420	1.543572575	113
Porites_evermani_scaffold_1733	35847	36417	gene-Peve_00010410	.	0
Porites_evermani_scaffold_1733	45354	45726	gene-Peve_00010412	9.206349	3
Porites_evermani_scaffold_1733	49252	55193	gene-Peve_00010413	0.5930077178	163
Porites_evermani_scaffold_1733	68643	74451	gene-Peve_00010415	6.973652895	38
Porites_evermani_scaffold_1733	79306	79789	gene-Peve_00010416	1.696252538	13
Porites_evermani_scaffold_1733	81003	81636	gene-Peve_00010417	0.9638556923	39
Porites_evermani_scaffold_1733	88064	88488	gene-Peve_00010418	.	0
Porites_evermani_scaffold_1733	99449	102761	gene-Peve_00010419	0.678127625	24
Porites_evermani_scaffold_1734	699	2164	gene-Peve_00010421	1.191770196	46
Porites_evermani_scaffold_1734	7180	9860	gene-Peve_00010432	0.8664880159	63
Porites_evermani_scaffold_1734	13418	24059	gene-Peve_00010422	0.5229750833	240
Porites_evermani_scaffold_1734	27323	31705	gene-Peve_00010423	0	102
Porites_evermani_scaffold_1734	35517	36498	gene-Peve_00010424	0.2849002963	27
Porites_evermani_scaffold_1734	37343	43148	gene-Peve_00010425	1.884630096	114
Porites_evermani_scaffold_1734	48084	50253	gene-Peve_00010427	0.1386738971	68
Porites_evermani_scaffold_1734	72266	74380	gene-Peve_00010428	33.29914944	27
Porites_evermani_scaffold_1734	74647	100571	gene-Peve_00010429	23.54634979	452
Porites_evermani_scaffold_1734	101011	103639	gene-Peve_00010430	0.6138827581	62
Porites_evermani_scaffold_1735	787	4950	gene-Peve_00010433	0	1
Porites_evermani_scaffold_1735	6576	17474	gene-Peve_00010439	2.061244857	147
Porites_evermani_scaffold_1735	21137	31166	gene-Peve_00010440	53.1363208	56
Porites_evermani_scaffold_1735	34141	38409	gene-Peve_00010441	37.96117258	38
Porites_evermani_scaffold_1735	39286	40204	gene-Peve_00010442	100	3
Porites_evermani_scaffold_1735	42515	47711	gene-Peve_00010443	.	0
Porites_evermani_scaffold_1735	52399	64663	gene-Peve_00010434	83.88851136	105
Porites_evermani_scaffold_1735	66477	69491	gene-Peve_00010435	26.71855029	31
Porites_evermani_scaffold_1735	72605	90210	gene-Peve_00010436	66.41383548	131
Porites_evermani_scaffold_1735	90404	98138	gene-Peve_00010437	52.82239825	8
Porites_evermani_scaffold_1735	99835	107350	gene-Peve_00010438	37.94342023	22
Porites_evermani_scaffold_1736	11128	13985	gene-Peve_00010445	.	0
Porites_evermani_scaffold_1736	17977	23839	gene-Peve_00010446	0.6299427988	164
Porites_evermani_scaffold_1736	27858	37863	gene-Peve_00010447	1.008991016	63
Porites_evermani_scaffold_1736	45841	53656	gene-Peve_00010448	0.5572165455	242
Porites_evermani_scaffold_1736	58734	91187	gene-Peve_00010444	5.611539024	709
Porites_evermani_scaffold_1737	14719	18885	gene-Peve_00010449	0.236098686	172
Porites_evermani_scaffold_1737	20035	63303	gene-Peve_00010453	33.88529012	804
Porites_evermani_scaffold_1737	53084	55781	gene-Peve_00010454	44.23991418	22
Porites_evermani_scaffold_1737	56077	56681	gene-Peve_00010450	76.70955875	4
Porites_evermani_scaffold_1737	67094	68203	gene-Peve_00010451	10.25641023	13
Porites_evermani_scaffold_1737	68558	86427	gene-Peve_00010452	12.40272708	338
Porites_evermani_scaffold_1738	7257	7958	gene-Peve_00010461	0	1
Porites_evermani_scaffold_1738	11042	18399	gene-Peve_00010462	0	47
Porites_evermani_scaffold_1738	28501	29089	gene-Peve_00010455	0	3
Porites_evermani_scaffold_1738	34246	51040	gene-Peve_00010456	70.7601943	84
Porites_evermani_scaffold_1738	52839	64915	gene-Peve_00010457	0.4166666667	87
Porites_evermani_scaffold_1738	94708	95035	gene-Peve_00010459	.	0
Porites_evermani_scaffold_1739	9017	17227	gene-Peve_00010463	0.4132231364	22
Porites_evermani_scaffold_1739	30246	30618	gene-Peve_00010469	0	1
Porites_evermani_scaffold_1739	50340	68570	gene-Peve_00010464	2.9862185	24
Porites_evermani_scaffold_1739	72657	73062	gene-Peve_00010465	.	0
Porites_evermani_scaffold_1739	79853	80231	gene-Peve_00010466	.	0
Porites_evermani_scaffold_1739	81523	82386	gene-Peve_00010467	0	16
Porites_evermani_scaffold_1739	97734	104272	gene-Peve_00010468	0.7578565977	87
Porites_evermani_scaffold_174	1528	12533	gene-Peve_00010470	0.4204655055	362
Porites_evermani_scaffold_174	19754	20084	gene-Peve_00010487	0	5
Porites_evermani_scaffold_174	62241	67813	gene-Peve_00010471	1.080762553	226
Porites_evermani_scaffold_174	71825	73025	gene-Peve_00010475	0.3775946429	42
Porites_evermani_scaffold_174	78198	101609	gene-Peve_00010483	0.2954971792	424
Porites_evermani_scaffold_174	116638	116989	gene-Peve_00010484	0.5102040714	14
Porites_evermani_scaffold_174	117660	146918	gene-Peve_00010485	30.98544853	292
Porites_evermani_scaffold_174	152825	171927	gene-Peve_00010486	0.3481842886	343
Porites_evermani_scaffold_174	174098	190776	gene-Peve_00010488	72.01931082	299
Porites_evermani_scaffold_174	205054	206499	gene-Peve_00010489	50.40792546	13
Porites_evermani_scaffold_174	214217	225633	gene-Peve_00010491	68.91340359	165
Porites_evermani_scaffold_174	240274	253937	gene-Peve_00010493	60.46548605	398
Porites_evermani_scaffold_174	253101	254452	gene-Peve_00010494	76.34146335	46
Porites_evermani_scaffold_174	270047	270832	gene-Peve_00010495	2	5
Porites_evermani_scaffold_174	284637	285474	gene-Peve_00010496	0	29
Porites_evermani_scaffold_174	289093	297629	gene-Peve_00010497	84.23298408	126
Porites_evermani_scaffold_174	300185	322523	gene-Peve_00010472	0.8356259093	452
Porites_evermani_scaffold_174	314936	317119	gene-Peve_00010473	.	0
Porites_evermani_scaffold_174	331079	334314	gene-Peve_00010474	0.3956773488	129
Porites_evermani_scaffold_174	334967	339446	gene-Peve_00010476	0.2896825429	140
Porites_evermani_scaffold_174	344234	351048	gene-Peve_00010477	58.73176868	88
Porites_evermani_scaffold_174	356760	357312	gene-Peve_00010478	0	25
Porites_evermani_scaffold_174	364119	367905	gene-Peve_00010479	94.75053224	50
Porites_evermani_scaffold_174	376526	387516	gene-Peve_00010480	88.16980839	160
Porites_evermani_scaffold_174	396717	398249	gene-Peve_00010481	0.1501501622	37
Porites_evermani_scaffold_174	399318	400950	gene-Peve_00010482	0.1212121273	55
Porites_evermani_scaffold_1740	19202	20052	gene-Peve_00010498	0	10
Porites_evermani_scaffold_1740	21475	22054	gene-Peve_00010500	1.111111111	9
Porites_evermani_scaffold_1740	26309	26718	gene-Peve_00010501	.	0
Porites_evermani_scaffold_1740	45542	75224	gene-Peve_00010502	.	0
Porites_evermani_scaffold_1741	102	1245	gene-Peve_00010503	.	0
Porites_evermani_scaffold_1741	11304	14491	gene-Peve_00010505	83.55028276	37
Porites_evermani_scaffold_1741	17890	26824	gene-Peve_00010508	14.53890081	47
Porites_evermani_scaffold_1741	29795	32219	gene-Peve_00010509	37.51159953	15
Porites_evermani_scaffold_1741	36259	54657	gene-Peve_00010510	55.95507465	110
Porites_evermani_scaffold_1741	56552	62338	gene-Peve_00010504	33.06616074	112
Porites_evermani_scaffold_1741	77857	84152	gene-Peve_00010506	0.7680898947	171
Porites_evermani_scaffold_1741	95580	99755	gene-Peve_00010507	1.089067784	74
Porites_evermani_scaffold_1742	1079	5515	gene-Peve_00010511	0	16
Porites_evermani_scaffold_1742	24504	25074	gene-Peve_00010515	0.8	5
Porites_evermani_scaffold_1742	28590	29304	gene-Peve_00010516	0	3
Porites_evermani_scaffold_1742	64464	65322	gene-Peve_00010513	.	0
Porites_evermani_scaffold_1742	66473	66881	gene-Peve_00010514	1.041666688	16
Porites_evermani_scaffold_1743	47369	82142	gene-Peve_00010517	1.312026994	178
Porites_evermani_scaffold_1744	45986	48164	gene-Peve_00010519	0	34
Porites_evermani_scaffold_1744	75487	78708	gene-Peve_00010520	0	12
Porites_evermani_scaffold_1744	96730	99568	gene-Peve_00010521	1.204146711	38
Porites_evermani_scaffold_1744	104593	104980	gene-Peve_00010522	0	4
Porites_evermani_scaffold_1745	654	12004	gene-Peve_00010523	36.20337904	24
Porites_evermani_scaffold_1745	18583	28476	gene-Peve_00010527	65.46833818	55
Porites_evermani_scaffold_1745	36449	56772	gene-Peve_00010524	11.36761115	316
Porites_evermani_scaffold_1745	58180	68003	gene-Peve_00010525	1.7684837	40
Porites_evermani_scaffold_1745	69482	88244	gene-Peve_00010526	0.914006051	157
Porites_evermani_scaffold_1745	88709	106928	gene-Peve_00010528	10.35047629	226
Porites_evermani_scaffold_1745	98130	98892	gene-Peve_00010529	.	0
Porites_evermani_scaffold_1746	9243	11419	gene-Peve_00010534	0	6
Porites_evermani_scaffold_1746	25981	26446	gene-Peve_00010538	.	0
Porites_evermani_scaffold_1746	46938	47580	gene-Peve_00010532	21.93943085	20
Porites_evermani_scaffold_1746	58961	69443	gene-Peve_00010533	.	0
Porites_evermani_scaffold_1746	73814	80996	gene-Peve_00010535	0	3
Porites_evermani_scaffold_1746	86858	89276	gene-Peve_00010536	0	4
Porites_evermani_scaffold_1746	96092	105690	gene-Peve_00010537	66.66666667	3
Porites_evermani_scaffold_1747	11710	17198	gene-Peve_00010542	20.61097023	26
Porites_evermani_scaffold_1747	21414	22375	gene-Peve_00010539	0	9
Porites_evermani_scaffold_1747	44041	56371	gene-Peve_00010540	7.692307727	11
Porites_evermani_scaffold_1747	62751	63300	gene-Peve_00010541	3.003472375	8
Porites_evermani_scaffold_1747	69185	70815	gene-Peve_00010543	.	0
Porites_evermani_scaffold_1747	71387	76477	gene-Peve_00010544	2.572892237	38
Porites_evermani_scaffold_1747	80453	89085	gene-Peve_00010545	21.02342856	62
Porites_evermani_scaffold_1748	396	30134	gene-Peve_00010546	16.47483832	289
Porites_evermani_scaffold_1748	33975	43023	gene-Peve_00010551	0.1890756303	119
Porites_evermani_scaffold_1748	46374	60690	gene-Peve_00010547	80.17117805	21
Porites_evermani_scaffold_1748	76006	97890	gene-Peve_00010548	20.0195929	581
Porites_evermani_scaffold_1748	81106	87099	gene-Peve_00010549	1.020804847	170
Porites_evermani_scaffold_1748	101427	101802	gene-Peve_00010550	0	5
Porites_evermani_scaffold_1749	872	53235	gene-Peve_00010553	3.745666519	824
Porites_evermani_scaffold_1749	40892	43595	gene-Peve_00010552	.	0
Porites_evermani_scaffold_1749	64865	65243	gene-Peve_00010558	0	6
Porites_evermani_scaffold_1749	101454	104928	gene-Peve_00010555	0.09433962264	106
Porites_evermani_scaffold_1749	105459	106125	gene-Peve_00010556	0.3401360476	21
Porites_evermani_scaffold_175	29956	31684	gene-Peve_00010563	.	0
Porites_evermani_scaffold_175	31966	34870	gene-Peve_00010559	.	0
Porites_evermani_scaffold_175	44568	48389	gene-Peve_00010560	0.7860817414	58
Porites_evermani_scaffold_175	49452	51783	gene-Peve_00010561	0	47
Porites_evermani_scaffold_175	54125	59035	gene-Peve_00010562	2.10890037	73
Porites_evermani_scaffold_175	75776	77102	gene-Peve_00010564	0	31
Porites_evermani_scaffold_175	138994	156945	gene-Peve_00010565	0.3710966657	329
Porites_evermani_scaffold_175	151131	153094	gene-Peve_00010566	0.3611686222	45
Porites_evermani_scaffold_175	176337	180626	gene-Peve_00010567	0.3916565175	114
Porites_evermani_scaffold_175	187620	188607	gene-Peve_00010568	0.23809525	28
Porites_evermani_scaffold_175	191111	192332	gene-Peve_00010569	0.22222224	25
Porites_evermani_scaffold_175	200277	201381	gene-Peve_00010571	0	40
Porites_evermani_scaffold_175	206867	223332	gene-Peve_00010572	37.98621599	121
Porites_evermani_scaffold_175	223749	244666	gene-Peve_00010573	4.801874837	166
Porites_evermani_scaffold_175	247762	261783	gene-Peve_00010574	0.3727978407	364
Porites_evermani_scaffold_175	269628	270033	gene-Peve_00010575	0	5
Porites_evermani_scaffold_175	279952	295845	gene-Peve_00010576	0.4160561056	464
Porites_evermani_scaffold_175	314010	378174	gene-Peve_00010577	0.7287558491	1239
Porites_evermani_scaffold_175	393189	395947	gene-Peve_00010579	1.154819814	70
Porites_evermani_scaffold_175	399428	402876	gene-Peve_00010580	21.47635483	35
Porites_evermani_scaffold_1750	39	13542	gene-Peve_00010581	14.83093346	181
Porites_evermani_scaffold_1750	13705	20315	gene-Peve_00010584	63.60420261	109
Porites_evermani_scaffold_1750	43887	59592	gene-Peve_00010585	79.74130988	132
Porites_evermani_scaffold_1750	72607	86657	gene-Peve_00010582	10.56026988	291
Porites_evermani_scaffold_1750	95106	95418	gene-Peve_00010583	.	0
Porites_evermani_scaffold_1751	890	46060	gene-Peve_00010586	5.626880218	303
Porites_evermani_scaffold_1751	71391	101647	gene-Peve_00010587	5.25709022	186
Porites_evermani_scaffold_1752	11122	18499	gene-Peve_00010588	12.34318016	70
Porites_evermani_scaffold_1752	33437	42275	gene-Peve_00010592	13.40532128	208
Porites_evermani_scaffold_1752	68629	75825	gene-Peve_00010590	4.873665118	68
Porites_evermani_scaffold_1752	86211	100549	gene-Peve_00010591	32.3534175	118
Porites_evermani_scaffold_1753	15956	16466	gene-Peve_00010596	.	0
Porites_evermani_scaffold_1753	19058	21701	gene-Peve_00010597	0.4629629444	18
Porites_evermani_scaffold_1753	45155	46027	gene-Peve_00010598	0	3
Porites_evermani_scaffold_1753	49126	57000	gene-Peve_00010599	0.4401861833	60
Porites_evermani_scaffold_1753	68684	75759	gene-Peve_00010594	0.4024625298	168
Porites_evermani_scaffold_1753	88163	90348	gene-Peve_00010595	0.5263157895	19
Porites_evermani_scaffold_1754	0	2661	gene-Peve_00010600	.	0
Porites_evermani_scaffold_1754	16598	16846	gene-Peve_00010605	0	8
Porites_evermani_scaffold_1754	26480	27921	gene-Peve_00010601	0.09090909091	44
Porites_evermani_scaffold_1754	55229	55998	gene-Peve_00010602	.	0
Porites_evermani_scaffold_1754	68769	69201	gene-Peve_00010603	.	0
Porites_evermani_scaffold_1754	88793	90632	gene-Peve_00010604	35	2
Porites_evermani_scaffold_1755	5190	47254	gene-Peve_00010611	1.811287146	198
Porites_evermani_scaffold_1755	55302	59523	gene-Peve_00010612	36.19548493	57
Porites_evermani_scaffold_1755	69726	79963	gene-Peve_00010613	0.5767906857	280
Porites_evermani_scaffold_1755	85241	86753	gene-Peve_00010608	0.3030936522	46
Porites_evermani_scaffold_1755	91556	92570	gene-Peve_00010609	3.351327056	36
Porites_evermani_scaffold_1755	95665	105135	gene-Peve_00010610	51.39276456	117
Porites_evermani_scaffold_1756	57904	61253	gene-Peve_00010629	11.18253541	29
Porites_evermani_scaffold_1756	58189	59542	gene-Peve_00010615	5.9487182	5
Porites_evermani_scaffold_1756	67304	68383	gene-Peve_00010617	0	1
Porites_evermani_scaffold_1756	74092	75548	gene-Peve_00010619	0	8
Porites_evermani_scaffold_1756	76592	78083	gene-Peve_00010620	.	0
Porites_evermani_scaffold_1756	77133	77511	gene-Peve_00010621	.	0
Porites_evermani_scaffold_1756	82799	83582	gene-Peve_00010622	.	0
Porites_evermani_scaffold_1756	96061	96943	gene-Peve_00010623	0	6
Porites_evermani_scaffold_1756	97748	98561	gene-Peve_00010625	.	0
Porites_evermani_scaffold_1757	18940	22145	gene-Peve_00010630	0	11
Porites_evermani_scaffold_1757	24584	63931	gene-Peve_00010631	12.86906733	566
Porites_evermani_scaffold_1757	69318	83729	gene-Peve_00010632	1.580197814	226
Porites_evermani_scaffold_1758	33558	33870	gene-Peve_00010638	0	14
Porites_evermani_scaffold_1758	35190	36042	gene-Peve_00010634	0.2754820909	33
Porites_evermani_scaffold_1758	38039	39089	gene-Peve_00010635	1.020408143	28
Porites_evermani_scaffold_1758	62110	79630	gene-Peve_00010636	0.2590664739	479
Porites_evermani_scaffold_1759	8711	13119	gene-Peve_00010639	0.8421328161	174
Porites_evermani_scaffold_1759	24185	24716	gene-Peve_00010648	2.8838384	15
Porites_evermani_scaffold_1759	24750	25191	gene-Peve_00010649	0	12
Porites_evermani_scaffold_1759	29259	30688	gene-Peve_00010650	0.30769232	25
Porites_evermani_scaffold_1759	36665	42529	gene-Peve_00010651	0.6571375547	128
Porites_evermani_scaffold_1759	48176	60114	gene-Peve_00010640	27.20478084	234
Porites_evermani_scaffold_1759	60600	61147	gene-Peve_00010641	58.206026	12
Porites_evermani_scaffold_1759	62954	64476	gene-Peve_00010642	87.09659964	33
Porites_evermani_scaffold_1759	69611	72730	gene-Peve_00010643	68.7515649	51
Porites_evermani_scaffold_1759	76384	78685	gene-Peve_00010644	0.9611090833	72
Porites_evermani_scaffold_1759	82197	83682	gene-Peve_00010645	0	21
Porites_evermani_scaffold_1759	87070	96806	gene-Peve_00010647	0.1852246518	247
Porites_evermani_scaffold_1759	105257	105796	gene-Peve_00010646	0	12
Porites_evermani_scaffold_176	47946	55209	gene-Peve_00010652	1.502778721	172
Porites_evermani_scaffold_176	70805	71306	gene-Peve_00010660	.	0
Porites_evermani_scaffold_176	76856	144687	gene-Peve_00010662	0.7626771614	1202
Porites_evermani_scaffold_176	109392	111215	gene-Peve_00010663	0.3256705172	58
Porites_evermani_scaffold_176	134808	136468	gene-Peve_00010653	0.4127702444	45
Porites_evermani_scaffold_176	144690	162838	gene-Peve_00010654	0.591882608	398
Porites_evermani_scaffold_176	145510	146588	gene-Peve_00010655	0.27402405	20
Porites_evermani_scaffold_176	153989	160018	gene-Peve_00010656	1.032636358	106
Porites_evermani_scaffold_176	177743	178213	gene-Peve_00010659	2.222222286	14
Porites_evermani_scaffold_176	219060	243936	gene-Peve_00010661	0.3467069813	267
Porites_evermani_scaffold_176	273414	306656	gene-Peve_00010664	4.368525087	23
Porites_evermani_scaffold_176	301381	302508	gene-Peve_00010665	.	0
Porites_evermani_scaffold_176	306812	317670	gene-Peve_00010667	.	0
Porites_evermani_scaffold_176	348965	351372	gene-Peve_00010669	.	0
Porites_evermani_scaffold_176	374898	380227	gene-Peve_00010670	.	0
Porites_evermani_scaffold_176	390422	391378	gene-Peve_00010671	.	0
Porites_evermani_scaffold_176	391907	392237	gene-Peve_00010672	.	0
Porites_evermani_scaffold_176	399123	402639	gene-Peve_00010674	1.041666625	8
Porites_evermani_scaffold_1760	2068	2680	gene-Peve_00010675	0	33
Porites_evermani_scaffold_1760	4181	10592	gene-Peve_00010683	0.4993102874	174
Porites_evermani_scaffold_1760	18893	19499	gene-Peve_00010687	0.2747252857	28
Porites_evermani_scaffold_1760	22507	23191	gene-Peve_00010676	0	13
Porites_evermani_scaffold_1760	26158	30145	gene-Peve_00010677	32.24866855	51
Porites_evermani_scaffold_1760	30234	33561	gene-Peve_00010678	16.56933381	83
Porites_evermani_scaffold_1760	34032	35628	gene-Peve_00010679	0	50
Porites_evermani_scaffold_1760	38695	39571	gene-Peve_00010680	0	25
Porites_evermani_scaffold_1760	40567	41221	gene-Peve_00010681	0	19
Porites_evermani_scaffold_1760	49473	60990	gene-Peve_00010682	76.45583765	170
Porites_evermani_scaffold_1760	63325	83244	gene-Peve_00010684	13.56653169	452
Porites_evermani_scaffold_1760	99816	101507	gene-Peve_00010685	.	0
Porites_evermani_scaffold_1761	1596	17311	gene-Peve_00010688	4.688022414	70
Porites_evermani_scaffold_1761	24426	31114	gene-Peve_00010689	15.58123815	65
Porites_evermani_scaffold_1761	38098	41722	gene-Peve_00010690	42.5844993	47
Porites_evermani_scaffold_1761	46706	49637	gene-Peve_00010691	0.3772290864	81
Porites_evermani_scaffold_1761	51239	51683	gene-Peve_00010692	1.041666625	8
Porites_evermani_scaffold_1761	53903	66574	gene-Peve_00010693	1.742830853	265
Porites_evermani_scaffold_1761	69221	70937	gene-Peve_00010694	0.2715121053	57
Porites_evermani_scaffold_1761	71263	79177	gene-Peve_00010695	0.5971079689	225
Porites_evermani_scaffold_1761	82893	87782	gene-Peve_00010696	0.551755	138
Porites_evermani_scaffold_1761	90575	103926	gene-Peve_00010697	16.92448056	261
Porites_evermani_scaffold_1762	2535	5215	gene-Peve_00010698	0	19
Porites_evermani_scaffold_1762	5511	6115	gene-Peve_00010704	.	0
Porites_evermani_scaffold_1762	6723	7032	gene-Peve_00010699	99.07407411	9
Porites_evermani_scaffold_1762	20590	37867	gene-Peve_00010701	2.67500276	96
Porites_evermani_scaffold_1762	61278	77241	gene-Peve_00010702	51.54122783	250
Porites_evermani_scaffold_1763	8045	39208	gene-Peve_00010705	64.78096312	330
Porites_evermani_scaffold_1763	42792	47360	gene-Peve_00010706	76.36526437	30
Porites_evermani_scaffold_1763	49109	77271	gene-Peve_00010707	12.98528183	442
Porites_evermani_scaffold_1763	77941	78950	gene-Peve_00010708	0.5714285714	35
Porites_evermani_scaffold_1764	19936	20248	gene-Peve_00010714	2.7272725	2
Porites_evermani_scaffold_1764	20891	45338	gene-Peve_00010715	13.85409141	218
Porites_evermani_scaffold_1764	42532	44038	gene-Peve_00010709	.	0
Porites_evermani_scaffold_1764	63988	79890	gene-Peve_00010711	7.2987969	10
Porites_evermani_scaffold_1764	80500	82439	gene-Peve_00010712	.	0
Porites_evermani_scaffold_1764	86221	89017	gene-Peve_00010713	25.78300614	7
Porites_evermani_scaffold_1765	1513	5347	gene-Peve_00010718	0	12
Porites_evermani_scaffold_1765	20615	26091	gene-Peve_00010722	10.480417	13
Porites_evermani_scaffold_1765	32556	34693	gene-Peve_00010716	.	0
Porites_evermani_scaffold_1765	39038	50394	gene-Peve_00010717	1.7263	76
Porites_evermani_scaffold_1765	54406	63821	gene-Peve_00010719	27.09315076	41
Porites_evermani_scaffold_1765	66058	79516	gene-Peve_00010720	0.3442340783	166
Porites_evermani_scaffold_1765	87732	91909	gene-Peve_00010721	0.7994505429	105
Porites_evermani_scaffold_1766	1915	38919	gene-Peve_00010723	0.9689962812	192
Porites_evermani_scaffold_1766	41815	44255	gene-Peve_00010727	46.69070513	8
Porites_evermani_scaffold_1766	44561	50895	gene-Peve_00010728	18.35164838	13
Porites_evermani_scaffold_1766	61799	64921	gene-Peve_00010729	0.5574540408	98
Porites_evermani_scaffold_1766	71316	75372	gene-Peve_00010730	0.3360462889	135
Porites_evermani_scaffold_1766	78420	81541	gene-Peve_00010724	0.09578544828	58
Porites_evermani_scaffold_1766	87618	93583	gene-Peve_00010725	8.557871024	82
Porites_evermani_scaffold_1766	102161	103115	gene-Peve_00010726	1.282051333	6
Porites_evermani_scaffold_1767	39877	61461	gene-Peve_00010733	0.3983516571	35
Porites_evermani_scaffold_1767	83690	99516	gene-Peve_00010732	4.854611465	144
Porites_evermani_scaffold_1768	7453	7870	gene-Peve_00010738	.	0
Porites_evermani_scaffold_1768	8930	9344	gene-Peve_00010739	.	0
Porites_evermani_scaffold_1768	33005	33446	gene-Peve_00010740	.	0
Porites_evermani_scaffold_1768	73353	73734	gene-Peve_00010737	.	0
Porites_evermani_scaffold_1769	7468	11599	gene-Peve_00010741	.	0
Porites_evermani_scaffold_1769	18113	31262	gene-Peve_00010747	0.538720537	54
Porites_evermani_scaffold_1769	34152	35142	gene-Peve_00010749	0	4
Porites_evermani_scaffold_1769	56840	61664	gene-Peve_00010742	0.5723443214	28
Porites_evermani_scaffold_1769	66718	67243	gene-Peve_00010743	.	0
Porites_evermani_scaffold_1769	68790	70818	gene-Peve_00010744	.	0
Porites_evermani_scaffold_1769	101465	105271	gene-Peve_00010748	.	0
Porites_evermani_scaffold_177	35168	38856	gene-Peve_00010764	82.6498953	20
Porites_evermani_scaffold_177	42925	59189	gene-Peve_00010772	1.245123337	338
Porites_evermani_scaffold_177	65570	73711	gene-Peve_00010774	0.6176660242	165
Porites_evermani_scaffold_177	81351	84121	gene-Peve_00010756	0.1057082442	86
Porites_evermani_scaffold_177	84813	86033	gene-Peve_00010757	.	0
Porites_evermani_scaffold_177	87066	97271	gene-Peve_00010758	9.758517893	214
Porites_evermani_scaffold_177	99896	107766	gene-Peve_00010760	0.8903586043	139
Porites_evermani_scaffold_177	114946	116230	gene-Peve_00010761	.	0
Porites_evermani_scaffold_177	121505	122849	gene-Peve_00010762	.	0
Porites_evermani_scaffold_177	128079	129423	gene-Peve_00010763	.	0
Porites_evermani_scaffold_177	132693	141410	gene-Peve_00010759	0.5443053942	208
Porites_evermani_scaffold_177	145023	146838	gene-Peve_00010765	.	0
Porites_evermani_scaffold_177	147951	148572	gene-Peve_00010766	.	0
Porites_evermani_scaffold_177	153709	166740	gene-Peve_00010767	9.875690764	259
Porites_evermani_scaffold_177	167175	167886	gene-Peve_00010768	0	38
Porites_evermani_scaffold_177	173422	183650	gene-Peve_00010769	45.33413373	139
Porites_evermani_scaffold_177	186664	195944	gene-Peve_00010770	43.96230615	71
Porites_evermani_scaffold_177	196050	236423	gene-Peve_00010771	13.7412536	214
Porites_evermani_scaffold_177	236488	237829	gene-Peve_00010773	0.3095975263	19
Porites_evermani_scaffold_177	246804	248145	gene-Peve_00010776	0	20
Porites_evermani_scaffold_177	253561	260659	gene-Peve_00010777	0	28
Porites_evermani_scaffold_177	267211	285408	gene-Peve_00010778	0.4590654648	454
Porites_evermani_scaffold_177	272692	275176	gene-Peve_00010779	0.3448275862	29
Porites_evermani_scaffold_177	289783	303818	gene-Peve_00010780	0.5822216838	272
Porites_evermani_scaffold_177	309191	313382	gene-Peve_00010750	0	15
Porites_evermani_scaffold_177	313772	328187	gene-Peve_00010751	0.3553048194	227
Porites_evermani_scaffold_177	331733	350446	gene-Peve_00010752	0.2843971602	181
Porites_evermani_scaffold_177	351836	356640	gene-Peve_00010753	0.4236239898	98
Porites_evermani_scaffold_177	359691	360534	gene-Peve_00010754	0	3
Porites_evermani_scaffold_177	390301	400231	gene-Peve_00010755	0.8117351986	141
Porites_evermani_scaffold_1770	7	16079	gene-Peve_00010781	0.7741576299	127
Porites_evermani_scaffold_1770	35071	63312	gene-Peve_00010783	4.056301747	446
Porites_evermani_scaffold_1770	66170	67040	gene-Peve_00010784	0.2380952333	30
Porites_evermani_scaffold_1770	68536	78831	gene-Peve_00010785	14.37144725	57
Porites_evermani_scaffold_1770	82224	105226	gene-Peve_00010782	37.48287315	40
Porites_evermani_scaffold_1771	7581	45699	gene-Peve_00010789	1.498142934	864
Porites_evermani_scaffold_1771	46793	55153	gene-Peve_00010790	0.217683668	259
Porites_evermani_scaffold_1771	60380	63860	gene-Peve_00010791	0.9462096882	93
Porites_evermani_scaffold_1771	69340	97280	gene-Peve_00010792	16.14634754	471
Porites_evermani_scaffold_1771	100651	102752	gene-Peve_00010787	10.58831344	54
Porites_evermani_scaffold_1771	104501	105764	gene-Peve_00010788	0.1831501795	39
Porites_evermani_scaffold_1772	1	57398	gene-Peve_00010793	0.7424969332	1512
Porites_evermani_scaffold_1772	17731	20925	gene-Peve_00010798	0.5001766423	137
Porites_evermani_scaffold_1772	37242	50143	gene-Peve_00010799	0.5586385077	392
Porites_evermani_scaffold_1772	64613	71637	gene-Peve_00010794	0.2585024917	240
Porites_evermani_scaffold_1772	83270	84032	gene-Peve_00010796	35	2
Porites_evermani_scaffold_1773	15581	16029	gene-Peve_00010808	0	10
Porites_evermani_scaffold_1773	18171	30362	gene-Peve_00010801	0.6492987246	167
Porites_evermani_scaffold_1773	30624	31788	gene-Peve_00010800	.	0
Porites_evermani_scaffold_1773	36786	38151	gene-Peve_00010802	1.489310047	64
Porites_evermani_scaffold_1773	52974	54221	gene-Peve_00010805	.	0
Porites_evermani_scaffold_1773	57579	58634	gene-Peve_00010807	0	1
Porites_evermani_scaffold_1773	75823	80466	gene-Peve_00010806	2.7692308	10
Porites_evermani_scaffold_1773	85949	87410	gene-Peve_00010809	.	0
Porites_evermani_scaffold_1774	19435	19916	gene-Peve_00010818	0.4901960588	17
Porites_evermani_scaffold_1774	25661	26374	gene-Peve_00010819	11.99379487	23
Porites_evermani_scaffold_1774	31159	31746	gene-Peve_00010810	7.927253444	18
Porites_evermani_scaffold_1774	39970	57971	gene-Peve_00010811	0.4479983924	395
Porites_evermani_scaffold_1774	100926	101620	gene-Peve_00010814	2.47388172	25
Porites_evermani_scaffold_1774	102522	104670	gene-Peve_00010815	1.185617083	72
Porites_evermani_scaffold_1775	2516	3492	gene-Peve_00010820	3.417934591	44
Porites_evermani_scaffold_1775	5343	11636	gene-Peve_00010821	0.6880552872	94
Porites_evermani_scaffold_1775	14897	19591	gene-Peve_00010826	73.70155209	23
Porites_evermani_scaffold_1775	21921	37267	gene-Peve_00010827	15.96154527	249
Porites_evermani_scaffold_1775	44198	44630	gene-Peve_00010828	.	0
Porites_evermani_scaffold_1775	45525	48860	gene-Peve_00010829	77.24518877	64
Porites_evermani_scaffold_1775	58379	77703	gene-Peve_00010830	5.360903092	152
Porites_evermani_scaffold_1775	69724	74487	gene-Peve_00010822	0.4057811667	72
Porites_evermani_scaffold_1775	70922	72296	gene-Peve_00010823	0.3818375882	34
Porites_evermani_scaffold_1775	79343	79661	gene-Peve_00010824	72.4475524	5
Porites_evermani_scaffold_1775	93192	94137	gene-Peve_00010825	2.08333325	8
Porites_evermani_scaffold_1776	7409	11784	gene-Peve_00010838	0.2801157763	76
Porites_evermani_scaffold_1776	12132	12795	gene-Peve_00010831	0	1
Porites_evermani_scaffold_1776	17223	22947	gene-Peve_00010832	13.83123356	59
Porites_evermani_scaffold_1776	53312	53723	gene-Peve_00010833	.	0
Porites_evermani_scaffold_1776	54632	59095	gene-Peve_00010834	1.428571429	14
Porites_evermani_scaffold_1776	65806	66626	gene-Peve_00010835	0	7
Porites_evermani_scaffold_1776	87722	88055	gene-Peve_00010837	.	0
Porites_evermani_scaffold_1776	90744	98426	gene-Peve_00010836	0.3401360408	49
Porites_evermani_scaffold_1777	198	799	gene-Peve_00010843	.	0
Porites_evermani_scaffold_1777	2270	5153	gene-Peve_00010844	.	0
Porites_evermani_scaffold_1777	5080	11381	gene-Peve_00010845	.	0
Porites_evermani_scaffold_1777	32507	34139	gene-Peve_00010839	.	0
Porites_evermani_scaffold_1777	43235	43790	gene-Peve_00010840	3.030303	3
Porites_evermani_scaffold_1777	48227	48904	gene-Peve_00010841	0	1
Porites_evermani_scaffold_1777	58834	59749	gene-Peve_00010842	.	0
Porites_evermani_scaffold_1778	11606	11910	gene-Peve_00010851	.	0
Porites_evermani_scaffold_1778	12945	13578	gene-Peve_00010852	.	0
Porites_evermani_scaffold_1778	36536	36920	gene-Peve_00010853	8.167768333	9
Porites_evermani_scaffold_1778	60723	74171	gene-Peve_00010847	5.700444854	41
Porites_evermani_scaffold_1778	63738	64052	gene-Peve_00010848	.	0
Porites_evermani_scaffold_1778	91427	92718	gene-Peve_00010849	.	0
Porites_evermani_scaffold_1778	96587	97878	gene-Peve_00010850	.	0
Porites_evermani_scaffold_1779	5385	5954	gene-Peve_00010854	0	15
Porites_evermani_scaffold_1779	10698	27296	gene-Peve_00010858	63.55994474	190
Porites_evermani_scaffold_1779	33561	51316	gene-Peve_00010859	19.56838025	240
Porites_evermani_scaffold_1779	65084	67668	gene-Peve_00010855	33.13397969	29
Porites_evermani_scaffold_1779	69414	74374	gene-Peve_00010856	0.3650093839	112
Porites_evermani_scaffold_1779	86752	92555	gene-Peve_00010857	0.1754386053	38
Porites_evermani_scaffold_178	38273	38534	gene-Peve_00010860	2.083333333	9
Porites_evermani_scaffold_178	40623	47252	gene-Peve_00010866	0.2454133281	64
Porites_evermani_scaffold_178	53783	54365	gene-Peve_00010877	0.3831417931	29
Porites_evermani_scaffold_178	58175	58550	gene-Peve_00010878	1.5151515	6
Porites_evermani_scaffold_178	72683	73265	gene-Peve_00010881	0	3
Porites_evermani_scaffold_178	87434	170827	gene-Peve_00010882	1.180874854	2332
Porites_evermani_scaffold_178	122826	123916	gene-Peve_00010885	0.2747252857	28
Porites_evermani_scaffold_178	140577	140948	gene-Peve_00010887	0.3267973889	18
Porites_evermani_scaffold_178	142416	143055	gene-Peve_00010890	0	9
Porites_evermani_scaffold_178	144193	144597	gene-Peve_00010889	2.27272725	8
Porites_evermani_scaffold_178	159992	160376	gene-Peve_00010891	0.5050505	18
Porites_evermani_scaffold_178	167390	168425	gene-Peve_00010892	5.5081562	30
Porites_evermani_scaffold_178	195555	205199	gene-Peve_00010895	57.73663524	169
Porites_evermani_scaffold_178	207632	209621	gene-Peve_00010897	3.017073	37
Porites_evermani_scaffold_178	210902	249275	gene-Peve_00010896	0.9304073015	839
Porites_evermani_scaffold_178	252916	253225	gene-Peve_00010861	.	0
Porites_evermani_scaffold_178	254868	255177	gene-Peve_00010862	.	0
Porites_evermani_scaffold_178	260978	269373	gene-Peve_00010863	40.42703172	101
Porites_evermani_scaffold_178	274699	277800	gene-Peve_00010864	1.925673528	89
Porites_evermani_scaffold_178	284522	313551	gene-Peve_00010865	29.37938674	409
Porites_evermani_scaffold_178	316729	318600	gene-Peve_00010867	0.4484682	65
Porites_evermani_scaffold_178	320652	321482	gene-Peve_00010868	0.3846153846	26
Porites_evermani_scaffold_178	323031	333196	gene-Peve_00010869	1.171002167	168
Porites_evermani_scaffold_178	337182	346021	gene-Peve_00010870	54.13916778	134
Porites_evermani_scaffold_178	346235	358584	gene-Peve_00010871	1.506681156	225
Porites_evermani_scaffold_178	366943	367417	gene-Peve_00010873	0	14
Porites_evermani_scaffold_178	369944	380505	gene-Peve_00010874	14.00414618	189
Porites_evermani_scaffold_178	375131	375751	gene-Peve_00010875	0.2860792	25
Porites_evermani_scaffold_178	388139	396588	gene-Peve_00010876	0.1650055349	215
Porites_evermani_scaffold_1780	4006	15505	gene-Peve_00010903	7.319903245	237
Porites_evermani_scaffold_1780	37020	37809	gene-Peve_00010904	0	15
Porites_evermani_scaffold_1780	45949	48502	gene-Peve_00010905	1.322864393	56
Porites_evermani_scaffold_1780	60018	63987	gene-Peve_00010900	0	93
Porites_evermani_scaffold_1780	73126	80916	gene-Peve_00010901	29.35701553	34
Porites_evermani_scaffold_1780	85420	92003	gene-Peve_00010902	0.4464285714	14
Porites_evermani_scaffold_1781	162	9257	gene-Peve_00010906	19.24220777	167
Porites_evermani_scaffold_1781	13715	31787	gene-Peve_00010911	19.61254913	219
Porites_evermani_scaffold_1781	33526	34099	gene-Peve_00010914	.	0
Porites_evermani_scaffold_1781	34677	37927	gene-Peve_00010915	1.494169102	49
Porites_evermani_scaffold_1781	40000	40573	gene-Peve_00010917	.	0
Porites_evermani_scaffold_1781	41151	54564	gene-Peve_00010916	45.3132207	184
Porites_evermani_scaffold_1781	57938	59752	gene-Peve_00010918	0.7692308	10
Porites_evermani_scaffold_1781	60053	60419	gene-Peve_00010907	.	0
Porites_evermani_scaffold_1781	61714	68050	gene-Peve_00010908	2.898754789	123
Porites_evermani_scaffold_1781	63599	64448	gene-Peve_00010909	15.15151533	3
Porites_evermani_scaffold_1781	76237	79260	gene-Peve_00010910	0.9478275732	82
Porites_evermani_scaffold_1781	82822	94623	gene-Peve_00010912	0.8088349443	341
Porites_evermani_scaffold_1781	104009	104579	gene-Peve_00010913	.	0
Porites_evermani_scaffold_1782	3093	10252	gene-Peve_00010919	.	0
Porites_evermani_scaffold_1782	16535	19838	gene-Peve_00010924	0	9
Porites_evermani_scaffold_1782	20891	22895	gene-Peve_00010925	0	2
Porites_evermani_scaffold_1782	25139	28523	gene-Peve_00010926	48.49063124	21
Porites_evermani_scaffold_1782	30912	39946	gene-Peve_00010927	14.2929293	33
Porites_evermani_scaffold_1782	42114	50889	gene-Peve_00010920	0.2392344474	38
Porites_evermani_scaffold_1782	52840	73198	gene-Peve_00010921	0	40
Porites_evermani_scaffold_1782	88986	90493	gene-Peve_00010922	.	0
Porites_evermani_scaffold_1782	93325	97108	gene-Peve_00010923	.	0
Porites_evermani_scaffold_1783	3268	11822	gene-Peve_00010928	0.6329989839	248
Porites_evermani_scaffold_1783	15941	24844	gene-Peve_00010934	21.40298337	155
Porites_evermani_scaffold_1783	28477	29800	gene-Peve_00010940	0	49
Porites_evermani_scaffold_1783	37305	53592	gene-Peve_00010930	59.14675119	216
Porites_evermani_scaffold_1783	53736	57419	gene-Peve_00010931	83.99586362	26
Porites_evermani_scaffold_1783	67967	72628	gene-Peve_00010933	67.22004412	58
Porites_evermani_scaffold_1783	72986	75074	gene-Peve_00010935	45.56171693	28
Porites_evermani_scaffold_1783	77349	90639	gene-Peve_00010936	39.65808868	221
Porites_evermani_scaffold_1783	93536	94631	gene-Peve_00010937	0.06746961224	49
Porites_evermani_scaffold_1783	99184	99454	gene-Peve_00010939	0.6416587778	18
Porites_evermani_scaffold_1784	8790	59373	gene-Peve_00010941	3.183526976	635
Porites_evermani_scaffold_1784	32516	42991	gene-Peve_00010942	0.7807889711	173
Porites_evermani_scaffold_1784	64739	71073	gene-Peve_00010943	0.3514966839	193
Porites_evermani_scaffold_1784	71805	76178	gene-Peve_00010944	0	47
Porites_evermani_scaffold_1784	78156	84873	gene-Peve_00010945	0.6590237073	123
Porites_evermani_scaffold_1784	87846	88565	gene-Peve_00010947	0.9199134286	28
Porites_evermani_scaffold_1785	1058	4141	gene-Peve_00010948	79.07270042	19
Porites_evermani_scaffold_1785	7000	7336	gene-Peve_00010954	0	4
Porites_evermani_scaffold_1785	8428	32942	gene-Peve_00010955	62.74536634	214
Porites_evermani_scaffold_1785	39580	47014	gene-Peve_00010957	89.18570475	40
Porites_evermani_scaffold_1785	63148	64454	gene-Peve_00010949	0	10
Porites_evermani_scaffold_1785	67261	67624	gene-Peve_00010951	0	5
Porites_evermani_scaffold_1785	74336	84297	gene-Peve_00010952	7.832156155	103
Porites_evermani_scaffold_1785	84851	98196	gene-Peve_00010953	40.05882695	43
Porites_evermani_scaffold_1786	13700	15668	gene-Peve_00010963	0	14
Porites_evermani_scaffold_1786	35838	36222	gene-Peve_00010964	0	11
Porites_evermani_scaffold_1786	51991	55096	gene-Peve_00010965	0.5781482469	81
Porites_evermani_scaffold_1786	56931	65168	gene-Peve_00010958	17.52351262	104
Porites_evermani_scaffold_1786	65673	75607	gene-Peve_00010959	16.64976209	193
Porites_evermani_scaffold_1786	79322	82262	gene-Peve_00010960	25.6370033	40
Porites_evermani_scaffold_1786	89443	93307	gene-Peve_00010961	0.2856973828	128
Porites_evermani_scaffold_1786	98852	102390	gene-Peve_00010962	0.9090909091	11
Porites_evermani_scaffold_1787	6292	6604	gene-Peve_00010969	.	0
Porites_evermani_scaffold_1787	13114	13426	gene-Peve_00010970	.	0
Porites_evermani_scaffold_1787	19825	20140	gene-Peve_00010971	.	0
Porites_evermani_scaffold_1787	27416	28400	gene-Peve_00010974	46.71674417	30
Porites_evermani_scaffold_1787	46418	47000	gene-Peve_00010966	36.109955	21
Porites_evermani_scaffold_1787	68606	82330	gene-Peve_00010967	47.39964826	98
Porites_evermani_scaffold_1787	91692	100630	gene-Peve_00010968	0.1818181818	55
Porites_evermani_scaffold_1788	2417	3508	gene-Peve_00010975	.	0
Porites_evermani_scaffold_1788	18675	24354	gene-Peve_00010981	.	0
Porites_evermani_scaffold_1788	45190	52098	gene-Peve_00010976	.	0
Porites_evermani_scaffold_1788	55527	60163	gene-Peve_00010977	0.5819895207	169
Porites_evermani_scaffold_1788	64895	67014	gene-Peve_00010978	1.072510825	40
Porites_evermani_scaffold_1788	71807	73926	gene-Peve_00010979	71.25348676	25
Porites_evermani_scaffold_1788	74039	104785	gene-Peve_00010980	25.79133261	204
Porites_evermani_scaffold_1789	25883	35428	gene-Peve_00010982	16.30903217	172
Porites_evermani_scaffold_1789	36418	40496	gene-Peve_00010986	75.13049038	52
Porites_evermani_scaffold_1789	47046	53279	gene-Peve_00010989	24.69670056	48
Porites_evermani_scaffold_1789	56420	60588	gene-Peve_00010991	79.34630194	18
Porites_evermani_scaffold_1789	61085	62474	gene-Peve_00010995	.	0
Porites_evermani_scaffold_1789	65368	66702	gene-Peve_00010983	.	0
Porites_evermani_scaffold_1789	71762	74624	gene-Peve_00010985	10.80214568	41
Porites_evermani_scaffold_1789	75321	76866	gene-Peve_00010987	38.61394557	7
Porites_evermani_scaffold_1789	81704	82475	gene-Peve_00010988	.	0
Porites_evermani_scaffold_1789	83682	84927	gene-Peve_00010990	.	0
Porites_evermani_scaffold_1789	86117	88046	gene-Peve_00010992	.	0
Porites_evermani_scaffold_1789	92733	99745	gene-Peve_00010993	.	0
Porites_evermani_scaffold_1789	97867	98980	gene-Peve_00010994	.	0
Porites_evermani_scaffold_179	5376	6033	gene-Peve_00010996	0	13
Porites_evermani_scaffold_179	29664	34446	gene-Peve_00011012	1.236192371	105
Porites_evermani_scaffold_179	42960	49134	gene-Peve_00010999	0.1113491105	172
Porites_evermani_scaffold_179	57788	58205	gene-Peve_00011000	6.30561095	20
Porites_evermani_scaffold_179	71371	73174	gene-Peve_00010997	0.2976190444	45
Porites_evermani_scaffold_179	74553	75245	gene-Peve_00011001	0	6
Porites_evermani_scaffold_179	77871	92673	gene-Peve_00010998	1.006377264	220
Porites_evermani_scaffold_179	96953	130904	gene-Peve_00011002	3.123727445	959
Porites_evermani_scaffold_179	159410	207651	gene-Peve_00011003	0.592179492	1006
Porites_evermani_scaffold_179	175302	176247	gene-Peve_00011004	0.3496503846	26
Porites_evermani_scaffold_179	302079	323339	gene-Peve_00011006	1.26587742	519
Porites_evermani_scaffold_179	360406	400628	gene-Peve_00011009	7.549999781	750
Porites_evermani_scaffold_179	373229	375445	gene-Peve_00011010	0	65
Porites_evermani_scaffold_1790	13542	20582	gene-Peve_00011014	0	4
Porites_evermani_scaffold_1790	81516	82461	gene-Peve_00011016	.	0
Porites_evermani_scaffold_1791	6893	40313	gene-Peve_00011022	0.6070082431	547
Porites_evermani_scaffold_1791	64755	66131	gene-Peve_00011018	0	7
Porites_evermani_scaffold_1791	85211	88732	gene-Peve_00011020	9.613557437	16
Porites_evermani_scaffold_1791	99636	101181	gene-Peve_00011021	2.6783217	10
Porites_evermani_scaffold_1792	5363	12396	gene-Peve_00011024	0	7
Porites_evermani_scaffold_1792	14196	43954	gene-Peve_00011023	0.6233733932	206
Porites_evermani_scaffold_1792	54284	56383	gene-Peve_00011026	0.4273504444	18
Porites_evermani_scaffold_1792	69087	89530	gene-Peve_00011028	9.515118179	78
Porites_evermani_scaffold_1793	29060	30048	gene-Peve_00011032	0	11
Porites_evermani_scaffold_1793	41010	41784	gene-Peve_00011029	6.147151647	17
Porites_evermani_scaffold_1793	44568	45030	gene-Peve_00011030	0	1
Porites_evermani_scaffold_1793	54544	55956	gene-Peve_00011031	0	36
Porites_evermani_scaffold_1794	7781	15315	gene-Peve_00011033	0.08525149275	69
Porites_evermani_scaffold_1794	20977	41951	gene-Peve_00011034	0.5765835319	329
Porites_evermani_scaffold_1794	51453	70040	gene-Peve_00011035	14.49509805	20
Porites_evermani_scaffold_1794	93092	94814	gene-Peve_00011036	.	0
Porites_evermani_scaffold_1795	4	5426	gene-Peve_00011040	70.43337149	108
Porites_evermani_scaffold_1795	14101	22885	gene-Peve_00011041	0.9411815676	148
Porites_evermani_scaffold_1795	28743	56068	gene-Peve_00011042	38.54948546	419
Porites_evermani_scaffold_1795	63467	82061	gene-Peve_00011037	0.727272725	120
Porites_evermani_scaffold_1795	88608	97651	gene-Peve_00011038	1.13449769	29
Porites_evermani_scaffold_1795	102531	103565	gene-Peve_00011039	.	0
Porites_evermani_scaffold_1796	26107	28776	gene-Peve_00011052	0.5825146901	71
Porites_evermani_scaffold_1796	29803	32306	gene-Peve_00011043	1.318175907	54
Porites_evermani_scaffold_1796	39409	40192	gene-Peve_00011044	0.4132231364	22
Porites_evermani_scaffold_1796	41864	42663	gene-Peve_00011045	0	26
Porites_evermani_scaffold_1796	50542	51409	gene-Peve_00011046	0.5507202857	35
Porites_evermani_scaffold_1796	52276	53362	gene-Peve_00011047	0.5	20
Porites_evermani_scaffold_1796	60485	67070	gene-Peve_00011048	78.14860783	88
Porites_evermani_scaffold_1796	67221	72294	gene-Peve_00011049	76.83922468	53
Porites_evermani_scaffold_1796	73897	82438	gene-Peve_00011050	16.88477257	215
Porites_evermani_scaffold_1796	91689	92676	gene-Peve_00011051	0.2462989459	37
Porites_evermani_scaffold_1797	1597	15925	gene-Peve_00011053	0.7837473231	229
Porites_evermani_scaffold_1797	17124	28070	gene-Peve_00011054	12.27880106	249
Porites_evermani_scaffold_1797	34756	103111	gene-Peve_00011055	0.7353510685	1373
Porites_evermani_scaffold_1798	21682	23008	gene-Peve_00011060	1.04761905	20
Porites_evermani_scaffold_1798	30246	34549	gene-Peve_00011061	0.4066023939	99
Porites_evermani_scaffold_1798	52524	54564	gene-Peve_00011056	.	0
Porites_evermani_scaffold_1798	65383	71993	gene-Peve_00011057	90.22787466	87
Porites_evermani_scaffold_1798	70559	71233	gene-Peve_00011058	83.22149338	13
Porites_evermani_scaffold_1798	83741	101004	gene-Peve_00011059	8.3956044	5
Porites_evermani_scaffold_1799	5790	7241	gene-Peve_00011068	0	53
Porites_evermani_scaffold_1799	9087	21131	gene-Peve_00011072	12.27143876	153
Porites_evermani_scaffold_1799	21724	30779	gene-Peve_00011073	82.60696167	24
Porites_evermani_scaffold_1799	51681	54334	gene-Peve_00011062	90.65656575	12
Porites_evermani_scaffold_1799	55674	59362	gene-Peve_00011063	74.75800126	34
Porites_evermani_scaffold_1799	59449	64357	gene-Peve_00011064	26.83461536	25
Porites_evermani_scaffold_1799	66256	68344	gene-Peve_00011066	.	0
Porites_evermani_scaffold_1799	69992	70490	gene-Peve_00011067	0	11
Porites_evermani_scaffold_1799	73022	80226	gene-Peve_00011065	0	4
Porites_evermani_scaffold_1799	80946	81975	gene-Peve_00011069	.	0
Porites_evermani_scaffold_1799	86231	87967	gene-Peve_00011070	.	0
Porites_evermani_scaffold_1799	90010	102206	gene-Peve_00011071	61.8784613	40
Porites_evermani_scaffold_18	34471	40392	gene-Peve_00011131	0.5769230769	52
Porites_evermani_scaffold_18	56634	61151	gene-Peve_00011138	0	61
Porites_evermani_scaffold_18	63581	69449	gene-Peve_00011143	0.6922495039	129
Porites_evermani_scaffold_18	69913	80361	gene-Peve_00011148	0.2490170367	109
Porites_evermani_scaffold_18	85205	89487	gene-Peve_00011078	9.090909	1
Porites_evermani_scaffold_18	96810	99241	gene-Peve_00011096	81.19334091	11
Porites_evermani_scaffold_18	103849	139714	gene-Peve_00011109	12.43673586	579
Porites_evermani_scaffold_18	139888	149703	gene-Peve_00011114	71.31313343	124
Porites_evermani_scaffold_18	154453	157356	gene-Peve_00011127	0.08741258654	104
Porites_evermani_scaffold_18	173402	174185	gene-Peve_00011128	0	14
Porites_evermani_scaffold_18	184630	191639	gene-Peve_00011129	2.35115437	192
Porites_evermani_scaffold_18	185782	186864	gene-Peve_00011130	2.931062659	44
Porites_evermani_scaffold_18	207694	209558	gene-Peve_00011132	52.40175206	51
Porites_evermani_scaffold_18	209722	210295	gene-Peve_00011133	0.8370535625	16
Porites_evermani_scaffold_18	215463	215694	gene-Peve_00011135	91.666667	1
Porites_evermani_scaffold_18	218001	221018	gene-Peve_00011134	34.76488706	67
Porites_evermani_scaffold_18	226934	291059	gene-Peve_00011136	1.044128205	984
Porites_evermani_scaffold_18	297870	299216	gene-Peve_00011139	2.135962226	31
Porites_evermani_scaffold_18	299809	300258	gene-Peve_00011140	13.93442844	9
Porites_evermani_scaffold_18	306913	307470	gene-Peve_00011141	0	14
Porites_evermani_scaffold_18	332377	347244	gene-Peve_00011142	26.52682971	182
Porites_evermani_scaffold_18	355590	361730	gene-Peve_00011144	39.40195775	106
Porites_evermani_scaffold_18	364833	369813	gene-Peve_00011145	0.3802844494	178
Porites_evermani_scaffold_18	370291	391545	gene-Peve_00011146	21.84785449	179
Porites_evermani_scaffold_18	395960	398003	gene-Peve_00011147	0	24
Porites_evermani_scaffold_18	401449	401758	gene-Peve_00011150	0	2
Porites_evermani_scaffold_18	405510	407527	gene-Peve_00011152	0	38
Porites_evermani_scaffold_18	415579	425530	gene-Peve_00011151	0.4150111629	313
Porites_evermani_scaffold_18	427547	431398	gene-Peve_00011155	0.1400560238	84
Porites_evermani_scaffold_18	436281	447129	gene-Peve_00011154	0.4564507398	246
Porites_evermani_scaffold_18	454751	456811	gene-Peve_00011074	1.31294712	50
Porites_evermani_scaffold_18	463840	464423	gene-Peve_00011075	0	14
Porites_evermani_scaffold_18	465844	468257	gene-Peve_00011076	0.3623188261	23
Porites_evermani_scaffold_18	481857	483257	gene-Peve_00011077	0.56526806	50
Porites_evermani_scaffold_18	487016	487447	gene-Peve_00011079	.	0
Porites_evermani_scaffold_18	526174	539685	gene-Peve_00011081	1.309339651	390
Porites_evermani_scaffold_18	558487	560106	gene-Peve_00011084	0	45
Porites_evermani_scaffold_18	560130	563450	gene-Peve_00011085	0.4076332105	114
Porites_evermani_scaffold_18	566680	573454	gene-Peve_00011086	0.05760368548	124
Porites_evermani_scaffold_18	574248	578999	gene-Peve_00011087	1.030294098	112
Porites_evermani_scaffold_18	590003	597049	gene-Peve_00011088	1.783431076	171
Porites_evermani_scaffold_18	610514	615168	gene-Peve_00011089	0.09861933333	78
Porites_evermani_scaffold_18	620572	626256	gene-Peve_00011090	0.180400747	83
Porites_evermani_scaffold_18	630510	631524	gene-Peve_00011091	.	0
Porites_evermani_scaffold_18	637973	648590	gene-Peve_00011092	0.514443672	189
Porites_evermani_scaffold_18	650591	654607	gene-Peve_00011093	1.517391702	57
Porites_evermani_scaffold_18	659110	662227	gene-Peve_00011094	0.1799605402	87
Porites_evermani_scaffold_18	674136	675268	gene-Peve_00011095	0	47
Porites_evermani_scaffold_18	685698	692684	gene-Peve_00011097	0.06365522407	241
Porites_evermani_scaffold_18	704212	748914	gene-Peve_00011098	12.82129233	815
Porites_evermani_scaffold_18	742117	743608	gene-Peve_00011099	2.212264592	49
Porites_evermani_scaffold_18	744039	746271	gene-Peve_00011100	0.8677685909	22
Porites_evermani_scaffold_18	750553	751492	gene-Peve_00011101	0	20
Porites_evermani_scaffold_18	757685	758651	gene-Peve_00011102	0	4
Porites_evermani_scaffold_18	765456	777431	gene-Peve_00011103	11.56888995	240
Porites_evermani_scaffold_18	778623	782437	gene-Peve_00011104	40.04206493	45
Porites_evermani_scaffold_18	784365	799256	gene-Peve_00011105	48.19343937	264
Porites_evermani_scaffold_18	800689	807056	gene-Peve_00011107	6.498396397	116
Porites_evermani_scaffold_18	809568	812854	gene-Peve_00011108	5.468289882	51
Porites_evermani_scaffold_18	816545	822459	gene-Peve_00011110	40.76407462	24
Porites_evermani_scaffold_18	822919	827503	gene-Peve_00011111	35.95277722	23
Porites_evermani_scaffold_18	848162	861387	gene-Peve_00011113	0	35
Porites_evermani_scaffold_18	874175	879254	gene-Peve_00011115	1.136795953	172
Porites_evermani_scaffold_18	886908	893093	gene-Peve_00011116	0.3030715044	228
Porites_evermani_scaffold_18	896515	900702	gene-Peve_00011117	0.7071880244	123
Porites_evermani_scaffold_18	910632	915759	gene-Peve_00011118	2.873574991	110
Porites_evermani_scaffold_18	919717	922435	gene-Peve_00011119	0.4567307812	64
Porites_evermani_scaffold_18	931931	932597	gene-Peve_00011120	0	16
Porites_evermani_scaffold_18	941221	941881	gene-Peve_00011121	3.285826478	23
Porites_evermani_scaffold_18	955637	985133	gene-Peve_00011122	9.546834726	497
Porites_evermani_scaffold_18	989915	999587	gene-Peve_00011123	0.2269195455	242
Porites_evermani_scaffold_18	1003871	1010307	gene-Peve_00011124	0.7404466947	95
Porites_evermani_scaffold_18	1016971	1021958	gene-Peve_00011125	0.4622607829	152
Porites_evermani_scaffold_18	1040322	1040889	gene-Peve_00011126	1.930736	10
Porites_evermani_scaffold_180	32422	34030	gene-Peve_00011157	0	12
Porites_evermani_scaffold_180	41032	41992	gene-Peve_00011170	0	4
Porites_evermani_scaffold_180	41735	42817	gene-Peve_00011167	0	5
Porites_evermani_scaffold_180	66326	67146	gene-Peve_00011171	19.471326	3
Porites_evermani_scaffold_180	74867	81555	gene-Peve_00011177	0.3634085263	38
Porites_evermani_scaffold_180	100762	107411	gene-Peve_00011166	18.91465678	49
Porites_evermani_scaffold_180	120476	124247	gene-Peve_00011169	0	16
Porites_evermani_scaffold_180	145191	157208	gene-Peve_00011172	8.0128205	6
Porites_evermani_scaffold_180	166139	167099	gene-Peve_00011173	.	0
Porites_evermani_scaffold_180	174747	187529	gene-Peve_00011174	0	8
Porites_evermani_scaffold_180	211228	217974	gene-Peve_00011176	0	10
Porites_evermani_scaffold_180	233156	234394	gene-Peve_00011179	.	0
Porites_evermani_scaffold_180	234370	242843	gene-Peve_00011178	0.1709401795	39
Porites_evermani_scaffold_180	258849	274265	gene-Peve_00011180	0.3778677632	38
Porites_evermani_scaffold_180	267580	269120	gene-Peve_00011181	.	0
Porites_evermani_scaffold_180	294771	295338	gene-Peve_00011160	.	0
Porites_evermani_scaffold_180	295431	307101	gene-Peve_00011158	1.00511784	25
Porites_evermani_scaffold_180	308278	311284	gene-Peve_00011159	.	0
Porites_evermani_scaffold_180	312292	313099	gene-Peve_00011161	.	0
Porites_evermani_scaffold_180	316839	341675	gene-Peve_00011163	55.10913327	11
Porites_evermani_scaffold_180	341723	345747	gene-Peve_00011162	.	0
Porites_evermani_scaffold_180	359357	367009	gene-Peve_00011164	40	1
Porites_evermani_scaffold_180	372972	379637	gene-Peve_00011165	3.409856152	33
Porites_evermani_scaffold_1800	819	7974	gene-Peve_00011189	1.79857105	199
Porites_evermani_scaffold_1800	14170	43325	gene-Peve_00011190	0.6451842998	537
Porites_evermani_scaffold_1800	49088	62064	gene-Peve_00011182	21.32183911	138
Porites_evermani_scaffold_1800	63659	66380	gene-Peve_00011183	0.07262164198	81
Porites_evermani_scaffold_1800	68460	69832	gene-Peve_00011184	2.481684969	32
Porites_evermani_scaffold_1800	75074	75921	gene-Peve_00011185	1.422663387	31
Porites_evermani_scaffold_1800	77754	92897	gene-Peve_00011186	1.316775885	243
Porites_evermani_scaffold_1800	94513	95311	gene-Peve_00011187	0.4392712632	38
Porites_evermani_scaffold_1800	99739	102925	gene-Peve_00011191	54.0914417	44
Porites_evermani_scaffold_1801	19002	21296	gene-Peve_00011192	0	57
Porites_evermani_scaffold_1801	24058	24846	gene-Peve_00011194	0	25
Porites_evermani_scaffold_1801	59077	64915	gene-Peve_00011195	0.313550425	160
Porites_evermani_scaffold_1801	71378	72812	gene-Peve_00011196	0.08912656863	51
Porites_evermani_scaffold_1801	74604	97168	gene-Peve_00011193	18.41958444	298
Porites_evermani_scaffold_1802	16917	18339	gene-Peve_00011206	1.763389062	16
Porites_evermani_scaffold_1802	29777	30098	gene-Peve_00011198	0	1
Porites_evermani_scaffold_1802	32619	33927	gene-Peve_00011199	0.795756	13
Porites_evermani_scaffold_1802	43428	46849	gene-Peve_00011200	0.08333333333	75
Porites_evermani_scaffold_1802	53369	55244	gene-Peve_00011201	21.10099594	18
Porites_evermani_scaffold_1802	55649	57086	gene-Peve_00011202	0	10
Porites_evermani_scaffold_1802	62713	63946	gene-Peve_00011203	0	42
Porites_evermani_scaffold_1802	78778	80154	gene-Peve_00011205	0.2558479737	38
Porites_evermani_scaffold_1802	88807	92095	gene-Peve_00011204	0.2504957761	67
Porites_evermani_scaffold_1803	19089	36636	gene-Peve_00011208	0.2676345942	685
Porites_evermani_scaffold_1803	40917	45883	gene-Peve_00011214	0.3759627872	47
Porites_evermani_scaffold_1803	46381	48994	gene-Peve_00011215	0.06497726316	19
Porites_evermani_scaffold_1803	67648	67963	gene-Peve_00011210	0	9
Porites_evermani_scaffold_1803	79225	101225	gene-Peve_00011211	1.412980116	387
Porites_evermani_scaffold_1803	82913	83328	gene-Peve_00011212	.	0
Porites_evermani_scaffold_1804	4176	5245	gene-Peve_00011220	.	0
Porites_evermani_scaffold_1804	23707	80023	gene-Peve_00011217	2.353261483	1077
Porites_evermani_scaffold_1804	24908	29634	gene-Peve_00011218	0	23
Porites_evermani_scaffold_1804	75795	81140	gene-Peve_00011219	2.121244469	143
Porites_evermani_scaffold_1805	5095	11385	gene-Peve_00011222	0	2
Porites_evermani_scaffold_1805	18018	19114	gene-Peve_00011230	0.4444444667	15
Porites_evermani_scaffold_1805	19255	23894	gene-Peve_00011231	0.6959707143	35
Porites_evermani_scaffold_1805	26572	26881	gene-Peve_00011223	.	0
Porites_evermani_scaffold_1805	34310	39684	gene-Peve_00011224	0.4823119342	76
Porites_evermani_scaffold_1805	43348	50713	gene-Peve_00011225	25.4587078	10
Porites_evermani_scaffold_1805	58425	64264	gene-Peve_00011226	.	0
Porites_evermani_scaffold_1805	65678	67307	gene-Peve_00011227	.	0
Porites_evermani_scaffold_1805	72942	77289	gene-Peve_00011228	0	40
Porites_evermani_scaffold_1805	97984	99826	gene-Peve_00011229	0.4022885745	47
Porites_evermani_scaffold_1806	1345	2017	gene-Peve_00011234	.	0
Porites_evermani_scaffold_1806	25175	26936	gene-Peve_00011233	.	0
Porites_evermani_scaffold_1806	54561	56537	gene-Peve_00011232	.	0
Porites_evermani_scaffold_1806	57350	58286	gene-Peve_00011235	.	0
Porites_evermani_scaffold_1806	61567	70216	gene-Peve_00011236	0	1
Porites_evermani_scaffold_1806	63360	63603	gene-Peve_00011237	.	0
Porites_evermani_scaffold_1806	70274	71038	gene-Peve_00011238	.	0
Porites_evermani_scaffold_1807	11700	32887	gene-Peve_00011239	19.2988816	10
Porites_evermani_scaffold_1807	45101	47805	gene-Peve_00011243	.	0
Porites_evermani_scaffold_1807	55531	60192	gene-Peve_00011244	0.7615291786	112
Porites_evermani_scaffold_1807	72624	75081	gene-Peve_00011245	1.518522122	41
Porites_evermani_scaffold_1807	77552	83452	gene-Peve_00011240	0.4129076304	138
Porites_evermani_scaffold_1807	90614	91099	gene-Peve_00011241	0	4
Porites_evermani_scaffold_1807	99989	102646	gene-Peve_00011242	2.488320742	66
Porites_evermani_scaffold_1808	6540	9512	gene-Peve_00011246	.	0
Porites_evermani_scaffold_1808	9604	11844	gene-Peve_00011247	.	0
Porites_evermani_scaffold_1808	32563	35075	gene-Peve_00011248	3.537796	11
Porites_evermani_scaffold_1808	49445	50577	gene-Peve_00011249	76.6666665	2
Porites_evermani_scaffold_1808	72873	73615	gene-Peve_00011250	.	0
Porites_evermani_scaffold_1808	77443	84801	gene-Peve_00011252	0.4166666875	16
Porites_evermani_scaffold_1808	95064	99703	gene-Peve_00011253	0.1515151515	33
Porites_evermani_scaffold_1809	5066	13752	gene-Peve_00011255	2.410468273	11
Porites_evermani_scaffold_1809	22624	25966	gene-Peve_00011258	0	7
Porites_evermani_scaffold_1809	77847	78411	gene-Peve_00011257	.	0
Porites_evermani_scaffold_181	8879	20254	gene-Peve_00011279	1.338270067	327
Porites_evermani_scaffold_181	22170	29298	gene-Peve_00011260	0.1311728444	90
Porites_evermani_scaffold_181	35843	37575	gene-Peve_00011259	.	0
Porites_evermani_scaffold_181	43474	53988	gene-Peve_00011261	0.8181684354	147
Porites_evermani_scaffold_181	47111	50063	gene-Peve_00011266	0.8443568824	17
Porites_evermani_scaffold_181	59038	62241	gene-Peve_00011268	0.891078	71
Porites_evermani_scaffold_181	63364	74637	gene-Peve_00011267	36.92699327	173
Porites_evermani_scaffold_181	77558	89936	gene-Peve_00011269	38.51397252	237
Porites_evermani_scaffold_181	90916	103119	gene-Peve_00011270	3.482372601	233
Porites_evermani_scaffold_181	105277	111781	gene-Peve_00011271	0.6235041073	177
Porites_evermani_scaffold_181	119864	122138	gene-Peve_00011272	0.4171881489	47
Porites_evermani_scaffold_181	129324	139451	gene-Peve_00011273	23.75220742	92
Porites_evermani_scaffold_181	149524	160609	gene-Peve_00011274	0.4871489102	245
Porites_evermani_scaffold_181	168824	178807	gene-Peve_00011276	0.6190761037	328
Porites_evermani_scaffold_181	180242	245218	gene-Peve_00011277	10.48522493	969
Porites_evermani_scaffold_181	190928	192201	gene-Peve_00011278	57.84090912	8
Porites_evermani_scaffold_181	247982	252104	gene-Peve_00011281	0.9449626238	101
Porites_evermani_scaffold_181	265824	271505	gene-Peve_00011282	50.84632561	62
Porites_evermani_scaffold_181	271716	275730	gene-Peve_00011283	71.22317536	47
Porites_evermani_scaffold_181	310989	337263	gene-Peve_00011286	30.47669332	207
Porites_evermani_scaffold_181	345344	355910	gene-Peve_00011287	0.9077659034	383
Porites_evermani_scaffold_181	367615	368053	gene-Peve_00011289	0.7257867419	31
Porites_evermani_scaffold_181	370332	371352	gene-Peve_00011290	11.78318866	41
Porites_evermani_scaffold_181	372875	374338	gene-Peve_00011291	39.44863377	73
Porites_evermani_scaffold_181	376125	376506	gene-Peve_00011292	45.37556652	23
Porites_evermani_scaffold_181	380902	383648	gene-Peve_00011262	17.50663927	121
Porites_evermani_scaffold_181	385649	390356	gene-Peve_00011263	2.393844644	101
Porites_evermani_scaffold_181	386762	387129	gene-Peve_00011264	8.571428571	14
Porites_evermani_scaffold_1810	13770	17892	gene-Peve_00011297	0.2561508	100
Porites_evermani_scaffold_1810	46091	48554	gene-Peve_00011293	0.3816476852	54
Porites_evermani_scaffold_1810	54650	58752	gene-Peve_00011294	0.1891891892	74
Porites_evermani_scaffold_1810	65734	72764	gene-Peve_00011295	5.802191199	176
Porites_evermani_scaffold_1810	91668	95650	gene-Peve_00011296	0.6817391698	106
Porites_evermani_scaffold_1811	894	19917	gene-Peve_00011298	12.1422716	121
Porites_evermani_scaffold_1811	19803	89275	gene-Peve_00011299	4.560010212	1258
Porites_evermani_scaffold_1811	70964	71831	gene-Peve_00011300	0	1
Porites_evermani_scaffold_1812	3656	24273	gene-Peve_00011308	93.44352618	11
Porites_evermani_scaffold_1812	24615	44060	gene-Peve_00011309	37.50480276	244
Porites_evermani_scaffold_1812	57836	58139	gene-Peve_00011302	0	2
Porites_evermani_scaffold_1812	60708	72391	gene-Peve_00011304	0.5170831443	291
Porites_evermani_scaffold_1812	73190	84212	gene-Peve_00011305	63.89912243	102
Porites_evermani_scaffold_1812	86959	94296	gene-Peve_00011306	0.5129419036	166
Porites_evermani_scaffold_1812	98994	103070	gene-Peve_00011307	84.3252639	41
Porites_evermani_scaffold_1813	2111	3188	gene-Peve_00011310	0	24
Porites_evermani_scaffold_1813	16015	25497	gene-Peve_00011313	1.815694539	193
Porites_evermani_scaffold_1813	33840	39488	gene-Peve_00011314	0.3747623077	104
Porites_evermani_scaffold_1813	58733	59638	gene-Peve_00011315	.	0
Porites_evermani_scaffold_1813	82005	82317	gene-Peve_00011311	.	0
Porites_evermani_scaffold_1813	88317	88707	gene-Peve_00011312	.	0
Porites_evermani_scaffold_1814	4148	5592	gene-Peve_00011319	20.26609006	18
Porites_evermani_scaffold_1814	35040	38266	gene-Peve_00011316	0.8712121	20
Porites_evermani_scaffold_1814	40475	41147	gene-Peve_00011317	0	7
Porites_evermani_scaffold_1814	42269	43175	gene-Peve_00011318	0	9
Porites_evermani_scaffold_1814	46944	47616	gene-Peve_00011321	.	0
Porites_evermani_scaffold_1814	48734	49577	gene-Peve_00011322	.	0
Porites_evermani_scaffold_1814	57141	60277	gene-Peve_00011320	0.3217237273	66
Porites_evermani_scaffold_1814	63886	67318	gene-Peve_00011323	0.38690475	40
Porites_evermani_scaffold_1814	67964	70488	gene-Peve_00011324	0	1
Porites_evermani_scaffold_1815	13789	16705	gene-Peve_00011325	1.117491755	106
Porites_evermani_scaffold_1815	38636	47633	gene-Peve_00011327	1.940651757	263
Porites_evermani_scaffold_1815	53592	65502	gene-Peve_00011328	0.7848672965	317
Porites_evermani_scaffold_1816	16250	16930	gene-Peve_00011338	.	0
Porites_evermani_scaffold_1816	17479	17953	gene-Peve_00011339	12.4542125	6
Porites_evermani_scaffold_1816	41819	42698	gene-Peve_00011331	0	8
Porites_evermani_scaffold_1816	45238	45628	gene-Peve_00011332	0.462662375	16
Porites_evermani_scaffold_1816	46039	46584	gene-Peve_00011333	0.3868646316	19
Porites_evermani_scaffold_1816	60328	64596	gene-Peve_00011334	0.5963726803	122
Porites_evermani_scaffold_1816	74669	75554	gene-Peve_00011335	0	7
Porites_evermani_scaffold_1816	90981	91962	gene-Peve_00011336	.	0
Porites_evermani_scaffold_1817	0	573	gene-Peve_00011340	0	2
Porites_evermani_scaffold_1817	6881	13437	gene-Peve_00011343	80.89556137	30
Porites_evermani_scaffold_1817	14854	34628	gene-Peve_00011346	51.33036122	55
Porites_evermani_scaffold_1817	18404	19603	gene-Peve_00011347	50.17601429	7
Porites_evermani_scaffold_1817	34811	41168	gene-Peve_00011348	7.502241934	76
Porites_evermani_scaffold_1817	47487	54882	gene-Peve_00011349	87.60659543	51
Porites_evermani_scaffold_1817	56045	57137	gene-Peve_00011350	0.3095238	50
Porites_evermani_scaffold_1817	64779	65469	gene-Peve_00011342	96.4285715	2
Porites_evermani_scaffold_1817	66073	66838	gene-Peve_00011341	0	15
Porites_evermani_scaffold_1817	72084	72879	gene-Peve_00011344	0	7
Porites_evermani_scaffold_1817	80032	99816	gene-Peve_00011345	27.19694683	182
Porites_evermani_scaffold_1818	707	5343	gene-Peve_00011351	2.419840378	156
Porites_evermani_scaffold_1818	41804	42275	gene-Peve_00011352	.	0
Porites_evermani_scaffold_1818	45192	45663	gene-Peve_00011353	.	0
Porites_evermani_scaffold_1818	55370	55808	gene-Peve_00011355	3.53973485	20
Porites_evermani_scaffold_1818	57780	59725	gene-Peve_00011356	0	17
Porites_evermani_scaffold_1818	60616	61316	gene-Peve_00011357	0	6
Porites_evermani_scaffold_1819	1236	4572	gene-Peve_00011362	0	14
Porites_evermani_scaffold_1819	8545	14371	gene-Peve_00011371	1.388888833	12
Porites_evermani_scaffold_1819	22200	25280	gene-Peve_00011370	2.238881326	46
Porites_evermani_scaffold_1819	41455	79440	gene-Peve_00011363	0.9131524851	672
Porites_evermani_scaffold_1819	80268	80583	gene-Peve_00011364	.	0
Porites_evermani_scaffold_1819	85210	85750	gene-Peve_00011366	.	0
Porites_evermani_scaffold_1819	88913	90169	gene-Peve_00011367	0	13
Porites_evermani_scaffold_1819	93016	98169	gene-Peve_00011369	0.2848502883	111
Porites_evermani_scaffold_182	531	4765	gene-Peve_00011372	0.7255583472	144
Porites_evermani_scaffold_182	8258	9185	gene-Peve_00011377	0	33
Porites_evermani_scaffold_182	16577	29647	gene-Peve_00011398	38.71542201	135
Porites_evermani_scaffold_182	30318	33754	gene-Peve_00011401	61.75086706	35
Porites_evermani_scaffold_182	35042	42560	gene-Peve_00011373	57.19170105	62
Porites_evermani_scaffold_182	43039	72146	gene-Peve_00011375	38.82088677	342
Porites_evermani_scaffold_182	73605	73932	gene-Peve_00011376	.	0
Porites_evermani_scaffold_182	75203	78642	gene-Peve_00011378	1.816610667	126
Porites_evermani_scaffold_182	81732	88267	gene-Peve_00011379	17.49141568	99
Porites_evermani_scaffold_182	95727	111943	gene-Peve_00011380	0.7653703835	339
Porites_evermani_scaffold_182	108116	108482	gene-Peve_00011381	4.953703667	12
Porites_evermani_scaffold_182	114511	114859	gene-Peve_00011383	0.892857125	8
Porites_evermani_scaffold_182	118227	124101	gene-Peve_00011384	0.2892205804	143
Porites_evermani_scaffold_182	129349	132313	gene-Peve_00011385	0	51
Porites_evermani_scaffold_182	148785	167494	gene-Peve_00011386	0.9853253384	464
Porites_evermani_scaffold_182	150349	151693	gene-Peve_00011387	0	2
Porites_evermani_scaffold_182	178423	211276	gene-Peve_00011388	0.5253665763	734
Porites_evermani_scaffold_182	216268	216985	gene-Peve_00011389	3.13024255	20
Porites_evermani_scaffold_182	220304	250173	gene-Peve_00011390	0.356191841	692
Porites_evermani_scaffold_182	256824	257637	gene-Peve_00011391	0	30
Porites_evermani_scaffold_182	270976	271849	gene-Peve_00011394	0	18
Porites_evermani_scaffold_182	287227	287926	gene-Peve_00011395	.	0
Porites_evermani_scaffold_182	294634	294952	gene-Peve_00011396	0	16
Porites_evermani_scaffold_182	310809	331707	gene-Peve_00011399	0.5547968104	269
Porites_evermani_scaffold_182	338298	340432	gene-Peve_00011400	0.8073488696	69
Porites_evermani_scaffold_182	361099	389992	gene-Peve_00011374	0.3311864293	559
Porites_evermani_scaffold_1820	1791	2145	gene-Peve_00011404	.	0
Porites_evermani_scaffold_1820	5773	6256	gene-Peve_00011407	.	0
Porites_evermani_scaffold_1820	6271	15668	gene-Peve_00011412	3.837749619	21
Porites_evermani_scaffold_1820	16896	19654	gene-Peve_00011416	.	0
Porites_evermani_scaffold_1820	22155	24576	gene-Peve_00011405	.	0
Porites_evermani_scaffold_1820	37370	39066	gene-Peve_00011408	.	0
Porites_evermani_scaffold_1820	43797	45942	gene-Peve_00011409	.	0
Porites_evermani_scaffold_1820	48632	51576	gene-Peve_00011410	.	0
Porites_evermani_scaffold_1820	53684	56865	gene-Peve_00011411	0	27
Porites_evermani_scaffold_1820	67344	68289	gene-Peve_00011413	0	2
Porites_evermani_scaffold_1820	73751	81840	gene-Peve_00011414	0	1
Porites_evermani_scaffold_1820	98345	99209	gene-Peve_00011415	.	0
Porites_evermani_scaffold_1821	5480	29697	gene-Peve_00011421	0.559448466	427
Porites_evermani_scaffold_1821	38810	40315	gene-Peve_00011423	15.52633663	59
Porites_evermani_scaffold_1821	42200	42791	gene-Peve_00011424	0.7054673889	18
Porites_evermani_scaffold_1821	48557	57894	gene-Peve_00011417	0.4874969458	240
Porites_evermani_scaffold_1821	81320	81842	gene-Peve_00011418	7.255960538	13
Porites_evermani_scaffold_1821	83612	85253	gene-Peve_00011419	6.953429082	49
Porites_evermani_scaffold_1821	93419	102230	gene-Peve_00011420	1.022336654	162
Porites_evermani_scaffold_1822	3603	7667	gene-Peve_00011425	0.3362708701	77
Porites_evermani_scaffold_1822	12490	23691	gene-Peve_00011429	4.614698564	101
Porites_evermani_scaffold_1822	35758	36250	gene-Peve_00011430	19.41794111	9
Porites_evermani_scaffold_1822	41001	61131	gene-Peve_00011431	6.756992937	16
Porites_evermani_scaffold_1822	67020	80281	gene-Peve_00011426	.	0
Porites_evermani_scaffold_1822	96690	97626	gene-Peve_00011427	3.839364259	27
Porites_evermani_scaffold_1823	35	2903	gene-Peve_00011432	0.3150384138	58
Porites_evermani_scaffold_1823	13680	15015	gene-Peve_00011438	.	0
Porites_evermani_scaffold_1823	17970	18276	gene-Peve_00011433	0.9259258889	9
Porites_evermani_scaffold_1823	22936	31557	gene-Peve_00011434	0.4178496844	301
Porites_evermani_scaffold_1823	47250	69122	gene-Peve_00011435	0.7787626513	433
Porites_evermani_scaffold_1823	81909	85434	gene-Peve_00011436	0.2282825619	105
Porites_evermani_scaffold_1823	90141	97515	gene-Peve_00011437	0.3752111007	268
Porites_evermani_scaffold_1824	3454	28229	gene-Peve_00011439	36.18821562	50
Porites_evermani_scaffold_1824	41277	49981	gene-Peve_00011442	.	0
Porites_evermani_scaffold_1824	50883	53628	gene-Peve_00011441	.	0
Porites_evermani_scaffold_1824	69103	82567	gene-Peve_00011443	71.6503497	10
Porites_evermani_scaffold_1825	521	6430	gene-Peve_00011444	.	0
Porites_evermani_scaffold_1825	7087	33961	gene-Peve_00011447	.	0
Porites_evermani_scaffold_1825	78896	102454	gene-Peve_00011446	0.3472222222	18
Porites_evermani_scaffold_1826	47	7225	gene-Peve_00011448	42.14514046	57
Porites_evermani_scaffold_1826	8310	12527	gene-Peve_00011454	46.55229138	55
Porites_evermani_scaffold_1826	15391	28469	gene-Peve_00011455	63.92068744	167
Porites_evermani_scaffold_1826	31714	32236	gene-Peve_00011449	0	1
Porites_evermani_scaffold_1826	33227	40288	gene-Peve_00011450	.	0
Porites_evermani_scaffold_1826	45021	48265	gene-Peve_00011451	84.68790478	9
Porites_evermani_scaffold_1826	52364	55243	gene-Peve_00011452	40	5
Porites_evermani_scaffold_1826	78005	94113	gene-Peve_00011453	39.76203031	199
Porites_evermani_scaffold_1827	2208	3144	gene-Peve_00011456	0.8940460789	38
Porites_evermani_scaffold_1827	6618	28861	gene-Peve_00011462	0.5257039381	307
Porites_evermani_scaffold_1827	39306	49771	gene-Peve_00011463	1.459717146	261
Porites_evermani_scaffold_1827	54470	60568	gene-Peve_00011457	48.62372311	46
Porites_evermani_scaffold_1827	62559	63570	gene-Peve_00011458	26.48371727	15
Porites_evermani_scaffold_1827	63860	90042	gene-Peve_00011459	33.94683325	125
Porites_evermani_scaffold_1827	92969	95146	gene-Peve_00011460	0	16
Porites_evermani_scaffold_1827	96703	100623	gene-Peve_00011461	58.181818	2
Porites_evermani_scaffold_1828	4482	5238	gene-Peve_00011467	.	0
Porites_evermani_scaffold_1828	7630	9004	gene-Peve_00011470	0	20
Porites_evermani_scaffold_1828	13630	26454	gene-Peve_00011464	2.505786121	132
Porites_evermani_scaffold_1828	31634	43089	gene-Peve_00011465	57.62255815	109
Porites_evermani_scaffold_1828	48312	68482	gene-Peve_00011466	42.84236117	180
Porites_evermani_scaffold_1828	69240	86440	gene-Peve_00011468	34.83343043	130
Porites_evermani_scaffold_1829	5949	6288	gene-Peve_00011471	47.81468525	4
Porites_evermani_scaffold_1829	7417	10941	gene-Peve_00011477	73.79976161	64
Porites_evermani_scaffold_1829	13362	13981	gene-Peve_00011481	76.67779125	8
Porites_evermani_scaffold_1829	15187	16966	gene-Peve_00011482	48.33851305	21
Porites_evermani_scaffold_1829	20242	21220	gene-Peve_00011483	92.78340714	14
Porites_evermani_scaffold_1829	25994	26840	gene-Peve_00011472	90.909091	2
Porites_evermani_scaffold_1829	33099	34204	gene-Peve_00011473	.	0
Porites_evermani_scaffold_1829	38810	42437	gene-Peve_00011474	57.0173445	10
Porites_evermani_scaffold_1829	43710	44199	gene-Peve_00011475	88.235294	1
Porites_evermani_scaffold_1829	44631	45606	gene-Peve_00011476	.	0
Porites_evermani_scaffold_1829	68036	68554	gene-Peve_00011478	61.96047544	25
Porites_evermani_scaffold_1829	80755	83038	gene-Peve_00011479	78.73291591	44
Porites_evermani_scaffold_1829	85535	87092	gene-Peve_00011480	74.650197	20
Porites_evermani_scaffold_183	209	2059	gene-Peve_00011484	0	9
Porites_evermani_scaffold_183	8469	10839	gene-Peve_00011497	0	5
Porites_evermani_scaffold_183	22965	23829	gene-Peve_00011505	8.353119033	30
Porites_evermani_scaffold_183	24432	24957	gene-Peve_00011507	4.328722	20
Porites_evermani_scaffold_183	42336	48675	gene-Peve_00011509	1.885511125	192
Porites_evermani_scaffold_183	67862	77856	gene-Peve_00011496	0.3083466263	99
Porites_evermani_scaffold_183	85884	86472	gene-Peve_00011498	0	1
Porites_evermani_scaffold_183	90259	93350	gene-Peve_00011500	1.113073983	59
Porites_evermani_scaffold_183	105819	121547	gene-Peve_00011499	0.2812961739	207
Porites_evermani_scaffold_183	134699	135663	gene-Peve_00011501	.	0
Porites_evermani_scaffold_183	136309	139571	gene-Peve_00011502	1.052631579	19
Porites_evermani_scaffold_183	161863	180238	gene-Peve_00011504	0.414945553	443
Porites_evermani_scaffold_183	188283	201708	gene-Peve_00011503	0.7079371004	468
Porites_evermani_scaffold_183	213623	216729	gene-Peve_00011506	.	0
Porites_evermani_scaffold_183	218440	219874	gene-Peve_00011508	.	0
Porites_evermani_scaffold_183	220578	221434	gene-Peve_00011510	11.25189721	24
Porites_evermani_scaffold_183	222386	222884	gene-Peve_00011511	0	8
Porites_evermani_scaffold_183	238018	239498	gene-Peve_00011512	63.71025521	42
Porites_evermani_scaffold_183	239901	241427	gene-Peve_00011513	47.6584527	30
Porites_evermani_scaffold_183	243676	245019	gene-Peve_00011514	26.67815847	19
Porites_evermani_scaffold_183	247160	248926	gene-Peve_00011515	31.98519006	31
Porites_evermani_scaffold_183	267237	267778	gene-Peve_00011517	48.2147164	10
Porites_evermani_scaffold_183	272622	273134	gene-Peve_00011518	52.92624043	14
Porites_evermani_scaffold_183	275398	276760	gene-Peve_00011519	.	0
Porites_evermani_scaffold_183	279207	280289	gene-Peve_00011485	64.1675241	21
Porites_evermani_scaffold_183	288857	289253	gene-Peve_00011486	75.08785329	7
Porites_evermani_scaffold_183	289635	289947	gene-Peve_00011487	36.18881125	4
Porites_evermani_scaffold_183	290318	290957	gene-Peve_00011488	.	0
Porites_evermani_scaffold_183	292984	295408	gene-Peve_00011489	.	0
Porites_evermani_scaffold_183	309437	310310	gene-Peve_00011491	47.1212122	5
Porites_evermani_scaffold_183	322012	337966	gene-Peve_00011493	9.6795717	307
Porites_evermani_scaffold_183	351998	372977	gene-Peve_00011494	81.25230971	282
Porites_evermani_scaffold_1830	6577	16546	gene-Peve_00011523	0.969570973	37
Porites_evermani_scaffold_1830	34008	58210	gene-Peve_00011524	0.4309207628	156
Porites_evermani_scaffold_1830	67807	71614	gene-Peve_00011520	.	0
Porites_evermani_scaffold_1830	76765	92211	gene-Peve_00011521	.	0
Porites_evermani_scaffold_1830	80871	87392	gene-Peve_00011522	.	0
Porites_evermani_scaffold_1831	56	7755	gene-Peve_00011525	20.2307692	10
Porites_evermani_scaffold_1831	25858	27107	gene-Peve_00011526	0.7755102	35
Porites_evermani_scaffold_1831	32590	98566	gene-Peve_00011527	1.025398033	929
Porites_evermani_scaffold_1832	77	22964	gene-Peve_00011528	1.228263254	59
Porites_evermani_scaffold_1832	24690	25773	gene-Peve_00011529	13.41879506	18
Porites_evermani_scaffold_1832	31266	89493	gene-Peve_00011530	1.788526145	407
Porites_evermani_scaffold_1833	10759	11287	gene-Peve_00011532	0	20
Porites_evermani_scaffold_1833	39588	39975	gene-Peve_00011537	0	3
Porites_evermani_scaffold_1833	50286	52407	gene-Peve_00011533	2.611382442	52
Porites_evermani_scaffold_1833	60550	60958	gene-Peve_00011534	0	14
Porites_evermani_scaffold_1833	65421	67962	gene-Peve_00011535	0	1
Porites_evermani_scaffold_1833	68991	70031	gene-Peve_00011536	.	0
Porites_evermani_scaffold_1834	10449	13813	gene-Peve_00011538	81.70600169	16
Porites_evermani_scaffold_1834	41810	48055	gene-Peve_00011539	36.37342319	77
Porites_evermani_scaffold_1834	52601	56605	gene-Peve_00011540	0.7894459237	131
Porites_evermani_scaffold_1834	62693	64772	gene-Peve_00011541	.	0
Porites_evermani_scaffold_1834	69614	70622	gene-Peve_00011542	.	0
Porites_evermani_scaffold_1834	74177	76136	gene-Peve_00011543	.	0
Porites_evermani_scaffold_1834	76634	78039	gene-Peve_00011544	4.3560605	4
Porites_evermani_scaffold_1834	87801	88221	gene-Peve_00011545	.	0
Porites_evermani_scaffold_1834	92581	94294	gene-Peve_00011546	.	0
Porites_evermani_scaffold_1835	10242	11115	gene-Peve_00011549	0.4044834474	38
Porites_evermani_scaffold_1835	14967	15315	gene-Peve_00011550	0.1904762	15
Porites_evermani_scaffold_1835	32407	87003	gene-Peve_00011551	3.857022078	1266
Porites_evermani_scaffold_1835	96561	97478	gene-Peve_00011548	2.284602394	33
Porites_evermani_scaffold_1836	2	3920	gene-Peve_00011552	8.36828334	50
Porites_evermani_scaffold_1836	6088	27544	gene-Peve_00011556	0.2911085333	465
Porites_evermani_scaffold_1836	28612	34749	gene-Peve_00011561	27.90910654	97
Porites_evermani_scaffold_1836	35077	46216	gene-Peve_00011562	14.6312467	205
Porites_evermani_scaffold_1836	47996	50880	gene-Peve_00011554	74.73063978	9
Porites_evermani_scaffold_1836	53496	56013	gene-Peve_00011553	100	1
Porites_evermani_scaffold_1836	56887	58925	gene-Peve_00011555	45.50272638	16
Porites_evermani_scaffold_1836	62544	65837	gene-Peve_00011557	0.422173978	91
Porites_evermani_scaffold_1836	71511	71921	gene-Peve_00011558	0	15
Porites_evermani_scaffold_1836	80522	84067	gene-Peve_00011559	0.416480069	87
Porites_evermani_scaffold_1836	96600	97680	gene-Peve_00011560	0.3345671346	52
Porites_evermani_scaffold_1837	32675	40027	gene-Peve_00011565	0	12
Porites_evermani_scaffold_1837	64239	69091	gene-Peve_00011563	0	16
Porites_evermani_scaffold_1837	96776	101493	gene-Peve_00011564	0.3134796207	29
Porites_evermani_scaffold_1838	1899	22413	gene-Peve_00011566	0.4840397755	49
Porites_evermani_scaffold_1838	48293	82923	gene-Peve_00011570	7.795758906	64
Porites_evermani_scaffold_1838	50581	50981	gene-Peve_00011567	25	2
Porites_evermani_scaffold_1838	98652	101038	gene-Peve_00011569	1.280652647	34
Porites_evermani_scaffold_1839	11866	12181	gene-Peve_00011576	.	0
Porites_evermani_scaffold_1839	12736	23105	gene-Peve_00011577	0.5895055191	131
Porites_evermani_scaffold_1839	26123	37175	gene-Peve_00011578	0.874625094	117
Porites_evermani_scaffold_1839	41902	43096	gene-Peve_00011571	30	1
Porites_evermani_scaffold_1839	44839	46487	gene-Peve_00011572	0	11
Porites_evermani_scaffold_1839	89762	90425	gene-Peve_00011574	0	25
Porites_evermani_scaffold_1839	100454	101243	gene-Peve_00011575	.	0
Porites_evermani_scaffold_184	26	2212	gene-Peve_00011579	0.6275578358	67
Porites_evermani_scaffold_184	51377	64381	gene-Peve_00011582	83.46098615	87
Porites_evermani_scaffold_184	92339	96434	gene-Peve_00011580	1.938339476	42
Porites_evermani_scaffold_184	111710	127309	gene-Peve_00011581	0.1416029486	214
Porites_evermani_scaffold_184	203086	226722	gene-Peve_00011583	26.88681736	264
Porites_evermani_scaffold_184	232197	248536	gene-Peve_00011584	86.78593447	74
Porites_evermani_scaffold_184	290435	291482	gene-Peve_00011585	.	0
Porites_evermani_scaffold_184	296039	296551	gene-Peve_00011587	0	11
Porites_evermani_scaffold_184	326895	327198	gene-Peve_00011588	.	0
Porites_evermani_scaffold_184	345967	361036	gene-Peve_00011589	17.73310024	122
Porites_evermani_scaffold_184	372535	380224	gene-Peve_00011590	82.91441013	96
Porites_evermani_scaffold_1840	6546	8673	gene-Peve_00011591	81.21744476	55
Porites_evermani_scaffold_1840	12486	15681	gene-Peve_00011599	65.75615593	57
Porites_evermani_scaffold_1840	16705	21072	gene-Peve_00011601	63.99539046	118
Porites_evermani_scaffold_1840	24748	25444	gene-Peve_00011593	62.86268133	12
Porites_evermani_scaffold_1840	25739	26493	gene-Peve_00011592	79.55001456	9
Porites_evermani_scaffold_1840	31470	31944	gene-Peve_00011594	80.56584028	18
Porites_evermani_scaffold_1840	35937	37045	gene-Peve_00011595	31.09792992	12
Porites_evermani_scaffold_1840	50506	52794	gene-Peve_00011596	52.12295724	33
Porites_evermani_scaffold_1840	58550	59246	gene-Peve_00011597	67.400598	31
Porites_evermani_scaffold_1840	60054	61906	gene-Peve_00011598	14.61884833	18
Porites_evermani_scaffold_1841	15901	17905	gene-Peve_00011608	0.4817397931	29
Porites_evermani_scaffold_1841	24385	26361	gene-Peve_00011609	0	19
Porites_evermani_scaffold_1841	46347	47043	gene-Peve_00011602	0	2
Porites_evermani_scaffold_1841	51003	59197	gene-Peve_00011603	36.83400221	133
Porites_evermani_scaffold_1841	57245	58033	gene-Peve_00011604	32.65066479	14
Porites_evermani_scaffold_1841	82574	84715	gene-Peve_00011605	48.56888181	16
Porites_evermani_scaffold_1842	5	9314	gene-Peve_00011610	0.8891113858	254
Porites_evermani_scaffold_1842	10519	62480	gene-Peve_00011611	12.9004043	737
Porites_evermani_scaffold_1842	63036	72007	gene-Peve_00011612	63.81022732	75
Porites_evermani_scaffold_1842	73763	74826	gene-Peve_00011613	.	0
Porites_evermani_scaffold_1842	77783	85006	gene-Peve_00011614	66.5855869	113
Porites_evermani_scaffold_1842	85174	101031	gene-Peve_00011615	44.11844255	161
Porites_evermani_scaffold_1843	8107	16972	gene-Peve_00011622	47.47700462	50
Porites_evermani_scaffold_1843	19586	20454	gene-Peve_00011623	89.79966333	9
Porites_evermani_scaffold_1843	23908	25125	gene-Peve_00011624	0.1893939375	48
Porites_evermani_scaffold_1843	48027	50661	gene-Peve_00011616	0.09803922059	68
Porites_evermani_scaffold_1843	61207	64562	gene-Peve_00011617	.	0
Porites_evermani_scaffold_1843	77368	78449	gene-Peve_00011620	0	2
Porites_evermani_scaffold_1843	87605	91942	gene-Peve_00011621	.	0
Porites_evermani_scaffold_1844	1504	2845	gene-Peve_00011626	0	3
Porites_evermani_scaffold_1844	19322	20242	gene-Peve_00011633	.	0
Porites_evermani_scaffold_1844	23045	27707	gene-Peve_00011634	80.42977017	35
Porites_evermani_scaffold_1844	38663	42878	gene-Peve_00011627	0.3590263191	141
Porites_evermani_scaffold_1844	64039	71456	gene-Peve_00011628	0.3984581935	62
Porites_evermani_scaffold_1844	80770	81195	gene-Peve_00011630	.	0
Porites_evermani_scaffold_1844	82503	84037	gene-Peve_00011631	.	0
Porites_evermani_scaffold_1844	86818	100364	gene-Peve_00011632	19.23244349	75
Porites_evermani_scaffold_1845	7389	8666	gene-Peve_00011635	26.66666667	3
Porites_evermani_scaffold_1845	41624	42458	gene-Peve_00011647	.	0
Porites_evermani_scaffold_1845	43534	44577	gene-Peve_00011636	.	0
Porites_evermani_scaffold_1845	45766	49975	gene-Peve_00011637	.	0
Porites_evermani_scaffold_1845	46601	47123	gene-Peve_00011638	.	0
Porites_evermani_scaffold_1845	55864	56176	gene-Peve_00011639	.	0
Porites_evermani_scaffold_1845	60760	61115	gene-Peve_00011640	.	0
Porites_evermani_scaffold_1845	69845	71124	gene-Peve_00011641	.	0
Porites_evermani_scaffold_1845	72110	72927	gene-Peve_00011642	.	0
Porites_evermani_scaffold_1845	77840	79277	gene-Peve_00011643	.	0
Porites_evermani_scaffold_1845	94019	95075	gene-Peve_00011644	85	2
Porites_evermani_scaffold_1846	298	17528	gene-Peve_00011648	6.875181086	220
Porites_evermani_scaffold_1846	17925	18885	gene-Peve_00011653	0	17
Porites_evermani_scaffold_1846	31306	32377	gene-Peve_00011654	72.727273	1
Porites_evermani_scaffold_1846	37815	38970	gene-Peve_00011649	.	0
Porites_evermani_scaffold_1846	42891	52272	gene-Peve_00011650	0	5
Porites_evermani_scaffold_1846	62394	67204	gene-Peve_00011651	1.760722613	75
Porites_evermani_scaffold_1846	97000	99448	gene-Peve_00011652	.	0
Porites_evermani_scaffold_1847	4048	5432	gene-Peve_00011662	0	4
Porites_evermani_scaffold_1847	9535	13170	gene-Peve_00011664	1.010959233	103
Porites_evermani_scaffold_1847	37335	39475	gene-Peve_00011655	0.6939255946	111
Porites_evermani_scaffold_1847	55156	58856	gene-Peve_00011656	1.049993956	91
Porites_evermani_scaffold_1847	59932	63342	gene-Peve_00011657	1.667778622	45
Porites_evermani_scaffold_1847	65166	66694	gene-Peve_00011658	0	2
Porites_evermani_scaffold_1847	69096	70495	gene-Peve_00011659	0	2
Porites_evermani_scaffold_1847	77425	96204	gene-Peve_00011660	0.6692878503	461
Porites_evermani_scaffold_1847	93539	94076	gene-Peve_00011663	0.9259258889	9
Porites_evermani_scaffold_1848	4479	6787	gene-Peve_00011667	0	1
Porites_evermani_scaffold_1848	10240	10555	gene-Peve_00011676	.	0
Porites_evermani_scaffold_1848	51019	52855	gene-Peve_00011669	0	1
Porites_evermani_scaffold_1848	54319	55678	gene-Peve_00011670	.	0
Porites_evermani_scaffold_1848	62237	62768	gene-Peve_00011671	49.70624614	7
Porites_evermani_scaffold_1848	66952	69882	gene-Peve_00011673	47.41589805	22
Porites_evermani_scaffold_1848	73773	75099	gene-Peve_00011674	34.6153845	2
Porites_evermani_scaffold_1848	80348	82363	gene-Peve_00011675	73.471698	39
Porites_evermani_scaffold_1849	51	2467	gene-Peve_00011677	.	0
Porites_evermani_scaffold_1849	9964	11665	gene-Peve_00011685	22.39583333	24
Porites_evermani_scaffold_1849	11872	35854	gene-Peve_00011678	11.46749708	279
Porites_evermani_scaffold_1849	31539	32905	gene-Peve_00011679	1.275373917	24
Porites_evermani_scaffold_1849	38266	38668	gene-Peve_00011680	.	0
Porites_evermani_scaffold_1849	43090	45022	gene-Peve_00011681	0	19
Porites_evermani_scaffold_1849	49908	62151	gene-Peve_00011682	0.4691432611	226
Porites_evermani_scaffold_1849	66345	68954	gene-Peve_00011683	0.4383116857	35
Porites_evermani_scaffold_1849	74872	97665	gene-Peve_00011684	1.392614863	211
Porites_evermani_scaffold_185	32	7905	gene-Peve_00011686	0.2941399825	171
Porites_evermani_scaffold_185	16424	43434	gene-Peve_00011687	0.5727140268	596
Porites_evermani_scaffold_185	48449	49382	gene-Peve_00011721	0.1594896364	33
Porites_evermani_scaffold_185	68923	71098	gene-Peve_00011697	0.3338675208	48
Porites_evermani_scaffold_185	76085	86638	gene-Peve_00011698	41.54326986	166
Porites_evermani_scaffold_185	88975	113383	gene-Peve_00011699	3.171631856	528
Porites_evermani_scaffold_185	122411	124782	gene-Peve_00011700	0.7189542529	87
Porites_evermani_scaffold_185	130793	147258	gene-Peve_00011701	53.03559808	111
Porites_evermani_scaffold_185	156379	157315	gene-Peve_00011702	0.3181974706	34
Porites_evermani_scaffold_185	160133	161075	gene-Peve_00011703	0.4036458438	32
Porites_evermani_scaffold_185	162393	169508	gene-Peve_00011704	0.9569507726	277
Porites_evermani_scaffold_185	172141	177589	gene-Peve_00011705	25.33667678	18
Porites_evermani_scaffold_185	180742	181801	gene-Peve_00011707	.	0
Porites_evermani_scaffold_185	190948	192203	gene-Peve_00011708	38.41354727	11
Porites_evermani_scaffold_185	196855	197293	gene-Peve_00011709	70.89358	7
Porites_evermani_scaffold_185	203862	204454	gene-Peve_00011710	85.11677	19
Porites_evermani_scaffold_185	207320	208144	gene-Peve_00011711	72.4280002	15
Porites_evermani_scaffold_185	208387	212288	gene-Peve_00011712	74.63019353	88
Porites_evermani_scaffold_185	220079	220778	gene-Peve_00011714	64.55407015	52
Porites_evermani_scaffold_185	233723	237744	gene-Peve_00011716	69.44342653	72
Porites_evermani_scaffold_185	239760	240895	gene-Peve_00011717	72.14493943	30
Porites_evermani_scaffold_185	241436	242365	gene-Peve_00011718	74.07550725	4
Porites_evermani_scaffold_185	243618	247656	gene-Peve_00011719	70.27900763	43
Porites_evermani_scaffold_185	249283	249763	gene-Peve_00011720	.	0
Porites_evermani_scaffold_185	259363	262536	gene-Peve_00011723	2.523391366	112
Porites_evermani_scaffold_185	287739	289616	gene-Peve_00011724	49.51414344	16
Porites_evermani_scaffold_185	309281	311203	gene-Peve_00011689	1.111111111	9
Porites_evermani_scaffold_185	319836	320261	gene-Peve_00011690	.	0
Porites_evermani_scaffold_185	333706	334693	gene-Peve_00011691	.	0
Porites_evermani_scaffold_185	356495	357084	gene-Peve_00011692	.	0
Porites_evermani_scaffold_185	362420	369292	gene-Peve_00011693	.	0
Porites_evermani_scaffold_185	371017	372102	gene-Peve_00011694	50.06748312	17
Porites_evermani_scaffold_185	372135	373054	gene-Peve_00011695	17.36097543	7
Porites_evermani_scaffold_185	382342	382846	gene-Peve_00011696	.	0
Porites_evermani_scaffold_1850	5900	6818	gene-Peve_00011729	0.4166666667	15
Porites_evermani_scaffold_1850	8346	10043	gene-Peve_00011730	.	0
Porites_evermani_scaffold_1850	11858	41736	gene-Peve_00011731	15	2
Porites_evermani_scaffold_1850	44086	45124	gene-Peve_00011725	.	0
Porites_evermani_scaffold_1850	47408	66330	gene-Peve_00011726	0.500356125	72
Porites_evermani_scaffold_1850	66771	69469	gene-Peve_00011727	2.00031334	53
Porites_evermani_scaffold_1850	73316	82996	gene-Peve_00011728	0.2336335599	284
Porites_evermani_scaffold_1851	857	16031	gene-Peve_00011732	0.7053107045	335
Porites_evermani_scaffold_1851	24891	44979	gene-Peve_00011734	39.93737971	327
Porites_evermani_scaffold_1851	51148	53689	gene-Peve_00011735	0	90
Porites_evermani_scaffold_1851	91708	93700	gene-Peve_00011733	0.3174603175	63
Porites_evermani_scaffold_1852	6720	39455	gene-Peve_00011736	17.38065562	476
Porites_evermani_scaffold_1852	44079	47278	gene-Peve_00011738	.	0
Porites_evermani_scaffold_1852	49793	56002	gene-Peve_00011739	56.52065282	40
Porites_evermani_scaffold_1852	57749	63010	gene-Peve_00011740	79.23117921	34
Porites_evermani_scaffold_1852	70339	71418	gene-Peve_00011737	0	26
Porites_evermani_scaffold_1853	14650	15934	gene-Peve_00011747	.	0
Porites_evermani_scaffold_1853	21749	22910	gene-Peve_00011749	.	0
Porites_evermani_scaffold_1853	24310	26808	gene-Peve_00011748	.	0
Porites_evermani_scaffold_1853	28045	29235	gene-Peve_00011741	0	11
Porites_evermani_scaffold_1853	31959	32508	gene-Peve_00011742	.	0
Porites_evermani_scaffold_1853	37742	66129	gene-Peve_00011743	0.8903216456	601
Porites_evermani_scaffold_1853	81283	81844	gene-Peve_00011745	2.434837909	11
Porites_evermani_scaffold_1853	86574	89221	gene-Peve_00011744	0.3787878636	22
Porites_evermani_scaffold_1853	93510	100113	gene-Peve_00011746	0.5641236351	148
Porites_evermani_scaffold_1854	4961	6546	gene-Peve_00011750	0.1424199661	59
Porites_evermani_scaffold_1854	16603	24362	gene-Peve_00011754	3.55802975	80
Porites_evermani_scaffold_1854	31108	31438	gene-Peve_00011757	1.78571425	4
Porites_evermani_scaffold_1854	33560	40393	gene-Peve_00011756	0.4894900276	145
Porites_evermani_scaffold_1854	43179	56554	gene-Peve_00011755	0.2747430687	131
Porites_evermani_scaffold_1854	64257	64656	gene-Peve_00011751	0	2
Porites_evermani_scaffold_1854	81326	82019	gene-Peve_00011752	0.25	20
Porites_evermani_scaffold_1854	93873	99227	gene-Peve_00011753	0.7382290526	19
Porites_evermani_scaffold_1855	1564	14682	gene-Peve_00011758	36.45608815	40
Porites_evermani_scaffold_1855	14943	17318	gene-Peve_00011760	85	2
Porites_evermani_scaffold_1855	21947	26656	gene-Peve_00011761	85.578792	69
Porites_evermani_scaffold_1855	32058	32695	gene-Peve_00011762	1.933066909	22
Porites_evermani_scaffold_1855	49607	52333	gene-Peve_00011763	2.684062449	89
Porites_evermani_scaffold_1855	64402	68999	gene-Peve_00011764	0.1123595506	89
Porites_evermani_scaffold_1855	72176	73046	gene-Peve_00011765	0	13
Porites_evermani_scaffold_1855	83167	93977	gene-Peve_00011759	1.217607928	321
Porites_evermani_scaffold_1856	32468	35048	gene-Peve_00011770	0	17
Porites_evermani_scaffold_1856	44330	63231	gene-Peve_00011766	49.83403955	304
Porites_evermani_scaffold_1856	70803	75471	gene-Peve_00011767	0.4098393832	107
Porites_evermani_scaffold_1856	84178	91869	gene-Peve_00011768	0.9015095026	191
Porites_evermani_scaffold_1857	277	14850	gene-Peve_00011771	91.16161633	3
Porites_evermani_scaffold_1857	24168	35056	gene-Peve_00011773	.	0
Porites_evermani_scaffold_1857	46786	47620	gene-Peve_00011774	.	0
Porites_evermani_scaffold_1857	62231	98890	gene-Peve_00011775	1.825754717	127
Porites_evermani_scaffold_1857	80860	81375	gene-Peve_00011772	10	2
Porites_evermani_scaffold_1858	25531	28740	gene-Peve_00011776	0	93
Porites_evermani_scaffold_1858	30277	39706	gene-Peve_00011777	12.59667071	114
Porites_evermani_scaffold_1858	55893	99304	gene-Peve_00011778	17.21990794	531
Porites_evermani_scaffold_1859	12	358	gene-Peve_00011779	.	0
Porites_evermani_scaffold_1859	1041	2524	gene-Peve_00011782	58.70333147	30
Porites_evermani_scaffold_1859	2542	5382	gene-Peve_00011783	22.81954429	41
Porites_evermani_scaffold_1859	7135	24980	gene-Peve_00011788	1.09429381	379
Porites_evermani_scaffold_1859	40696	42212	gene-Peve_00011780	2.360139846	13
Porites_evermani_scaffold_1859	76258	81147	gene-Peve_00011784	0.4914058041	97
Porites_evermani_scaffold_1859	84986	85811	gene-Peve_00011785	0.4629629444	18
Porites_evermani_scaffold_1859	87870	95455	gene-Peve_00011786	0.8229308634	183
Porites_evermani_scaffold_186	271	27786	gene-Peve_00011789	51.24935793	227
Porites_evermani_scaffold_186	31047	31668	gene-Peve_00011794	1.443381158	19
Porites_evermani_scaffold_186	37469	38680	gene-Peve_00011814	51.68292658	12
Porites_evermani_scaffold_186	46528	47002	gene-Peve_00011790	.	0
Porites_evermani_scaffold_186	49683	60943	gene-Peve_00011791	54.43729743	87
Porites_evermani_scaffold_186	72001	72414	gene-Peve_00011793	86.24708633	6
Porites_evermani_scaffold_186	77335	79612	gene-Peve_00011795	0.2380952414	58
Porites_evermani_scaffold_186	86737	94461	gene-Peve_00011796	46.55306	36
Porites_evermani_scaffold_186	97034	100637	gene-Peve_00011797	1.017071412	97
Porites_evermani_scaffold_186	102596	123753	gene-Peve_00011798	0.5982928799	383
Porites_evermani_scaffold_186	124203	126179	gene-Peve_00011799	0	66
Porites_evermani_scaffold_186	127355	130145	gene-Peve_00011800	0.2782037229	83
Porites_evermani_scaffold_186	133556	154097	gene-Peve_00011801	0.619992063	476
Porites_evermani_scaffold_186	159682	160327	gene-Peve_00011802	0.7692307692	13
Porites_evermani_scaffold_186	171119	172515	gene-Peve_00011803	0.4608294839	31
Porites_evermani_scaffold_186	182644	182977	gene-Peve_00011804	0	5
Porites_evermani_scaffold_186	186748	190559	gene-Peve_00011805	88.81870198	46
Porites_evermani_scaffold_186	192721	199764	gene-Peve_00011806	80.89052905	78
Porites_evermani_scaffold_186	213217	222285	gene-Peve_00011807	58.91097159	122
Porites_evermani_scaffold_186	224399	228116	gene-Peve_00011808	0.1465201531	98
Porites_evermani_scaffold_186	230884	233252	gene-Peve_00011809	0.4841863269	52
Porites_evermani_scaffold_186	233380	279437	gene-Peve_00011810	13.49151272	614
Porites_evermani_scaffold_186	282750	283308	gene-Peve_00011811	0	17
Porites_evermani_scaffold_186	286445	306470	gene-Peve_00011813	0.4855890956	366
Porites_evermani_scaffold_186	320970	338031	gene-Peve_00011812	0.5883608166	409
Porites_evermani_scaffold_186	344136	344702	gene-Peve_00011816	0	5
Porites_evermani_scaffold_186	348820	351076	gene-Peve_00011817	0.3462730842	95
Porites_evermani_scaffold_186	355984	362357	gene-Peve_00011815	59.48283065	52
Porites_evermani_scaffold_186	362453	371682	gene-Peve_00011818	55.22841666	68
Porites_evermani_scaffold_186	374177	385137	gene-Peve_00011819	1.443850265	34
Porites_evermani_scaffold_186	387824	388223	gene-Peve_00011820	.	0
Porites_evermani_scaffold_186	391185	392898	gene-Peve_00011821	.	0
Porites_evermani_scaffold_1860	47400	53630	gene-Peve_00011824	13.25109178	140
Porites_evermani_scaffold_1860	58032	58187	gene-Peve_00011825	0.8888888889	9
Porites_evermani_scaffold_1860	61429	72759	gene-Peve_00011826	0.3573900272	257
Porites_evermani_scaffold_1860	89167	90424	gene-Peve_00011827	.	0
Porites_evermani_scaffold_1861	3364	3988	gene-Peve_00011830	.	0
Porites_evermani_scaffold_1861	22765	23724	gene-Peve_00011833	.	0
Porites_evermani_scaffold_1861	80491	80937	gene-Peve_00011831	.	0
Porites_evermani_scaffold_1861	84931	93818	gene-Peve_00011832	.	0
Porites_evermani_scaffold_1862	1059	5989	gene-Peve_00011836	2	10
Porites_evermani_scaffold_1862	28150	49052	gene-Peve_00011843	3.342531304	260
Porites_evermani_scaffold_1862	53121	55071	gene-Peve_00011838	85	4
Porites_evermani_scaffold_1862	66667	80132	gene-Peve_00011839	2.563304186	140
Porites_evermani_scaffold_1862	77105	78281	gene-Peve_00011840	.	0
Porites_evermani_scaffold_1862	90165	93876	gene-Peve_00011841	1.277777767	30
Porites_evermani_scaffold_1863	1797	2175	gene-Peve_00011844	0	10
Porites_evermani_scaffold_1863	2664	3951	gene-Peve_00011845	0.4231884	30
Porites_evermani_scaffold_1863	7604	10911	gene-Peve_00011846	0.7272736742	89
Porites_evermani_scaffold_1863	42053	57300	gene-Peve_00011847	0.2999924105	95
Porites_evermani_scaffold_1863	83422	84745	gene-Peve_00011849	.	0
Porites_evermani_scaffold_1864	526	6812	gene-Peve_00011851	0.9375	64
Porites_evermani_scaffold_1864	8937	9891	gene-Peve_00011854	0	28
Porites_evermani_scaffold_1864	20058	21705	gene-Peve_00011855	81.16079358	19
Porites_evermani_scaffold_1864	24909	26530	gene-Peve_00011856	.	0
Porites_evermani_scaffold_1864	29344	32722	gene-Peve_00011857	.	0
Porites_evermani_scaffold_1864	37696	59948	gene-Peve_00011858	15.04027457	457
Porites_evermani_scaffold_1864	71741	84486	gene-Peve_00011852	26.76233218	102
Porites_evermani_scaffold_1864	84995	95734	gene-Peve_00011853	57.09963981	31
Porites_evermani_scaffold_1865	8606	9003	gene-Peve_00011859	0.1804655882	17
Porites_evermani_scaffold_1865	36072	37425	gene-Peve_00011860	0	2
Porites_evermani_scaffold_1865	39082	40802	gene-Peve_00011861	.	0
Porites_evermani_scaffold_1865	57178	58517	gene-Peve_00011862	0.8333333	10
Porites_evermani_scaffold_1865	60729	61452	gene-Peve_00011864	0	7
Porites_evermani_scaffold_1866	24679	29388	gene-Peve_00011871	.	0
Porites_evermani_scaffold_1866	37483	46914	gene-Peve_00011870	0.5113736413	92
Porites_evermani_scaffold_1866	65531	78592	gene-Peve_00011866	0.9282144835	91
Porites_evermani_scaffold_1866	71940	74025	gene-Peve_00011867	1.111111111	9
Porites_evermani_scaffold_1866	84641	87433	gene-Peve_00011868	0.4125279516	62
Porites_evermani_scaffold_1866	91138	92023	gene-Peve_00011869	2.412587409	22
Porites_evermani_scaffold_1867	2575	3709	gene-Peve_00011873	.	0
Porites_evermani_scaffold_1867	7883	77695	gene-Peve_00011874	1.018534901	1520
Porites_evermani_scaffold_1868	3781	21506	gene-Peve_00011880	0.7225491303	476
Porites_evermani_scaffold_1868	34368	35779	gene-Peve_00011882	1.73593369	42
Porites_evermani_scaffold_1868	46106	56095	gene-Peve_00011876	22.43137123	111
Porites_evermani_scaffold_1868	56303	68656	gene-Peve_00011877	74.88003112	159
Porites_evermani_scaffold_1868	70826	71279	gene-Peve_00011878	0	13
Porites_evermani_scaffold_1868	88091	89368	gene-Peve_00011881	.	0
Porites_evermani_scaffold_1868	92387	96713	gene-Peve_00011879	2.442279292	24
Porites_evermani_scaffold_1869	894	4600	gene-Peve_00011883	84.47195969	39
Porites_evermani_scaffold_1869	10554	26420	gene-Peve_00011889	20.16179898	85
Porites_evermani_scaffold_1869	29384	30554	gene-Peve_00011890	0	28
Porites_evermani_scaffold_1869	38439	43562	gene-Peve_00011884	0.2125899554	157
Porites_evermani_scaffold_1869	47620	49187	gene-Peve_00011885	1.2049062	25
Porites_evermani_scaffold_1869	50729	53939	gene-Peve_00011886	0.2299008235	102
Porites_evermani_scaffold_1869	63069	66766	gene-Peve_00011887	0.308545859	78
Porites_evermani_scaffold_1869	87416	95970	gene-Peve_00011888	1.424285054	185
Porites_evermani_scaffold_187	7537	10851	gene-Peve_00011898	0.2314995571	70
Porites_evermani_scaffold_187	21822	26349	gene-Peve_00011908	0.048216	61
Porites_evermani_scaffold_187	46867	51018	gene-Peve_00011891	0.6795634792	48
Porites_evermani_scaffold_187	61826	62156	gene-Peve_00011892	.	0
Porites_evermani_scaffold_187	76736	84045	gene-Peve_00011894	0.6218952329	146
Porites_evermani_scaffold_187	92844	93204	gene-Peve_00011895	0	14
Porites_evermani_scaffold_187	108754	117007	gene-Peve_00011899	61.20714702	45
Porites_evermani_scaffold_187	122813	123722	gene-Peve_00011900	0	26
Porites_evermani_scaffold_187	135209	210440	gene-Peve_00011901	3.532637618	1234
Porites_evermani_scaffold_187	226369	232359	gene-Peve_00011904	1.123876098	112
Porites_evermani_scaffold_187	236249	239133	gene-Peve_00011905	0.8616627193	57
Porites_evermani_scaffold_187	248757	264152	gene-Peve_00011906	8.049175328	61
Porites_evermani_scaffold_187	269947	285279	gene-Peve_00011907	53.78048239	122
Porites_evermani_scaffold_187	290597	295375	gene-Peve_00011909	40.5587434	50
Porites_evermani_scaffold_187	295467	301019	gene-Peve_00011910	64.78173106	68
Porites_evermani_scaffold_187	306074	307775	gene-Peve_00011912	66.93688321	28
Porites_evermani_scaffold_187	309925	317279	gene-Peve_00011913	0.05659309677	93
Porites_evermani_scaffold_187	315065	316451	gene-Peve_00011914	.	0
Porites_evermani_scaffold_187	348097	351369	gene-Peve_00011915	0.5640043043	69
Porites_evermani_scaffold_187	377346	378768	gene-Peve_00011916	0.2713585417	48
Porites_evermani_scaffold_187	387450	388749	gene-Peve_00011917	11.15884108	13
Porites_evermani_scaffold_1870	60	20167	gene-Peve_00011919	12.05555552	299
Porites_evermani_scaffold_1870	38280	39966	gene-Peve_00011918	48.48185143	47
Porites_evermani_scaffold_1870	62985	63538	gene-Peve_00011921	0	5
Porites_evermani_scaffold_1870	66059	94252	gene-Peve_00011920	61.991342	48
Porites_evermani_scaffold_1871	12342	14015	gene-Peve_00011923	0.5347593529	17
Porites_evermani_scaffold_1871	15092	15724	gene-Peve_00011924	3.030303	9
Porites_evermani_scaffold_1871	44571	45097	gene-Peve_00011926	40	1
Porites_evermani_scaffold_1871	58865	59288	gene-Peve_00011927	2.5	4
Porites_evermani_scaffold_1872	722	3327	gene-Peve_00011929	.	0
Porites_evermani_scaffold_1872	8767	15818	gene-Peve_00011935	.	0
Porites_evermani_scaffold_1872	50776	53415	gene-Peve_00011930	0.25	40
Porites_evermani_scaffold_1872	54303	54748	gene-Peve_00011933	0	8
Porites_evermani_scaffold_1872	61439	63031	gene-Peve_00011934	.	0
Porites_evermani_scaffold_1872	63936	66612	gene-Peve_00011936	.	0
Porites_evermani_scaffold_1872	80835	81650	gene-Peve_00011937	0	17
Porites_evermani_scaffold_1872	83213	86380	gene-Peve_00011938	0.1207729565	46
Porites_evermani_scaffold_1872	90206	97558	gene-Peve_00011939	1.306895214	192
Porites_evermani_scaffold_1873	6725	22145	gene-Peve_00011946	2.724950468	47
Porites_evermani_scaffold_1873	11549	11984	gene-Peve_00011953	2.021876667	12
Porites_evermani_scaffold_1873	27124	27757	gene-Peve_00011954	0	16
Porites_evermani_scaffold_1873	39642	41106	gene-Peve_00011942	0	7
Porites_evermani_scaffold_1873	43459	44263	gene-Peve_00011943	.	0
Porites_evermani_scaffold_1873	45101	45740	gene-Peve_00011944	.	0
Porites_evermani_scaffold_1873	49736	50759	gene-Peve_00011945	.	0
Porites_evermani_scaffold_1873	67496	68312	gene-Peve_00011947	0	13
Porites_evermani_scaffold_1873	68675	71867	gene-Peve_00011948	15.5128205	6
Porites_evermani_scaffold_1873	74495	93299	gene-Peve_00011950	7.359766145	62
Porites_evermani_scaffold_1873	77933	80729	gene-Peve_00011951	12.67515281	36
Porites_evermani_scaffold_1874	3130	8856	gene-Peve_00011955	.	0
Porites_evermani_scaffold_1874	17617	19726	gene-Peve_00011958	.	0
Porites_evermani_scaffold_1874	50574	55633	gene-Peve_00011959	.	0
Porites_evermani_scaffold_1874	68133	71133	gene-Peve_00011956	.	0
Porites_evermani_scaffold_1874	72647	73495	gene-Peve_00011960	3.6363636	5
Porites_evermani_scaffold_1874	77481	87505	gene-Peve_00011961	0.6273258772	57
Porites_evermani_scaffold_1875	2012	2932	gene-Peve_00011962	0	20
Porites_evermani_scaffold_1875	10225	23064	gene-Peve_00011969	0.2365297972	281
Porites_evermani_scaffold_1875	29149	31017	gene-Peve_00011970	0	23
Porites_evermani_scaffold_1875	36495	37443	gene-Peve_00011971	0	10
Porites_evermani_scaffold_1875	39559	50429	gene-Peve_00011972	1.680015246	211
Porites_evermani_scaffold_1875	52167	57030	gene-Peve_00011963	28.78765745	58
Porites_evermani_scaffold_1875	63475	72568	gene-Peve_00011964	30.31535786	85
Porites_evermani_scaffold_1875	72625	73729	gene-Peve_00011965	18.47690993	14
Porites_evermani_scaffold_1875	76521	80803	gene-Peve_00011966	.	0
Porites_evermani_scaffold_1875	86728	88553	gene-Peve_00011967	37.04428741	41
Porites_evermani_scaffold_1875	89980	93942	gene-Peve_00011968	0	22
Porites_evermani_scaffold_1876	1	4380	gene-Peve_00011973	54.19657003	73
Porites_evermani_scaffold_1876	1749	2142	gene-Peve_00011976	51.57301606	31
Porites_evermani_scaffold_1876	11094	11924	gene-Peve_00011974	.	0
Porites_evermani_scaffold_1876	16241	16817	gene-Peve_00011975	0	14
Porites_evermani_scaffold_1876	27314	28011	gene-Peve_00011977	.	0
Porites_evermani_scaffold_1876	44080	44606	gene-Peve_00011979	58.888889	3
Porites_evermani_scaffold_1876	48041	49985	gene-Peve_00011980	37.40181681	26
Porites_evermani_scaffold_1876	54082	56278	gene-Peve_00011981	59.13032444	32
Porites_evermani_scaffold_1876	69027	74681	gene-Peve_00011982	69.9667779	52
Porites_evermani_scaffold_1876	90947	91832	gene-Peve_00011985	66.2442446	35
Porites_evermani_scaffold_1877	10956	12420	gene-Peve_00011991	0.4201680588	17
Porites_evermani_scaffold_1877	19064	19600	gene-Peve_00011992	0.2976190417	24
Porites_evermani_scaffold_1877	24563	25935	gene-Peve_00011993	0.07579787234	47
Porites_evermani_scaffold_1877	34996	35425	gene-Peve_00011994	0.21052632	25
Porites_evermani_scaffold_1877	39766	43173	gene-Peve_00011995	1.595015393	89
Porites_evermani_scaffold_1877	48604	49132	gene-Peve_00011987	0	19
Porites_evermani_scaffold_1877	62935	63682	gene-Peve_00011988	0.925926	6
Porites_evermani_scaffold_1877	69605	82836	gene-Peve_00011989	0.1568100323	93
Porites_evermani_scaffold_1877	84973	89629	gene-Peve_00011990	40.66669342	64
Porites_evermani_scaffold_1878	16283	17198	gene-Peve_00011998	0.2673796765	34
Porites_evermani_scaffold_1879	1398	4855	gene-Peve_00011999	67.38665728	29
Porites_evermani_scaffold_1879	4935	29504	gene-Peve_00012011	3.970135471	647
Porites_evermani_scaffold_1879	40867	42506	gene-Peve_00012000	3.273906981	54
Porites_evermani_scaffold_1879	52807	55579	gene-Peve_00012001	.	0
Porites_evermani_scaffold_1879	57616	58340	gene-Peve_00012002	0	21
Porites_evermani_scaffold_1879	58469	59712	gene-Peve_00012003	.	0
Porites_evermani_scaffold_1879	64234	64822	gene-Peve_00012004	0	22
Porites_evermani_scaffold_1879	76983	77352	gene-Peve_00012008	0	8
Porites_evermani_scaffold_1879	77451	78087	gene-Peve_00012009	15.65216118	17
Porites_evermani_scaffold_1879	78368	79741	gene-Peve_00012006	0	15
Porites_evermani_scaffold_1879	82994	85198	gene-Peve_00012005	0.43333332	50
Porites_evermani_scaffold_1879	88135	88938	gene-Peve_00012007	0.3496503636	22
Porites_evermani_scaffold_1879	90885	94986	gene-Peve_00012010	0	45
Porites_evermani_scaffold_188	996	1465	gene-Peve_00012015	0	8
Porites_evermani_scaffold_188	2894	15291	gene-Peve_00012020	46.0726492	74
Porites_evermani_scaffold_188	17715	57851	gene-Peve_00012025	21.13282622	373
Porites_evermani_scaffold_188	61551	65582	gene-Peve_00012012	28.25342415	27
Porites_evermani_scaffold_188	70565	71462	gene-Peve_00012013	11.61411048	23
Porites_evermani_scaffold_188	74102	116738	gene-Peve_00012014	26.56789325	669
Porites_evermani_scaffold_188	126586	141691	gene-Peve_00012016	14.33211432	283
Porites_evermani_scaffold_188	159740	162339	gene-Peve_00012018	0.4962351948	77
Porites_evermani_scaffold_188	165069	171545	gene-Peve_00012019	0.3977664709	206
Porites_evermani_scaffold_188	179934	185993	gene-Peve_00012021	0	64
Porites_evermani_scaffold_188	193205	195995	gene-Peve_00012022	0	65
Porites_evermani_scaffold_188	201148	204246	gene-Peve_00012023	0	22
Porites_evermani_scaffold_188	212817	215629	gene-Peve_00012024	0	10
Porites_evermani_scaffold_188	224355	224691	gene-Peve_00012026	2.222222222	9
Porites_evermani_scaffold_188	232570	244368	gene-Peve_00012027	0.3571428571	28
Porites_evermani_scaffold_188	255684	257429	gene-Peve_00012028	0	34
Porites_evermani_scaffold_188	293333	307101	gene-Peve_00012030	8.331882273	315
Porites_evermani_scaffold_188	313466	322913	gene-Peve_00012031	51.1843125	26
Porites_evermani_scaffold_188	322994	329320	gene-Peve_00012032	40.93812858	149
Porites_evermani_scaffold_188	331397	347308	gene-Peve_00012033	0.555306711	474
Porites_evermani_scaffold_188	357528	366978	gene-Peve_00012034	0.2121040781	64
Porites_evermani_scaffold_188	369516	371260	gene-Peve_00012035	.	0
Porites_evermani_scaffold_188	378019	383744	gene-Peve_00012036	5.121926727	11
Porites_evermani_scaffold_188	386379	390710	gene-Peve_00012038	.	0
Porites_evermani_scaffold_1880	631	2701	gene-Peve_00012039	0.2456538095	63
Porites_evermani_scaffold_1880	6564	6885	gene-Peve_00012042	0	8
Porites_evermani_scaffold_1880	20635	26870	gene-Peve_00012045	0.6777595735	211
Porites_evermani_scaffold_1880	34538	35249	gene-Peve_00012046	84.4984688	10
Porites_evermani_scaffold_1880	37091	48984	gene-Peve_00012047	64.84323691	201
Porites_evermani_scaffold_1880	51980	52403	gene-Peve_00012040	.	0
Porites_evermani_scaffold_1880	55733	58379	gene-Peve_00012041	0.2101346489	94
Porites_evermani_scaffold_1880	82589	86954	gene-Peve_00012043	84.9028513	33
Porites_evermani_scaffold_1880	91654	95694	gene-Peve_00012044	32.08684138	60
Porites_evermani_scaffold_1881	10117	16105	gene-Peve_00012048	0	7
Porites_evermani_scaffold_1881	29721	31533	gene-Peve_00012049	.	0
Porites_evermani_scaffold_1881	40879	50808	gene-Peve_00012050	17.67602494	17
Porites_evermani_scaffold_1881	54282	66938	gene-Peve_00012051	.	0
Porites_evermani_scaffold_1881	71103	85045	gene-Peve_00012053	3.687688942	52
Porites_evermani_scaffold_1881	75324	75708	gene-Peve_00012054	.	0
Porites_evermani_scaffold_1881	87013	87910	gene-Peve_00012055	.	0
Porites_evermani_scaffold_1881	93599	97347	gene-Peve_00012056	1.661685211	57
Porites_evermani_scaffold_1882	32170	37964	gene-Peve_00012059	0.4574773555	211
Porites_evermani_scaffold_1882	45671	50832	gene-Peve_00012060	0.1871980725	69
Porites_evermani_scaffold_1882	58341	82420	gene-Peve_00012061	2.752844964	304
Porites_evermani_scaffold_1882	92398	93427	gene-Peve_00012057	0.5	20
Porites_evermani_scaffold_1883	5696	25333	gene-Peve_00012064	3.349380483	58
Porites_evermani_scaffold_1883	31048	51393	gene-Peve_00012068	36.6374513	147
Porites_evermani_scaffold_1883	53531	56815	gene-Peve_00012062	0	25
Porites_evermani_scaffold_1883	57468	58385	gene-Peve_00012063	.	0
Porites_evermani_scaffold_1883	64941	81299	gene-Peve_00012065	5.826391868	197
Porites_evermani_scaffold_1883	84726	88460	gene-Peve_00012067	.	0
Porites_evermani_scaffold_1883	91415	95054	gene-Peve_00012066	0	2
Porites_evermani_scaffold_1884	2741	3233	gene-Peve_00012069	.	0
Porites_evermani_scaffold_1884	19267	20712	gene-Peve_00012078	.	0
Porites_evermani_scaffold_1884	21864	23309	gene-Peve_00012080	.	0
Porites_evermani_scaffold_1884	24014	25187	gene-Peve_00012081	.	0
Porites_evermani_scaffold_1884	43304	46744	gene-Peve_00012070	.	0
Porites_evermani_scaffold_1884	58686	59657	gene-Peve_00012072	.	0
Porites_evermani_scaffold_1884	60509	60884	gene-Peve_00012073	.	0
Porites_evermani_scaffold_1884	69478	79957	gene-Peve_00012074	1.769544538	52
Porites_evermani_scaffold_1884	89298	89703	gene-Peve_00012075	0	4
Porites_evermani_scaffold_1884	92921	94101	gene-Peve_00012076	0	18
Porites_evermani_scaffold_1884	97192	97654	gene-Peve_00012077	0	5
Porites_evermani_scaffold_1884	97806	98480	gene-Peve_00012079	0	2
Porites_evermani_scaffold_1885	9427	45384	gene-Peve_00012084	0.4505075459	196
Porites_evermani_scaffold_1885	59729	83189	gene-Peve_00012082	2.345041318	88
Porites_evermani_scaffold_1885	83547	99277	gene-Peve_00012083	17.66943298	181
Porites_evermani_scaffold_1886	1085	43075	gene-Peve_00012086	0.9523753227	1001
Porites_evermani_scaffold_1886	6279	7781	gene-Peve_00012091	0.4363283824	34
Porites_evermani_scaffold_1886	71254	72259	gene-Peve_00012087	0	33
Porites_evermani_scaffold_1886	77453	78128	gene-Peve_00012088	3.055555625	8
Porites_evermani_scaffold_1886	78269	78875	gene-Peve_00012089	0	26
Porites_evermani_scaffold_1887	1156	4645	gene-Peve_00012097	0	2
Porites_evermani_scaffold_1887	4838	13565	gene-Peve_00012098	46.34885116	25
Porites_evermani_scaffold_1887	17512	30421	gene-Peve_00012093	82.3923709	30
Porites_evermani_scaffold_1887	33361	39637	gene-Peve_00012094	34.76925685	27
Porites_evermani_scaffold_1887	39819	49261	gene-Peve_00012095	16.67561015	91
Porites_evermani_scaffold_1887	51643	62271	gene-Peve_00012096	0.3272318189	127
Porites_evermani_scaffold_1887	65012	71567	gene-Peve_00012099	0.2597402571	35
Porites_evermani_scaffold_1887	75607	91057	gene-Peve_00012100	45.69378943	90
Porites_evermani_scaffold_1887	94808	98848	gene-Peve_00012101	12.88811187	30
Porites_evermani_scaffold_1888	11650	24755	gene-Peve_00012106	22.78586231	152
Porites_evermani_scaffold_1888	26856	56595	gene-Peve_00012107	15.77325642	619
Porites_evermani_scaffold_1888	59579	73820	gene-Peve_00012102	0.4422048562	153
Porites_evermani_scaffold_1888	75322	75733	gene-Peve_00012103	0	5
Porites_evermani_scaffold_1888	78485	90469	gene-Peve_00012105	0.9516911714	70
Porites_evermani_scaffold_1888	90622	99402	gene-Peve_00012104	0.9403691571	70
Porites_evermani_scaffold_1889	26745	54416	gene-Peve_00012111	0.2843443187	480
Porites_evermani_scaffold_1889	63899	64829	gene-Peve_00012109	.	0
Porites_evermani_scaffold_1889	78939	97902	gene-Peve_00012110	0.4263938861	588
Porites_evermani_scaffold_189	767	8791	gene-Peve_00012112	0.353107467	227
Porites_evermani_scaffold_189	18175	27816	gene-Peve_00012117	0.8321768214	252
Porites_evermani_scaffold_189	33994	44353	gene-Peve_00012122	0.9106775121	248
Porites_evermani_scaffold_189	47989	80290	gene-Peve_00012133	1.037198939	742
Porites_evermani_scaffold_189	81334	102877	gene-Peve_00012115	19.28202559	345
Porites_evermani_scaffold_189	102922	106496	gene-Peve_00012116	35.61277697	66
Porites_evermani_scaffold_189	109390	124026	gene-Peve_00012118	50.1019541	193
Porites_evermani_scaffold_189	141901	145203	gene-Peve_00012119	62.63078653	34
Porites_evermani_scaffold_189	145287	150805	gene-Peve_00012120	32.91373524	157
Porites_evermani_scaffold_189	156064	159881	gene-Peve_00012121	0.07390982927	123
Porites_evermani_scaffold_189	165162	165699	gene-Peve_00012123	0	17
Porites_evermani_scaffold_189	167507	174881	gene-Peve_00012124	0.3963017258	186
Porites_evermani_scaffold_189	178513	185228	gene-Peve_00012126	0.2694011395	86
Porites_evermani_scaffold_189	186057	191468	gene-Peve_00012125	0	5
Porites_evermani_scaffold_189	191878	228012	gene-Peve_00012127	3.658929723	47
Porites_evermani_scaffold_189	216642	219091	gene-Peve_00012128	8.901515	4
Porites_evermani_scaffold_189	236065	239909	gene-Peve_00012129	49.14652484	31
Porites_evermani_scaffold_189	247566	259216	gene-Peve_00012131	74.32804242	102
Porites_evermani_scaffold_189	262481	280158	gene-Peve_00012132	29.86474674	364
Porites_evermani_scaffold_189	280271	297200	gene-Peve_00012134	17.23034169	240
Porites_evermani_scaffold_189	298591	311125	gene-Peve_00012135	67.66944977	154
Porites_evermani_scaffold_189	311793	314031	gene-Peve_00012136	23.80618905	37
Porites_evermani_scaffold_189	314065	323001	gene-Peve_00012137	27.60538538	146
Porites_evermani_scaffold_189	323684	330802	gene-Peve_00012138	2.067062296	179
Porites_evermani_scaffold_189	332947	353739	gene-Peve_00012139	13.3820766	435
Porites_evermani_scaffold_189	353560	367702	gene-Peve_00012113	43.4666015	290
Porites_evermani_scaffold_189	370341	385224	gene-Peve_00012114	12.98081633	292
Porites_evermani_scaffold_1890	7304	7790	gene-Peve_00012140	0	17
Porites_evermani_scaffold_1890	13466	14748	gene-Peve_00012143	0.1876172683	41
Porites_evermani_scaffold_1890	26066	26576	gene-Peve_00012144	.	0
Porites_evermani_scaffold_1890	29859	32830	gene-Peve_00012145	0	2
Porites_evermani_scaffold_1890	75005	81283	gene-Peve_00012147	78.3333334	5
Porites_evermani_scaffold_1890	81336	86467	gene-Peve_00012141	.	0
Porites_evermani_scaffold_1890	88703	93851	gene-Peve_00012142	.	0
Porites_evermani_scaffold_1891	5761	7904	gene-Peve_00012156	.	0
Porites_evermani_scaffold_1891	14699	16043	gene-Peve_00012148	.	0
Porites_evermani_scaffold_1891	23670	25851	gene-Peve_00012149	32.665174	23
Porites_evermani_scaffold_1891	45247	48809	gene-Peve_00012151	0.1549249863	73
Porites_evermani_scaffold_1891	51981	52806	gene-Peve_00012152	23.39597834	41
Porites_evermani_scaffold_1891	61296	62658	gene-Peve_00012153	0	3
Porites_evermani_scaffold_1891	64907	65584	gene-Peve_00012155	.	0
Porites_evermani_scaffold_1891	65806	66544	gene-Peve_00012154	.	0
Porites_evermani_scaffold_1892	598	2334	gene-Peve_00012157	.	0
Porites_evermani_scaffold_1892	22428	26388	gene-Peve_00012159	0.2934763651	126
Porites_evermani_scaffold_1892	32142	34697	gene-Peve_00012161	3.800823	14
Porites_evermani_scaffold_1892	37062	52126	gene-Peve_00012162	1.993163979	141
Porites_evermani_scaffold_1892	54427	61542	gene-Peve_00012163	0.6865280685	73
Porites_evermani_scaffold_1892	61985	65448	gene-Peve_00012164	1.534586618	55
Porites_evermani_scaffold_1892	85117	91612	gene-Peve_00012158	8.95275706	50
Porites_evermani_scaffold_1892	94777	96394	gene-Peve_00012160	0	6
Porites_evermani_scaffold_1893	14438	17849	gene-Peve_00012170	0.6547053143	105
Porites_evermani_scaffold_1893	22824	23415	gene-Peve_00012165	0.5050505	18
Porites_evermani_scaffold_1893	25599	26075	gene-Peve_00012166	92.6681675	4
Porites_evermani_scaffold_1893	28749	29630	gene-Peve_00012167	0.856968	13
Porites_evermani_scaffold_1893	37934	41171	gene-Peve_00012169	0.2560819437	71
Porites_evermani_scaffold_1893	67054	85458	gene-Peve_00012171	0.7989019307	505
Porites_evermani_scaffold_1893	91315	99162	gene-Peve_00012172	47.74576769	127
Porites_evermani_scaffold_1894	10648	37090	gene-Peve_00012173	0.3617583174	419
Porites_evermani_scaffold_1894	39313	53605	gene-Peve_00012174	4.120570514	105
Porites_evermani_scaffold_1894	57387	73948	gene-Peve_00012175	4.607041677	297
Porites_evermani_scaffold_1894	97744	99192	gene-Peve_00012176	0.3983464792	48
Porites_evermani_scaffold_1895	671	24368	gene-Peve_00012177	10.0408179	375
Porites_evermani_scaffold_1895	25852	54502	gene-Peve_00012178	5.280814579	475
Porites_evermani_scaffold_1895	35984	38994	gene-Peve_00012179	0	9
Porites_evermani_scaffold_1895	55153	64152	gene-Peve_00012180	2.978369733	240
Porites_evermani_scaffold_1895	68545	69976	gene-Peve_00012181	0.4295685098	51
Porites_evermani_scaffold_1895	72239	73080	gene-Peve_00012182	0	27
Porites_evermani_scaffold_1895	78844	86929	gene-Peve_00012183	39.67098127	118
Porites_evermani_scaffold_1895	92138	94556	gene-Peve_00012184	0.09433962264	53
Porites_evermani_scaffold_1896	12251	15106	gene-Peve_00012189	.	0
Porites_evermani_scaffold_1896	25049	31170	gene-Peve_00012192	.	0
Porites_evermani_scaffold_1896	31856	34557	gene-Peve_00012185	0.7356170278	36
Porites_evermani_scaffold_1896	35367	36376	gene-Peve_00012186	.	0
Porites_evermani_scaffold_1896	40013	45875	gene-Peve_00012188	0	16
Porites_evermani_scaffold_1896	49416	54882	gene-Peve_00012187	2.204976031	32
Porites_evermani_scaffold_1896	72094	75030	gene-Peve_00012190	1.428490871	62
Porites_evermani_scaffold_1896	94762	98381	gene-Peve_00012191	0	13
Porites_evermani_scaffold_1897	1745	5551	gene-Peve_00012195	0.6062996774	93
Porites_evermani_scaffold_1897	12060	17934	gene-Peve_00012196	0.2115457273	66
Porites_evermani_scaffold_1897	25751	28692	gene-Peve_00012193	0	6
Porites_evermani_scaffold_1897	31672	32719	gene-Peve_00012194	.	0
Porites_evermani_scaffold_1897	37930	45191	gene-Peve_00012198	2.531897895	19
Porites_evermani_scaffold_1897	39278	39758	gene-Peve_00012199	.	0
Porites_evermani_scaffold_1897	42662	44375	gene-Peve_00012200	.	0
Porites_evermani_scaffold_1897	49521	52724	gene-Peve_00012201	2.08333325	4
Porites_evermani_scaffold_1897	55480	58741	gene-Peve_00012202	0	15
Porites_evermani_scaffold_1897	61057	61822	gene-Peve_00012203	.	0
Porites_evermani_scaffold_1897	65666	75349	gene-Peve_00012204	5.459186821	112
Porites_evermani_scaffold_1897	85019	97160	gene-Peve_00012205	0.3953940712	365
Porites_evermani_scaffold_1898	932	19217	gene-Peve_00012206	.	0
Porites_evermani_scaffold_1898	23312	27882	gene-Peve_00012207	.	0
Porites_evermani_scaffold_1898	39505	68217	gene-Peve_00012208	0.4783557037	54
Porites_evermani_scaffold_1898	81343	98968	gene-Peve_00012209	.	0
Porites_evermani_scaffold_1899	710	16012	gene-Peve_00012210	60.7543222	65
Porites_evermani_scaffold_1899	18441	36437	gene-Peve_00012217	56.07359317	106
Porites_evermani_scaffold_1899	53527	56014	gene-Peve_00012218	0	5
Porites_evermani_scaffold_1899	64729	65041	gene-Peve_00012211	.	0
Porites_evermani_scaffold_1899	67688	68144	gene-Peve_00012212	.	0
Porites_evermani_scaffold_1899	70514	73700	gene-Peve_00012213	.	0
Porites_evermani_scaffold_1899	74851	86338	gene-Peve_00012214	85.18664429	41
Porites_evermani_scaffold_1899	91502	95632	gene-Peve_00012215	77.74314305	22
Porites_evermani_scaffold_1899	95930	99100	gene-Peve_00012216	48.62288178	36
Porites_evermani_scaffold_19	3635	4426	gene-Peve_00012219	.	0
Porites_evermani_scaffold_19	9728	12738	gene-Peve_00012264	.	0
Porites_evermani_scaffold_19	19149	41624	gene-Peve_00012273	9.286350105	484
Porites_evermani_scaffold_19	48580	65251	gene-Peve_00012220	0.4369821889	487
Porites_evermani_scaffold_19	75973	91130	gene-Peve_00012225	11.45197498	384
Porites_evermani_scaffold_19	91352	92498	gene-Peve_00012234	30.14684667	18
Porites_evermani_scaffold_19	94626	100807	gene-Peve_00012244	62.60974736	33
Porites_evermani_scaffold_19	101162	115657	gene-Peve_00012247	18.88344192	148
Porites_evermani_scaffold_19	119034	134971	gene-Peve_00012251	26.57158993	269
Porites_evermani_scaffold_19	135073	148949	gene-Peve_00012255	22.13711048	167
Porites_evermani_scaffold_19	148930	185179	gene-Peve_00012263	8.968348745	639
Porites_evermani_scaffold_19	189052	208857	gene-Peve_00012265	8.662761406	621
Porites_evermani_scaffold_19	199278	200618	gene-Peve_00012266	0	39
Porites_evermani_scaffold_19	215174	219134	gene-Peve_00012268	1.197136195	113
Porites_evermani_scaffold_19	227316	241490	gene-Peve_00012270	18.95069925	276
Porites_evermani_scaffold_19	242361	257832	gene-Peve_00012269	1.080792173	422
Porites_evermani_scaffold_19	260292	283236	gene-Peve_00012271	44.87239303	276
Porites_evermani_scaffold_19	288438	294903	gene-Peve_00012272	64.98508846	63
Porites_evermani_scaffold_19	297046	317175	gene-Peve_00012274	24.04010092	179
Porites_evermani_scaffold_19	313069	313656	gene-Peve_00012275	.	0
Porites_evermani_scaffold_19	322313	322802	gene-Peve_00012276	2.253479211	19
Porites_evermani_scaffold_19	327015	334544	gene-Peve_00012277	3.019423837	92
Porites_evermani_scaffold_19	338100	345710	gene-Peve_00012278	57.56021092	109
Porites_evermani_scaffold_19	345952	356876	gene-Peve_00012279	76.77012993	117
Porites_evermani_scaffold_19	366756	384138	gene-Peve_00012280	42.4915062	203
Porites_evermani_scaffold_19	387626	402636	gene-Peve_00012281	1.075974864	404
Porites_evermani_scaffold_19	402716	431781	gene-Peve_00012282	58.11780637	395
Porites_evermani_scaffold_19	448992	449871	gene-Peve_00012284	92.06007235	17
Porites_evermani_scaffold_19	461807	493691	gene-Peve_00012283	13.23574125	456
Porites_evermani_scaffold_19	464963	465488	gene-Peve_00012221	.	0
Porites_evermani_scaffold_19	495834	497265	gene-Peve_00012222	1.261174702	47
Porites_evermani_scaffold_19	507863	509763	gene-Peve_00012223	81.80157135	17
Porites_evermani_scaffold_19	515962	536657	gene-Peve_00012224	41.98751709	358
Porites_evermani_scaffold_19	537765	541125	gene-Peve_00012226	53.94609045	77
Porites_evermani_scaffold_19	542015	560793	gene-Peve_00012227	75.28097633	346
Porites_evermani_scaffold_19	563214	585935	gene-Peve_00012228	52.0038398	343
Porites_evermani_scaffold_19	588562	597403	gene-Peve_00012230	27.79743806	165
Porites_evermani_scaffold_19	605257	608230	gene-Peve_00012231	0.1020408143	70
Porites_evermani_scaffold_19	620960	621692	gene-Peve_00012233	1.292335121	33
Porites_evermani_scaffold_19	637072	638113	gene-Peve_00012235	0.30769232	25
Porites_evermani_scaffold_19	655896	658477	gene-Peve_00012237	0.2650290941	85
Porites_evermani_scaffold_19	668013	670296	gene-Peve_00012238	0.5405405405	37
Porites_evermani_scaffold_19	671439	678950	gene-Peve_00012240	0.1497466546	194
Porites_evermani_scaffold_19	682945	688547	gene-Peve_00012239	0.2075303358	137
Porites_evermani_scaffold_19	690334	704084	gene-Peve_00012241	0.7221992692	260
Porites_evermani_scaffold_19	706214	712885	gene-Peve_00012242	0.5333123916	166
Porites_evermani_scaffold_19	718388	719632	gene-Peve_00012243	2.316985667	39
Porites_evermani_scaffold_19	737992	762203	gene-Peve_00012245	1.277397253	661
Porites_evermani_scaffold_19	780949	810763	gene-Peve_00012246	34.88465525	533
Porites_evermani_scaffold_19	782898	785280	gene-Peve_00012248	4.330802887	97
Porites_evermani_scaffold_19	810805	914843	gene-Peve_00012249	27.12022193	2227
Porites_evermani_scaffold_19	835318	839489	gene-Peve_00012250	86.93231902	44
Porites_evermani_scaffold_19	859376	861276	gene-Peve_00012252	40.42127246	59
Porites_evermani_scaffold_19	875017	875884	gene-Peve_00012253	0.366300381	21
Porites_evermani_scaffold_19	950117	951308	gene-Peve_00012257	28.23897933	12
Porites_evermani_scaffold_19	952474	954015	gene-Peve_00012258	.	0
Porites_evermani_scaffold_19	954702	955467	gene-Peve_00012259	0	2
Porites_evermani_scaffold_19	977511	977901	gene-Peve_00012261	0	11
Porites_evermani_scaffold_19	978665	979199	gene-Peve_00012260	10.02671835	17
Porites_evermani_scaffold_19	984631	985660	gene-Peve_00012262	0	7
Porites_evermani_scaffold_190	11718	12720	gene-Peve_00012304	3.786942348	23
Porites_evermani_scaffold_190	67524	68134	gene-Peve_00012287	0	13
Porites_evermani_scaffold_190	71371	83034	gene-Peve_00012288	0.2972583312	308
Porites_evermani_scaffold_190	87023	87786	gene-Peve_00012289	1.176900632	19
Porites_evermani_scaffold_190	90841	91963	gene-Peve_00012290	0.7177033421	38
Porites_evermani_scaffold_190	96605	97730	gene-Peve_00012291	0.2422937174	46
Porites_evermani_scaffold_190	100320	103882	gene-Peve_00012292	16.70681762	79
Porites_evermani_scaffold_190	106725	112147	gene-Peve_00012293	59.11886752	60
Porites_evermani_scaffold_190	114982	134599	gene-Peve_00012294	4.118536048	463
Porites_evermani_scaffold_190	155452	160339	gene-Peve_00012295	0.3913988351	97
Porites_evermani_scaffold_190	168515	173168	gene-Peve_00012296	0.8754065213	94
Porites_evermani_scaffold_190	188498	199009	gene-Peve_00012298	0.1339717178	287
Porites_evermani_scaffold_190	232084	234719	gene-Peve_00012299	0.1237842667	90
Porites_evermani_scaffold_190	236402	238323	gene-Peve_00012300	0	73
Porites_evermani_scaffold_190	260842	283919	gene-Peve_00012301	12.7963408	303
Porites_evermani_scaffold_190	284296	294578	gene-Peve_00012302	0.5815507976	168
Porites_evermani_scaffold_190	303432	304414	gene-Peve_00012303	0.1633987059	34
Porites_evermani_scaffold_190	313125	318674	gene-Peve_00012305	1.454554807	119
Porites_evermani_scaffold_190	318788	330743	gene-Peve_00012306	0.1197508985	335
Porites_evermani_scaffold_190	332317	341386	gene-Peve_00012307	0.2212471844	320
Porites_evermani_scaffold_190	351148	359504	gene-Peve_00012308	10.68349242	238
Porites_evermani_scaffold_190	375959	384457	gene-Peve_00012309	0.4572878548	303
Porites_evermani_scaffold_1900	27087	28165	gene-Peve_00012312	.	0
Porites_evermani_scaffold_1900	38230	39308	gene-Peve_00012311	.	0
Porites_evermani_scaffold_1901	22	69153	gene-Peve_00012313	8.759539911	732
Porites_evermani_scaffold_1901	39702	40680	gene-Peve_00012316	.	0
Porites_evermani_scaffold_1901	43193	44171	gene-Peve_00012317	.	0
Porites_evermani_scaffold_1901	59375	61581	gene-Peve_00012318	60	1
Porites_evermani_scaffold_1901	70139	72065	gene-Peve_00012319	0.3266550488	41
Porites_evermani_scaffold_1901	76261	82327	gene-Peve_00012320	17.72219144	82
Porites_evermani_scaffold_1901	87587	88580	gene-Peve_00012314	.	0
Porites_evermani_scaffold_1901	91443	98330	gene-Peve_00012315	24.66261811	19
Porites_evermani_scaffold_1902	59689	64531	gene-Peve_00012322	0	3
Porites_evermani_scaffold_1902	68276	91391	gene-Peve_00012323	0.7838337785	158
Porites_evermani_scaffold_1902	76712	77602	gene-Peve_00012325	.	0
Porites_evermani_scaffold_1902	97817	98351	gene-Peve_00012328	0	5
Porites_evermani_scaffold_1903	2390	3071	gene-Peve_00012332	1.944984633	49
Porites_evermani_scaffold_1903	4758	8730	gene-Peve_00012340	0.8685311774	62
Porites_evermani_scaffold_1903	11349	11928	gene-Peve_00012329	0	13
Porites_evermani_scaffold_1903	24178	24898	gene-Peve_00012331	0	26
Porites_evermani_scaffold_1903	27296	32392	gene-Peve_00012333	0.09379509524	168
Porites_evermani_scaffold_1903	37095	38786	gene-Peve_00012334	0.4298941905	42
Porites_evermani_scaffold_1903	45090	45447	gene-Peve_00012335	0.78125	16
Porites_evermani_scaffold_1903	51973	58736	gene-Peve_00012336	32.18005325	89
Porites_evermani_scaffold_1903	58839	67710	gene-Peve_00012337	7.730231398	128
Porites_evermani_scaffold_1903	74367	93778	gene-Peve_00012338	0.367208799	408
Porites_evermani_scaffold_1903	93780	98961	gene-Peve_00012339	0.1572326981	53
Porites_evermani_scaffold_1904	6394	10657	gene-Peve_00012342	0.3806688704	54
Porites_evermani_scaffold_1904	12210	19200	gene-Peve_00012343	1.142567113	62
Porites_evermani_scaffold_1904	18709	22512	gene-Peve_00012341	0.78125	16
Porites_evermani_scaffold_1904	35086	41665	gene-Peve_00012344	0.6552706667	39
Porites_evermani_scaffold_1905	1881	2526	gene-Peve_00012345	0	5
Porites_evermani_scaffold_1905	4735	17474	gene-Peve_00012348	80.46967037	160
Porites_evermani_scaffold_1905	17649	24119	gene-Peve_00012349	53.48159788	48
Porites_evermani_scaffold_1905	26155	58641	gene-Peve_00012351	25.80203758	603
Porites_evermani_scaffold_1905	69574	81712	gene-Peve_00012346	49.05294478	163
Porites_evermani_scaffold_1905	85479	97774	gene-Peve_00012347	75.75686239	75
Porites_evermani_scaffold_1906	19	67202	gene-Peve_00012352	25.53980807	1718
Porites_evermani_scaffold_1906	16570	20884	gene-Peve_00012353	65.19254587	185
Porites_evermani_scaffold_1906	27915	28380	gene-Peve_00012354	52.45997223	13
Porites_evermani_scaffold_1906	72447	78030	gene-Peve_00012358	0.2131298889	162
Porites_evermani_scaffold_1906	83275	93981	gene-Peve_00012359	0.2164502143	42
Porites_evermani_scaffold_1907	478	2182	gene-Peve_00012365	33.40274002	40
Porites_evermani_scaffold_1907	8387	8834	gene-Peve_00012371	26.46916167	6
Porites_evermani_scaffold_1907	9211	9958	gene-Peve_00012374	57.51828832	22
Porites_evermani_scaffold_1907	11475	11781	gene-Peve_00012375	58.741259	4
Porites_evermani_scaffold_1907	12255	12759	gene-Peve_00012376	64.20694188	17
Porites_evermani_scaffold_1907	16058	16868	gene-Peve_00012361	.	0
Porites_evermani_scaffold_1907	21699	22194	gene-Peve_00012362	.	0
Porites_evermani_scaffold_1907	25232	26042	gene-Peve_00012363	.	0
Porites_evermani_scaffold_1907	43108	43884	gene-Peve_00012364	15.3846155	4
Porites_evermani_scaffold_1907	53427	54266	gene-Peve_00012366	55.58474426	23
Porites_evermani_scaffold_1907	66618	68262	gene-Peve_00012368	.	0
Porites_evermani_scaffold_1907	74727	75822	gene-Peve_00012370	.	0
Porites_evermani_scaffold_1907	76192	78286	gene-Peve_00012369	.	0
Porites_evermani_scaffold_1907	78304	79338	gene-Peve_00012372	.	0
Porites_evermani_scaffold_1907	97809	98127	gene-Peve_00012373	73.9058635	12
Porites_evermani_scaffold_1908	2	22124	gene-Peve_00012377	84.08976874	121
Porites_evermani_scaffold_1908	24739	30142	gene-Peve_00012379	39.56154029	38
Porites_evermani_scaffold_1908	37780	38518	gene-Peve_00012380	0	14
Porites_evermani_scaffold_1908	41809	72987	gene-Peve_00012381	0.6979499381	872
Porites_evermani_scaffold_1908	95027	98260	gene-Peve_00012378	0	18
Porites_evermani_scaffold_1909	651	2897	gene-Peve_00012382	0	22
Porites_evermani_scaffold_1909	4287	44535	gene-Peve_00012386	12.68909787	526
Porites_evermani_scaffold_1909	63116	74953	gene-Peve_00012388	0.7685653069	101
Porites_evermani_scaffold_1909	75091	79727	gene-Peve_00012383	1.3700159	50
Porites_evermani_scaffold_1909	82648	85445	gene-Peve_00012384	1.822668551	69
Porites_evermani_scaffold_1909	89969	91292	gene-Peve_00012385	0.1937984419	43
Porites_evermani_scaffold_1909	97553	98269	gene-Peve_00012387	0	7
Porites_evermani_scaffold_191	14418	33798	gene-Peve_00012389	19.01797271	364
Porites_evermani_scaffold_191	39259	54073	gene-Peve_00012392	0.4635246774	372
Porites_evermani_scaffold_191	54629	70975	gene-Peve_00012403	24.95975892	491
Porites_evermani_scaffold_191	79396	85993	gene-Peve_00012391	0.5688986382	152
Porites_evermani_scaffold_191	94093	100731	gene-Peve_00012393	0.6822762873	181
Porites_evermani_scaffold_191	105685	106483	gene-Peve_00012394	1.611721692	13
Porites_evermani_scaffold_191	111214	123250	gene-Peve_00012396	0.3302468835	309
Porites_evermani_scaffold_191	148995	159816	gene-Peve_00012397	0.6938814378	217
Porites_evermani_scaffold_191	173748	188874	gene-Peve_00012398	1.0788701	430
Porites_evermani_scaffold_191	192082	212725	gene-Peve_00012399	0.2707437265	596
Porites_evermani_scaffold_191	215732	224883	gene-Peve_00012400	19.07680076	151
Porites_evermani_scaffold_191	236632	237700	gene-Peve_00012401	0.1953125	32
Porites_evermani_scaffold_191	242355	242988	gene-Peve_00012402	.	0
Porites_evermani_scaffold_191	247143	250133	gene-Peve_00012404	1.850940521	71
Porites_evermani_scaffold_191	265247	266288	gene-Peve_00012405	0	37
Porites_evermani_scaffold_191	286644	297502	gene-Peve_00012406	0.3531814904	312
Porites_evermani_scaffold_191	310749	314100	gene-Peve_00012407	0.4357783714	70
Porites_evermani_scaffold_191	317724	333548	gene-Peve_00012408	78.32001403	211
Porites_evermani_scaffold_191	336659	337865	gene-Peve_00012409	1.010101	9
Porites_evermani_scaffold_191	338734	341868	gene-Peve_00012410	0.2189381609	87
Porites_evermani_scaffold_191	349403	351605	gene-Peve_00012411	0.6152166765	68
Porites_evermani_scaffold_191	353923	354712	gene-Peve_00012412	0	16
Porites_evermani_scaffold_191	358579	372182	gene-Peve_00012413	16.10335073	259
Porites_evermani_scaffold_191	382285	388660	gene-Peve_00012390	21.58154936	88
Porites_evermani_scaffold_1910	4937	5617	gene-Peve_00012422	49.9934384	20
Porites_evermani_scaffold_1910	10052	11417	gene-Peve_00012429	77.78167729	31
Porites_evermani_scaffold_1910	16742	17902	gene-Peve_00012415	85.58172212	25
Porites_evermani_scaffold_1910	17967	19467	gene-Peve_00012416	81.58424431	26
Porites_evermani_scaffold_1910	22565	25165	gene-Peve_00012417	78.90650509	33
Porites_evermani_scaffold_1910	26994	28037	gene-Peve_00012418	70.5782193	20
Porites_evermani_scaffold_1910	30340	30688	gene-Peve_00012419	54.75618125	4
Porites_evermani_scaffold_1910	50105	50801	gene-Peve_00012421	.	0
Porites_evermani_scaffold_1910	52923	54144	gene-Peve_00012423	.	0
Porites_evermani_scaffold_1910	55461	68434	gene-Peve_00012424	77.68287777	245
Porites_evermani_scaffold_1910	73276	74539	gene-Peve_00012426	85.53063112	42
Porites_evermani_scaffold_1910	97535	98168	gene-Peve_00012428	85.00433724	25
Porites_evermani_scaffold_1911	1454	2296	gene-Peve_00012430	0	43
Porites_evermani_scaffold_1911	6166	8383	gene-Peve_00012434	4.2109205	22
Porites_evermani_scaffold_1911	8581	26201	gene-Peve_00012433	35.01922358	253
Porites_evermani_scaffold_1911	31582	32298	gene-Peve_00012436	0.240384625	32
Porites_evermani_scaffold_1911	44847	50681	gene-Peve_00012437	0.1893939545	22
Porites_evermani_scaffold_1911	53755	55028	gene-Peve_00012431	.	0
Porites_evermani_scaffold_1911	65279	78468	gene-Peve_00012432	0.1623376591	44
Porites_evermani_scaffold_1911	95725	97906	gene-Peve_00012435	53.26904115	120
Porites_evermani_scaffold_1912	16249	18957	gene-Peve_00012443	19.46303683	6
Porites_evermani_scaffold_1912	37633	40904	gene-Peve_00012438	0	1
Porites_evermani_scaffold_1912	47536	48607	gene-Peve_00012439	2.985085296	27
Porites_evermani_scaffold_1912	53015	53556	gene-Peve_00012440	0	8
Porites_evermani_scaffold_1912	62948	67621	gene-Peve_00012441	0.7882285266	169
Porites_evermani_scaffold_1912	71302	91643	gene-Peve_00012442	47.10179772	57
Porites_evermani_scaffold_1913	12629	14066	gene-Peve_00012449	1.499141885	52
Porites_evermani_scaffold_1913	16259	17609	gene-Peve_00012450	34.91079324	29
Porites_evermani_scaffold_1913	18098	55127	gene-Peve_00012451	3.469717427	998
Porites_evermani_scaffold_1913	56819	62986	gene-Peve_00012445	88.19919463	76
Porites_evermani_scaffold_1913	64948	69579	gene-Peve_00012446	58.80158849	47
Porites_evermani_scaffold_1913	70307	87148	gene-Peve_00012447	16.82451709	194
Porites_evermani_scaffold_1913	93110	97728	gene-Peve_00012448	42.42855088	74
Porites_evermani_scaffold_1914	6119	8125	gene-Peve_00012452	1.190476167	18
Porites_evermani_scaffold_1914	10429	16600	gene-Peve_00012457	1.5151515	18
Porites_evermani_scaffold_1914	23671	34081	gene-Peve_00012458	0.2450980294	34
Porites_evermani_scaffold_1914	52849	53359	gene-Peve_00012454	2.770795091	22
Porites_evermani_scaffold_1914	57730	62228	gene-Peve_00012455	38.28261873	40
Porites_evermani_scaffold_1914	89970	90876	gene-Peve_00012456	0	19
Porites_evermani_scaffold_1915	57	1050	gene-Peve_00012459	0.4761904762	21
Porites_evermani_scaffold_1915	8285	11342	gene-Peve_00012469	0	37
Porites_evermani_scaffold_1915	13216	13699	gene-Peve_00012470	3.0375214	15
Porites_evermani_scaffold_1915	16869	17523	gene-Peve_00012472	.	0
Porites_evermani_scaffold_1915	18907	19580	gene-Peve_00012460	0	5
Porites_evermani_scaffold_1915	21732	24862	gene-Peve_00012461	82.80542981	16
Porites_evermani_scaffold_1915	27652	30360	gene-Peve_00012462	13.88888883	6
Porites_evermani_scaffold_1915	33553	33868	gene-Peve_00012463	0	19
Porites_evermani_scaffold_1915	38432	45019	gene-Peve_00012464	0.5755355802	81
Porites_evermani_scaffold_1915	46436	54331	gene-Peve_00012465	1.020408143	7
Porites_evermani_scaffold_1915	82724	83234	gene-Peve_00012467	.	0
Porites_evermani_scaffold_1915	94888	98003	gene-Peve_00012468	.	0
Porites_evermani_scaffold_1916	6019	16868	gene-Peve_00012476	7.534154709	55
Porites_evermani_scaffold_1916	21649	22907	gene-Peve_00012477	0.3391627027	37
Porites_evermani_scaffold_1916	37059	39844	gene-Peve_00012478	0.2490942	60
Porites_evermani_scaffold_1916	48669	50021	gene-Peve_00012479	0.1515151591	44
Porites_evermani_scaffold_1916	75611	76031	gene-Peve_00012473	0	8
Porites_evermani_scaffold_1916	86972	91032	gene-Peve_00012474	72.44755256	9
Porites_evermani_scaffold_1916	88516	90596	gene-Peve_00012475	76.3636365	6
Porites_evermani_scaffold_1917	20551	25040	gene-Peve_00012480	2.120470946	130
Porites_evermani_scaffold_1917	31769	32608	gene-Peve_00012483	79.44061163	8
Porites_evermani_scaffold_1917	69545	74483	gene-Peve_00012481	3.306808713	101
Porites_evermani_scaffold_1917	78194	91840	gene-Peve_00012482	26.15279396	80
Porites_evermani_scaffold_1918	15086	16027	gene-Peve_00012488	0.8986928148	27
Porites_evermani_scaffold_1918	42949	44923	gene-Peve_00012489	0	28
Porites_evermani_scaffold_1918	70563	76499	gene-Peve_00012484	0.6128923968	126
Porites_evermani_scaffold_1918	71441	74227	gene-Peve_00012485	0.8791486167	60
Porites_evermani_scaffold_1918	79757	81466	gene-Peve_00012486	1.057958613	62
Porites_evermani_scaffold_1918	87015	90451	gene-Peve_00012487	5.491116012	84
Porites_evermani_scaffold_1919	3392	22149	gene-Peve_00012493	0.4425942147	163
Porites_evermani_scaffold_1919	30056	37617	gene-Peve_00012490	80.0832335	92
Porites_evermani_scaffold_1919	48179	49073	gene-Peve_00012491	0.1074113878	49
Porites_evermani_scaffold_1919	53762	59379	gene-Peve_00012492	0.8821513741	139
Porites_evermani_scaffold_1919	68623	75102	gene-Peve_00012495	0	2
Porites_evermani_scaffold_1919	78343	84878	gene-Peve_00012496	0.9302425926	27
Porites_evermani_scaffold_1919	87347	92267	gene-Peve_00012497	0	11
Porites_evermani_scaffold_192	902	7152	gene-Peve_00012499	27.7272725	2
Porites_evermani_scaffold_192	14774	25181	gene-Peve_00012500	.	0
Porites_evermani_scaffold_192	33472	40716	gene-Peve_00012501	0	12
Porites_evermani_scaffold_192	50176	58354	gene-Peve_00012502	.	0
Porites_evermani_scaffold_192	61675	64533	gene-Peve_00012503	.	0
Porites_evermani_scaffold_192	70033	71373	gene-Peve_00012504	.	0
Porites_evermani_scaffold_192	77594	80054	gene-Peve_00012505	1.13017939	82
Porites_evermani_scaffold_192	86479	88669	gene-Peve_00012506	0.5783475735	68
Porites_evermani_scaffold_192	92324	99260	gene-Peve_00012507	1.223550953	193
Porites_evermani_scaffold_192	104629	106428	gene-Peve_00012508	.	0
Porites_evermani_scaffold_192	114854	124467	gene-Peve_00012510	0.3774456301	173
Porites_evermani_scaffold_192	138799	140259	gene-Peve_00012509	0.1	50
Porites_evermani_scaffold_192	142002	147116	gene-Peve_00012511	1.57444104	151
Porites_evermani_scaffold_192	148666	167238	gene-Peve_00012512	30.41001092	274
Porites_evermani_scaffold_192	167411	177749	gene-Peve_00012513	19.59095907	245
Porites_evermani_scaffold_192	179998	194634	gene-Peve_00012514	18.06040495	200
Porites_evermani_scaffold_192	197188	200550	gene-Peve_00012515	43.27980805	59
Porites_evermani_scaffold_192	205174	206239	gene-Peve_00012516	1.717772944	36
Porites_evermani_scaffold_192	216620	266288	gene-Peve_00012517	8.247154686	885
Porites_evermani_scaffold_192	241158	246176	gene-Peve_00012518	.	0
Porites_evermani_scaffold_192	270315	288840	gene-Peve_00012519	73.54792687	120
Porites_evermani_scaffold_192	293244	307553	gene-Peve_00012520	75.82918857	178
Porites_evermani_scaffold_192	319282	321304	gene-Peve_00012521	10.11904761	28
Porites_evermani_scaffold_192	323277	327777	gene-Peve_00012522	47.34807923	56
Porites_evermani_scaffold_192	333885	334833	gene-Peve_00012523	3.313908333	21
Porites_evermani_scaffold_192	336682	337726	gene-Peve_00012524	1.5151515	6
Porites_evermani_scaffold_192	343791	370938	gene-Peve_00012525	5.833560651	169
Porites_evermani_scaffold_192	380996	384692	gene-Peve_00012526	50.79214391	11
Porites_evermani_scaffold_192	385200	385563	gene-Peve_00012527	.	0
Porites_evermani_scaffold_1920	512	13116	gene-Peve_00012528	14.308054	186
Porites_evermani_scaffold_1920	16269	25596	gene-Peve_00012529	61.38448449	83
Porites_evermani_scaffold_1920	26267	32319	gene-Peve_00012530	54.48391128	57
Porites_evermani_scaffold_1920	35353	76354	gene-Peve_00012531	12.72388618	512
Porites_evermani_scaffold_1920	79468	82033	gene-Peve_00012532	63.98277647	15
Porites_evermani_scaffold_1920	82244	97496	gene-Peve_00012533	14.70565689	346
Porites_evermani_scaffold_1921	2815	8343	gene-Peve_00012534	2.352941176	17
Porites_evermani_scaffold_1921	55968	58303	gene-Peve_00012535	0	7
Porites_evermani_scaffold_1921	72290	72673	gene-Peve_00012536	.	0
Porites_evermani_scaffold_1921	74953	76288	gene-Peve_00012537	.	0
Porites_evermani_scaffold_1922	6400	9892	gene-Peve_00012541	5.067532347	75
Porites_evermani_scaffold_1922	23335	27712	gene-Peve_00012542	1.402086346	81
Porites_evermani_scaffold_1922	45429	61442	gene-Peve_00012543	0.8940307353	340
Porites_evermani_scaffold_1922	68229	95574	gene-Peve_00012544	0.5626691353	436
Porites_evermani_scaffold_1923	0	2853	gene-Peve_00012545	.	0
Porites_evermani_scaffold_1923	5688	9794	gene-Peve_00012550	1.34608607	43
Porites_evermani_scaffold_1923	10658	44013	gene-Peve_00012551	18.05910383	236
Porites_evermani_scaffold_1923	48433	49111	gene-Peve_00012552	.	0
Porites_evermani_scaffold_1923	58259	58601	gene-Peve_00012546	.	0
Porites_evermani_scaffold_1923	68096	77939	gene-Peve_00012547	0.2797202769	65
Porites_evermani_scaffold_1923	86220	90292	gene-Peve_00012548	0	70
Porites_evermani_scaffold_1923	94097	94958	gene-Peve_00012549	0	23
Porites_evermani_scaffold_1924	7632	11618	gene-Peve_00012556	.	0
Porites_evermani_scaffold_1924	14977	15610	gene-Peve_00012558	.	0
Porites_evermani_scaffold_1924	21458	22751	gene-Peve_00012559	.	0
Porites_evermani_scaffold_1924	30727	31387	gene-Peve_00012560	0	1
Porites_evermani_scaffold_1924	61107	78891	gene-Peve_00012553	0.4299299318	396
Porites_evermani_scaffold_1924	63369	74425	gene-Peve_00012554	0.4979315096	208
Porites_evermani_scaffold_1924	84174	89952	gene-Peve_00012555	30.86267247	83
Porites_evermani_scaffold_1924	93435	97269	gene-Peve_00012557	4.008307374	107
Porites_evermani_scaffold_1925	8922	27785	gene-Peve_00012564	40.325014	157
Porites_evermani_scaffold_1925	34675	36054	gene-Peve_00012565	0.4224941818	33
Porites_evermani_scaffold_1925	43723	44986	gene-Peve_00012566	1.666666667	6
Porites_evermani_scaffold_1925	57541	59060	gene-Peve_00012567	0	19
Porites_evermani_scaffold_1925	64727	75150	gene-Peve_00012562	0.332772741	139
Porites_evermani_scaffold_1925	85105	96818	gene-Peve_00012563	22.15034965	20
Porites_evermani_scaffold_1926	3452	6351	gene-Peve_00012568	.	0
Porites_evermani_scaffold_1926	6506	7466	gene-Peve_00012571	.	0
Porites_evermani_scaffold_1926	10719	12029	gene-Peve_00012572	.	0
Porites_evermani_scaffold_1926	12798	26119	gene-Peve_00012573	0.25252525	36
Porites_evermani_scaffold_1926	29075	50388	gene-Peve_00012576	28.83712122	40
Porites_evermani_scaffold_1926	54199	55742	gene-Peve_00012569	0	3
Porites_evermani_scaffold_1926	64134	65144	gene-Peve_00012570	4.579075788	33
Porites_evermani_scaffold_1926	68621	71489	gene-Peve_00012574	0	5
Porites_evermani_scaffold_1926	95137	97406	gene-Peve_00012575	0	7
Porites_evermani_scaffold_1927	5017	30740	gene-Peve_00012580	37.44588775	333
Porites_evermani_scaffold_1927	37567	45070	gene-Peve_00012584	57.65262188	91
Porites_evermani_scaffold_1927	46921	47569	gene-Peve_00012585	0	1
Porites_evermani_scaffold_1927	47856	56838	gene-Peve_00012586	20.71867591	77
Porites_evermani_scaffold_1927	57680	65620	gene-Peve_00012587	20.32344565	65
Porites_evermani_scaffold_1927	66299	69367	gene-Peve_00012588	0.2856433115	61
Porites_evermani_scaffold_1927	71176	71917	gene-Peve_00012577	0.9259258889	9
Porites_evermani_scaffold_1927	73902	74928	gene-Peve_00012578	0	23
Porites_evermani_scaffold_1927	76288	77032	gene-Peve_00012579	.	0
Porites_evermani_scaffold_1927	81881	83835	gene-Peve_00012581	0	45
Porites_evermani_scaffold_1927	86709	87744	gene-Peve_00012583	0.2604166562	32
Porites_evermani_scaffold_1927	90108	94373	gene-Peve_00012582	0.9652751325	83
Porites_evermani_scaffold_1928	5511	6018	gene-Peve_00012589	0	32
Porites_evermani_scaffold_1928	9733	10626	gene-Peve_00012590	0.9752248	25
Porites_evermani_scaffold_1928	12919	15476	gene-Peve_00012591	0.83512958	50
Porites_evermani_scaffold_1928	25849	31115	gene-Peve_00012592	37.77457241	70
Porites_evermani_scaffold_1928	45653	77030	gene-Peve_00012593	0.4338033523	440
Porites_evermani_scaffold_1929	24758	25715	gene-Peve_00012597	.	0
Porites_evermani_scaffold_1929	27374	28388	gene-Peve_00012598	.	0
Porites_evermani_scaffold_1929	39121	42846	gene-Peve_00012599	.	0
Porites_evermani_scaffold_1929	43216	47949	gene-Peve_00012600	.	0
Porites_evermani_scaffold_1929	48738	50721	gene-Peve_00012595	.	0
Porites_evermani_scaffold_1929	55324	93081	gene-Peve_00012596	1.23913719	552
Porites_evermani_scaffold_193	7214	10013	gene-Peve_00012603	0.6773907955	88
Porites_evermani_scaffold_193	68234	68576	gene-Peve_00012620	0	9
Porites_evermani_scaffold_193	99965	101185	gene-Peve_00012621	0.2525252778	18
Porites_evermani_scaffold_193	111876	114350	gene-Peve_00012601	0	4
Porites_evermani_scaffold_193	132316	136948	gene-Peve_00012602	0.6060606	15
Porites_evermani_scaffold_193	146382	151517	gene-Peve_00012604	0	8
Porites_evermani_scaffold_193	156302	158032	gene-Peve_00012605	0	32
Porites_evermani_scaffold_193	177536	178856	gene-Peve_00012606	0.3030303182	22
Porites_evermani_scaffold_193	192716	197599	gene-Peve_00012607	1.456876455	11
Porites_evermani_scaffold_193	205482	213994	gene-Peve_00012608	45.2670356	160
Porites_evermani_scaffold_193	217164	217918	gene-Peve_00012610	.	0
Porites_evermani_scaffold_193	220816	221560	gene-Peve_00012611	.	0
Porites_evermani_scaffold_193	236602	238337	gene-Peve_00012612	.	0
Porites_evermani_scaffold_193	242832	254250	gene-Peve_00012613	42.53354921	129
Porites_evermani_scaffold_193	259536	262642	gene-Peve_00012614	.	0
Porites_evermani_scaffold_193	264317	265787	gene-Peve_00012615	.	0
Porites_evermani_scaffold_193	269054	286342	gene-Peve_00012616	34.81262922	173
Porites_evermani_scaffold_193	286693	293679	gene-Peve_00012617	37.27840882	44
Porites_evermani_scaffold_193	295047	304192	gene-Peve_00012618	59.08083826	50
Porites_evermani_scaffold_193	304283	306926	gene-Peve_00012619	48.91125647	38
Porites_evermani_scaffold_193	310122	311538	gene-Peve_00012622	1.802536239	46
Porites_evermani_scaffold_193	327386	332798	gene-Peve_00012623	0	31
Porites_evermani_scaffold_193	340794	341838	gene-Peve_00012624	0	9
Porites_evermani_scaffold_193	350250	352431	gene-Peve_00012625	0	11
Porites_evermani_scaffold_193	359471	367115	gene-Peve_00012628	0.8707364107	56
Porites_evermani_scaffold_193	370057	370507	gene-Peve_00012629	0	1
Porites_evermani_scaffold_193	373832	374845	gene-Peve_00012630	0	8
Porites_evermani_scaffold_1930	10758	32771	gene-Peve_00012631	0.4113735624	505
Porites_evermani_scaffold_1930	38925	40302	gene-Peve_00012639	0	1
Porites_evermani_scaffold_1930	51827	58372	gene-Peve_00012632	0.3822963077	143
Porites_evermani_scaffold_1930	75723	79105	gene-Peve_00012635	2.898224354	291
Porites_evermani_scaffold_1930	79104	79485	gene-Peve_00012636	2.094303778	27
Porites_evermani_scaffold_1930	81143	85551	gene-Peve_00012637	7.747886922	153
Porites_evermani_scaffold_1930	87831	94850	gene-Peve_00012638	0.1420222324	142
Porites_evermani_scaffold_1931	1936	4528	gene-Peve_00012641	0.2786854505	91
Porites_evermani_scaffold_1931	6532	54099	gene-Peve_00012643	12.53201801	601
Porites_evermani_scaffold_1931	66991	69700	gene-Peve_00012640	.	0
Porites_evermani_scaffold_1931	95309	96416	gene-Peve_00012642	0.9090909091	11
Porites_evermani_scaffold_1932	4337	19323	gene-Peve_00012644	0.4287642824	170
Porites_evermani_scaffold_1932	27932	38064	gene-Peve_00012647	28.79423342	53
Porites_evermani_scaffold_1932	39307	60637	gene-Peve_00012649	65.92052547	156
Porites_evermani_scaffold_1932	61416	63912	gene-Peve_00012648	1.371557881	59
Porites_evermani_scaffold_1932	64953	73971	gene-Peve_00012650	54.24184074	54
Porites_evermani_scaffold_1932	85125	86739	gene-Peve_00012645	16.09081711	19
Porites_evermani_scaffold_1932	89903	95460	gene-Peve_00012646	45.81493603	61
Porites_evermani_scaffold_1933	13048	16086	gene-Peve_00012656	1.202452521	96
Porites_evermani_scaffold_1933	21337	26910	gene-Peve_00012657	12.05578317	84
Porites_evermani_scaffold_1933	30153	42058	gene-Peve_00012652	25.93537385	96
Porites_evermani_scaffold_1933	42402	45317	gene-Peve_00012653	23.07072825	16
Porites_evermani_scaffold_1933	51560	68689	gene-Peve_00012654	0.1825872213	122
Porites_evermani_scaffold_1933	81700	96171	gene-Peve_00012655	33.64202223	96
Porites_evermani_scaffold_1934	4050	4527	gene-Peve_00012660	0	3
Porites_evermani_scaffold_1934	16073	16550	gene-Peve_00012662	5.4848484	5
Porites_evermani_scaffold_1934	17164	18304	gene-Peve_00012663	0.5263157895	19
Porites_evermani_scaffold_1934	28737	43332	gene-Peve_00012664	0.2777777778	72
Porites_evermani_scaffold_1934	32543	32938	gene-Peve_00012658	.	0
Porites_evermani_scaffold_1934	54626	55760	gene-Peve_00012661	.	0
Porites_evermani_scaffold_1934	75942	85365	gene-Peve_00012665	4.527976402	127
Porites_evermani_scaffold_1935	7064	9398	gene-Peve_00012666	2.051282075	40
Porites_evermani_scaffold_1935	18006	22382	gene-Peve_00012667	0	44
Porites_evermani_scaffold_1935	36229	39195	gene-Peve_00012668	0.5476256912	68
Porites_evermani_scaffold_1935	71187	88479	gene-Peve_00012669	1.801491202	228
Porites_evermani_scaffold_1936	4082	11857	gene-Peve_00012674	0.4733560472	127
Porites_evermani_scaffold_1936	15282	20578	gene-Peve_00012673	1.81810995	139
Porites_evermani_scaffold_1936	25979	33391	gene-Peve_00012670	1.057777355	186
Porites_evermani_scaffold_1936	33559	36729	gene-Peve_00012672	0.1823949278	97
Porites_evermani_scaffold_1936	40458	49890	gene-Peve_00012671	0.41935775	248
Porites_evermani_scaffold_1936	56252	63287	gene-Peve_00012675	0.1541514051	195
Porites_evermani_scaffold_1936	69477	74912	gene-Peve_00012676	0.2034508121	149
Porites_evermani_scaffold_1936	78335	97075	gene-Peve_00012677	35.59549534	211
Porites_evermani_scaffold_1937	1373	7290	gene-Peve_00012678	1.120175306	134
Porites_evermani_scaffold_1937	9669	11706	gene-Peve_00012683	0.1897533226	62
Porites_evermani_scaffold_1937	16338	17770	gene-Peve_00012684	0.2849002963	27
Porites_evermani_scaffold_1937	25562	26132	gene-Peve_00012685	13.51282047	15
Porites_evermani_scaffold_1937	27386	42300	gene-Peve_00012686	0.1649240521	384
Porites_evermani_scaffold_1937	51093	51717	gene-Peve_00012679	0.2136752051	39
Porites_evermani_scaffold_1937	63292	65290	gene-Peve_00012680	0.1420454545	44
Porites_evermani_scaffold_1937	66063	71513	gene-Peve_00012681	47.05861457	51
Porites_evermani_scaffold_1937	88030	94995	gene-Peve_00012682	20	2
Porites_evermani_scaffold_1938	347	6126	gene-Peve_00012687	0.3278004238	151
Porites_evermani_scaffold_1938	13076	18948	gene-Peve_00012693	0.1649548722	180
Porites_evermani_scaffold_1938	21572	33217	gene-Peve_00012694	1.021944409	171
Porites_evermani_scaffold_1938	35157	45731	gene-Peve_00012688	0.5695048431	102
Porites_evermani_scaffold_1938	48924	50945	gene-Peve_00012689	0.5345911887	53
Porites_evermani_scaffold_1938	58499	64635	gene-Peve_00012690	0.1330636557	122
Porites_evermani_scaffold_1938	73490	75305	gene-Peve_00012691	24.2553499	39
Porites_evermani_scaffold_1938	83680	89869	gene-Peve_00012692	0.173950863	73
Porites_evermani_scaffold_1939	227	632	gene-Peve_00012695	0	10
Porites_evermani_scaffold_1939	4844	25867	gene-Peve_00012697	70.74136855	209
Porites_evermani_scaffold_1939	43145	46940	gene-Peve_00012696	0.3042627363	91
Porites_evermani_scaffold_1939	52086	82268	gene-Peve_00012698	32.09960554	390
Porites_evermani_scaffold_1939	85749	86934	gene-Peve_00012699	0.2564102667	30
Porites_evermani_scaffold_1939	93141	96353	gene-Peve_00012700	1.219045967	91
Porites_evermani_scaffold_194	62	6933	gene-Peve_00012701	1.666666667	6
Porites_evermani_scaffold_194	8111	23984	gene-Peve_00012719	48.42694973	51
Porites_evermani_scaffold_194	30712	33784	gene-Peve_00012726	0.1111111111	90
Porites_evermani_scaffold_194	51764	81107	gene-Peve_00012707	73.17803847	193
Porites_evermani_scaffold_194	85125	101567	gene-Peve_00012710	13.75854748	383
Porites_evermani_scaffold_194	109129	109875	gene-Peve_00012718	0.5681818125	16
Porites_evermani_scaffold_194	112733	134920	gene-Peve_00012720	5.667151561	437
Porites_evermani_scaffold_194	159626	167546	gene-Peve_00012721	4.46459115	187
Porites_evermani_scaffold_194	170304	171426	gene-Peve_00012722	2.965992364	22
Porites_evermani_scaffold_194	178429	185710	gene-Peve_00012723	0.5681818125	16
Porites_evermani_scaffold_194	189242	201764	gene-Peve_00012724	30.85117786	69
Porites_evermani_scaffold_194	196348	205811	gene-Peve_00012725	4.269900576	118
Porites_evermani_scaffold_194	217555	217936	gene-Peve_00012727	2.831196625	8
Porites_evermani_scaffold_194	231676	232255	gene-Peve_00012728	.	0
Porites_evermani_scaffold_194	232492	246807	gene-Peve_00012729	1.936019024	126
Porites_evermani_scaffold_194	252851	265253	gene-Peve_00012702	25.61396524	79
Porites_evermani_scaffold_194	265460	274588	gene-Peve_00012703	52.148655	71
Porites_evermani_scaffold_194	275105	280139	gene-Peve_00012704	39.19522144	79
Porites_evermani_scaffold_194	286187	287099	gene-Peve_00012705	0	3
Porites_evermani_scaffold_194	289111	289995	gene-Peve_00012706	0	26
Porites_evermani_scaffold_194	298059	298971	gene-Peve_00012708	0	11
Porites_evermani_scaffold_194	301725	302607	gene-Peve_00012709	0	1
Porites_evermani_scaffold_194	315064	315946	gene-Peve_00012711	.	0
Porites_evermani_scaffold_194	323255	324137	gene-Peve_00012712	0	5
Porites_evermani_scaffold_194	332229	333492	gene-Peve_00012713	0	37
Porites_evermani_scaffold_194	339847	365770	gene-Peve_00012714	15.52669279	396
Porites_evermani_scaffold_194	368320	370585	gene-Peve_00012715	37.12758064	53
Porites_evermani_scaffold_194	372201	373008	gene-Peve_00012716	6.515151429	7
Porites_evermani_scaffold_194	379322	379898	gene-Peve_00012717	.	0
Porites_evermani_scaffold_1940	3804	10644	gene-Peve_00012730	63.94523514	97
Porites_evermani_scaffold_1940	9107	9762	gene-Peve_00012740	64.73364492	13
Porites_evermani_scaffold_1940	12944	13783	gene-Peve_00012745	80.16761139	23
Porites_evermani_scaffold_1940	17391	17826	gene-Peve_00012731	82.4358874	10
Porites_evermani_scaffold_1940	25462	27272	gene-Peve_00012732	75.97101282	22
Porites_evermani_scaffold_1940	25623	26117	gene-Peve_00012733	89.56794562	8
Porites_evermani_scaffold_1940	44508	56493	gene-Peve_00012736	78.2592966	105
Porites_evermani_scaffold_1940	46483	46867	gene-Peve_00012734	54.334365	2
Porites_evermani_scaffold_1940	47374	51182	gene-Peve_00012737	.	0
Porites_evermani_scaffold_1940	61630	62198	gene-Peve_00012739	57.2525675	4
Porites_evermani_scaffold_1940	72003	72546	gene-Peve_00012741	0	16
Porites_evermani_scaffold_1940	90326	91396	gene-Peve_00012743	9.99517145	20
Porites_evermani_scaffold_1940	93987	94526	gene-Peve_00012742	87.7369505	8
Porites_evermani_scaffold_1941	8441	13917	gene-Peve_00012750	0.7584726588	170
Porites_evermani_scaffold_1941	14982	15474	gene-Peve_00012751	4.779899286	14
Porites_evermani_scaffold_1941	16702	17020	gene-Peve_00012752	0	9
Porites_evermani_scaffold_1941	96071	96608	gene-Peve_00012749	0	8
Porites_evermani_scaffold_1942	84	12580	gene-Peve_00012753	76.77754596	84
Porites_evermani_scaffold_1942	12934	16017	gene-Peve_00012756	.	0
Porites_evermani_scaffold_1942	16489	20991	gene-Peve_00012757	31.01879182	22
Porites_evermani_scaffold_1942	21809	25344	gene-Peve_00012758	51.49624681	48
Porites_evermani_scaffold_1942	34866	40735	gene-Peve_00012759	63.34283775	20
Porites_evermani_scaffold_1942	43128	43719	gene-Peve_00012754	0	23
Porites_evermani_scaffold_1942	77065	86278	gene-Peve_00012755	0.4395502839	155
Porites_evermani_scaffold_1943	66393	76944	gene-Peve_00012763	54.23047545	11
Porites_evermani_scaffold_1943	79617	81432	gene-Peve_00012761	0.6818181818	22
Porites_evermani_scaffold_1943	85578	96538	gene-Peve_00012762	38.07330001	156
Porites_evermani_scaffold_1944	2	4524	gene-Peve_00012764	63.88768957	44
Porites_evermani_scaffold_1944	4922	8332	gene-Peve_00012768	26.41661368	22
Porites_evermani_scaffold_1944	11374	12564	gene-Peve_00012765	82.141908	6
Porites_evermani_scaffold_1944	14260	36495	gene-Peve_00012766	2.515323439	301
Porites_evermani_scaffold_1944	27184	27662	gene-Peve_00012767	0	6
Porites_evermani_scaffold_1944	39902	59379	gene-Peve_00012769	7.791204953	129
Porites_evermani_scaffold_1944	59693	74843	gene-Peve_00012770	0	3
Porites_evermani_scaffold_1945	1375	5618	gene-Peve_00012771	1.9223776	45
Porites_evermani_scaffold_1945	11184	13624	gene-Peve_00012776	0.3819709683	63
Porites_evermani_scaffold_1945	24548	34326	gene-Peve_00012777	60.56076069	108
Porites_evermani_scaffold_1945	41852	56926	gene-Peve_00012772	29.22230378	125
Porites_evermani_scaffold_1945	58967	64911	gene-Peve_00012773	0.03425830935	139
Porites_evermani_scaffold_1945	69613	90428	gene-Peve_00012774	41.09703095	369
Porites_evermani_scaffold_1946	11511	40641	gene-Peve_00012780	0.4007979154	260
Porites_evermani_scaffold_1946	49951	50431	gene-Peve_00012781	0	3
Porites_evermani_scaffold_1946	81561	95867	gene-Peve_00012779	1.890451328	119
Porites_evermani_scaffold_1947	12558	14092	gene-Peve_00012782	.	0
Porites_evermani_scaffold_1947	17812	27187	gene-Peve_00012783	1.8181818	5
Porites_evermani_scaffold_1947	31548	51559	gene-Peve_00012784	0.2217294878	41
Porites_evermani_scaffold_1947	56098	74699	gene-Peve_00012785	0.2597402571	35
Porites_evermani_scaffold_1947	79845	96575	gene-Peve_00012786	1.433139156	160
Porites_evermani_scaffold_1948	2070	3738	gene-Peve_00012795	0	26
Porites_evermani_scaffold_1948	4219	6079	gene-Peve_00012796	3.822843818	11
Porites_evermani_scaffold_1948	18502	32485	gene-Peve_00012787	0.4295316472	309
Porites_evermani_scaffold_1948	21005	22356	gene-Peve_00012788	0	31
Porites_evermani_scaffold_1948	36899	41615	gene-Peve_00012789	0.05	125
Porites_evermani_scaffold_1948	46615	52210	gene-Peve_00012790	0.1547987632	38
Porites_evermani_scaffold_1948	54759	59530	gene-Peve_00012793	0.3248176325	117
Porites_evermani_scaffold_1948	62688	65830	gene-Peve_00012792	0	3
Porites_evermani_scaffold_1948	67806	80621	gene-Peve_00012791	0.8570782388	67
Porites_evermani_scaffold_1948	88804	95053	gene-Peve_00012794	.	0
Porites_evermani_scaffold_1949	1572	2833	gene-Peve_00012797	.	0
Porites_evermani_scaffold_1949	5608	6847	gene-Peve_00012804	.	0
Porites_evermani_scaffold_1949	17543	18393	gene-Peve_00012798	.	0
Porites_evermani_scaffold_1949	18971	36358	gene-Peve_00012799	2.912540516	213
Porites_evermani_scaffold_1949	57841	58696	gene-Peve_00012800	.	0
Porites_evermani_scaffold_1949	63802	66801	gene-Peve_00012801	0.625	16
Porites_evermani_scaffold_1949	88184	90473	gene-Peve_00012803	.	0
Porites_evermani_scaffold_195	2442	5454	gene-Peve_00012805	.	0
Porites_evermani_scaffold_195	31766	33563	gene-Peve_00012808	.	0
Porites_evermani_scaffold_195	40154	40505	gene-Peve_00012810	.	0
Porites_evermani_scaffold_195	43849	54506	gene-Peve_00012806	2.27272725	4
Porites_evermani_scaffold_195	63282	69380	gene-Peve_00012807	.	0
Porites_evermani_scaffold_195	76990	92775	gene-Peve_00012811	17.88010441	224
Porites_evermani_scaffold_195	93699	95248	gene-Peve_00012812	0.6504065122	41
Porites_evermani_scaffold_195	102464	103340	gene-Peve_00012813	91.38018845	11
Porites_evermani_scaffold_195	105959	106439	gene-Peve_00012814	0	3
Porites_evermani_scaffold_195	107419	108619	gene-Peve_00012815	1.034377219	32
Porites_evermani_scaffold_195	110671	111055	gene-Peve_00012816	0	11
Porites_evermani_scaffold_195	111984	115615	gene-Peve_00012817	0.240508845	129
Porites_evermani_scaffold_195	139951	141526	gene-Peve_00012818	21.0049663	20
Porites_evermani_scaffold_195	145071	177557	gene-Peve_00012819	24.93607085	568
Porites_evermani_scaffold_195	182776	183757	gene-Peve_00012820	0	15
Porites_evermani_scaffold_195	192086	192953	gene-Peve_00012821	.	0
Porites_evermani_scaffold_195	194879	216715	gene-Peve_00012822	5.058477922	205
Porites_evermani_scaffold_195	216807	220120	gene-Peve_00012823	37.24517312	40
Porites_evermani_scaffold_195	220863	222666	gene-Peve_00012824	4.655647364	22
Porites_evermani_scaffold_195	226484	228128	gene-Peve_00012825	0	29
Porites_evermani_scaffold_195	234155	234668	gene-Peve_00012826	2.5	4
Porites_evermani_scaffold_195	239223	243693	gene-Peve_00012827	0.1443001429	63
Porites_evermani_scaffold_195	251879	282052	gene-Peve_00012828	0.9327881173	452
Porites_evermani_scaffold_195	285443	289890	gene-Peve_00012829	1.412347817	82
Porites_evermani_scaffold_195	297412	301075	gene-Peve_00012830	73.815699	39
Porites_evermani_scaffold_195	301317	303459	gene-Peve_00012831	47.97931462	13
Porites_evermani_scaffold_195	304011	316683	gene-Peve_00012832	22.68063291	106
Porites_evermani_scaffold_195	326630	334915	gene-Peve_00012833	40.95990898	57
Porites_evermani_scaffold_195	335635	341145	gene-Peve_00012834	.	0
Porites_evermani_scaffold_195	346764	352922	gene-Peve_00012835	91.55518867	27
Porites_evermani_scaffold_195	354653	356730	gene-Peve_00012836	100	1
Porites_evermani_scaffold_195	359860	366046	gene-Peve_00012837	89.3892775	10
Porites_evermani_scaffold_195	367290	371371	gene-Peve_00012838	98	5
Porites_evermani_scaffold_195	374623	380208	gene-Peve_00012839	0	17
Porites_evermani_scaffold_195	381714	382077	gene-Peve_00012809	.	0
Porites_evermani_scaffold_1950	3387	5930	gene-Peve_00012840	0.2754820909	33
Porites_evermani_scaffold_1950	13610	35583	gene-Peve_00012841	1.596108261	303
Porites_evermani_scaffold_1950	41212	83982	gene-Peve_00012843	0.8983152125	240
Porites_evermani_scaffold_1950	84973	88616	gene-Peve_00012842	2.470862476	42
Porites_evermani_scaffold_1950	93237	94135	gene-Peve_00012844	0.1949317778	27
Porites_evermani_scaffold_1951	20854	23078	gene-Peve_00012848	.	0
Porites_evermani_scaffold_1951	23168	25667	gene-Peve_00012849	.	0
Porites_evermani_scaffold_1951	31154	31565	gene-Peve_00012850	.	0
Porites_evermani_scaffold_1951	39266	46065	gene-Peve_00012845	0	2
Porites_evermani_scaffold_1951	51481	61885	gene-Peve_00012846	3.2200854	15
Porites_evermani_scaffold_1951	63311	64319	gene-Peve_00012847	0	7
Porites_evermani_scaffold_1952	19413	22140	gene-Peve_00012851	37.7679837	67
Porites_evermani_scaffold_1952	73125	73971	gene-Peve_00012852	.	0
Porites_evermani_scaffold_1952	76663	79889	gene-Peve_00012853	.	0
Porites_evermani_scaffold_1952	82524	90252	gene-Peve_00012854	2.834961644	59
Porites_evermani_scaffold_1952	94595	95534	gene-Peve_00012855	3.3333335	2
Porites_evermani_scaffold_1953	2669	4988	gene-Peve_00012859	.	0
Porites_evermani_scaffold_1953	6840	10005	gene-Peve_00012860	.	0
Porites_evermani_scaffold_1953	10189	22433	gene-Peve_00012861	0.6947314091	176
Porites_evermani_scaffold_1953	27531	34753	gene-Peve_00012862	56.75918191	145
Porites_evermani_scaffold_1953	35176	54693	gene-Peve_00012863	16.84263032	264
Porites_evermani_scaffold_1953	65252	78752	gene-Peve_00012857	16.49821678	23
Porites_evermani_scaffold_1953	81182	95779	gene-Peve_00012858	0.2597402545	55
Porites_evermani_scaffold_1954	32911	37126	gene-Peve_00012864	0.2733570548	146
Porites_evermani_scaffold_1954	43424	49521	gene-Peve_00012865	48.35382	46
Porites_evermani_scaffold_1954	49705	50935	gene-Peve_00012866	60.37351089	18
Porites_evermani_scaffold_1954	53915	55823	gene-Peve_00012867	0	65
Porites_evermani_scaffold_1954	58076	60441	gene-Peve_00012868	0.2380952333	30
Porites_evermani_scaffold_1954	64091	68945	gene-Peve_00012869	79.92935311	18
Porites_evermani_scaffold_1954	88984	89660	gene-Peve_00012870	0.2222222333	30
Porites_evermani_scaffold_1955	26559	27564	gene-Peve_00012875	1.111111125	24
Porites_evermani_scaffold_1955	30686	34934	gene-Peve_00012873	8.490469339	56
Porites_evermani_scaffold_1955	35220	51318	gene-Peve_00012874	0.8593326581	313
Porites_evermani_scaffold_1955	52497	56960	gene-Peve_00012876	0.2412651453	117
Porites_evermani_scaffold_1955	69519	79266	gene-Peve_00012877	0.8134783213	249
Porites_evermani_scaffold_1956	2545	2941	gene-Peve_00012878	0	14
Porites_evermani_scaffold_1956	11884	12250	gene-Peve_00012886	1.058114063	16
Porites_evermani_scaffold_1956	15323	15782	gene-Peve_00012888	1.33333328	25
Porites_evermani_scaffold_1956	32831	35487	gene-Peve_00012880	0	6
Porites_evermani_scaffold_1956	38190	38614	gene-Peve_00012881	0	2
Porites_evermani_scaffold_1956	42867	46751	gene-Peve_00012882	2.526010592	49
Porites_evermani_scaffold_1956	55887	57307	gene-Peve_00012883	1.494273	14
Porites_evermani_scaffold_1956	58489	59851	gene-Peve_00012884	7.005116091	11
Porites_evermani_scaffold_1956	73513	77054	gene-Peve_00012885	0.308248	119
Porites_evermani_scaffold_1956	94808	95603	gene-Peve_00012887	1.130047758	33
Porites_evermani_scaffold_1957	13142	27035	gene-Peve_00012897	22.53991602	99
Porites_evermani_scaffold_1957	28673	30455	gene-Peve_00012889	0	5
Porites_evermani_scaffold_1957	32299	33591	gene-Peve_00012890	1.190476143	7
Porites_evermani_scaffold_1957	33929	34388	gene-Peve_00012891	0	2
Porites_evermani_scaffold_1957	59669	80530	gene-Peve_00012893	15.49694094	385
Porites_evermani_scaffold_1957	68501	73151	gene-Peve_00012894	22.630563	101
Porites_evermani_scaffold_1957	86068	86309	gene-Peve_00012895	.	0
Porites_evermani_scaffold_1957	88290	91362	gene-Peve_00012896	10.58775523	65
Porites_evermani_scaffold_1957	93145	94711	gene-Peve_00012898	0.6112705385	65
Porites_evermani_scaffold_1958	20792	21653	gene-Peve_00012902	0	17
Porites_evermani_scaffold_1958	43098	52309	gene-Peve_00012903	60.61694294	103
Porites_evermani_scaffold_1958	59619	61059	gene-Peve_00012904	.	0
Porites_evermani_scaffold_1958	65868	67302	gene-Peve_00012905	.	0
Porites_evermani_scaffold_1958	71604	75109	gene-Peve_00012899	0.3472222083	24
Porites_evermani_scaffold_1958	77398	86896	gene-Peve_00012900	54.55689714	57
Porites_evermani_scaffold_1959	1523	6355	gene-Peve_00012906	.	0
Porites_evermani_scaffold_1959	6599	17538	gene-Peve_00012909	100	6
Porites_evermani_scaffold_1959	19360	33501	gene-Peve_00012912	0	1
Porites_evermani_scaffold_1959	46606	58229	gene-Peve_00012907	50.3125	4
Porites_evermani_scaffold_1959	64873	66614	gene-Peve_00012908	.	0
Porites_evermani_scaffold_1959	81293	82469	gene-Peve_00012910	.	0
Porites_evermani_scaffold_1959	85808	89706	gene-Peve_00012911	.	0
Porites_evermani_scaffold_196	2948	5882	gene-Peve_00012919	0.7075522549	51
Porites_evermani_scaffold_196	14324	14711	gene-Peve_00012921	0	14
Porites_evermani_scaffold_196	18674	23869	gene-Peve_00012925	45.63852813	32
Porites_evermani_scaffold_196	24168	64705	gene-Peve_00012928	5.293339393	354
Porites_evermani_scaffold_196	67439	68339	gene-Peve_00012935	.	0
Porites_evermani_scaffold_196	79259	86985	gene-Peve_00012937	0.3372926755	188
Porites_evermani_scaffold_196	109919	118262	gene-Peve_00012915	4.350116084	95
Porites_evermani_scaffold_196	128799	129321	gene-Peve_00012917	.	0
Porites_evermani_scaffold_196	130270	131149	gene-Peve_00012916	0	16
Porites_evermani_scaffold_196	133924	148522	gene-Peve_00012918	0.765091622	537
Porites_evermani_scaffold_196	153861	155103	gene-Peve_00012920	0.586931	41
Porites_evermani_scaffold_196	170548	173329	gene-Peve_00012922	0	7
Porites_evermani_scaffold_196	173996	174824	gene-Peve_00012923	21.990388	22
Porites_evermani_scaffold_196	179866	181456	gene-Peve_00012924	1.111111111	9
Porites_evermani_scaffold_196	191861	194139	gene-Peve_00012926	1.39393936	25
Porites_evermani_scaffold_196	221890	223102	gene-Peve_00012927	0	28
Porites_evermani_scaffold_196	232882	277781	gene-Peve_00012929	4.648092492	786
Porites_evermani_scaffold_196	279382	286054	gene-Peve_00012931	0.2212563241	145
Porites_evermani_scaffold_196	289795	304800	gene-Peve_00012932	0.3304460899	378
Porites_evermani_scaffold_196	308430	314760	gene-Peve_00012933	0.4973843593	167
Porites_evermani_scaffold_196	331222	339829	gene-Peve_00012934	0.3022716652	221
Porites_evermani_scaffold_196	346398	383533	gene-Peve_00012936	24.37772056	483
Porites_evermani_scaffold_1960	3950	10703	gene-Peve_00012938	0.6366115224	134
Porites_evermani_scaffold_1960	13010	25582	gene-Peve_00012947	51.39588829	94
Porites_evermani_scaffold_1960	26372	34863	gene-Peve_00012948	.	0
Porites_evermani_scaffold_1960	44748	52550	gene-Peve_00012939	0.2756423248	234
Porites_evermani_scaffold_1960	58032	59640	gene-Peve_00012940	0.9153439333	45
Porites_evermani_scaffold_1960	61962	62907	gene-Peve_00012941	2.380952333	3
Porites_evermani_scaffold_1960	75650	77252	gene-Peve_00012945	0.3809524	30
Porites_evermani_scaffold_1960	80484	95288	gene-Peve_00012946	1.206198611	198
Porites_evermani_scaffold_1961	21045	89678	gene-Peve_00012952	0.8023818349	1629
Porites_evermani_scaffold_1962	2718	5539	gene-Peve_00012953	0.3222267879	66
Porites_evermani_scaffold_1962	9962	12402	gene-Peve_00012961	1.007973375	72
Porites_evermani_scaffold_1962	21509	30743	gene-Peve_00012962	0.6422736765	136
Porites_evermani_scaffold_1962	31256	32784	gene-Peve_00012963	0.4132231364	22
Porites_evermani_scaffold_1962	34141	40395	gene-Peve_00012964	4.91155672	25
Porites_evermani_scaffold_1962	41131	42212	gene-Peve_00012954	.	0
Porites_evermani_scaffold_1962	43459	54295	gene-Peve_00012955	0	4
Porites_evermani_scaffold_1962	56582	67285	gene-Peve_00012956	9.503704068	73
Porites_evermani_scaffold_1962	69047	70744	gene-Peve_00012957	0.498418	57
Porites_evermani_scaffold_1962	71354	78534	gene-Peve_00012958	24.35439359	76
Porites_evermani_scaffold_1962	80405	84727	gene-Peve_00012959	0.1544860392	102
Porites_evermani_scaffold_1962	86062	89937	gene-Peve_00012960	2.983650962	52
Porites_evermani_scaffold_1963	4614	6185	gene-Peve_00012970	0.392156875	32
Porites_evermani_scaffold_1963	6405	9519	gene-Peve_00012972	8.822199442	43
Porites_evermani_scaffold_1963	11979	18198	gene-Peve_00012973	58.07897386	59
Porites_evermani_scaffold_1963	20398	23043	gene-Peve_00012974	0	62
Porites_evermani_scaffold_1963	23238	24846	gene-Peve_00012975	27.24764832	22
Porites_evermani_scaffold_1963	24864	31934	gene-Peve_00012976	79.07687423	65
Porites_evermani_scaffold_1963	33732	39361	gene-Peve_00012965	29.58534601	90
Porites_evermani_scaffold_1963	42983	52685	gene-Peve_00012966	34.69284292	101
Porites_evermani_scaffold_1963	55284	62295	gene-Peve_00012967	67.31858777	61
Porites_evermani_scaffold_1963	62522	73374	gene-Peve_00012968	72.77133451	116
Porites_evermani_scaffold_1963	75413	78534	gene-Peve_00012969	56.77275474	38
Porites_evermani_scaffold_1963	78681	85522	gene-Peve_00012971	0	4
Porites_evermani_scaffold_1964	3219	19720	gene-Peve_00012977	0.8723629824	227
Porites_evermani_scaffold_1964	22716	44007	gene-Peve_00012978	0.8625129426	366
Porites_evermani_scaffold_1964	62355	63555	gene-Peve_00012983	0.2777777917	24
Porites_evermani_scaffold_1964	67205	72548	gene-Peve_00012979	10.92871067	9
Porites_evermani_scaffold_1964	72666	83339	gene-Peve_00012980	13.42919396	73
Porites_evermani_scaffold_1964	85893	89929	gene-Peve_00012981	0.1602564167	48
Porites_evermani_scaffold_1964	92640	95579	gene-Peve_00012982	13.64384332	65
Porites_evermani_scaffold_1965	1989	2202	gene-Peve_00012984	20.2904975	8
Porites_evermani_scaffold_1965	58428	61322	gene-Peve_00012986	1.187859778	63
Porites_evermani_scaffold_1966	2129	3888	gene-Peve_00012987	1.024972575	40
Porites_evermani_scaffold_1966	25187	34834	gene-Peve_00012990	0	13
Porites_evermani_scaffold_1966	42804	54020	gene-Peve_00012988	61.614323	87
Porites_evermani_scaffold_1966	66840	68314	gene-Peve_00012989	0	1
Porites_evermani_scaffold_1967	5809	13277	gene-Peve_00012992	56.38407233	21
Porites_evermani_scaffold_1967	17782	18316	gene-Peve_00012999	0	3
Porites_evermani_scaffold_1967	37343	60312	gene-Peve_00012998	0.8520803134	67
Porites_evermani_scaffold_1968	19526	27097	gene-Peve_00013000	.	0
Porites_evermani_scaffold_1968	27793	31224	gene-Peve_00013002	.	0
Porites_evermani_scaffold_1968	55482	57573	gene-Peve_00013004	.	0
Porites_evermani_scaffold_1968	59724	65790	gene-Peve_00013003	8.253129616	86
Porites_evermani_scaffold_1968	69862	77285	gene-Peve_00013005	23.90534389	65
Porites_evermani_scaffold_1968	77362	84492	gene-Peve_00013006	10.26031783	141
Porites_evermani_scaffold_1968	85756	86245	gene-Peve_00013001	2.691622059	17
Porites_evermani_scaffold_1969	1396	8577	gene-Peve_00013007	0.5896226415	53
Porites_evermani_scaffold_1969	15381	16584	gene-Peve_00013011	7.6363636	5
Porites_evermani_scaffold_1969	16793	29833	gene-Peve_00013012	19.570707	6
Porites_evermani_scaffold_1969	30200	31697	gene-Peve_00013014	.	0
Porites_evermani_scaffold_1969	32842	38634	gene-Peve_00013015	61.37895545	22
Porites_evermani_scaffold_1969	39839	42326	gene-Peve_00013008	9.090909	1
Porites_evermani_scaffold_1969	42961	77186	gene-Peve_00013013	26.94280881	52
Porites_evermani_scaffold_1969	79594	81286	gene-Peve_00013009	.	0
Porites_evermani_scaffold_1969	83561	83903	gene-Peve_00013010	.	0
Porites_evermani_scaffold_197	1989	8206	gene-Peve_00013016	68.63442379	34
Porites_evermani_scaffold_197	9998	33607	gene-Peve_00013020	82.65008822	263
Porites_evermani_scaffold_197	38565	49154	gene-Peve_00013032	62.03405193	104
Porites_evermani_scaffold_197	50687	83740	gene-Peve_00013035	1.497527935	797
Porites_evermani_scaffold_197	103304	104174	gene-Peve_00013017	0	21
Porites_evermani_scaffold_197	105111	105819	gene-Peve_00013018	0	19
Porites_evermani_scaffold_197	107914	108580	gene-Peve_00013019	0	20
Porites_evermani_scaffold_197	113580	125209	gene-Peve_00013021	73.73943903	127
Porites_evermani_scaffold_197	125785	143851	gene-Peve_00013022	31.18116344	232
Porites_evermani_scaffold_197	149971	153629	gene-Peve_00013023	88.91848507	45
Porites_evermani_scaffold_197	165301	175426	gene-Peve_00013024	84.84255019	63
Porites_evermani_scaffold_197	178428	179808	gene-Peve_00013025	43.15414924	25
Porites_evermani_scaffold_197	186279	186642	gene-Peve_00013026	0	16
Porites_evermani_scaffold_197	189951	191334	gene-Peve_00013027	60.87668564	25
Porites_evermani_scaffold_197	193459	194717	gene-Peve_00013028	0.93333332	25
Porites_evermani_scaffold_197	233202	236931	gene-Peve_00013030	45.42120081	26
Porites_evermani_scaffold_197	239440	240940	gene-Peve_00013031	64.2222222	10
Porites_evermani_scaffold_197	291333	305821	gene-Peve_00013033	0.6843051082	388
Porites_evermani_scaffold_197	319181	327081	gene-Peve_00013034	8.044337656	125
Porites_evermani_scaffold_197	331437	332239	gene-Peve_00013036	0.4177109474	19
Porites_evermani_scaffold_197	341333	348701	gene-Peve_00013037	63.73854886	66
Porites_evermani_scaffold_197	349532	381492	gene-Peve_00013038	19.22705735	328
Porites_evermani_scaffold_1970	29751	32555	gene-Peve_00013044	.	0
Porites_evermani_scaffold_1970	41238	42853	gene-Peve_00013039	.	0
Porites_evermani_scaffold_1970	46054	52371	gene-Peve_00013040	0.5938392523	107
Porites_evermani_scaffold_1970	50413	53768	gene-Peve_00013042	0	41
Porites_evermani_scaffold_1970	53792	56381	gene-Peve_00013043	0.1379310345	29
Porites_evermani_scaffold_1970	74524	84635	gene-Peve_00013041	2.165846841	63
Porites_evermani_scaffold_1971	4631	4999	gene-Peve_00013045	.	0
Porites_evermani_scaffold_1971	25916	67226	gene-Peve_00013046	3.556138406	217
Porites_evermani_scaffold_1972	20123	88729	gene-Peve_00013050	6.244604495	776
Porites_evermani_scaffold_1972	36701	36992	gene-Peve_00013051	3.3333335	2
Porites_evermani_scaffold_1972	50782	57469	gene-Peve_00013047	24.36263292	91
Porites_evermani_scaffold_1973	256	3570	gene-Peve_00013055	0	29
Porites_evermani_scaffold_1973	8627	16968	gene-Peve_00013056	1.379310345	29
Porites_evermani_scaffold_1973	11159	12072	gene-Peve_00013058	0	1
Porites_evermani_scaffold_1973	31140	50028	gene-Peve_00013057	0.87302507	200
Porites_evermani_scaffold_1973	55363	71045	gene-Peve_00013052	17.87667602	192
Porites_evermani_scaffold_1973	71549	80655	gene-Peve_00013053	14.18041791	102
Porites_evermani_scaffold_1973	90070	90432	gene-Peve_00013054	0	14
Porites_evermani_scaffold_1974	5743	23983	gene-Peve_00013060	15.08616981	312
Porites_evermani_scaffold_1974	44467	46466	gene-Peve_00013059	26.51536994	17
Porites_evermani_scaffold_1974	58947	60024	gene-Peve_00013061	3.5714285	2
Porites_evermani_scaffold_1974	67876	68623	gene-Peve_00013062	20	1
Porites_evermani_scaffold_1975	1090	8319	gene-Peve_00013063	0.4696803485	66
Porites_evermani_scaffold_1975	19625	24248	gene-Peve_00013067	1.218991	127
Porites_evermani_scaffold_1975	32972	38039	gene-Peve_00013068	23.22898424	68
Porites_evermani_scaffold_1975	38917	40469	gene-Peve_00013070	0	29
Porites_evermani_scaffold_1975	43116	69283	gene-Peve_00013071	0.4989796254	299
Porites_evermani_scaffold_1975	62203	66006	gene-Peve_00013064	2.5	5
Porites_evermani_scaffold_1975	69743	81781	gene-Peve_00013065	0.3737218933	356
Porites_evermani_scaffold_1975	88653	91866	gene-Peve_00013066	1.458870783	23
Porites_evermani_scaffold_1976	8766	26636	gene-Peve_00013072	72.50883368	113
Porites_evermani_scaffold_1976	33716	56004	gene-Peve_00013073	18.28106072	36
Porites_evermani_scaffold_1976	64126	72765	gene-Peve_00013075	4.812277154	13
Porites_evermani_scaffold_1976	89894	90764	gene-Peve_00013074	0	20
Porites_evermani_scaffold_1977	1576	1918	gene-Peve_00013079	0	4
Porites_evermani_scaffold_1977	7623	8565	gene-Peve_00013080	.	0
Porites_evermani_scaffold_1977	11816	12438	gene-Peve_00013081	5.26537715	20
Porites_evermani_scaffold_1977	30713	32580	gene-Peve_00013082	0	14
Porites_evermani_scaffold_1977	57240	62448	gene-Peve_00013076	0.1865505882	136
Porites_evermani_scaffold_1977	69239	75878	gene-Peve_00013077	58.56626992	88
Porites_evermani_scaffold_1977	76177	89754	gene-Peve_00013078	8.854187613	212
Porites_evermani_scaffold_1978	126	6467	gene-Peve_00013083	0.2756645128	78
Porites_evermani_scaffold_1978	13249	17170	gene-Peve_00013086	0.2169108317	101
Porites_evermani_scaffold_1978	17866	29059	gene-Peve_00013087	0.3043547386	88
Porites_evermani_scaffold_1978	36581	37718	gene-Peve_00013090	.	0
Porites_evermani_scaffold_1978	38269	39090	gene-Peve_00013088	.	0
Porites_evermani_scaffold_1978	43101	43782	gene-Peve_00013084	0	1
Porites_evermani_scaffold_1978	46354	60146	gene-Peve_00013085	0.660316717	318
Porites_evermani_scaffold_1978	69453	86141	gene-Peve_00013089	0.2835379834	301
Porites_evermani_scaffold_1979	3775	6667	gene-Peve_00013096	92.95326773	11
Porites_evermani_scaffold_1979	13575	17114	gene-Peve_00013097	90.54334567	12
Porites_evermani_scaffold_1979	25172	41156	gene-Peve_00013091	21.75596338	213
Porites_evermani_scaffold_1979	41734	56925	gene-Peve_00013092	56.69230645	144
Porites_evermani_scaffold_1979	62094	74899	gene-Peve_00013093	48.32955517	59
Porites_evermani_scaffold_1979	78236	86048	gene-Peve_00013094	1.934731927	41
Porites_evermani_scaffold_1979	89243	91526	gene-Peve_00013095	0.3004179655	58
Porites_evermani_scaffold_198	4566	13429	gene-Peve_00013098	2.962926613	75
Porites_evermani_scaffold_198	16137	20100	gene-Peve_00013107	0	30
Porites_evermani_scaffold_198	21069	31820	gene-Peve_00013116	2.914824169	242
Porites_evermani_scaffold_198	51909	52998	gene-Peve_00013123	4.6707459	10
Porites_evermani_scaffold_198	72206	76019	gene-Peve_00013099	.	0
Porites_evermani_scaffold_198	104674	109643	gene-Peve_00013100	.	0
Porites_evermani_scaffold_198	132933	134265	gene-Peve_00013101	0.7054674167	12
Porites_evermani_scaffold_198	179627	182781	gene-Peve_00013104	28.23551543	7
Porites_evermani_scaffold_198	182986	184991	gene-Peve_00013103	26.8979731	29
Porites_evermani_scaffold_198	186441	188413	gene-Peve_00013105	21.7564165	40
Porites_evermani_scaffold_198	192699	198548	gene-Peve_00013106	0.7843137059	34
Porites_evermani_scaffold_198	204061	208936	gene-Peve_00013108	0.2232142813	32
Porites_evermani_scaffold_198	215619	217814	gene-Peve_00013109	20	2
Porites_evermani_scaffold_198	219585	225598	gene-Peve_00013110	0.304105625	96
Porites_evermani_scaffold_198	242809	244320	gene-Peve_00013111	0.4808098955	67
Porites_evermani_scaffold_198	246292	247300	gene-Peve_00013112	0.3241274915	59
Porites_evermani_scaffold_198	249249	249480	gene-Peve_00013113	.	0
Porites_evermani_scaffold_198	252589	252820	gene-Peve_00013114	.	0
Porites_evermani_scaffold_198	255449	255914	gene-Peve_00013115	4.6406338	15
Porites_evermani_scaffold_198	258121	258439	gene-Peve_00013117	0.833333375	8
Porites_evermani_scaffold_198	276437	281118	gene-Peve_00013118	2.351945569	174
Porites_evermani_scaffold_198	299480	310193	gene-Peve_00013119	0.5553505852	176
Porites_evermani_scaffold_198	311881	321137	gene-Peve_00013120	1.527615389	257
Porites_evermani_scaffold_198	321877	323333	gene-Peve_00013121	0.3896103878	49
Porites_evermani_scaffold_198	328269	342374	gene-Peve_00013122	0.8272362789	294
Porites_evermani_scaffold_198	344371	352885	gene-Peve_00013124	62.79895174	126
Porites_evermani_scaffold_198	354919	357020	gene-Peve_00013125	.	0
Porites_evermani_scaffold_198	357434	373094	gene-Peve_00013126	68.67603292	172
Porites_evermani_scaffold_1980	1	6450	gene-Peve_00013127	92.55651756	9
Porites_evermani_scaffold_1980	15727	18844	gene-Peve_00013128	.	0
Porites_evermani_scaffold_1980	21482	31799	gene-Peve_00013129	.	0
Porites_evermani_scaffold_1980	38968	42314	gene-Peve_00013130	0	111
Porites_evermani_scaffold_1980	43487	44546	gene-Peve_00013131	0	35
Porites_evermani_scaffold_1980	58768	59509	gene-Peve_00013132	0	20
Porites_evermani_scaffold_1980	62078	94821	gene-Peve_00013133	22.0185429	204
Porites_evermani_scaffold_1981	36940	37768	gene-Peve_00013146	15.88424513	31
Porites_evermani_scaffold_1981	48194	48905	gene-Peve_00013135	0.1972386667	39
Porites_evermani_scaffold_1981	60617	61154	gene-Peve_00013137	0	15
Porites_evermani_scaffold_1981	66064	66703	gene-Peve_00013138	1.1805556	10
Porites_evermani_scaffold_1981	74395	75019	gene-Peve_00013143	1.69922675	12
Porites_evermani_scaffold_1982	3896	17641	gene-Peve_00013156	0.7559298782	386
Porites_evermani_scaffold_1982	19940	20801	gene-Peve_00013147	0.1501501622	37
Porites_evermani_scaffold_1982	21890	23406	gene-Peve_00013148	0.1089324706	51
Porites_evermani_scaffold_1982	24813	25179	gene-Peve_00013149	0	6
Porites_evermani_scaffold_1982	28938	31405	gene-Peve_00013150	1.803738424	66
Porites_evermani_scaffold_1982	36836	57729	gene-Peve_00013151	0.1208373579	271
Porites_evermani_scaffold_1982	67126	69876	gene-Peve_00013152	0.1302083333	48
Porites_evermani_scaffold_1982	78452	79031	gene-Peve_00013153	.	0
Porites_evermani_scaffold_1982	90360	91230	gene-Peve_00013154	0	33
Porites_evermani_scaffold_1982	93628	94495	gene-Peve_00013155	0.5608974231	26
Porites_evermani_scaffold_1983	2267	2753	gene-Peve_00013157	.	0
Porites_evermani_scaffold_1983	3071	20115	gene-Peve_00013158	22.63508837	175
Porites_evermani_scaffold_1983	22707	32587	gene-Peve_00013159	0.3703703704	81
Porites_evermani_scaffold_1983	33515	94605	gene-Peve_00013160	1.938970996	460
Porites_evermani_scaffold_1983	36693	37380	gene-Peve_00013161	1.631064769	13
Porites_evermani_scaffold_1984	10481	10850	gene-Peve_00013162	.	0
Porites_evermani_scaffold_1984	14683	15052	gene-Peve_00013166	.	0
Porites_evermani_scaffold_1984	19800	21374	gene-Peve_00013167	0.5927312941	68
Porites_evermani_scaffold_1984	22295	47860	gene-Peve_00013168	4.867334188	421
Porites_evermani_scaffold_1984	51210	74038	gene-Peve_00013163	58.41396851	65
Porites_evermani_scaffold_1984	76425	79987	gene-Peve_00013164	0.4120879107	56
Porites_evermani_scaffold_1984	85027	87861	gene-Peve_00013165	0.7292449537	108
Porites_evermani_scaffold_1985	7096	9962	gene-Peve_00013175	41.37031775	8
Porites_evermani_scaffold_1985	15354	15939	gene-Peve_00013179	0	3
Porites_evermani_scaffold_1985	18844	19186	gene-Peve_00013180	.	0
Porites_evermani_scaffold_1985	28274	34772	gene-Peve_00013170	0.7110197462	130
Porites_evermani_scaffold_1985	34048	38398	gene-Peve_00013171	19.3168493	23
Porites_evermani_scaffold_1985	41523	47056	gene-Peve_00013172	0.7016682632	152
Porites_evermani_scaffold_1985	48911	58920	gene-Peve_00013173	0.5714285714	70
Porites_evermani_scaffold_1985	64665	67209	gene-Peve_00013174	0	1
Porites_evermani_scaffold_1985	70258	70840	gene-Peve_00013177	0	15
Porites_evermani_scaffold_1985	71347	73566	gene-Peve_00013176	.	0
Porites_evermani_scaffold_1985	88632	90156	gene-Peve_00013178	0	20
Porites_evermani_scaffold_1986	10509	11439	gene-Peve_00013181	1.13122175	12
Porites_evermani_scaffold_1986	13180	14422	gene-Peve_00013187	0	7
Porites_evermani_scaffold_1986	24111	24486	gene-Peve_00013188	.	0
Porites_evermani_scaffold_1986	28529	28871	gene-Peve_00013189	.	0
Porites_evermani_scaffold_1986	38659	38983	gene-Peve_00013190	.	0
Porites_evermani_scaffold_1986	42834	43743	gene-Peve_00013182	0	3
Porites_evermani_scaffold_1986	53567	74214	gene-Peve_00013183	30.53176816	405
Porites_evermani_scaffold_1986	75569	79837	gene-Peve_00013184	90.79957708	60
Porites_evermani_scaffold_1986	82992	87113	gene-Peve_00013185	0.4267527363	91
Porites_evermani_scaffold_1986	92682	93809	gene-Peve_00013186	0.931818175	40
Porites_evermani_scaffold_1987	11520	12510	gene-Peve_00013196	.	0
Porites_evermani_scaffold_1987	21289	21664	gene-Peve_00013197	.	0
Porites_evermani_scaffold_1987	25699	27579	gene-Peve_00013191	0.5494505385	13
Porites_evermani_scaffold_1987	38700	39127	gene-Peve_00013192	.	0
Porites_evermani_scaffold_1987	46494	47235	gene-Peve_00013193	13.33333333	3
Porites_evermani_scaffold_1987	59512	59932	gene-Peve_00013194	.	0
Porites_evermani_scaffold_1987	92796	93174	gene-Peve_00013195	.	0
Porites_evermani_scaffold_1988	23494	40307	gene-Peve_00013204	5.708404869	314
Porites_evermani_scaffold_1988	45575	53162	gene-Peve_00013198	18.84509739	84
Porites_evermani_scaffold_1988	54899	67578	gene-Peve_00013199	0.4335594731	167
Porites_evermani_scaffold_1988	69213	71454	gene-Peve_00013200	.	0
Porites_evermani_scaffold_1988	75680	83754	gene-Peve_00013201	1.307374917	253
Porites_evermani_scaffold_1988	86579	90355	gene-Peve_00013203	35.17578428	47
Porites_evermani_scaffold_1989	12378	13047	gene-Peve_00013205	0.64102564	25
Porites_evermani_scaffold_1989	13593	14576	gene-Peve_00013206	0	13
Porites_evermani_scaffold_1989	21350	22511	gene-Peve_00013211	1.064153261	23
Porites_evermani_scaffold_1989	34169	36966	gene-Peve_00013207	.	0
Porites_evermani_scaffold_1989	47842	48796	gene-Peve_00013208	.	0
Porites_evermani_scaffold_1989	58667	89501	gene-Peve_00013209	31.01169856	52
Porites_evermani_scaffold_199	771	2399	gene-Peve_00013212	0	29
Porites_evermani_scaffold_199	4780	9606	gene-Peve_00013230	0.2327246667	84
Porites_evermani_scaffold_199	9632	19602	gene-Peve_00013229	0.4770739388	49
Porites_evermani_scaffold_199	31567	36981	gene-Peve_00013213	4.137478179	84
Porites_evermani_scaffold_199	43271	44777	gene-Peve_00013220	0.511948381	42
Porites_evermani_scaffold_199	59812	61783	gene-Peve_00013221	0.1748251731	52
Porites_evermani_scaffold_199	72985	76621	gene-Peve_00013222	0.1170960164	61
Porites_evermani_scaffold_199	78700	85552	gene-Peve_00013223	18.54022579	110
Porites_evermani_scaffold_199	85831	90365	gene-Peve_00013224	0.339270209	134
Porites_evermani_scaffold_199	90896	115730	gene-Peve_00013225	11.77496876	364
Porites_evermani_scaffold_199	123822	133663	gene-Peve_00013226	1.219863799	303
Porites_evermani_scaffold_199	139884	143823	gene-Peve_00013227	9.721573833	36
Porites_evermani_scaffold_199	148949	153915	gene-Peve_00013228	0.2593240085	117
Porites_evermani_scaffold_199	154558	161565	gene-Peve_00013232	38.59316537	162
Porites_evermani_scaffold_199	168859	176678	gene-Peve_00013233	28.6992832	92
Porites_evermani_scaffold_199	181230	188501	gene-Peve_00013234	10.91072863	146
Porites_evermani_scaffold_199	189017	191072	gene-Peve_00013235	0.147929	52
Porites_evermani_scaffold_199	196393	204964	gene-Peve_00013236	0.652690288	250
Porites_evermani_scaffold_199	206885	213156	gene-Peve_00013237	16.04485661	137
Porites_evermani_scaffold_199	213293	220139	gene-Peve_00013238	62.61979716	58
Porites_evermani_scaffold_199	221308	225011	gene-Peve_00013240	42.99126553	36
Porites_evermani_scaffold_199	227148	233227	gene-Peve_00013239	90.76009354	39
Porites_evermani_scaffold_199	235104	241536	gene-Peve_00013241	43.50974997	34
Porites_evermani_scaffold_199	245933	248676	gene-Peve_00013243	71.44726145	51
Porites_evermani_scaffold_199	253275	259240	gene-Peve_00013242	29.67198233	45
Porites_evermani_scaffold_199	256790	263029	gene-Peve_00013244	3.809742691	94
Porites_evermani_scaffold_199	264801	265498	gene-Peve_00013245	.	0
Porites_evermani_scaffold_199	268412	270522	gene-Peve_00013246	4.466779486	37
Porites_evermani_scaffold_199	278978	289880	gene-Peve_00013247	42.34133818	111
Porites_evermani_scaffold_199	293290	294897	gene-Peve_00013248	58.83345973	15
Porites_evermani_scaffold_199	296998	298291	gene-Peve_00013249	0	28
Porites_evermani_scaffold_199	302922	305382	gene-Peve_00013214	28.02128427	33
Porites_evermani_scaffold_199	305465	310281	gene-Peve_00013215	60.27755177	52
Porites_evermani_scaffold_199	310950	325092	gene-Peve_00013216	77.3544314	128
Porites_evermani_scaffold_199	326212	341871	gene-Peve_00013217	89.1390064	131
Porites_evermani_scaffold_199	343741	345079	gene-Peve_00013218	11.75326707	14
Porites_evermani_scaffold_1990	2252	3260	gene-Peve_00013250	0	32
Porites_evermani_scaffold_1990	10524	11271	gene-Peve_00013259	0	22
Porites_evermani_scaffold_1990	13531	14980	gene-Peve_00013260	0.2754820909	33
Porites_evermani_scaffold_1990	20369	26046	gene-Peve_00013261	0.5966769877	81
Porites_evermani_scaffold_1990	22036	22541	gene-Peve_00013251	.	0
Porites_evermani_scaffold_1990	30385	39461	gene-Peve_00013252	0.1688863121	157
Porites_evermani_scaffold_1990	42162	49657	gene-Peve_00013253	0.4840425748	214
Porites_evermani_scaffold_1990	53745	58496	gene-Peve_00013254	44.51357074	46
Porites_evermani_scaffold_1990	59407	65833	gene-Peve_00013255	18.49206726	98
Porites_evermani_scaffold_1990	68334	69954	gene-Peve_00013256	0	42
Porites_evermani_scaffold_1990	71449	75853	gene-Peve_00013257	1.149309947	114
Porites_evermani_scaffold_1990	93386	94130	gene-Peve_00013258	0	27
Porites_evermani_scaffold_1991	332	3930	gene-Peve_00013262	95.12617012	24
Porites_evermani_scaffold_1991	6201	15170	gene-Peve_00013265	67.00943021	85
Porites_evermani_scaffold_1991	18550	26916	gene-Peve_00013266	1.981179724	29
Porites_evermani_scaffold_1991	36585	69912	gene-Peve_00013267	23.54673411	317
Porites_evermani_scaffold_1991	75594	76329	gene-Peve_00013268	1.893939357	14
Porites_evermani_scaffold_1991	78130	79601	gene-Peve_00013269	.	0
Porites_evermani_scaffold_1991	80320	81894	gene-Peve_00013263	.	0
Porites_evermani_scaffold_1991	82484	92255	gene-Peve_00013264	0	16
Porites_evermani_scaffold_1992	1049	5207	gene-Peve_00013270	19.35329176	113
Porites_evermani_scaffold_1992	8767	19405	gene-Peve_00013274	78.90700097	107
Porites_evermani_scaffold_1992	21755	24070	gene-Peve_00013275	32.64216913	53
Porites_evermani_scaffold_1992	24348	29933	gene-Peve_00013276	63.74625891	54
Porites_evermani_scaffold_1992	64738	65080	gene-Peve_00013271	0	4
Porites_evermani_scaffold_1992	70394	71390	gene-Peve_00013272	.	0
Porites_evermani_scaffold_1992	73905	80119	gene-Peve_00013273	60.95690593	128
Porites_evermani_scaffold_1993	10659	11076	gene-Peve_00013289	.	0
Porites_evermani_scaffold_1993	14227	14581	gene-Peve_00013290	.	0
Porites_evermani_scaffold_1993	19550	20609	gene-Peve_00013277	32.9980662	76
Porites_evermani_scaffold_1993	27864	29537	gene-Peve_00013278	71.08585867	6
Porites_evermani_scaffold_1993	33546	34302	gene-Peve_00013279	.	0
Porites_evermani_scaffold_1993	34578	35592	gene-Peve_00013280	.	0
Porites_evermani_scaffold_1993	43127	43961	gene-Peve_00013282	96.446281	11
Porites_evermani_scaffold_1993	45866	46549	gene-Peve_00013283	.	0
Porites_evermani_scaffold_1993	48989	57174	gene-Peve_00013284	75.58519816	57
Porites_evermani_scaffold_1993	67682	70498	gene-Peve_00013285	44.33489855	29
Porites_evermani_scaffold_1993	72836	79569	gene-Peve_00013286	57.36870208	49
Porites_evermani_scaffold_1993	81170	81524	gene-Peve_00013287	63.54797983	6
Porites_evermani_scaffold_1993	86282	86828	gene-Peve_00013288	.	0
Porites_evermani_scaffold_1994	2651	10841	gene-Peve_00013291	0.482160625	208
Porites_evermani_scaffold_1994	39726	42131	gene-Peve_00013292	.	0
Porites_evermani_scaffold_1994	71562	73035	gene-Peve_00013293	12.11108064	36
Porites_evermani_scaffold_1995	7353	11179	gene-Peve_00013294	0.2282838947	38
Porites_evermani_scaffold_1995	17308	24502	gene-Peve_00013295	2.2424244	5
Porites_evermani_scaffold_1995	36911	37445	gene-Peve_00013297	.	0
Porites_evermani_scaffold_1995	38272	39639	gene-Peve_00013296	0.2319173659	41
Porites_evermani_scaffold_1995	46539	56148	gene-Peve_00013298	0.1068376026	78
Porites_evermani_scaffold_1996	0	804	gene-Peve_00013299	4.254079273	11
Porites_evermani_scaffold_1996	7765	8410	gene-Peve_00013302	2.638533733	15
Porites_evermani_scaffold_1996	9183	11271	gene-Peve_00013301	0.7215007857	14
Porites_evermani_scaffold_1996	11460	11787	gene-Peve_00013303	0	4
Porites_evermani_scaffold_1996	11956	12838	gene-Peve_00013304	1.136363636	11
Porites_evermani_scaffold_1996	14009	18211	gene-Peve_00013305	6.7743935	26
Porites_evermani_scaffold_1996	22507	22987	gene-Peve_00013306	.	0
Porites_evermani_scaffold_1996	30464	30959	gene-Peve_00013307	8.333333	1
Porites_evermani_scaffold_1996	34201	34641	gene-Peve_00013308	0	19
Porites_evermani_scaffold_1996	37797	40299	gene-Peve_00013309	9.479843	8
Porites_evermani_scaffold_1996	92279	92840	gene-Peve_00013310	12.142857	5
Porites_evermani_scaffold_1997	6247	8430	gene-Peve_00013325	43.23652457	42
Porites_evermani_scaffold_1997	12342	12774	gene-Peve_00013312	32.79505562	8
Porites_evermani_scaffold_1997	13050	17034	gene-Peve_00013313	36.49734737	63
Porites_evermani_scaffold_1997	27628	28394	gene-Peve_00013314	33.18910262	8
Porites_evermani_scaffold_1997	28416	29839	gene-Peve_00013315	44.46225075	12
Porites_evermani_scaffold_1997	33038	33401	gene-Peve_00013317	56.10230436	11
Porites_evermani_scaffold_1997	33547	34225	gene-Peve_00013316	59.89778033	21
Porites_evermani_scaffold_1997	50631	51129	gene-Peve_00013318	.	0
Porites_evermani_scaffold_1997	73863	74700	gene-Peve_00013320	0.5050505	18
Porites_evermani_scaffold_1997	77116	78019	gene-Peve_00013321	0	33
Porites_evermani_scaffold_1997	80863	84933	gene-Peve_00013322	1.353356936	78
Porites_evermani_scaffold_1997	88329	93912	gene-Peve_00013323	41.13436097	78
Porites_evermani_scaffold_1998	17	68919	gene-Peve_00013326	0.3002719096	542
Porites_evermani_scaffold_1998	41357	41876	gene-Peve_00013330	.	0
Porites_evermani_scaffold_1998	76257	77021	gene-Peve_00013327	.	0
Porites_evermani_scaffold_1998	82645	83475	gene-Peve_00013328	.	0
Porites_evermani_scaffold_1998	90605	93962	gene-Peve_00013329	0.69015886	100
Porites_evermani_scaffold_1999	6781	13457	gene-Peve_00013339	93.29920332	62
Porites_evermani_scaffold_1999	17750	20715	gene-Peve_00013340	0.1412429322	59
Porites_evermani_scaffold_1999	21894	23337	gene-Peve_00013331	.	0
Porites_evermani_scaffold_1999	33239	33569	gene-Peve_00013332	.	0
Porites_evermani_scaffold_1999	36062	38489	gene-Peve_00013333	0	33
Porites_evermani_scaffold_1999	39530	40493	gene-Peve_00013334	.	0
Porites_evermani_scaffold_1999	44382	47209	gene-Peve_00013335	0.1754385965	57
Porites_evermani_scaffold_1999	50634	53552	gene-Peve_00013336	0	12
Porites_evermani_scaffold_1999	55990	59920	gene-Peve_00013337	0.8844496757	111
Porites_evermani_scaffold_1999	61686	88859	gene-Peve_00013338	7.012947389	476
Porites_evermani_scaffold_2	1354	9786	gene-Peve_00013341	50.72347946	151
Porites_evermani_scaffold_2	9946	27879	gene-Peve_00013441	2.444221853	443
Porites_evermani_scaffold_2	32139	35495	gene-Peve_00013444	1.221768424	85
Porites_evermani_scaffold_2	72037	78579	gene-Peve_00013358	1.525830335	176
Porites_evermani_scaffold_2	79791	92593	gene-Peve_00013367	45.65220921	111
Porites_evermani_scaffold_2	92699	101482	gene-Peve_00013370	85.92876449	70
Porites_evermani_scaffold_2	101854	110029	gene-Peve_00013374	46.59024012	120
Porites_evermani_scaffold_2	116343	118218	gene-Peve_00013401	6.94607764	25
Porites_evermani_scaffold_2	119208	126940	gene-Peve_00013411	75.18319458	100
Porites_evermani_scaffold_2	130909	132550	gene-Peve_00013414	0.2873563103	29
Porites_evermani_scaffold_2	142224	144786	gene-Peve_00013418	46.8517561	20
Porites_evermani_scaffold_2	146993	173948	gene-Peve_00013424	23.69167135	543
Porites_evermani_scaffold_2	176793	191548	gene-Peve_00013431	18.69569485	217
Porites_evermani_scaffold_2	192590	207866	gene-Peve_00013435	68.1423123	196
Porites_evermani_scaffold_2	210880	227891	gene-Peve_00013440	9.79183441	305
Porites_evermani_scaffold_2	231151	233845	gene-Peve_00013442	0.435167813	123
Porites_evermani_scaffold_2	235084	244798	gene-Peve_00013443	54.87659591	106
Porites_evermani_scaffold_2	250493	273812	gene-Peve_00013445	30.22886065	402
Porites_evermani_scaffold_2	276169	287094	gene-Peve_00013447	0.795052404	302
Porites_evermani_scaffold_2	288865	289309	gene-Peve_00013448	0	12
Porites_evermani_scaffold_2	301947	305529	gene-Peve_00013450	50.25916078	55
Porites_evermani_scaffold_2	305857	312119	gene-Peve_00013451	76.57371939	75
Porites_evermani_scaffold_2	317865	329277	gene-Peve_00013452	41.76534213	190
Porites_evermani_scaffold_2	334369	335892	gene-Peve_00013453	1.805970556	45
Porites_evermani_scaffold_2	342976	364417	gene-Peve_00013454	9.440964199	356
Porites_evermani_scaffold_2	368897	398075	gene-Peve_00013455	4.344751834	308
Porites_evermani_scaffold_2	417563	418019	gene-Peve_00013457	.	0
Porites_evermani_scaffold_2	431567	433565	gene-Peve_00013458	0	20
Porites_evermani_scaffold_2	442845	443691	gene-Peve_00013459	.	0
Porites_evermani_scaffold_2	447707	448072	gene-Peve_00013342	.	0
Porites_evermani_scaffold_2	461921	464918	gene-Peve_00013343	0.07518797143	70
Porites_evermani_scaffold_2	478438	479469	gene-Peve_00013346	0.4991087333	30
Porites_evermani_scaffold_2	498448	506350	gene-Peve_00013347	68.95431434	47
Porites_evermani_scaffold_2	507267	510173	gene-Peve_00013349	44.76160205	22
Porites_evermani_scaffold_2	515811	528392	gene-Peve_00013350	4.647458078	180
Porites_evermani_scaffold_2	530060	546775	gene-Peve_00013351	0.1396144836	366
Porites_evermani_scaffold_2	555758	560308	gene-Peve_00013352	44.55027146	48
Porites_evermani_scaffold_2	561865	562573	gene-Peve_00013353	2.327218227	22
Porites_evermani_scaffold_2	562769	569894	gene-Peve_00013354	26.02852685	128
Porites_evermani_scaffold_2	572881	573604	gene-Peve_00013355	0	14
Porites_evermani_scaffold_2	627819	650260	gene-Peve_00013359	26.5412239	262
Porites_evermani_scaffold_2	673715	678281	gene-Peve_00013360	0.4970533548	124
Porites_evermani_scaffold_2	679868	683714	gene-Peve_00013361	0	98
Porites_evermani_scaffold_2	696925	698644	gene-Peve_00013362	0.3246753182	22
Porites_evermani_scaffold_2	701534	708063	gene-Peve_00013363	0.3842568493	146
Porites_evermani_scaffold_2	711296	721984	gene-Peve_00013364	0.8496982063	252
Porites_evermani_scaffold_2	723514	726867	gene-Peve_00013365	37.73501206	49
Porites_evermani_scaffold_2	734005	743582	gene-Peve_00013366	67.31153652	131
Porites_evermani_scaffold_2	761968	762871	gene-Peve_00013368	0	14
Porites_evermani_scaffold_2	774464	775492	gene-Peve_00013371	0	27
Porites_evermani_scaffold_2	780125	781371	gene-Peve_00013372	0	13
Porites_evermani_scaffold_2	810772	811223	gene-Peve_00013373	.	0
Porites_evermani_scaffold_2	819787	820162	gene-Peve_00013376	0	12
Porites_evermani_scaffold_2	822469	823261	gene-Peve_00013377	0	9
Porites_evermani_scaffold_2	823390	825684	gene-Peve_00013378	0.5553415424	59
Porites_evermani_scaffold_2	834610	838006	gene-Peve_00013379	0.8744658609	115
Porites_evermani_scaffold_2	841755	870229	gene-Peve_00013380	2.975043415	698
Porites_evermani_scaffold_2	880500	917079	gene-Peve_00013381	73.75074459	648
Porites_evermani_scaffold_2	923297	943825	gene-Peve_00013382	35.41544077	291
Porites_evermani_scaffold_2	944608	945801	gene-Peve_00013383	25.30088957	14
Porites_evermani_scaffold_2	950526	956682	gene-Peve_00013384	8.839180826	86
Porites_evermani_scaffold_2	960685	975058	gene-Peve_00013385	29.3143608	92
Porites_evermani_scaffold_2	975199	1003493	gene-Peve_00013386	6.432774953	445
Porites_evermani_scaffold_2	1004112	1025532	gene-Peve_00013387	13.89710749	392
Porites_evermani_scaffold_2	1047483	1053700	gene-Peve_00013388	0	26
Porites_evermani_scaffold_2	1061389	1062355	gene-Peve_00013389	0.490196087	46
Porites_evermani_scaffold_2	1064028	1078232	gene-Peve_00013391	0.4286450213	328
Porites_evermani_scaffold_2	1064740	1068109	gene-Peve_00013390	.	0
Porites_evermani_scaffold_2	1078309	1090290	gene-Peve_00013392	7.236729838	191
Porites_evermani_scaffold_2	1093712	1095247	gene-Peve_00013394	88.37316276	17
Porites_evermani_scaffold_2	1097483	1106493	gene-Peve_00013393	46.46709906	142
Porites_evermani_scaffold_2	1108666	1112548	gene-Peve_00013395	0.4388327778	90
Porites_evermani_scaffold_2	1114968	1132302	gene-Peve_00013396	4.078437611	296
Porites_evermani_scaffold_2	1139691	1144979	gene-Peve_00013398	19.97046356	96
Porites_evermani_scaffold_2	1156363	1158040	gene-Peve_00013399	32.54303172	29
Porites_evermani_scaffold_2	1159145	1170506	gene-Peve_00013400	0.3667846208	240
Porites_evermani_scaffold_2	1176966	1178061	gene-Peve_00013402	0	15
Porites_evermani_scaffold_2	1197588	1206818	gene-Peve_00013403	35.53586451	123
Porites_evermani_scaffold_2	1211107	1217146	gene-Peve_00013404	0.9278392035	172
Porites_evermani_scaffold_2	1217541	1217871	gene-Peve_00013405	0	6
Porites_evermani_scaffold_2	1228627	1229860	gene-Peve_00013406	0	30
Porites_evermani_scaffold_2	1233404	1249009	gene-Peve_00013407	26.21182012	253
Porites_evermani_scaffold_2	1249209	1255293	gene-Peve_00013408	45.38229335	34
Porites_evermani_scaffold_2	1261429	1281199	gene-Peve_00013409	2.70118576	25
Porites_evermani_scaffold_2	1312474	1316494	gene-Peve_00013410	1.083662717	46
Porites_evermani_scaffold_2	1329613	1329841	gene-Peve_00013412	.	0
Porites_evermani_scaffold_2	1369840	1370716	gene-Peve_00013413	0.2178649259	27
Porites_evermani_scaffold_2	1374383	1403881	gene-Peve_00013415	7.320147129	364
Porites_evermani_scaffold_2	1388860	1391057	gene-Peve_00013416	.	0
Porites_evermani_scaffold_2	1406812	1408625	gene-Peve_00013417	.	0
Porites_evermani_scaffold_2	1429324	1430494	gene-Peve_00013419	.	0
Porites_evermani_scaffold_2	1431312	1435957	gene-Peve_00013420	.	0
Porites_evermani_scaffold_2	1437055	1443443	gene-Peve_00013421	1.948144835	133
Porites_evermani_scaffold_2	1444541	1457331	gene-Peve_00013422	10.8313841	169
Porites_evermani_scaffold_2	1457222	1467090	gene-Peve_00013423	0.5396998333	276
Porites_evermani_scaffold_2	1473398	1503299	gene-Peve_00013425	13.72986469	360
Porites_evermani_scaffold_2	1526297	1530052	gene-Peve_00013426	0.9704232234	94
Porites_evermani_scaffold_2	1547609	1549630	gene-Peve_00013428	2.075674636	44
Porites_evermani_scaffold_2	1561283	1562237	gene-Peve_00013429	0.4048583158	19
Porites_evermani_scaffold_2	1570862	1571927	gene-Peve_00013430	0	40
Porites_evermani_scaffold_2	1593415	1613501	gene-Peve_00013432	0.2409604316	380
Porites_evermani_scaffold_2	1640308	1648607	gene-Peve_00013433	0.4662631068	206
Porites_evermani_scaffold_2	1648769	1649208	gene-Peve_00013434	0	17
Porites_evermani_scaffold_2	1659472	1664137	gene-Peve_00013436	0.8802308788	99
Porites_evermani_scaffold_2	1673463	1706471	gene-Peve_00013437	10.14006638	434
Porites_evermani_scaffold_2	1711513	1715384	gene-Peve_00013438	19.98654462	29
Porites_evermani_scaffold_2	1715476	1720470	gene-Peve_00013439	20.4512754	109
Porites_evermani_scaffold_20	4232	4808	gene-Peve_00013492	0	18
Porites_evermani_scaffold_20	7546	19826	gene-Peve_00013515	11.9355487	314
Porites_evermani_scaffold_20	13699	14096	gene-Peve_00013522	0.6944444444	9
Porites_evermani_scaffold_20	19894	24756	gene-Peve_00013531	25.07294021	71
Porites_evermani_scaffold_20	32270	49544	gene-Peve_00013538	44.73059199	163
Porites_evermani_scaffold_20	53207	55775	gene-Peve_00013465	25.32718125	32
Porites_evermani_scaffold_20	64448	68488	gene-Peve_00013471	61.91580782	49
Porites_evermani_scaffold_20	72540	83506	gene-Peve_00013485	63.46375929	153
Porites_evermani_scaffold_20	87350	92096	gene-Peve_00013488	18.97601012	16
Porites_evermani_scaffold_20	101952	105171	gene-Peve_00013500	1.485389588	68
Porites_evermani_scaffold_20	106413	114196	gene-Peve_00013507	19.60645488	91
Porites_evermani_scaffold_20	114275	126432	gene-Peve_00013514	28.85357889	37
Porites_evermani_scaffold_20	132145	137917	gene-Peve_00013516	0.2463545188	133
Porites_evermani_scaffold_20	140600	163654	gene-Peve_00013517	7.022511162	136
Porites_evermani_scaffold_20	164113	174805	gene-Peve_00013518	58.99213772	47
Porites_evermani_scaffold_20	175163	186263	gene-Peve_00013519	1.107316211	246
Porites_evermani_scaffold_20	186889	197662	gene-Peve_00013520	9.141176103	126
Porites_evermani_scaffold_20	202164	203172	gene-Peve_00013521	0.3279321111	36
Porites_evermani_scaffold_20	206094	206568	gene-Peve_00013523	1.5151515	12
Porites_evermani_scaffold_20	209159	209681	gene-Peve_00013524	0	13
Porites_evermani_scaffold_20	215699	217667	gene-Peve_00013525	0.328759283	53
Porites_evermani_scaffold_20	232387	233276	gene-Peve_00013526	.	0
Porites_evermani_scaffold_20	233945	235128	gene-Peve_00013527	.	0
Porites_evermani_scaffold_20	235474	236827	gene-Peve_00013528	0	35
Porites_evermani_scaffold_20	240423	247316	gene-Peve_00013529	10.18586173	83
Porites_evermani_scaffold_20	247576	260502	gene-Peve_00013530	9.310903363	146
Porites_evermani_scaffold_20	261776	264800	gene-Peve_00013532	21.3804714	15
Porites_evermani_scaffold_20	265358	281349	gene-Peve_00013533	3.37360303	132
Porites_evermani_scaffold_20	283633	312817	gene-Peve_00013534	29.04963749	546
Porites_evermani_scaffold_20	321257	324332	gene-Peve_00013535	0.3711200962	104
Porites_evermani_scaffold_20	327364	331319	gene-Peve_00013536	0.2676271099	91
Porites_evermani_scaffold_20	333924	334263	gene-Peve_00013539	.	0
Porites_evermani_scaffold_20	342423	361642	gene-Peve_00013537	3.312614057	333
Porites_evermani_scaffold_20	362990	366576	gene-Peve_00013540	2.365282322	121
Porites_evermani_scaffold_20	382335	382668	gene-Peve_00013541	0	13
Porites_evermani_scaffold_20	384349	387867	gene-Peve_00013542	0.8087165882	68
Porites_evermani_scaffold_20	393639	394391	gene-Peve_00013460	7.480926889	27
Porites_evermani_scaffold_20	401573	414258	gene-Peve_00013461	1.011843911	281
Porites_evermani_scaffold_20	417504	419896	gene-Peve_00013462	0	39
Porites_evermani_scaffold_20	420950	425610	gene-Peve_00013463	12.93425234	71
Porites_evermani_scaffold_20	436747	479762	gene-Peve_00013464	10.78091723	619
Porites_evermani_scaffold_20	484612	486187	gene-Peve_00013466	4.339225593	27
Porites_evermani_scaffold_20	507455	520952	gene-Peve_00013468	25.32009101	198
Porites_evermani_scaffold_20	527115	528395	gene-Peve_00013469	0	24
Porites_evermani_scaffold_20	532175	535500	gene-Peve_00013470	0.4001525196	102
Porites_evermani_scaffold_20	536676	538546	gene-Peve_00013472	1.144676017	59
Porites_evermani_scaffold_20	543726	547469	gene-Peve_00013473	0.7360036162	99
Porites_evermani_scaffold_20	552775	560915	gene-Peve_00013474	0.6189618694	222
Porites_evermani_scaffold_20	562820	565651	gene-Peve_00013475	0.3999678165	109
Porites_evermani_scaffold_20	566765	568455	gene-Peve_00013476	0.48	50
Porites_evermani_scaffold_20	577465	593333	gene-Peve_00013477	90.67847445	175
Porites_evermani_scaffold_20	595570	596323	gene-Peve_00013478	0	24
Porites_evermani_scaffold_20	598807	599767	gene-Peve_00013479	0.5078807097	31
Porites_evermani_scaffold_20	603437	607178	gene-Peve_00013480	41.22146038	34
Porites_evermani_scaffold_20	610015	629917	gene-Peve_00013481	58.16750136	215
Porites_evermani_scaffold_20	631231	654364	gene-Peve_00013482	47.3791678	223
Porites_evermani_scaffold_20	657935	666985	gene-Peve_00013483	61.79466822	59
Porites_evermani_scaffold_20	667393	671203	gene-Peve_00013484	1.170675172	122
Porites_evermani_scaffold_20	672996	675837	gene-Peve_00013486	.	0
Porites_evermani_scaffold_20	683294	683656	gene-Peve_00013489	0	1
Porites_evermani_scaffold_20	696305	699560	gene-Peve_00013490	0.5686423617	47
Porites_evermani_scaffold_20	703793	731406	gene-Peve_00013491	12.23239364	529
Porites_evermani_scaffold_20	736906	745988	gene-Peve_00013493	0.7143798008	261
Porites_evermani_scaffold_20	760469	761390	gene-Peve_00013494	0	1
Porites_evermani_scaffold_20	774306	791113	gene-Peve_00013495	29.4713873	283
Porites_evermani_scaffold_20	801149	803855	gene-Peve_00013496	0.5139744262	61
Porites_evermani_scaffold_20	814345	817853	gene-Peve_00013497	60.04080854	39
Porites_evermani_scaffold_20	818159	830418	gene-Peve_00013498	16.54111405	155
Porites_evermani_scaffold_20	832634	839310	gene-Peve_00013499	55.521191	63
Porites_evermani_scaffold_20	842543	846244	gene-Peve_00013502	28.61291941	54
Porites_evermani_scaffold_20	849294	855887	gene-Peve_00013501	0.9177633233	133
Porites_evermani_scaffold_20	857996	861031	gene-Peve_00013503	31.11923076	25
Porites_evermani_scaffold_20	860998	866926	gene-Peve_00013504	6.105870973	74
Porites_evermani_scaffold_20	876302	887859	gene-Peve_00013505	72.54759091	92
Porites_evermani_scaffold_20	890557	911765	gene-Peve_00013506	51.93423089	35
Porites_evermani_scaffold_20	915626	917645	gene-Peve_00013508	65.64625857	7
Porites_evermani_scaffold_20	922879	935506	gene-Peve_00013509	39.54545456	9
Porites_evermani_scaffold_20	936996	965379	gene-Peve_00013510	1.926424086	374
Porites_evermani_scaffold_20	968392	969306	gene-Peve_00013511	0.3267974118	17
Porites_evermani_scaffold_20	974149	976003	gene-Peve_00013512	0	16
Porites_evermani_scaffold_20	979202	1007652	gene-Peve_00013513	0.2470920877	114
Porites_evermani_scaffold_200	821	3050	gene-Peve_00013543	0	44
Porites_evermani_scaffold_200	17602	19346	gene-Peve_00013571	0	2
Porites_evermani_scaffold_200	28678	29742	gene-Peve_00013565	0.1466275806	31
Porites_evermani_scaffold_200	32751	39293	gene-Peve_00013566	0.3224834177	79
Porites_evermani_scaffold_200	48304	51001	gene-Peve_00013544	0.4629629444	18
Porites_evermani_scaffold_200	60278	61595	gene-Peve_00013545	0.25252525	36
Porites_evermani_scaffold_200	65434	67028	gene-Peve_00013546	0	41
Porites_evermani_scaffold_200	71028	74633	gene-Peve_00013548	16.44771126	54
Porites_evermani_scaffold_200	74948	85998	gene-Peve_00013549	87.48714528	25
Porites_evermani_scaffold_200	77933	81029	gene-Peve_00013551	.	0
Porites_evermani_scaffold_200	87180	88789	gene-Peve_00013550	14.7883598	15
Porites_evermani_scaffold_200	89321	98333	gene-Peve_00013552	48.67641907	162
Porites_evermani_scaffold_200	104732	105899	gene-Peve_00013553	2.825948615	26
Porites_evermani_scaffold_200	109685	110270	gene-Peve_00013554	.	0
Porites_evermani_scaffold_200	110503	118246	gene-Peve_00013555	57.67029659	120
Porites_evermani_scaffold_200	125594	126179	gene-Peve_00013556	0	1
Porites_evermani_scaffold_200	126466	130184	gene-Peve_00013557	.	0
Porites_evermani_scaffold_200	143010	145101	gene-Peve_00013558	1.352408476	42
Porites_evermani_scaffold_200	148388	156313	gene-Peve_00013560	16.02224881	21
Porites_evermani_scaffold_200	159069	160395	gene-Peve_00013561	.	0
Porites_evermani_scaffold_200	175810	176176	gene-Peve_00013562	3.022875857	14
Porites_evermani_scaffold_200	178971	203231	gene-Peve_00013563	71.24955508	228
Porites_evermani_scaffold_200	207248	209048	gene-Peve_00013564	38.16300491	23
Porites_evermani_scaffold_200	209580	253306	gene-Peve_00013567	2.452804962	234
Porites_evermani_scaffold_200	253412	261445	gene-Peve_00013568	.	0
Porites_evermani_scaffold_200	262622	265784	gene-Peve_00013569	.	0
Porites_evermani_scaffold_200	265824	277552	gene-Peve_00013570	0.5134680208	48
Porites_evermani_scaffold_200	285109	286806	gene-Peve_00013572	0	53
Porites_evermani_scaffold_200	293418	301645	gene-Peve_00013573	0.9513783304	115
Porites_evermani_scaffold_200	303159	313425	gene-Peve_00013574	0.7335372955	44
Porites_evermani_scaffold_200	315695	317105	gene-Peve_00013575	0	5
Porites_evermani_scaffold_200	318100	335402	gene-Peve_00013576	0.9953642895	114
Porites_evermani_scaffold_200	348102	348734	gene-Peve_00013578	0	4
Porites_evermani_scaffold_200	353607	355657	gene-Peve_00013577	0	2
Porites_evermani_scaffold_200	371748	375158	gene-Peve_00013579	0.4820575446	112
Porites_evermani_scaffold_2000	5482	19630	gene-Peve_00013580	0.6988403967	305
Porites_evermani_scaffold_2000	38852	39640	gene-Peve_00013581	2.00757575	24
Porites_evermani_scaffold_2000	66880	79790	gene-Peve_00013583	0.353311612	183
Porites_evermani_scaffold_2001	2701	3982	gene-Peve_00013588	.	0
Porites_evermani_scaffold_2001	15469	17996	gene-Peve_00013589	92.54940713	23
Porites_evermani_scaffold_2001	34323	35236	gene-Peve_00013584	0.2173913	20
Porites_evermani_scaffold_2001	46285	56688	gene-Peve_00013585	2.625592404	99
Porites_evermani_scaffold_2001	63161	64036	gene-Peve_00013586	.	0
Porites_evermani_scaffold_2001	75630	93788	gene-Peve_00013587	0.7095343659	41
Porites_evermani_scaffold_2002	262	9603	gene-Peve_00013590	59.6256685	6
Porites_evermani_scaffold_2002	16185	22738	gene-Peve_00013594	.	0
Porites_evermani_scaffold_2002	26196	26634	gene-Peve_00013595	.	0
Porites_evermani_scaffold_2002	29757	40038	gene-Peve_00013596	.	0
Porites_evermani_scaffold_2002	40298	43701	gene-Peve_00013597	.	0
Porites_evermani_scaffold_2002	44817	48529	gene-Peve_00013591	.	0
Porites_evermani_scaffold_2002	53506	76828	gene-Peve_00013592	28.9312016	194
Porites_evermani_scaffold_2002	78288	80784	gene-Peve_00013593	1.912244352	54
Porites_evermani_scaffold_2003	0	1374	gene-Peve_00013598	1.7424242	10
Porites_evermani_scaffold_2003	1550	20061	gene-Peve_00013600	48.05944063	8
Porites_evermani_scaffold_2003	27353	28808	gene-Peve_00013602	0	2
Porites_evermani_scaffold_2003	74502	91059	gene-Peve_00013599	11.50488716	44
Porites_evermani_scaffold_2004	3273	5698	gene-Peve_00013605	0	49
Porites_evermani_scaffold_2004	11273	22417	gene-Peve_00013611	0.5058757009	224
Porites_evermani_scaffold_2004	33367	44348	gene-Peve_00013610	53.86957669	211
Porites_evermani_scaffold_2004	52200	56481	gene-Peve_00013604	0.3298761236	89
Porites_evermani_scaffold_2004	60452	61619	gene-Peve_00013606	0	39
Porites_evermani_scaffold_2004	68433	71427	gene-Peve_00013607	0.3265497241	87
Porites_evermani_scaffold_2004	74521	82834	gene-Peve_00013608	1.153515519	235
Porites_evermani_scaffold_2004	76464	77646	gene-Peve_00013609	0.3448275862	29
Porites_evermani_scaffold_2004	89748	90702	gene-Peve_00013612	0.2912419394	33
Porites_evermani_scaffold_2005	4340	4730	gene-Peve_00013617	0.9291444118	17
Porites_evermani_scaffold_2005	7497	11081	gene-Peve_00013618	1.683732917	72
Porites_evermani_scaffold_2005	17000	17951	gene-Peve_00013619	0	25
Porites_evermani_scaffold_2005	21604	34896	gene-Peve_00013620	29.12012303	138
Porites_evermani_scaffold_2005	35216	45996	gene-Peve_00013614	64.6314723	70
Porites_evermani_scaffold_2005	57288	61283	gene-Peve_00013615	0.4649434752	101
Porites_evermani_scaffold_2005	66586	90899	gene-Peve_00013616	6.690995581	258
Porites_evermani_scaffold_2006	4656	5676	gene-Peve_00013621	0.2082082162	37
Porites_evermani_scaffold_2006	12519	12876	gene-Peve_00013625	0	1
Porites_evermani_scaffold_2006	12893	13305	gene-Peve_00013626	.	0
Porites_evermani_scaffold_2006	45491	46277	gene-Peve_00013627	.	0
Porites_evermani_scaffold_2006	48734	50088	gene-Peve_00013622	.	0
Porites_evermani_scaffold_2006	49421	54177	gene-Peve_00013623	.	0
Porites_evermani_scaffold_2006	67898	68233	gene-Peve_00013624	0	10
Porites_evermani_scaffold_2007	105	14372	gene-Peve_00013628	0.166666675	40
Porites_evermani_scaffold_2007	19986	53976	gene-Peve_00013633	58.41660947	94
Porites_evermani_scaffold_2007	54493	55327	gene-Peve_00013629	0	5
Porites_evermani_scaffold_2007	68272	69211	gene-Peve_00013631	0	7
Porites_evermani_scaffold_2007	79335	85307	gene-Peve_00013632	0.5691982558	43
Porites_evermani_scaffold_2008	6566	6902	gene-Peve_00013634	2.17803025	8
Porites_evermani_scaffold_2008	11894	15266	gene-Peve_00013636	0	10
Porites_evermani_scaffold_2008	17402	17819	gene-Peve_00013637	0	1
Porites_evermani_scaffold_2008	42247	49807	gene-Peve_00013638	0	18
Porites_evermani_scaffold_2008	62416	65191	gene-Peve_00013639	0	20
Porites_evermani_scaffold_2008	75604	84430	gene-Peve_00013635	61.13204738	89
Porites_evermani_scaffold_2009	691	2048	gene-Peve_00013640	0.3628118	35
Porites_evermani_scaffold_2009	13543	24922	gene-Peve_00013645	0.1427862798	336
Porites_evermani_scaffold_2009	30713	32692	gene-Peve_00013647	10.97478991	35
Porites_evermani_scaffold_2009	34935	48297	gene-Peve_00013648	60.4228168	51
Porites_evermani_scaffold_2009	48801	50105	gene-Peve_00013641	25.35714286	14
Porites_evermani_scaffold_2009	52101	65426	gene-Peve_00013642	0.4503753119	109
Porites_evermani_scaffold_2009	66624	78333	gene-Peve_00013643	1.843419196	230
Porites_evermani_scaffold_2009	79559	84623	gene-Peve_00013644	44.70608215	61
Porites_evermani_scaffold_2009	84701	88515	gene-Peve_00013646	38.41566775	56
Porites_evermani_scaffold_201	1155	3514	gene-Peve_00013649	0.7168458871	62
Porites_evermani_scaffold_201	3988	18746	gene-Peve_00013662	1.132095254	394
Porites_evermani_scaffold_201	23923	28652	gene-Peve_00013678	0.214476604	149
Porites_evermani_scaffold_201	40141	45883	gene-Peve_00013652	59.91339823	87
Porites_evermani_scaffold_201	45987	50366	gene-Peve_00013653	61.61122931	59
Porites_evermani_scaffold_201	53050	53339	gene-Peve_00013654	92.5897436	5
Porites_evermani_scaffold_201	55421	61589	gene-Peve_00013655	59.2429617	106
Porites_evermani_scaffold_201	62759	65132	gene-Peve_00013656	47.44140229	17
Porites_evermani_scaffold_201	66178	79238	gene-Peve_00013657	60.80884458	131
Porites_evermani_scaffold_201	79363	110111	gene-Peve_00013658	12.49015241	883
Porites_evermani_scaffold_201	127754	128059	gene-Peve_00013659	1.754386	6
Porites_evermani_scaffold_201	133826	148660	gene-Peve_00013661	1.458199148	379
Porites_evermani_scaffold_201	148657	155581	gene-Peve_00013660	1.633119183	142
Porites_evermani_scaffold_201	179752	187315	gene-Peve_00013663	16.70256821	28
Porites_evermani_scaffold_201	192719	193837	gene-Peve_00013664	.	0
Porites_evermani_scaffold_201	195556	196674	gene-Peve_00013665	.	0
Porites_evermani_scaffold_201	208607	209462	gene-Peve_00013666	0	21
Porites_evermani_scaffold_201	211916	215169	gene-Peve_00013667	0.6903626768	99
Porites_evermani_scaffold_201	216250	222891	gene-Peve_00013668	56.07355246	39
Porites_evermani_scaffold_201	227129	228632	gene-Peve_00013669	0	9
Porites_evermani_scaffold_201	245046	246068	gene-Peve_00013670	.	0
Porites_evermani_scaffold_201	251904	295100	gene-Peve_00013672	7.240531372	277
Porites_evermani_scaffold_201	261858	267273	gene-Peve_00013674	0.4166666562	32
Porites_evermani_scaffold_201	277931	278895	gene-Peve_00013676	0	25
Porites_evermani_scaffold_201	282645	283684	gene-Peve_00013675	0.2173913043	23
Porites_evermani_scaffold_201	302153	304852	gene-Peve_00013679	0	4
Porites_evermani_scaffold_201	310183	312633	gene-Peve_00013673	0	7
Porites_evermani_scaffold_201	321554	327823	gene-Peve_00013680	27.68330155	22
Porites_evermani_scaffold_201	331502	332436	gene-Peve_00013682	0	1
Porites_evermani_scaffold_201	339101	346310	gene-Peve_00013681	0.42424242	100
Porites_evermani_scaffold_201	348354	349708	gene-Peve_00013685	0	3
Porites_evermani_scaffold_201	352460	353919	gene-Peve_00013684	0	1
Porites_evermani_scaffold_201	354170	361439	gene-Peve_00013683	5.664949053	38
Porites_evermani_scaffold_201	372502	373749	gene-Peve_00013650	1.041666625	8
Porites_evermani_scaffold_201	376674	377655	gene-Peve_00013651	0	3
Porites_evermani_scaffold_2010	2817	7583	gene-Peve_00013686	0.9284136842	114
Porites_evermani_scaffold_2010	11455	92889	gene-Peve_00013687	7.494209537	1776
Porites_evermani_scaffold_2011	9816	10197	gene-Peve_00013695	9.090909	1
Porites_evermani_scaffold_2011	39010	40864	gene-Peve_00013688	.	0
Porites_evermani_scaffold_2011	43826	44159	gene-Peve_00013689	0	1
Porites_evermani_scaffold_2011	64678	65026	gene-Peve_00013693	46.66666667	3
Porites_evermani_scaffold_2011	72396	73254	gene-Peve_00013694	.	0
Porites_evermani_scaffold_2011	80035	80383	gene-Peve_00013696	12.03781514	7
Porites_evermani_scaffold_2011	86056	86968	gene-Peve_00013697	0	7
Porites_evermani_scaffold_2011	92677	93085	gene-Peve_00013698	19.32193754	13
Porites_evermani_scaffold_2012	7973	8885	gene-Peve_00013701	0.2319902571	35
Porites_evermani_scaffold_2012	25751	26696	gene-Peve_00013705	0.1208551087	46
Porites_evermani_scaffold_2012	31265	58099	gene-Peve_00013706	4.349063624	189
Porites_evermani_scaffold_2012	58700	60174	gene-Peve_00013707	0	35
Porites_evermani_scaffold_2012	66190	67378	gene-Peve_00013702	1.718719895	38
Porites_evermani_scaffold_2012	72970	74415	gene-Peve_00013703	5.837258	7
Porites_evermani_scaffold_2012	75524	93051	gene-Peve_00013704	0.6259855357	168
Porites_evermani_scaffold_2013	3063	3990	gene-Peve_00013710	0	13
Porites_evermani_scaffold_2013	5614	8174	gene-Peve_00013712	5.865800864	66
Porites_evermani_scaffold_2013	9798	11981	gene-Peve_00013713	0.3353924	75
Porites_evermani_scaffold_2013	13248	24233	gene-Peve_00013714	0.3200573019	106
Porites_evermani_scaffold_2013	32993	38087	gene-Peve_00013708	77.96666356	45
Porites_evermani_scaffold_2013	50005	63890	gene-Peve_00013709	5.072900699	379
Porites_evermani_scaffold_2013	69222	93052	gene-Peve_00013711	0.5186484509	763
Porites_evermani_scaffold_2014	1	1384	gene-Peve_00013715	48.1666667	10
Porites_evermani_scaffold_2014	3523	12283	gene-Peve_00013716	27.59591387	139
Porites_evermani_scaffold_2014	20289	21216	gene-Peve_00013717	0	18
Porites_evermani_scaffold_2014	27035	28075	gene-Peve_00013718	0.2976190357	28
Porites_evermani_scaffold_2014	35431	70666	gene-Peve_00013719	16.3822656	614
Porites_evermani_scaffold_2015	1752	6551	gene-Peve_00013720	0.07541478205	78
Porites_evermani_scaffold_2015	9761	24131	gene-Peve_00013726	0.1496491783	359
Porites_evermani_scaffold_2015	30835	54985	gene-Peve_00013721	0.7075797941	408
Porites_evermani_scaffold_2015	33856	35018	gene-Peve_00013722	0	5
Porites_evermani_scaffold_2015	59819	68379	gene-Peve_00013724	38.10263153	36
Porites_evermani_scaffold_2015	68429	87267	gene-Peve_00013723	90.15061939	92
Porites_evermani_scaffold_2015	90871	92599	gene-Peve_00013725	0.4112554026	77
Porites_evermani_scaffold_2016	160	10705	gene-Peve_00013728	0.4380600707	99
Porites_evermani_scaffold_2016	23295	23712	gene-Peve_00013727	.	0
Porites_evermani_scaffold_2016	42402	75397	gene-Peve_00013729	20.79994406	839
Porites_evermani_scaffold_2017	13735	15966	gene-Peve_00013734	18.57052667	24
Porites_evermani_scaffold_2017	16219	19031	gene-Peve_00013735	72.34716125	16
Porites_evermani_scaffold_2017	25788	30195	gene-Peve_00013736	58.90750728	40
Porites_evermani_scaffold_2017	30236	43539	gene-Peve_00013730	36.20488563	196
Porites_evermani_scaffold_2017	47310	52662	gene-Peve_00013731	0.2263374444	81
Porites_evermani_scaffold_2017	59661	60645	gene-Peve_00013732	.	0
Porites_evermani_scaffold_2017	76956	92842	gene-Peve_00013733	75.44763321	33
Porites_evermani_scaffold_2018	5048	7496	gene-Peve_00013744	0	11
Porites_evermani_scaffold_2018	24470	33204	gene-Peve_00013737	38.75641027	30
Porites_evermani_scaffold_2018	33582	43116	gene-Peve_00013739	72.08175618	77
Porites_evermani_scaffold_2018	44078	46798	gene-Peve_00013740	41.78744863	24
Porites_evermani_scaffold_2018	48971	52519	gene-Peve_00013741	33.94064838	56
Porites_evermani_scaffold_2018	55789	70094	gene-Peve_00013742	10.44753932	323
Porites_evermani_scaffold_2018	80275	92732	gene-Peve_00013743	0.6405336893	354
Porites_evermani_scaffold_2019	7189	23610	gene-Peve_00013745	24.77865686	316
Porites_evermani_scaffold_2019	31036	44313	gene-Peve_00013747	1.077334108	314
Porites_evermani_scaffold_2019	47835	50502	gene-Peve_00013748	0.2533597753	89
Porites_evermani_scaffold_2019	50983	57682	gene-Peve_00013749	0.1483157386	153
Porites_evermani_scaffold_2019	58078	63326	gene-Peve_00013750	0.3351147405	131
Porites_evermani_scaffold_2019	63433	72907	gene-Peve_00013751	24.44161218	164
Porites_evermani_scaffold_2019	73170	75653	gene-Peve_00013752	22.90952247	49
Porites_evermani_scaffold_2019	77296	81964	gene-Peve_00013753	69.35522707	80
Porites_evermani_scaffold_2019	82798	87633	gene-Peve_00013754	90.8970482	40
Porites_evermani_scaffold_2019	88761	91622	gene-Peve_00013746	.	0
Porites_evermani_scaffold_202	48753	55846	gene-Peve_00013776	0.1322751389	36
Porites_evermani_scaffold_202	65842	80599	gene-Peve_00013759	44.02239061	220
Porites_evermani_scaffold_202	86350	99207	gene-Peve_00013760	34.71555333	95
Porites_evermani_scaffold_202	108286	108573	gene-Peve_00013761	.	0
Porites_evermani_scaffold_202	111259	141142	gene-Peve_00013762	0.6568998352	449
Porites_evermani_scaffold_202	165094	166808	gene-Peve_00013765	0	30
Porites_evermani_scaffold_202	167801	168642	gene-Peve_00013766	0	1
Porites_evermani_scaffold_202	175967	178912	gene-Peve_00013769	0	14
Porites_evermani_scaffold_202	197603	197963	gene-Peve_00013770	.	0
Porites_evermani_scaffold_202	206117	207375	gene-Peve_00013771	1.146414	13
Porites_evermani_scaffold_202	209588	211366	gene-Peve_00013773	0	10
Porites_evermani_scaffold_202	213015	214071	gene-Peve_00013772	0.2597402571	35
Porites_evermani_scaffold_202	247283	251157	gene-Peve_00013774	0.477778307	114
Porites_evermani_scaffold_202	254673	274961	gene-Peve_00013775	87.60063514	95
Porites_evermani_scaffold_202	282353	283825	gene-Peve_00013777	.	0
Porites_evermani_scaffold_202	289112	306901	gene-Peve_00013778	14.79103229	254
Porites_evermani_scaffold_202	323232	331383	gene-Peve_00013779	0.7992337624	101
Porites_evermani_scaffold_202	334044	365947	gene-Peve_00013780	6.266000162	413
Porites_evermani_scaffold_202	367325	368813	gene-Peve_00013755	0.66770328	50
Porites_evermani_scaffold_202	372320	373311	gene-Peve_00013756	0.295858	26
Porites_evermani_scaffold_2020	1599	11268	gene-Peve_00013781	0.1302083281	64
Porites_evermani_scaffold_2020	21897	24438	gene-Peve_00013787	0	19
Porites_evermani_scaffold_2020	24921	26256	gene-Peve_00013788	.	0
Porites_evermani_scaffold_2020	27463	27988	gene-Peve_00013782	1.25	13
Porites_evermani_scaffold_2020	27607	29229	gene-Peve_00013789	0.6944444545	33
Porites_evermani_scaffold_2020	29285	31756	gene-Peve_00013783	3.425559957	23
Porites_evermani_scaffold_2020	38467	62851	gene-Peve_00013784	4.532980605	172
Porites_evermani_scaffold_2020	79851	92440	gene-Peve_00013786	0	29
Porites_evermani_scaffold_2021	3562	8014	gene-Peve_00013790	0	72
Porites_evermani_scaffold_2021	11860	16477	gene-Peve_00013799	73.59754647	45
Porites_evermani_scaffold_2021	17598	25811	gene-Peve_00013800	48.51232366	93
Porites_evermani_scaffold_2021	26982	34920	gene-Peve_00013801	1.004292462	210
Porites_evermani_scaffold_2021	35996	39937	gene-Peve_00013791	.	0
Porites_evermani_scaffold_2021	41935	44016	gene-Peve_00013792	.	0
Porites_evermani_scaffold_2021	44115	44733	gene-Peve_00013793	.	0
Porites_evermani_scaffold_2021	47491	49823	gene-Peve_00013794	.	0
Porites_evermani_scaffold_2021	51033	53365	gene-Peve_00013795	.	0
Porites_evermani_scaffold_2021	56134	60358	gene-Peve_00013796	.	0
Porites_evermani_scaffold_2021	61756	78817	gene-Peve_00013797	0.9066034257	303
Porites_evermani_scaffold_2021	79539	92519	gene-Peve_00013798	0	7
Porites_evermani_scaffold_2022	12804	19750	gene-Peve_00013804	0.3876143333	45
Porites_evermani_scaffold_2022	49720	60132	gene-Peve_00013802	19.73540558	12
Porites_evermani_scaffold_2022	63524	69320	gene-Peve_00013803	50.408286	30
Porites_evermani_scaffold_2023	4071	16699	gene-Peve_00013805	3.598804887	195
Porites_evermani_scaffold_2023	22058	24621	gene-Peve_00013808	1.162437977	87
Porites_evermani_scaffold_2023	35558	40065	gene-Peve_00013807	0.3977431556	90
Porites_evermani_scaffold_2023	44580	69770	gene-Peve_00013809	0.4409439532	299
Porites_evermani_scaffold_2024	13206	14029	gene-Peve_00013813	.	0
Porites_evermani_scaffold_2024	37900	43891	gene-Peve_00013814	0	2
Porites_evermani_scaffold_2024	45300	63106	gene-Peve_00013811	31.18686867	12
Porites_evermani_scaffold_2024	83554	85675	gene-Peve_00013812	.	0
Porites_evermani_scaffold_2025	17887	19966	gene-Peve_00013815	.	0
Porites_evermani_scaffold_2025	29437	35412	gene-Peve_00013817	.	0
Porites_evermani_scaffold_2025	50688	80670	gene-Peve_00013816	.	0
Porites_evermani_scaffold_2026	590	2575	gene-Peve_00013818	3.221314825	57
Porites_evermani_scaffold_2026	4507	9197	gene-Peve_00013822	36.19958218	78
Porites_evermani_scaffold_2026	16293	16674	gene-Peve_00013825	0	9
Porites_evermani_scaffold_2026	18962	31872	gene-Peve_00013826	7.585294901	372
Porites_evermani_scaffold_2026	32888	39678	gene-Peve_00013819	62.64403363	80
Porites_evermani_scaffold_2026	39845	44645	gene-Peve_00013820	30.58682985	47
Porites_evermani_scaffold_2026	46478	47291	gene-Peve_00013821	0	34
Porites_evermani_scaffold_2026	67288	71947	gene-Peve_00013823	0.2645502593	27
Porites_evermani_scaffold_2026	75442	88296	gene-Peve_00013824	48.64456933	40
Porites_evermani_scaffold_2027	4410	5397	gene-Peve_00013827	0	25
Porites_evermani_scaffold_2027	27874	28465	gene-Peve_00013832	0.5050505455	11
Porites_evermani_scaffold_2027	38560	39687	gene-Peve_00013833	0.374634525	40
Porites_evermani_scaffold_2027	40434	72735	gene-Peve_00013834	24.8232665	483
Porites_evermani_scaffold_2027	74809	75397	gene-Peve_00013829	12.98756453	15
Porites_evermani_scaffold_2027	75400	75870	gene-Peve_00013830	0	11
Porites_evermani_scaffold_2027	77446	80644	gene-Peve_00013828	0.1923076923	78
Porites_evermani_scaffold_2027	81886	90963	gene-Peve_00013831	0.7551052792	154
Porites_evermani_scaffold_2028	5370	91915	gene-Peve_00013835	11.91935206	1252
Porites_evermani_scaffold_2028	31877	50528	gene-Peve_00013838	18.17745714	274
Porites_evermani_scaffold_2028	53813	58795	gene-Peve_00013840	9.099000585	41
Porites_evermani_scaffold_2028	58814	66235	gene-Peve_00013839	12.6548155	68
Porites_evermani_scaffold_2028	72223	75622	gene-Peve_00013836	31.37172062	34
Porites_evermani_scaffold_2028	76654	81485	gene-Peve_00013837	67.76195211	73
Porites_evermani_scaffold_2029	6081	7044	gene-Peve_00013841	0.2777777778	18
Porites_evermani_scaffold_2029	10705	41180	gene-Peve_00013847	0.3839970644	497
Porites_evermani_scaffold_2029	56146	57121	gene-Peve_00013842	0.1716422439	41
Porites_evermani_scaffold_2029	66185	67019	gene-Peve_00013844	0.3460207647	34
Porites_evermani_scaffold_2029	74180	79067	gene-Peve_00013845	0.4477965845	142
Porites_evermani_scaffold_2029	84304	89042	gene-Peve_00013846	0.0442827554	139
Porites_evermani_scaffold_203	14418	14823	gene-Peve_00013858	93.75	8
Porites_evermani_scaffold_203	14938	15752	gene-Peve_00013865	85.35353533	3
Porites_evermani_scaffold_203	16272	17314	gene-Peve_00013848	.	0
Porites_evermani_scaffold_203	24824	25469	gene-Peve_00013857	19.18859633	3
Porites_evermani_scaffold_203	44545	45428	gene-Peve_00013859	.	0
Porites_evermani_scaffold_203	47966	58149	gene-Peve_00013860	2.18066743	79
Porites_evermani_scaffold_203	73347	73968	gene-Peve_00013861	.	0
Porites_evermani_scaffold_203	92100	101173	gene-Peve_00013862	0.9600341719	320
Porites_evermani_scaffold_203	112883	129984	gene-Peve_00013863	0.4461837071	420
Porites_evermani_scaffold_203	175363	176911	gene-Peve_00013866	.	0
Porites_evermani_scaffold_203	177582	177921	gene-Peve_00013867	.	0
Porites_evermani_scaffold_203	177904	180547	gene-Peve_00013868	0	25
Porites_evermani_scaffold_203	195356	199819	gene-Peve_00013869	5.401069529	17
Porites_evermani_scaffold_203	196705	197789	gene-Peve_00013871	45.909091	2
Porites_evermani_scaffold_203	199960	200521	gene-Peve_00013870	0	9
Porites_evermani_scaffold_203	202406	204103	gene-Peve_00013872	16.82944219	36
Porites_evermani_scaffold_203	206538	207708	gene-Peve_00013873	0	5
Porites_evermani_scaffold_203	245092	269785	gene-Peve_00013849	3.946428571	70
Porites_evermani_scaffold_203	279327	327581	gene-Peve_00013851	22.52354793	28
Porites_evermani_scaffold_203	344846	354139	gene-Peve_00013852	0	1
Porites_evermani_scaffold_203	362193	362841	gene-Peve_00013853	.	0
Porites_evermani_scaffold_203	366519	368847	gene-Peve_00013854	20.20202018	17
Porites_evermani_scaffold_203	373479	374082	gene-Peve_00013855	.	0
Porites_evermani_scaffold_2030	957	1782	gene-Peve_00013875	.	0
Porites_evermani_scaffold_2030	7620	30367	gene-Peve_00013880	6.925985167	412
Porites_evermani_scaffold_2030	33599	41313	gene-Peve_00013881	66.69061191	53
Porites_evermani_scaffold_2030	41959	48941	gene-Peve_00013882	79.47090601	93
Porites_evermani_scaffold_2030	51054	58420	gene-Peve_00013883	61.38060075	36
Porites_evermani_scaffold_2030	60173	67415	gene-Peve_00013876	95.63686147	38
Porites_evermani_scaffold_2030	67652	71042	gene-Peve_00013877	79.87103175	12
Porites_evermani_scaffold_2030	77383	84763	gene-Peve_00013878	49.52293611	96
Porites_evermani_scaffold_2030	85103	89414	gene-Peve_00013879	70.11682606	53
Porites_evermani_scaffold_2031	9955	13041	gene-Peve_00013884	92.605042	11
Porites_evermani_scaffold_2031	16592	22510	gene-Peve_00013886	0.3125	20
Porites_evermani_scaffold_2031	26339	39973	gene-Peve_00013887	0.3955911949	390
Porites_evermani_scaffold_2031	39665	46621	gene-Peve_00013888	0.5612613871	248
Porites_evermani_scaffold_2031	49787	50651	gene-Peve_00013889	0.5347593529	17
Porites_evermani_scaffold_2031	60390	78708	gene-Peve_00013885	46.70361611	114
Porites_evermani_scaffold_2032	20	8439	gene-Peve_00013890	46.70596694	112
Porites_evermani_scaffold_2032	14049	51046	gene-Peve_00013894	1.228251306	1118
Porites_evermani_scaffold_2032	57612	80097	gene-Peve_00013891	4.687900341	85
Porites_evermani_scaffold_2032	82753	83314	gene-Peve_00013892	0	31
Porites_evermani_scaffold_2032	87308	90158	gene-Peve_00013893	0.4073295952	84
Porites_evermani_scaffold_2033	15044	16478	gene-Peve_00013895	0.232684	40
Porites_evermani_scaffold_2033	28770	45258	gene-Peve_00013896	0.7230582449	294
Porites_evermani_scaffold_2033	59188	75120	gene-Peve_00013897	0.2564254071	339
Porites_evermani_scaffold_2033	87917	89759	gene-Peve_00013898	0.69134198	50
Porites_evermani_scaffold_2034	4514	4928	gene-Peve_00013901	0	7
Porites_evermani_scaffold_2034	15710	18774	gene-Peve_00013903	0.7369713571	56
Porites_evermani_scaffold_2034	37951	67042	gene-Peve_00013899	29.35362007	479
Porites_evermani_scaffold_2034	80184	82724	gene-Peve_00013900	83.83048043	30
Porites_evermani_scaffold_2035	632	15963	gene-Peve_00013904	0.501587701	418
Porites_evermani_scaffold_2035	18440	33642	gene-Peve_00013908	55.3493112	169
Porites_evermani_scaffold_2035	37984	49721	gene-Peve_00013909	58.29559855	108
Porites_evermani_scaffold_2035	55594	72693	gene-Peve_00013910	54.55522033	203
Porites_evermani_scaffold_2035	80398	82629	gene-Peve_00013905	0.3125	48
Porites_evermani_scaffold_2035	84321	85757	gene-Peve_00013906	0.1201923077	52
Porites_evermani_scaffold_2036	305	1160	gene-Peve_00013915	.	0
Porites_evermani_scaffold_2036	17760	18308	gene-Peve_00013923	0	17
Porites_evermani_scaffold_2036	19677	20226	gene-Peve_00013912	.	0
Porites_evermani_scaffold_2036	21735	22817	gene-Peve_00013913	1.276421611	18
Porites_evermani_scaffold_2036	26747	29341	gene-Peve_00013914	.	0
Porites_evermani_scaffold_2036	36203	38160	gene-Peve_00013916	0.9690812632	57
Porites_evermani_scaffold_2036	40101	40488	gene-Peve_00013917	.	0
Porites_evermani_scaffold_2036	52874	53768	gene-Peve_00013920	0.30769232	25
Porites_evermani_scaffold_2036	53152	68367	gene-Peve_00013919	0.6537346713	289
Porites_evermani_scaffold_2036	77879	91456	gene-Peve_00013921	0.4039392277	224
Porites_evermani_scaffold_2037	618	4871	gene-Peve_00013924	47.66169015	33
Porites_evermani_scaffold_2037	5305	5638	gene-Peve_00013927	0	11
Porites_evermani_scaffold_2037	8133	10063	gene-Peve_00013928	0	4
Porites_evermani_scaffold_2037	17760	58142	gene-Peve_00013929	6.6402486	30
Porites_evermani_scaffold_2037	75659	90654	gene-Peve_00013926	0.3282857532	308
Porites_evermani_scaffold_2038	11909	18563	gene-Peve_00013930	0.3957935027	187
Porites_evermani_scaffold_2038	22089	31092	gene-Peve_00013934	1.161787502	245
Porites_evermani_scaffold_2038	24642	54759	gene-Peve_00013935	24.28224113	536
Porites_evermani_scaffold_2038	50960	58123	gene-Peve_00013931	21.44994228	197
Porites_evermani_scaffold_2038	61639	77467	gene-Peve_00013932	29.96594637	190
Porites_evermani_scaffold_2038	80329	91715	gene-Peve_00013933	4.036351165	248
Porites_evermani_scaffold_2039	0	25259	gene-Peve_00013936	0.3826940049	608
Porites_evermani_scaffold_2039	30456	52844	gene-Peve_00013937	0.3680037678	366
Porites_evermani_scaffold_2039	54793	71970	gene-Peve_00013938	0.5126066606	109
Porites_evermani_scaffold_2039	77709	78084	gene-Peve_00013939	0	5
Porites_evermani_scaffold_2039	86819	87674	gene-Peve_00013941	0	17
Porites_evermani_scaffold_204	29	10626	gene-Peve_00013942	1.149215079	315
Porites_evermani_scaffold_204	17158	17626	gene-Peve_00013956	0.735294125	16
Porites_evermani_scaffold_204	29952	76425	gene-Peve_00013958	50.89010684	627
Porites_evermani_scaffold_204	78686	79769	gene-Peve_00013945	0.5882352941	17
Porites_evermani_scaffold_204	83608	84556	gene-Peve_00013946	0.4048583158	19
Porites_evermani_scaffold_204	94282	95236	gene-Peve_00013948	0.2861325588	34
Porites_evermani_scaffold_204	98767	101107	gene-Peve_00013947	0	29
Porites_evermani_scaffold_204	104283	107274	gene-Peve_00013949	0.2886002857	63
Porites_evermani_scaffold_204	108575	114903	gene-Peve_00013950	1.165460075	160
Porites_evermani_scaffold_204	109823	111139	gene-Peve_00013951	4.629108182	33
Porites_evermani_scaffold_204	116319	132706	gene-Peve_00013952	0.4043296054	332
Porites_evermani_scaffold_204	136024	145446	gene-Peve_00013953	1.395280243	214
Porites_evermani_scaffold_204	151979	166837	gene-Peve_00013954	0.278025281	153
Porites_evermani_scaffold_204	155740	160974	gene-Peve_00013955	0	11
Porites_evermani_scaffold_204	168489	193786	gene-Peve_00013957	0.7148098646	694
Porites_evermani_scaffold_204	211077	218918	gene-Peve_00013959	0.3423940063	159
Porites_evermani_scaffold_204	243145	251357	gene-Peve_00013960	0.244579207	227
Porites_evermani_scaffold_204	253771	266758	gene-Peve_00013961	0.6839946583	319
Porites_evermani_scaffold_204	269730	272364	gene-Peve_00013962	0.6880850595	84
Porites_evermani_scaffold_204	273405	274285	gene-Peve_00013963	2.119155353	17
Porites_evermani_scaffold_204	277449	281221	gene-Peve_00013964	0.8413547294	85
Porites_evermani_scaffold_204	282198	283509	gene-Peve_00013965	.	0
Porites_evermani_scaffold_204	287964	298442	gene-Peve_00013966	22.47694116	97
Porites_evermani_scaffold_204	309471	310065	gene-Peve_00013967	1.586449242	33
Porites_evermani_scaffold_204	325811	326912	gene-Peve_00013968	0.9726112917	24
Porites_evermani_scaffold_204	328977	367987	gene-Peve_00013969	12.55648247	359
Porites_evermani_scaffold_204	350019	351955	gene-Peve_00013943	0	13
Porites_evermani_scaffold_204	368514	375534	gene-Peve_00013944	47.06540193	14
Porites_evermani_scaffold_2040	15911	20274	gene-Peve_00013976	4.234360383	47
Porites_evermani_scaffold_2040	23885	24310	gene-Peve_00013971	50	1
Porites_evermani_scaffold_2040	51149	51703	gene-Peve_00013973	12.8494699	21
Porites_evermani_scaffold_2040	53971	84488	gene-Peve_00013972	3.648895322	382
Porites_evermani_scaffold_2040	88844	90543	gene-Peve_00013975	.	0
Porites_evermani_scaffold_2041	25064	26473	gene-Peve_00013984	.	0
Porites_evermani_scaffold_2041	31708	33001	gene-Peve_00013977	.	0
Porites_evermani_scaffold_2041	41433	42509	gene-Peve_00013979	3.703703667	9
Porites_evermani_scaffold_2041	43220	44856	gene-Peve_00013980	0.2923976667	18
Porites_evermani_scaffold_2041	51460	51856	gene-Peve_00013981	35.53470336	14
Porites_evermani_scaffold_2041	58734	59650	gene-Peve_00013982	70.01589108	12
Porites_evermani_scaffold_2041	76608	79527	gene-Peve_00013983	48.195038	44
Porites_evermani_scaffold_2042	4923	5871	gene-Peve_00013985	0.5555555556	18
Porites_evermani_scaffold_2042	8262	9252	gene-Peve_00013992	0.7192460357	28
Porites_evermani_scaffold_2042	13703	18675	gene-Peve_00013993	75.220179	38
Porites_evermani_scaffold_2042	20868	24931	gene-Peve_00013994	0.3408604634	82
Porites_evermani_scaffold_2042	45401	46136	gene-Peve_00013986	.	0
Porites_evermani_scaffold_2042	62078	63226	gene-Peve_00013987	0.289855087	23
Porites_evermani_scaffold_2042	70922	71752	gene-Peve_00013989	.	0
Porites_evermani_scaffold_2042	71755	72645	gene-Peve_00013990	.	0
Porites_evermani_scaffold_2042	81670	91489	gene-Peve_00013991	.	0
Porites_evermani_scaffold_2043	14956	21724	gene-Peve_00013996	24.22938142	153
Porites_evermani_scaffold_2043	21945	37251	gene-Peve_00013997	56.42294916	83
Porites_evermani_scaffold_2043	43922	45203	gene-Peve_00013998	19.44302755	11
Porites_evermani_scaffold_2043	54590	54849	gene-Peve_00013999	2.783511167	6
Porites_evermani_scaffold_2043	68708	69239	gene-Peve_00014000	0	12
Porites_evermani_scaffold_2043	70128	71311	gene-Peve_00014001	.	0
Porites_evermani_scaffold_2043	71980	72869	gene-Peve_00013995	.	0
Porites_evermani_scaffold_2044	700	4215	gene-Peve_00014002	0.9078609605	76
Porites_evermani_scaffold_2044	10286	27933	gene-Peve_00014005	1.41313162	179
Porites_evermani_scaffold_2044	34076	34883	gene-Peve_00014006	0	37
Porites_evermani_scaffold_2044	36711	55313	gene-Peve_00014007	24.20266985	194
Porites_evermani_scaffold_2044	56718	76632	gene-Peve_00014003	18.88166504	134
Porites_evermani_scaffold_2044	86997	89185	gene-Peve_00014004	.	0
Porites_evermani_scaffold_2045	3196	4282	gene-Peve_00014010	0	21
Porites_evermani_scaffold_2045	7652	8264	gene-Peve_00014016	0.1785714286	28
Porites_evermani_scaffold_2045	29268	39857	gene-Peve_00014008	0.6983450045	223
Porites_evermani_scaffold_2045	40896	56483	gene-Peve_00014009	10.03941234	268
Porites_evermani_scaffold_2045	56557	59434	gene-Peve_00014011	52.29283753	36
Porites_evermani_scaffold_2045	61277	63700	gene-Peve_00014012	39.67295742	45
Porites_evermani_scaffold_2045	67258	67672	gene-Peve_00014013	5.5652264	10
Porites_evermani_scaffold_2045	84170	88437	gene-Peve_00014014	73.827839	5
Porites_evermani_scaffold_2045	89087	90374	gene-Peve_00014015	0	1
Porites_evermani_scaffold_2046	731	11794	gene-Peve_00014017	59.32667107	94
Porites_evermani_scaffold_2046	15173	29010	gene-Peve_00014021	52.04225503	32
Porites_evermani_scaffold_2046	30705	31134	gene-Peve_00014022	.	0
Porites_evermani_scaffold_2046	31629	32058	gene-Peve_00014023	.	0
Porites_evermani_scaffold_2046	41546	51060	gene-Peve_00014024	12.08504771	101
Porites_evermani_scaffold_2046	62068	74286	gene-Peve_00014018	33.33333333	3
Porites_evermani_scaffold_2046	74733	78233	gene-Peve_00014019	32.11072665	17
Porites_evermani_scaffold_2046	83086	84659	gene-Peve_00014020	.	0
Porites_evermani_scaffold_2047	1665	2604	gene-Peve_00014025	.	0
Porites_evermani_scaffold_2047	17191	35339	gene-Peve_00014029	60.72261382	51
Porites_evermani_scaffold_2047	35627	46698	gene-Peve_00014036	78.84011825	40
Porites_evermani_scaffold_2047	49849	51033	gene-Peve_00014027	0	6
Porites_evermani_scaffold_2047	57229	61873	gene-Peve_00014028	1.268466938	65
Porites_evermani_scaffold_2047	64802	65771	gene-Peve_00014030	0	4
Porites_evermani_scaffold_2047	69675	70097	gene-Peve_00014031	.	0
Porites_evermani_scaffold_2047	70716	71727	gene-Peve_00014032	.	0
Porites_evermani_scaffold_2047	74892	75411	gene-Peve_00014033	.	0
Porites_evermani_scaffold_2047	78744	79263	gene-Peve_00014034	.	0
Porites_evermani_scaffold_2047	84750	87855	gene-Peve_00014035	0	5
Porites_evermani_scaffold_2048	2628	9592	gene-Peve_00014037	4.491792958	24
Porites_evermani_scaffold_2048	11233	23011	gene-Peve_00014040	0.305930744	125
Porites_evermani_scaffold_2048	33141	35223	gene-Peve_00014041	.	0
Porites_evermani_scaffold_2048	37568	40946	gene-Peve_00014042	1.058339034	59
Porites_evermani_scaffold_2048	45303	50669	gene-Peve_00014043	0	15
Porites_evermani_scaffold_2048	74497	74998	gene-Peve_00014038	0.41666665	20
Porites_evermani_scaffold_2048	76629	77124	gene-Peve_00014039	0	12
Porites_evermani_scaffold_2049	2613	4832	gene-Peve_00014045	1.886782633	30
Porites_evermani_scaffold_2049	23984	34047	gene-Peve_00014044	26.26775652	79
Porites_evermani_scaffold_2049	47876	48449	gene-Peve_00014048	9.52381	1
Porites_evermani_scaffold_2049	48657	49712	gene-Peve_00014049	12.928898	20
Porites_evermani_scaffold_2049	49754	50162	gene-Peve_00014047	0	5
Porites_evermani_scaffold_2049	52078	54528	gene-Peve_00014050	27.61418166	29
Porites_evermani_scaffold_2049	55754	58688	gene-Peve_00014051	0.1736111111	36
Porites_evermani_scaffold_2049	68971	83602	gene-Peve_00014052	0.3830236839	367
Porites_evermani_scaffold_205	7981	9823	gene-Peve_00014054	0	5
Porites_evermani_scaffold_205	28043	129171	gene-Peve_00014064	1.284031305	2065
Porites_evermani_scaffold_205	89970	92209	gene-Peve_00014055	0	22
Porites_evermani_scaffold_205	92825	93765	gene-Peve_00014056	0	17
Porites_evermani_scaffold_205	114874	119480	gene-Peve_00014057	1.143892326	46
Porites_evermani_scaffold_205	134727	135537	gene-Peve_00014058	1.15166085	20
Porites_evermani_scaffold_205	135572	136031	gene-Peve_00014059	0	10
Porites_evermani_scaffold_205	146715	148164	gene-Peve_00014060	2.987842062	16
Porites_evermani_scaffold_205	149215	150646	gene-Peve_00014061	17.92177417	40
Porites_evermani_scaffold_205	155845	163902	gene-Peve_00014062	1.176707901	212
Porites_evermani_scaffold_205	173056	224579	gene-Peve_00014063	0.9835153046	1034
Porites_evermani_scaffold_205	230360	241408	gene-Peve_00014065	12.79676561	230
Porites_evermani_scaffold_205	242819	312636	gene-Peve_00014066	0.4718420758	1518
Porites_evermani_scaffold_205	334474	336777	gene-Peve_00014067	32.26348546	28
Porites_evermani_scaffold_205	337867	338383	gene-Peve_00014069	12.16356782	11
Porites_evermani_scaffold_205	338407	339466	gene-Peve_00014068	3.1692308	5
Porites_evermani_scaffold_205	347530	361550	gene-Peve_00014070	6.175397928	125
Porites_evermani_scaffold_205	370963	371275	gene-Peve_00014071	36.988304	3
Porites_evermani_scaffold_2050	9922	19181	gene-Peve_00014072	11.51121228	225
Porites_evermani_scaffold_2050	20470	30646	gene-Peve_00014075	8.03144713	246
Porites_evermani_scaffold_2050	37518	38406	gene-Peve_00014076	1.7004008	25
Porites_evermani_scaffold_2050	47662	59828	gene-Peve_00014077	0.810829821	162
Porites_evermani_scaffold_2050	79509	80538	gene-Peve_00014074	1.005690744	39
Porites_evermani_scaffold_2050	83343	85436	gene-Peve_00014073	1.894741037	54
Porites_evermani_scaffold_2051	2732	34195	gene-Peve_00014078	0.9905020299	67
Porites_evermani_scaffold_2051	35532	47872	gene-Peve_00014079	5	4
Porites_evermani_scaffold_2051	50561	51489	gene-Peve_00014080	.	0
Porites_evermani_scaffold_2051	56419	70711	gene-Peve_00014081	79.5433866	48
Porites_evermani_scaffold_2052	436	9837	gene-Peve_00014083	0.247328948	250
Porites_evermani_scaffold_2052	30252	42635	gene-Peve_00014084	0.1484266073	303
Porites_evermani_scaffold_2052	55362	73494	gene-Peve_00014085	0.4570701983	479
Porites_evermani_scaffold_2052	78546	85118	gene-Peve_00014086	21.11111111	9
Porites_evermani_scaffold_2053	10379	11101	gene-Peve_00014087	0	1
Porites_evermani_scaffold_2053	16807	17818	gene-Peve_00014088	3.287037	9
Porites_evermani_scaffold_2053	55809	57839	gene-Peve_00014089	0	16
Porites_evermani_scaffold_2053	72342	72594	gene-Peve_00014091	5	2
Porites_evermani_scaffold_2053	73106	76756	gene-Peve_00014092	0	19
Porites_evermani_scaffold_2054	445	4271	gene-Peve_00014093	7.2165065	46
Porites_evermani_scaffold_2054	6032	6560	gene-Peve_00014101	0	5
Porites_evermani_scaffold_2054	10089	10506	gene-Peve_00014104	1.5686275	8
Porites_evermani_scaffold_2054	12690	13823	gene-Peve_00014095	0	1
Porites_evermani_scaffold_2054	58010	64678	gene-Peve_00014096	0.1417132517	147
Porites_evermani_scaffold_2054	68873	69838	gene-Peve_00014097	6.666666667	12
Porites_evermani_scaffold_2054	79992	80895	gene-Peve_00014098	0	6
Porites_evermani_scaffold_2054	83162	84155	gene-Peve_00014099	0	20
Porites_evermani_scaffold_2055	24808	25583	gene-Peve_00014105	0.9509993636	11
Porites_evermani_scaffold_2055	25409	26493	gene-Peve_00014109	0.5422209615	26
Porites_evermani_scaffold_2055	27011	33321	gene-Peve_00014110	1.190835426	61
Porites_evermani_scaffold_2055	44733	49307	gene-Peve_00014112	2.23981381	58
Porites_evermani_scaffold_2055	56519	61925	gene-Peve_00014106	0	7
Porites_evermani_scaffold_2055	62350	65723	gene-Peve_00014107	2.31617155	40
Porites_evermani_scaffold_2055	76763	84100	gene-Peve_00014108	0.3335464559	68
Porites_evermani_scaffold_2056	2403	6126	gene-Peve_00014113	0.6904675915	71
Porites_evermani_scaffold_2056	68733	80731	gene-Peve_00014114	.	0
Porites_evermani_scaffold_2056	83371	89960	gene-Peve_00014115	.	0
Porites_evermani_scaffold_2057	6653	25819	gene-Peve_00014119	2.618025652	23
Porites_evermani_scaffold_2057	29892	30309	gene-Peve_00014117	.	0
Porites_evermani_scaffold_2057	46991	85243	gene-Peve_00014118	1.535970464	554
Porites_evermani_scaffold_2058	4465	5446	gene-Peve_00014121	0	10
Porites_evermani_scaffold_2058	15673	15985	gene-Peve_00014127	.	0
Porites_evermani_scaffold_2058	21897	34208	gene-Peve_00014122	0.5716193933	89
Porites_evermani_scaffold_2058	42907	46436	gene-Peve_00014123	0	10
Porites_evermani_scaffold_2058	47644	69692	gene-Peve_00014124	61.07218463	241
Porites_evermani_scaffold_2058	74585	75221	gene-Peve_00014125	0.7291666875	16
Porites_evermani_scaffold_2058	81764	85752	gene-Peve_00014126	.	0
Porites_evermani_scaffold_2059	18847	25199	gene-Peve_00014131	.	0
Porites_evermani_scaffold_2059	38773	39540	gene-Peve_00014134	.	0
Porites_evermani_scaffold_2059	43916	44315	gene-Peve_00014128	.	0
Porites_evermani_scaffold_2059	50129	50591	gene-Peve_00014129	.	0
Porites_evermani_scaffold_2059	63161	63473	gene-Peve_00014133	.	0
Porites_evermani_scaffold_2059	63806	73697	gene-Peve_00014132	2.871795	5
Porites_evermani_scaffold_2059	81200	83918	gene-Peve_00014135	0	3
Porites_evermani_scaffold_206	9440	10418	gene-Peve_00014140	0	12
Porites_evermani_scaffold_206	27452	29386	gene-Peve_00014137	0.5905953077	39
Porites_evermani_scaffold_206	35018	36035	gene-Peve_00014138	1.692547667	27
Porites_evermani_scaffold_206	43995	77868	gene-Peve_00014139	43.08394422	517
Porites_evermani_scaffold_206	83720	93495	gene-Peve_00014141	72.21208436	155
Porites_evermani_scaffold_206	94444	98477	gene-Peve_00014142	2.038284373	67
Porites_evermani_scaffold_206	98598	103704	gene-Peve_00014143	0.7232177867	150
Porites_evermani_scaffold_206	108876	116586	gene-Peve_00014145	2.455393669	169
Porites_evermani_scaffold_206	116595	126214	gene-Peve_00014144	6.298379188	213
Porites_evermani_scaffold_206	129207	129973	gene-Peve_00014146	0.6060606364	11
Porites_evermani_scaffold_206	134730	135246	gene-Peve_00014147	1.010101	9
Porites_evermani_scaffold_206	140002	143924	gene-Peve_00014148	56.03132623	35
Porites_evermani_scaffold_206	144354	174647	gene-Peve_00014149	4.033707905	455
Porites_evermani_scaffold_206	175814	183681	gene-Peve_00014150	0.1448306606	221
Porites_evermani_scaffold_206	195882	198157	gene-Peve_00014151	0.0999001039	77
Porites_evermani_scaffold_206	199129	227835	gene-Peve_00014152	55.57533228	306
Porites_evermani_scaffold_206	201157	204712	gene-Peve_00014153	.	0
Porites_evermani_scaffold_206	206469	209916	gene-Peve_00014154	.	0
Porites_evermani_scaffold_206	230228	234463	gene-Peve_00014155	1.263591231	104
Porites_evermani_scaffold_206	246713	258189	gene-Peve_00014156	8.294495577	71
Porites_evermani_scaffold_206	272486	294940	gene-Peve_00014158	18.09025465	436
Porites_evermani_scaffold_206	299611	300694	gene-Peve_00014159	0	24
Porites_evermani_scaffold_206	312189	349608	gene-Peve_00014160	0.7587230631	412
Porites_evermani_scaffold_206	363834	365271	gene-Peve_00014161	50.43039293	14
Porites_evermani_scaffold_2060	17546	18530	gene-Peve_00014170	11.94444433	6
Porites_evermani_scaffold_2060	22302	26163	gene-Peve_00014166	.	0
Porites_evermani_scaffold_2060	51700	52909	gene-Peve_00014168	0	14
Porites_evermani_scaffold_2060	64892	66251	gene-Peve_00014169	0.1855287551	49
Porites_evermani_scaffold_2061	2	31177	gene-Peve_00014171	27.8156982	120
Porites_evermani_scaffold_2061	47554	55148	gene-Peve_00014172	76.02198066	112
Porites_evermani_scaffold_2061	63583	66008	gene-Peve_00014174	.	0
Porites_evermani_scaffold_2061	76372	78123	gene-Peve_00014175	.	0
Porites_evermani_scaffold_2061	88936	89756	gene-Peve_00014176	.	0
Porites_evermani_scaffold_2062	5766	6189	gene-Peve_00014178	.	0
Porites_evermani_scaffold_2062	11155	17606	gene-Peve_00014179	0.08680555556	72
Porites_evermani_scaffold_2062	21546	33816	gene-Peve_00014180	1.389811721	43
Porites_evermani_scaffold_2062	41223	45445	gene-Peve_00014182	1.12727272	25
Porites_evermani_scaffold_2062	59875	90309	gene-Peve_00014181	28.42810336	279
Porites_evermani_scaffold_2063	16855	17713	gene-Peve_00014184	.	0
Porites_evermani_scaffold_2063	21047	35362	gene-Peve_00014185	64.42878527	169
Porites_evermani_scaffold_2063	35420	42375	gene-Peve_00014186	28.71739508	135
Porites_evermani_scaffold_2063	44957	45902	gene-Peve_00014187	1.413674529	34
Porites_evermani_scaffold_2063	50879	51881	gene-Peve_00014188	0	32
Porites_evermani_scaffold_2063	59602	68179	gene-Peve_00014189	0.6487917371	213
Porites_evermani_scaffold_2063	70518	87990	gene-Peve_00014183	0.4782012945	146
Porites_evermani_scaffold_2064	1660	7796	gene-Peve_00014190	0.2941638915	129
Porites_evermani_scaffold_2064	18947	23704	gene-Peve_00014193	0.6280769618	131
Porites_evermani_scaffold_2064	30985	32008	gene-Peve_00014194	0.5050505	18
Porites_evermani_scaffold_2064	33769	63565	gene-Peve_00014195	8.601224242	604
Porites_evermani_scaffold_2064	63947	71454	gene-Peve_00014191	18.12166358	131
Porites_evermani_scaffold_2064	75614	76799	gene-Peve_00014192	0.1801801892	37
Porites_evermani_scaffold_2065	14336	15864	gene-Peve_00014196	.	0
Porites_evermani_scaffold_2065	20493	24731	gene-Peve_00014197	0.4903886667	21
Porites_evermani_scaffold_2065	30566	38029	gene-Peve_00014198	0.821108935	123
Porites_evermani_scaffold_2065	75666	78520	gene-Peve_00014199	73.37806635	48
Porites_evermani_scaffold_2066	145	775	gene-Peve_00014201	0	9
Porites_evermani_scaffold_2066	24922	27676	gene-Peve_00014202	0	10
Porites_evermani_scaffold_2066	57250	62441	gene-Peve_00014204	0.7657657568	37
Porites_evermani_scaffold_2067	477	2155	gene-Peve_00014207	0.2943969778	45
Porites_evermani_scaffold_2067	46039	60672	gene-Peve_00014210	0.4238363765	324
Porites_evermani_scaffold_2067	75247	87223	gene-Peve_00014208	0.7670930031	326
Porites_evermani_scaffold_2068	13616	27000	gene-Peve_00014214	0	8
Porites_evermani_scaffold_2068	41242	55067	gene-Peve_00014212	1.222042472	254
Porites_evermani_scaffold_2068	61289	66962	gene-Peve_00014215	0.7909585691	181
Porites_evermani_scaffold_2068	66971	67319	gene-Peve_00014216	0	7
Porites_evermani_scaffold_2068	71007	72490	gene-Peve_00014217	41.30354267	42
Porites_evermani_scaffold_2068	82888	86196	gene-Peve_00014218	.	0
Porites_evermani_scaffold_2069	15211	20364	gene-Peve_00014226	0.219507973	185
Porites_evermani_scaffold_2069	40181	40598	gene-Peve_00014221	.	0
Porites_evermani_scaffold_2069	43097	56265	gene-Peve_00014220	0.3565062353	51
Porites_evermani_scaffold_2069	62761	63746	gene-Peve_00014222	0	2
Porites_evermani_scaffold_2069	69447	70860	gene-Peve_00014223	0.6060606364	11
Porites_evermani_scaffold_2069	76617	81574	gene-Peve_00014224	0.8333333333	12
Porites_evermani_scaffold_207	1659	7641	gene-Peve_00014227	52.78091938	58
Porites_evermani_scaffold_207	9486	22215	gene-Peve_00014235	38.90586808	201
Porites_evermani_scaffold_207	26674	48935	gene-Peve_00014239	9.994944734	533
Porites_evermani_scaffold_207	50246	51173	gene-Peve_00014249	0.4901960588	17
Porites_evermani_scaffold_207	54897	73123	gene-Peve_00014228	0.7915491285	397
Porites_evermani_scaffold_207	74428	82127	gene-Peve_00014229	0.2344877273	66
Porites_evermani_scaffold_207	90134	102732	gene-Peve_00014230	0.6588733247	271
Porites_evermani_scaffold_207	108156	113091	gene-Peve_00014231	0.7919241235	81
Porites_evermani_scaffold_207	120040	121430	gene-Peve_00014232	0	4
Porites_evermani_scaffold_207	124129	124771	gene-Peve_00014234	59.9643875	6
Porites_evermani_scaffold_207	127764	128542	gene-Peve_00014236	0	25
Porites_evermani_scaffold_207	131416	144396	gene-Peve_00014233	0.9770795068	221
Porites_evermani_scaffold_207	149231	169748	gene-Peve_00014237	28.60721293	270
Porites_evermani_scaffold_207	195019	197400	gene-Peve_00014238	0.1689189189	37
Porites_evermani_scaffold_207	211148	246016	gene-Peve_00014240	0.9854029381	662
Porites_evermani_scaffold_207	250509	251926	gene-Peve_00014242	0	19
Porites_evermani_scaffold_207	262439	276979	gene-Peve_00014243	2.235963053	337
Porites_evermani_scaffold_207	271047	271569	gene-Peve_00014244	0	3
Porites_evermani_scaffold_207	302275	302755	gene-Peve_00014245	0.6993006923	13
Porites_evermani_scaffold_207	303793	313448	gene-Peve_00014246	1.11891203	338
Porites_evermani_scaffold_207	355765	356254	gene-Peve_00014247	2.052506111	9
Porites_evermani_scaffold_207	356457	360605	gene-Peve_00014248	2.321428667	6
Porites_evermani_scaffold_2070	10397	13633	gene-Peve_00014250	0	9
Porites_evermani_scaffold_2070	15296	21964	gene-Peve_00014254	0	20
Porites_evermani_scaffold_2070	24426	33455	gene-Peve_00014255	5.730032836	159
Porites_evermani_scaffold_2070	35647	43597	gene-Peve_00014256	51.50957165	75
Porites_evermani_scaffold_2070	45729	47591	gene-Peve_00014251	19.32509266	29
Porites_evermani_scaffold_2070	47737	51683	gene-Peve_00014252	24.06064122	94
Porites_evermani_scaffold_2070	56207	85823	gene-Peve_00014253	1.392468478	69
Porites_evermani_scaffold_2071	1845	2424	gene-Peve_00014257	.	0
Porites_evermani_scaffold_2071	24512	26978	gene-Peve_00014261	.	0
Porites_evermani_scaffold_2071	48028	48620	gene-Peve_00014262	.	0
Porites_evermani_scaffold_2071	60118	64588	gene-Peve_00014258	.	0
Porites_evermani_scaffold_2071	68866	70256	gene-Peve_00014259	.	0
Porites_evermani_scaffold_2071	77074	77434	gene-Peve_00014260	.	0
Porites_evermani_scaffold_2072	30041	50264	gene-Peve_00014263	23.12948922	293
Porites_evermani_scaffold_2072	55578	66273	gene-Peve_00014264	50.804899	41
Porites_evermani_scaffold_2072	76164	79519	gene-Peve_00014265	0.2176486882	93
Porites_evermani_scaffold_2073	11895	20367	gene-Peve_00014268	0.5115432903	186
Porites_evermani_scaffold_2073	23775	24729	gene-Peve_00014273	0.390625	16
Porites_evermani_scaffold_2073	49647	50160	gene-Peve_00014275	1.190476214	14
Porites_evermani_scaffold_2073	52364	55072	gene-Peve_00014266	0	3
Porites_evermani_scaffold_2073	61228	63943	gene-Peve_00014267	0.8333333333	12
Porites_evermani_scaffold_2073	74052	74388	gene-Peve_00014269	0.7936508095	21
Porites_evermani_scaffold_2073	74688	74919	gene-Peve_00014270	0	2
Porites_evermani_scaffold_2073	86600	88468	gene-Peve_00014272	5.222634514	35
Porites_evermani_scaffold_2074	13446	15169	gene-Peve_00014277	.	0
Porites_evermani_scaffold_2074	17775	21298	gene-Peve_00014278	.	0
Porites_evermani_scaffold_2074	21373	34772	gene-Peve_00014279	29.65909092	24
Porites_evermani_scaffold_2074	43153	43522	gene-Peve_00014280	.	0
Porites_evermani_scaffold_2074	58865	61097	gene-Peve_00014281	.	0
Porites_evermani_scaffold_2074	82843	83719	gene-Peve_00014276	.	0
Porites_evermani_scaffold_2075	7004	7391	gene-Peve_00014282	78.80914687	15
Porites_evermani_scaffold_2075	15914	16526	gene-Peve_00014283	19.90057772	18
Porites_evermani_scaffold_2075	23938	29008	gene-Peve_00014285	66.52609568	157
Porites_evermani_scaffold_2075	31218	31632	gene-Peve_00014286	89.08591415	13
Porites_evermani_scaffold_2075	31886	32741	gene-Peve_00014288	63.61854571	31
Porites_evermani_scaffold_2075	34807	37208	gene-Peve_00014289	82.69144205	80
Porites_evermani_scaffold_2075	53762	54077	gene-Peve_00014290	100	2
Porites_evermani_scaffold_2075	64598	73128	gene-Peve_00014291	69.96359605	104
Porites_evermani_scaffold_2076	1879	3275	gene-Peve_00014292	1.630094034	29
Porites_evermani_scaffold_2076	20563	29886	gene-Peve_00014295	0.5057297008	264
Porites_evermani_scaffold_2076	62349	80918	gene-Peve_00014293	33.61773986	172
Porites_evermani_scaffold_2076	85264	89938	gene-Peve_00014294	0.07613714943	174
Porites_evermani_scaffold_2077	2493	24541	gene-Peve_00014296	0.3370194793	363
Porites_evermani_scaffold_2077	29335	30259	gene-Peve_00014302	0.9384164194	31
Porites_evermani_scaffold_2077	38273	40434	gene-Peve_00014303	.	0
Porites_evermani_scaffold_2077	46805	48479	gene-Peve_00014304	.	0
Porites_evermani_scaffold_2077	54016	54745	gene-Peve_00014297	0	30
Porites_evermani_scaffold_2077	55392	62700	gene-Peve_00014298	55.35923248	33
Porites_evermani_scaffold_2077	63713	65650	gene-Peve_00014299	31.55492656	27
Porites_evermani_scaffold_2077	67167	72632	gene-Peve_00014300	75.46655117	41
Porites_evermani_scaffold_2077	74401	81272	gene-Peve_00014301	0.1048218113	53
Porites_evermani_scaffold_2078	4701	5366	gene-Peve_00014310	.	0
Porites_evermani_scaffold_2078	19199	19574	gene-Peve_00014316	.	0
Porites_evermani_scaffold_2078	23121	23938	gene-Peve_00014317	82.9303404	5
Porites_evermani_scaffold_2078	24028	25312	gene-Peve_00014305	70.06337008	25
Porites_evermani_scaffold_2078	26571	27105	gene-Peve_00014306	.	0
Porites_evermani_scaffold_2078	35414	35807	gene-Peve_00014309	90.28264482	11
Porites_evermani_scaffold_2078	61296	61727	gene-Peve_00014312	41.9918519	10
Porites_evermani_scaffold_2078	66585	67035	gene-Peve_00014313	.	0
Porites_evermani_scaffold_2078	71292	74850	gene-Peve_00014314	92.17741907	15
Porites_evermani_scaffold_2079	1898	19963	gene-Peve_00014318	12.96889845	299
Porites_evermani_scaffold_2079	20300	34113	gene-Peve_00014321	48.64122938	229
Porites_evermani_scaffold_2079	37185	68994	gene-Peve_00014323	16.19251229	637
Porites_evermani_scaffold_2079	69315	71631	gene-Peve_00014322	0.6984177532	77
Porites_evermani_scaffold_2079	76331	78563	gene-Peve_00014319	0	3
Porites_evermani_scaffold_2079	81939	83930	gene-Peve_00014320	0	3
Porites_evermani_scaffold_208	3699	18452	gene-Peve_00014324	0.502600989	365
Porites_evermani_scaffold_208	24869	39614	gene-Peve_00014348	32.29519022	305
Porites_evermani_scaffold_208	41488	46098	gene-Peve_00014325	0.05656108654	104
Porites_evermani_scaffold_208	62172	64262	gene-Peve_00014326	0	31
Porites_evermani_scaffold_208	69935	73423	gene-Peve_00014327	0	8
Porites_evermani_scaffold_208	80686	103654	gene-Peve_00014328	9.232283392	153
Porites_evermani_scaffold_208	110857	111403	gene-Peve_00014329	0	29
Porites_evermani_scaffold_208	115905	122803	gene-Peve_00014330	0.726763098	153
Porites_evermani_scaffold_208	132185	146374	gene-Peve_00014331	0.3131236308	344
Porites_evermani_scaffold_208	150967	151570	gene-Peve_00014332	0	12
Porites_evermani_scaffold_208	158841	159576	gene-Peve_00014333	0	29
Porites_evermani_scaffold_208	169015	169813	gene-Peve_00014334	1.048951063	16
Porites_evermani_scaffold_208	171814	177371	gene-Peve_00014335	0.862443875	144
Porites_evermani_scaffold_208	191934	196858	gene-Peve_00014336	0.3731297226	137
Porites_evermani_scaffold_208	195373	200186	gene-Peve_00014338	0.2948976395	86
Porites_evermani_scaffold_208	209397	210078	gene-Peve_00014339	0	19
Porites_evermani_scaffold_208	215379	221825	gene-Peve_00014340	1.077296193	83
Porites_evermani_scaffold_208	229922	235011	gene-Peve_00014341	50.48337491	69
Porites_evermani_scaffold_208	236642	244625	gene-Peve_00014342	12.91639719	155
Porites_evermani_scaffold_208	247016	247912	gene-Peve_00014343	0.3703703889	18
Porites_evermani_scaffold_208	278009	340001	gene-Peve_00014346	0.6878925701	1526
Porites_evermani_scaffold_208	342761	370445	gene-Peve_00014347	0.5027859764	424
Porites_evermani_scaffold_2080	2570	4732	gene-Peve_00014350	22.99016062	13
Porites_evermani_scaffold_2080	4697	5153	gene-Peve_00014358	36.37465426	19
Porites_evermani_scaffold_2080	26134	37488	gene-Peve_00014360	1.111111111	9
Porites_evermani_scaffold_2080	28165	32752	gene-Peve_00014351	0	1
Porites_evermani_scaffold_2080	38554	39891	gene-Peve_00014352	0	14
Porites_evermani_scaffold_2080	44014	49495	gene-Peve_00014353	31.9364716	98
Porites_evermani_scaffold_2080	51806	52770	gene-Peve_00014355	60.20419404	27
Porites_evermani_scaffold_2080	58932	62173	gene-Peve_00014356	81.11762809	34
Porites_evermani_scaffold_2080	73460	75183	gene-Peve_00014357	61.78087543	28
Porites_evermani_scaffold_2080	85169	86119	gene-Peve_00014359	80.4545456	5
Porites_evermani_scaffold_2081	1441	17316	gene-Peve_00014361	1.395173412	17
Porites_evermani_scaffold_2081	19259	29668	gene-Peve_00014362	1.09208507	213
Porites_evermani_scaffold_2081	40412	46948	gene-Peve_00014363	0.9812227212	208
Porites_evermani_scaffold_2081	49944	50871	gene-Peve_00014364	1.076665258	31
Porites_evermani_scaffold_2081	59039	70879	gene-Peve_00014365	3.517999524	168
Porites_evermani_scaffold_2081	76407	82809	gene-Peve_00014366	.	0
Porites_evermani_scaffold_2082	6	642	gene-Peve_00014367	0.126129037	27
Porites_evermani_scaffold_2082	11461	19221	gene-Peve_00014370	1.798752358	81
Porites_evermani_scaffold_2082	32256	44124	gene-Peve_00014371	0	2
Porites_evermani_scaffold_2082	46868	56252	gene-Peve_00014372	0.1207649929	141
Porites_evermani_scaffold_2082	61787	67759	gene-Peve_00014368	1.423130429	56
Porites_evermani_scaffold_2082	89343	89748	gene-Peve_00014369	.	0
Porites_evermani_scaffold_2083	2980	15691	gene-Peve_00014373	0.4773210119	336
Porites_evermani_scaffold_2083	27354	59599	gene-Peve_00014377	0.8513187264	793
Porites_evermani_scaffold_2083	74491	88149	gene-Peve_00014375	0.5655164487	312
Porites_evermani_scaffold_2084	1089	13753	gene-Peve_00014378	0.3449803594	192
Porites_evermani_scaffold_2084	8102	10123	gene-Peve_00014380	.	0
Porites_evermani_scaffold_2084	27796	56875	gene-Peve_00014381	15.31965434	305
Porites_evermani_scaffold_2084	68914	77034	gene-Peve_00014379	2.473140124	249
Porites_evermani_scaffold_2085	2942	3670	gene-Peve_00014386	0	24
Porites_evermani_scaffold_2085	3673	4242	gene-Peve_00014389	0.7943067619	42
Porites_evermani_scaffold_2085	10329	11670	gene-Peve_00014390	0.8981525625	32
Porites_evermani_scaffold_2085	14658	15297	gene-Peve_00014391	4.233409667	6
Porites_evermani_scaffold_2085	21196	27281	gene-Peve_00014382	0.7641852168	143
Porites_evermani_scaffold_2085	38392	40200	gene-Peve_00014384	10.42131845	33
Porites_evermani_scaffold_2085	40204	42878	gene-Peve_00014383	41.93429381	21
Porites_evermani_scaffold_2085	44445	44982	gene-Peve_00014385	0	7
Porites_evermani_scaffold_2085	63387	64534	gene-Peve_00014387	0	30
Porites_evermani_scaffold_2085	78517	78883	gene-Peve_00014388	0	8
Porites_evermani_scaffold_2086	2029	3373	gene-Peve_00014393	0.3501867442	43
Porites_evermani_scaffold_2086	14473	21196	gene-Peve_00014394	1.30196194	184
Porites_evermani_scaffold_2086	29219	30695	gene-Peve_00014395	.	0
Porites_evermani_scaffold_2086	45979	70907	gene-Peve_00014396	0.4877212165	411
Porites_evermani_scaffold_2086	74263	83571	gene-Peve_00014397	63.97708183	123
Porites_evermani_scaffold_2087	7516	77182	gene-Peve_00014398	25.00139003	869
Porites_evermani_scaffold_2087	14934	17794	gene-Peve_00014399	70	1
Porites_evermani_scaffold_2088	2907	11790	gene-Peve_00014400	0.9339410431	209
Porites_evermani_scaffold_2088	14673	79568	gene-Peve_00014403	1.315307003	1333
Porites_evermani_scaffold_2088	56284	56914	gene-Peve_00014401	0	2
Porites_evermani_scaffold_2088	82522	83449	gene-Peve_00014402	0	30
Porites_evermani_scaffold_2089	250	3872	gene-Peve_00014404	56.21364965	51
Porites_evermani_scaffold_2089	13141	28791	gene-Peve_00014406	4.833152964	112
Porites_evermani_scaffold_2089	85659	88817	gene-Peve_00014405	75.13182714	7
Porites_evermani_scaffold_209	9435	11488	gene-Peve_00014443	0.1984126905	42
Porites_evermani_scaffold_209	15293	17450	gene-Peve_00014415	0	59
Porites_evermani_scaffold_209	20531	21476	gene-Peve_00014422	0.6455083462	26
Porites_evermani_scaffold_209	27892	38969	gene-Peve_00014433	0.3138104923	130
Porites_evermani_scaffold_209	40519	41506	gene-Peve_00014434	56.74323712	17
Porites_evermani_scaffold_209	43628	46888	gene-Peve_00014435	0.6313131296	54
Porites_evermani_scaffold_209	48426	51580	gene-Peve_00014436	0.2149470833	72
Porites_evermani_scaffold_209	60143	60538	gene-Peve_00014437	.	0
Porites_evermani_scaffold_209	62007	64300	gene-Peve_00014438	1.428571429	14
Porites_evermani_scaffold_209	66718	67375	gene-Peve_00014439	1.4673913	20
Porites_evermani_scaffold_209	89352	89853	gene-Peve_00014441	.	0
Porites_evermani_scaffold_209	96887	97905	gene-Peve_00014444	93.75	1
Porites_evermani_scaffold_209	102853	104480	gene-Peve_00014446	39.39103147	19
Porites_evermani_scaffold_209	112529	125745	gene-Peve_00014447	64.89045886	141
Porites_evermani_scaffold_209	115771	117865	gene-Peve_00014448	52.92248486	7
Porites_evermani_scaffold_209	118494	121019	gene-Peve_00014449	32.22526236	11
Porites_evermani_scaffold_209	121840	123478	gene-Peve_00014450	79.69312949	37
Porites_evermani_scaffold_209	135407	136340	gene-Peve_00014451	82.68640889	35
Porites_evermani_scaffold_209	136182	137586	gene-Peve_00014407	79.5818593	10
Porites_evermani_scaffold_209	142486	143203	gene-Peve_00014408	92.87850264	25
Porites_evermani_scaffold_209	151294	152403	gene-Peve_00014409	67.659601	17
Porites_evermani_scaffold_209	152420	152723	gene-Peve_00014410	93.333333	1
Porites_evermani_scaffold_209	155054	155594	gene-Peve_00014411	.	0
Porites_evermani_scaffold_209	160238	160920	gene-Peve_00014412	88.18477811	9
Porites_evermani_scaffold_209	168424	169235	gene-Peve_00014414	78.33333333	6
Porites_evermani_scaffold_209	179296	180331	gene-Peve_00014416	86.0908826	45
Porites_evermani_scaffold_209	199921	200704	gene-Peve_00014417	.	0
Porites_evermani_scaffold_209	204891	219843	gene-Peve_00014418	22.1963573	183
Porites_evermani_scaffold_209	224951	229915	gene-Peve_00014419	1.284937844	96
Porites_evermani_scaffold_209	231028	236087	gene-Peve_00014420	27.28417679	101
Porites_evermani_scaffold_209	236072	261897	gene-Peve_00014421	3.66969098	701
Porites_evermani_scaffold_209	273779	286066	gene-Peve_00014423	43.34737834	127
Porites_evermani_scaffold_209	293569	295108	gene-Peve_00014424	0.6464646444	45
Porites_evermani_scaffold_209	301048	309906	gene-Peve_00014425	44.69756508	84
Porites_evermani_scaffold_209	318563	331482	gene-Peve_00014426	0.1353927284	243
Porites_evermani_scaffold_209	334075	341867	gene-Peve_00014427	59.01824422	83
Porites_evermani_scaffold_209	344853	347625	gene-Peve_00014428	61.18450677	39
Porites_evermani_scaffold_209	349697	352758	gene-Peve_00014429	0.08438818987	79
Porites_evermani_scaffold_209	360051	361191	gene-Peve_00014430	0	8
Porites_evermani_scaffold_209	363968	367372	gene-Peve_00014431	1.097342076	92
Porites_evermani_scaffold_2090	845	1343	gene-Peve_00014452	6.4102564	10
Porites_evermani_scaffold_2090	28901	29428	gene-Peve_00014458	0	5
Porites_evermani_scaffold_2090	29739	31062	gene-Peve_00014459	0	1
Porites_evermani_scaffold_2090	44946	46338	gene-Peve_00014453	0	4
Porites_evermani_scaffold_2090	47864	48881	gene-Peve_00014455	0	6
Porites_evermani_scaffold_2090	54809	55616	gene-Peve_00014456	0.4761904571	35
Porites_evermani_scaffold_2090	57309	76654	gene-Peve_00014454	3.492918225	374
Porites_evermani_scaffold_2090	76699	80812	gene-Peve_00014457	24.70609065	55
Porites_evermani_scaffold_2091	20190	62508	gene-Peve_00014460	1.027712725	360
Porites_evermani_scaffold_2092	3813	23636	gene-Peve_00014461	0.4064296952	315
Porites_evermani_scaffold_2092	50508	51684	gene-Peve_00014465	.	0
Porites_evermani_scaffold_2092	55420	65389	gene-Peve_00014466	0.2557773671	79
Porites_evermani_scaffold_2092	80710	82803	gene-Peve_00014463	0.1960784333	30
Porites_evermani_scaffold_2093	17810	62433	gene-Peve_00014467	26.90298152	105
Porites_evermani_scaffold_2093	35134	35727	gene-Peve_00014472	.	0
Porites_evermani_scaffold_2093	68092	70666	gene-Peve_00014469	.	0
Porites_evermani_scaffold_2093	82940	86912	gene-Peve_00014471	1.160613973	73
Porites_evermani_scaffold_2094	20752	21433	gene-Peve_00014474	.	0
Porites_evermani_scaffold_2094	51382	54415	gene-Peve_00014478	.	0
Porites_evermani_scaffold_2094	57904	58264	gene-Peve_00014473	.	0
Porites_evermani_scaffold_2094	60475	61420	gene-Peve_00014475	.	0
Porites_evermani_scaffold_2094	73271	73583	gene-Peve_00014476	5	2
Porites_evermani_scaffold_2094	85493	88264	gene-Peve_00014477	3.290355872	47
Porites_evermani_scaffold_2095	8492	36277	gene-Peve_00014479	13.34046124	823
Porites_evermani_scaffold_2095	9750	10402	gene-Peve_00014484	90.92486259	22
Porites_evermani_scaffold_2095	36902	39701	gene-Peve_00014485	0.2777777917	24
Porites_evermani_scaffold_2095	42978	43521	gene-Peve_00014480	4.232609474	19
Porites_evermani_scaffold_2095	45331	51635	gene-Peve_00014481	38.82294053	47
Porites_evermani_scaffold_2095	51804	72167	gene-Peve_00014482	37.55635519	208
Porites_evermani_scaffold_2095	72618	87576	gene-Peve_00014483	1.060606056	18
Porites_evermani_scaffold_2096	1072	5042	gene-Peve_00014486	0	8
Porites_evermani_scaffold_2096	8239	20701	gene-Peve_00014491	25.10688724	55
Porites_evermani_scaffold_2096	26819	30368	gene-Peve_00014492	0.8333333333	12
Porites_evermani_scaffold_2096	35892	44125	gene-Peve_00014493	8.648187918	85
Porites_evermani_scaffold_2096	57865	60009	gene-Peve_00014487	70.30525033	12
Porites_evermani_scaffold_2096	72577	73765	gene-Peve_00014488	0	9
Porites_evermani_scaffold_2096	80887	83976	gene-Peve_00014490	0	55
Porites_evermani_scaffold_2097	6901	9730	gene-Peve_00014494	.	0
Porites_evermani_scaffold_2097	26194	30064	gene-Peve_00014497	0	52
Porites_evermani_scaffold_2097	41207	54261	gene-Peve_00014498	0.7469408979	235
Porites_evermani_scaffold_2097	55198	62098	gene-Peve_00014499	0	10
Porites_evermani_scaffold_2097	63231	76292	gene-Peve_00014495	63.20357419	186
Porites_evermani_scaffold_2097	82731	87217	gene-Peve_00014496	83.91959004	26
Porites_evermani_scaffold_2098	20239	33767	gene-Peve_00014500	0.594257121	157
Porites_evermani_scaffold_2098	38673	72655	gene-Peve_00014501	0.4674560919	903
Porites_evermani_scaffold_2098	74795	82404	gene-Peve_00014502	63.4532358	127
Porites_evermani_scaffold_2099	2653	19732	gene-Peve_00014503	22.1425661	147
Porites_evermani_scaffold_2099	27376	28240	gene-Peve_00014507	0	41
Porites_evermani_scaffold_2099	33517	36209	gene-Peve_00014508	0.9566058732	71
Porites_evermani_scaffold_2099	39385	40391	gene-Peve_00014509	0.2457002432	37
Porites_evermani_scaffold_2099	46234	53038	gene-Peve_00014510	66.53533636	81
Porites_evermani_scaffold_2099	53962	65142	gene-Peve_00014504	10.55369752	23
Porites_evermani_scaffold_2099	68127	73868	gene-Peve_00014505	.	0
Porites_evermani_scaffold_2099	81979	85765	gene-Peve_00014506	.	0
Porites_evermani_scaffold_21	364	17119	gene-Peve_00014511	48.23869784	174
Porites_evermani_scaffold_21	17670	24991	gene-Peve_00014570	14.03165861	119
Porites_evermani_scaffold_21	44409	63234	gene-Peve_00014521	14.4795493	343
Porites_evermani_scaffold_21	65876	76543	gene-Peve_00014525	12.60344917	187
Porites_evermani_scaffold_21	91216	105647	gene-Peve_00014548	36.54514873	317
Porites_evermani_scaffold_21	131130	133486	gene-Peve_00014559	16.2029385	22
Porites_evermani_scaffold_21	133770	165877	gene-Peve_00014560	13.92414812	616
Porites_evermani_scaffold_21	167357	172451	gene-Peve_00014561	27.06165158	26
Porites_evermani_scaffold_21	179006	179948	gene-Peve_00014562	0	27
Porites_evermani_scaffold_21	185345	190716	gene-Peve_00014563	0.464342125	112
Porites_evermani_scaffold_21	190719	196538	gene-Peve_00014564	0.5048986105	95
Porites_evermani_scaffold_21	203189	204215	gene-Peve_00014565	0	40
Porites_evermani_scaffold_21	211507	212434	gene-Peve_00014566	0.4015849286	28
Porites_evermani_scaffold_21	216974	217925	gene-Peve_00014567	0.625	16
Porites_evermani_scaffold_21	220209	221139	gene-Peve_00014568	0	14
Porites_evermani_scaffold_21	226422	227379	gene-Peve_00014569	0.2450980417	24
Porites_evermani_scaffold_21	227593	228337	gene-Peve_00014571	0.3968254286	14
Porites_evermani_scaffold_21	232475	244466	gene-Peve_00014572	2.699735117	188
Porites_evermani_scaffold_21	247201	247669	gene-Peve_00014573	0	18
Porites_evermani_scaffold_21	254169	272229	gene-Peve_00014574	1.193051877	268
Porites_evermani_scaffold_21	275431	284897	gene-Peve_00014576	19.86304702	63
Porites_evermani_scaffold_21	296735	308330	gene-Peve_00014577	0.5223371429	189
Porites_evermani_scaffold_21	316738	323650	gene-Peve_00014578	0.6623989182	159
Porites_evermani_scaffold_21	331210	339440	gene-Peve_00014579	1.007978873	205
Porites_evermani_scaffold_21	344378	352490	gene-Peve_00014580	1.119153639	169
Porites_evermani_scaffold_21	356814	364840	gene-Peve_00014581	0.4722846456	206
Porites_evermani_scaffold_21	371827	382849	gene-Peve_00014582	0.5884900779	308
Porites_evermani_scaffold_21	375977	376362	gene-Peve_00014583	0.8	10
Porites_evermani_scaffold_21	396636	406928	gene-Peve_00014512	4.792534474	194
Porites_evermani_scaffold_21	403557	404645	gene-Peve_00014514	0	17
Porites_evermani_scaffold_21	413787	436789	gene-Peve_00014513	0.7861764338	468
Porites_evermani_scaffold_21	443550	451167	gene-Peve_00014516	1.336879941	118
Porites_evermani_scaffold_21	458266	470450	gene-Peve_00014515	0.3300963859	184
Porites_evermani_scaffold_21	481171	495084	gene-Peve_00014518	0.6447000068	296
Porites_evermani_scaffold_21	511597	521322	gene-Peve_00014520	0.2401522985	268
Porites_evermani_scaffold_21	536108	563343	gene-Peve_00014523	0.2373666463	328
Porites_evermani_scaffold_21	569500	592279	gene-Peve_00014524	7.320952067	420
Porites_evermani_scaffold_21	587129	587469	gene-Peve_00014526	0.6993006923	13
Porites_evermani_scaffold_21	592366	599829	gene-Peve_00014527	29.63155353	62
Porites_evermani_scaffold_21	604729	612975	gene-Peve_00014528	27.55373658	62
Porites_evermani_scaffold_21	613177	631247	gene-Peve_00014529	50.40499637	241
Porites_evermani_scaffold_21	634895	638935	gene-Peve_00014530	60.99837078	41
Porites_evermani_scaffold_21	641230	644156	gene-Peve_00014531	54.72177208	37
Porites_evermani_scaffold_21	646268	646610	gene-Peve_00014532	0	7
Porites_evermani_scaffold_21	646815	649338	gene-Peve_00014533	43.4981714	30
Porites_evermani_scaffold_21	655399	656152	gene-Peve_00014534	0	13
Porites_evermani_scaffold_21	661288	662302	gene-Peve_00014535	0	40
Porites_evermani_scaffold_21	668608	684260	gene-Peve_00014536	15.16564687	55
Porites_evermani_scaffold_21	690258	709030	gene-Peve_00014537	36.49575581	385
Porites_evermani_scaffold_21	714879	715842	gene-Peve_00014538	0	14
Porites_evermani_scaffold_21	717550	723749	gene-Peve_00014539	45.66636289	45
Porites_evermani_scaffold_21	725495	742613	gene-Peve_00014540	10.40554445	276
Porites_evermani_scaffold_21	743473	745604	gene-Peve_00014541	0.3364090882	34
Porites_evermani_scaffold_21	754383	755421	gene-Peve_00014543	0.0625	40
Porites_evermani_scaffold_21	764015	764600	gene-Peve_00014544	0	12
Porites_evermani_scaffold_21	790119	791247	gene-Peve_00014545	2.206761606	33
Porites_evermani_scaffold_21	803237	805177	gene-Peve_00014546	0.5178155167	60
Porites_evermani_scaffold_21	814179	835441	gene-Peve_00014547	0.478636925	440
Porites_evermani_scaffold_21	841720	851602	gene-Peve_00014549	39.41172616	109
Porites_evermani_scaffold_21	860479	876172	gene-Peve_00014550	0.4332614146	123
Porites_evermani_scaffold_21	883854	902035	gene-Peve_00014551	21.96942851	245
Porites_evermani_scaffold_21	907444	915751	gene-Peve_00014552	74.9208199	212
Porites_evermani_scaffold_21	919140	923619	gene-Peve_00014553	56.8659513	37
Porites_evermani_scaffold_21	923743	955106	gene-Peve_00014554	21.93379396	452
Porites_evermani_scaffold_21	944724	945614	gene-Peve_00014555	0	9
Porites_evermani_scaffold_21	957066	958734	gene-Peve_00014556	87.63881854	13
Porites_evermani_scaffold_21	964695	992017	gene-Peve_00014557	8.639617968	154
Porites_evermani_scaffold_21	999415	1003617	gene-Peve_00014558	1.684704167	42
Porites_evermani_scaffold_210	2703	3519	gene-Peve_00014591	0	9
Porites_evermani_scaffold_210	6024	58517	gene-Peve_00014596	11.33551727	738
Porites_evermani_scaffold_210	58695	62941	gene-Peve_00014584	32.36636705	37
Porites_evermani_scaffold_210	64595	73963	gene-Peve_00014585	59.61597156	48
Porites_evermani_scaffold_210	75949	80159	gene-Peve_00014586	56.64502905	40
Porites_evermani_scaffold_210	83608	92980	gene-Peve_00014587	32.19856667	178
Porites_evermani_scaffold_210	94909	98497	gene-Peve_00014588	28.04614772	18
Porites_evermani_scaffold_210	99944	100781	gene-Peve_00014589	0.3030303182	22
Porites_evermani_scaffold_210	101554	103717	gene-Peve_00014590	0	76
Porites_evermani_scaffold_210	116589	124474	gene-Peve_00014592	0.5013252721	147
Porites_evermani_scaffold_210	140575	147875	gene-Peve_00014593	1.801370062	146
Porites_evermani_scaffold_210	150309	154463	gene-Peve_00014594	0.4181184634	41
Porites_evermani_scaffold_210	164644	169495	gene-Peve_00014595	0.1952940654	107
Porites_evermani_scaffold_210	218344	232104	gene-Peve_00014597	1.50759	281
Porites_evermani_scaffold_210	224879	230712	gene-Peve_00014598	3.059904862	123
Porites_evermani_scaffold_210	239139	243379	gene-Peve_00014599	0.2990287013	77
Porites_evermani_scaffold_210	247013	258346	gene-Peve_00014600	6.717445518	112
Porites_evermani_scaffold_210	262606	263029	gene-Peve_00014601	0	6
Porites_evermani_scaffold_210	266899	276848	gene-Peve_00014602	14.68793615	123
Porites_evermani_scaffold_210	278618	279722	gene-Peve_00014603	0.4303388974	39
Porites_evermani_scaffold_210	281869	287039	gene-Peve_00014604	60.07241127	11
Porites_evermani_scaffold_210	291291	292407	gene-Peve_00014605	0.2717391304	23
Porites_evermani_scaffold_210	296120	297344	gene-Peve_00014606	0.2314814722	36
Porites_evermani_scaffold_210	297886	324065	gene-Peve_00014607	5.400434637	339
Porites_evermani_scaffold_210	332401	360344	gene-Peve_00014608	12.01740782	481
Porites_evermani_scaffold_2100	2015	37359	gene-Peve_00014611	1.82865832	337
Porites_evermani_scaffold_2100	41012	56054	gene-Peve_00014612	86.87534158	43
Porites_evermani_scaffold_2100	59965	65824	gene-Peve_00014613	85.93243358	12
Porites_evermani_scaffold_2100	83372	84420	gene-Peve_00014614	0	25
Porites_evermani_scaffold_2101	196	2756	gene-Peve_00014615	0.4150197609	46
Porites_evermani_scaffold_2101	3985	13863	gene-Peve_00014616	0.3099513291	158
Porites_evermani_scaffold_2101	15411	35912	gene-Peve_00014617	1.706309571	63
Porites_evermani_scaffold_2101	35961	51032	gene-Peve_00014619	87.35457063	19
Porites_evermani_scaffold_2101	53801	57654	gene-Peve_00014618	.	0
Porites_evermani_scaffold_2101	58764	62261	gene-Peve_00014620	.	0
Porites_evermani_scaffold_2101	62305	80206	gene-Peve_00014621	.	0
Porites_evermani_scaffold_2102	0	9019	gene-Peve_00014622	70.46771854	26
Porites_evermani_scaffold_2102	18705	24123	gene-Peve_00014627	0	40
Porites_evermani_scaffold_2102	30153	33495	gene-Peve_00014628	47.80858341	17
Porites_evermani_scaffold_2102	38538	50503	gene-Peve_00014623	0.7610269939	164
Porites_evermani_scaffold_2102	59052	60123	gene-Peve_00014624	0	25
Porites_evermani_scaffold_2102	74662	77068	gene-Peve_00014625	0	72
Porites_evermani_scaffold_2102	79726	86490	gene-Peve_00014626	92.43025633	30
Porites_evermani_scaffold_2103	6937	39142	gene-Peve_00014629	2.22082907	201
Porites_evermani_scaffold_2103	48104	61304	gene-Peve_00014631	26.30191782	11
Porites_evermani_scaffold_2103	54859	56888	gene-Peve_00014632	11.923077	4
Porites_evermani_scaffold_2103	69252	87408	gene-Peve_00014630	60	1
Porites_evermani_scaffold_2104	22792	30413	gene-Peve_00014637	0.5877639559	68
Porites_evermani_scaffold_2104	37230	38116	gene-Peve_00014633	.	0
Porites_evermani_scaffold_2104	38378	39561	gene-Peve_00014634	.	0
Porites_evermani_scaffold_2104	66498	69913	gene-Peve_00014635	74.44444444	9
Porites_evermani_scaffold_2104	73000	86173	gene-Peve_00014636	11.68449198	51
Porites_evermani_scaffold_2105	5	1001	gene-Peve_00014640	0	6
Porites_evermani_scaffold_2105	1105	24790	gene-Peve_00014643	18.38242576	420
Porites_evermani_scaffold_2105	45679	47584	gene-Peve_00014639	.	0
Porites_evermani_scaffold_2105	86556	87188	gene-Peve_00014641	0	14
Porites_evermani_scaffold_2105	87330	88176	gene-Peve_00014642	.	0
Porites_evermani_scaffold_2106	17116	87712	gene-Peve_00014645	1.45801258	1478
Porites_evermani_scaffold_2106	33017	33337	gene-Peve_00014644	0	2
Porites_evermani_scaffold_2107	575	8767	gene-Peve_00014646	0.9548190796	113
Porites_evermani_scaffold_2107	12717	23104	gene-Peve_00014648	0.3286435758	165
Porites_evermani_scaffold_2107	28974	32005	gene-Peve_00014649	0.1262626364	44
Porites_evermani_scaffold_2107	45459	60974	gene-Peve_00014652	0.3246886814	339
Porites_evermani_scaffold_2107	73993	77375	gene-Peve_00014651	0.6417797846	65
Porites_evermani_scaffold_2108	8109	9140	gene-Peve_00014653	.	0
Porites_evermani_scaffold_2108	11058	13777	gene-Peve_00014654	1.243078949	59
Porites_evermani_scaffold_2108	17675	18020	gene-Peve_00014655	0	6
Porites_evermani_scaffold_2108	29881	30301	gene-Peve_00014656	0	18
Porites_evermani_scaffold_2108	39616	62999	gene-Peve_00014657	2.421768686	347
Porites_evermani_scaffold_2108	64733	87920	gene-Peve_00014658	21.5579777	367
Porites_evermani_scaffold_2109	3993	12858	gene-Peve_00014660	0.2684711561	237
Porites_evermani_scaffold_2109	24718	31432	gene-Peve_00014661	1.420687935	155
Porites_evermani_scaffold_2109	49503	49745	gene-Peve_00014662	0	6
Porites_evermani_scaffold_211	4857	6574	gene-Peve_00014663	.	0
Porites_evermani_scaffold_211	22242	40677	gene-Peve_00014670	0	34
Porites_evermani_scaffold_211	44457	45596	gene-Peve_00014676	.	0
Porites_evermani_scaffold_211	51875	53799	gene-Peve_00014682	.	0
Porites_evermani_scaffold_211	58201	58897	gene-Peve_00014683	.	0
Porites_evermani_scaffold_211	72562	81803	gene-Peve_00014687	0.732097419	210
Porites_evermani_scaffold_211	87443	92429	gene-Peve_00014690	1.258178336	119
Porites_evermani_scaffold_211	92351	105524	gene-Peve_00014691	0.5649497768	354
Porites_evermani_scaffold_211	105932	118274	gene-Peve_00014689	0.5345059295	312
Porites_evermani_scaffold_211	119983	135230	gene-Peve_00014664	0.771015516	374
Porites_evermani_scaffold_211	142024	151023	gene-Peve_00014665	0.3642590274	146
Porites_evermani_scaffold_211	152631	153370	gene-Peve_00014666	0.3401360476	21
Porites_evermani_scaffold_211	155805	158082	gene-Peve_00014667	0.4464285714	14
Porites_evermani_scaffold_211	167003	168107	gene-Peve_00014668	0.2673796765	34
Porites_evermani_scaffold_211	170749	181988	gene-Peve_00014669	0.5349745302	315
Porites_evermani_scaffold_211	198111	205804	gene-Peve_00014671	0.2369046286	245
Porites_evermani_scaffold_211	211232	233955	gene-Peve_00014672	1.326052061	576
Porites_evermani_scaffold_211	238067	245907	gene-Peve_00014673	9.193547594	128
Porites_evermani_scaffold_211	246478	254577	gene-Peve_00014674	0.6911902245	147
Porites_evermani_scaffold_211	256256	258500	gene-Peve_00014675	0.3367003333	27
Porites_evermani_scaffold_211	269352	271693	gene-Peve_00014677	1.729684574	47
Porites_evermani_scaffold_211	272909	277888	gene-Peve_00014678	67.94691899	86
Porites_evermani_scaffold_211	278877	281095	gene-Peve_00014679	43.43035261	31
Porites_evermani_scaffold_211	287872	292229	gene-Peve_00014681	1.052292496	141
Porites_evermani_scaffold_211	292358	317336	gene-Peve_00014680	6.612135102	254
Porites_evermani_scaffold_211	322507	344071	gene-Peve_00014684	51.95001874	301
Porites_evermani_scaffold_211	346968	348517	gene-Peve_00014685	1.465282732	41
Porites_evermani_scaffold_211	353796	357291	gene-Peve_00014686	0	18
Porites_evermani_scaffold_211	363920	366614	gene-Peve_00014688	69.76762003	33
Porites_evermani_scaffold_2110	792	20133	gene-Peve_00014692	40.50157372	39
Porites_evermani_scaffold_2110	72133	72727	gene-Peve_00014693	9.653759667	15
Porites_evermani_scaffold_2110	84828	85524	gene-Peve_00014695	.	0
Porites_evermani_scaffold_2111	5039	14028	gene-Peve_00014697	64.96500215	104
Porites_evermani_scaffold_2111	20682	27898	gene-Peve_00014701	59.55755859	22
Porites_evermani_scaffold_2111	28113	30823	gene-Peve_00014702	56.09828841	17
Porites_evermani_scaffold_2111	33076	36439	gene-Peve_00014703	0.2044578586	99
Porites_evermani_scaffold_2111	57229	66765	gene-Peve_00014699	2.468955442	113
Porites_evermani_scaffold_2111	71955	73318	gene-Peve_00014700	1.071428571	28
Porites_evermani_scaffold_2112	558	7329	gene-Peve_00014704	0.9780351882	186
Porites_evermani_scaffold_2112	34930	42078	gene-Peve_00014708	0.3891623248	157
Porites_evermani_scaffold_2112	64697	77234	gene-Peve_00014705	0.4449760737	95
Porites_evermani_scaffold_2112	77655	87118	gene-Peve_00014706	1.194452853	109
Porites_evermani_scaffold_2113	1540	18344	gene-Peve_00014709	16.67742877	344
Porites_evermani_scaffold_2113	26582	27866	gene-Peve_00014712	0.1434720244	41
Porites_evermani_scaffold_2113	30733	46077	gene-Peve_00014713	68.7040582	56
Porites_evermani_scaffold_2113	49882	79128	gene-Peve_00014710	12.53124354	283
Porites_evermani_scaffold_2113	79541	83522	gene-Peve_00014711	0	40
Porites_evermani_scaffold_2114	17	14904	gene-Peve_00014714	46.53953592	49
Porites_evermani_scaffold_2114	25447	25888	gene-Peve_00014715	.	0
Porites_evermani_scaffold_2114	34751	46285	gene-Peve_00014717	0.3514582077	260
Porites_evermani_scaffold_2114	55544	80055	gene-Peve_00014716	0.4647426851	416
Porites_evermani_scaffold_2115	9253	15112	gene-Peve_00014720	38.0901692	86
Porites_evermani_scaffold_2115	28420	43338	gene-Peve_00014721	15.71202523	257
Porites_evermani_scaffold_2115	46163	50860	gene-Peve_00014722	.	0
Porites_evermani_scaffold_2115	52760	54812	gene-Peve_00014723	.	0
Porites_evermani_scaffold_2115	54248	57495	gene-Peve_00014724	0	1
Porites_evermani_scaffold_2115	67475	77719	gene-Peve_00014718	0.177051412	267
Porites_evermani_scaffold_2115	83163	86426	gene-Peve_00014719	0.4225818052	77
Porites_evermani_scaffold_2116	4397	4969	gene-Peve_00014725	0.7326007143	21
Porites_evermani_scaffold_2116	8456	30522	gene-Peve_00014730	0.583730115	487
Porites_evermani_scaffold_2116	50851	51676	gene-Peve_00014727	0	34
Porites_evermani_scaffold_2116	52371	72817	gene-Peve_00014728	0.422567582	488
Porites_evermani_scaffold_2116	75405	85499	gene-Peve_00014729	19.89765328	131
Porites_evermani_scaffold_2117	2134	4816	gene-Peve_00014731	0.1772107193	57
Porites_evermani_scaffold_2117	8071	11551	gene-Peve_00014735	0.5050505	66
Porites_evermani_scaffold_2117	20619	25477	gene-Peve_00014739	0	26
Porites_evermani_scaffold_2117	27456	30053	gene-Peve_00014732	.	0
Porites_evermani_scaffold_2117	31906	34604	gene-Peve_00014733	0.8353661702	47
Porites_evermani_scaffold_2117	38269	44966	gene-Peve_00014734	0.6652314615	65
Porites_evermani_scaffold_2117	49356	52118	gene-Peve_00014736	0.7017691628	43
Porites_evermani_scaffold_2117	54391	58534	gene-Peve_00014737	0	20
Porites_evermani_scaffold_2117	69110	76669	gene-Peve_00014738	0.6285199919	248
Porites_evermani_scaffold_2118	18656	30322	gene-Peve_00014744	3.200531127	118
Porites_evermani_scaffold_2118	59257	61114	gene-Peve_00014741	0.2772826296	54
Porites_evermani_scaffold_2118	66484	72351	gene-Peve_00014742	28.72337321	63
Porites_evermani_scaffold_2118	72474	75438	gene-Peve_00014743	37.9495271	31
Porites_evermani_scaffold_2119	3349	4459	gene-Peve_00014745	1.136363625	8
Porites_evermani_scaffold_2119	6599	9631	gene-Peve_00014753	0	12
Porites_evermani_scaffold_2119	13992	14844	gene-Peve_00014746	0.4761905	10
Porites_evermani_scaffold_2119	20642	21029	gene-Peve_00014747	46.428571	2
Porites_evermani_scaffold_2119	24935	25253	gene-Peve_00014748	.	0
Porites_evermani_scaffold_2119	27713	29045	gene-Peve_00014749	0	18
Porites_evermani_scaffold_2119	33625	34483	gene-Peve_00014750	.	0
Porites_evermani_scaffold_2119	36462	39958	gene-Peve_00014751	0	13
Porites_evermani_scaffold_2119	48568	87549	gene-Peve_00014752	1.951095115	295
Porites_evermani_scaffold_212	12346	18940	gene-Peve_00014756	0.5854647123	212
Porites_evermani_scaffold_212	28176	29430	gene-Peve_00014771	0	31
Porites_evermani_scaffold_212	35859	36825	gene-Peve_00014754	0.1879699211	38
Porites_evermani_scaffold_212	66246	74185	gene-Peve_00014755	0.6324355	212
Porites_evermani_scaffold_212	79859	80646	gene-Peve_00014757	0.5681818125	16
Porites_evermani_scaffold_212	122484	128038	gene-Peve_00014759	2.269234485	103
Porites_evermani_scaffold_212	137510	140945	gene-Peve_00014760	0.08561643836	73
Porites_evermani_scaffold_212	152206	155065	gene-Peve_00014761	.	0
Porites_evermani_scaffold_212	169961	170291	gene-Peve_00014764	0	8
Porites_evermani_scaffold_212	199759	222553	gene-Peve_00014767	2.153486685	165
Porites_evermani_scaffold_212	227241	229050	gene-Peve_00014765	.	0
Porites_evermani_scaffold_212	230711	236114	gene-Peve_00014766	0.6060606364	11
Porites_evermani_scaffold_212	281783	282086	gene-Peve_00014769	0	10
Porites_evermani_scaffold_212	285271	290764	gene-Peve_00014770	0.1508295641	39
Porites_evermani_scaffold_212	297693	300689	gene-Peve_00014772	0.702315617	47
Porites_evermani_scaffold_212	304712	309553	gene-Peve_00014773	40.6169983	81
Porites_evermani_scaffold_212	315277	366454	gene-Peve_00014774	11.33545217	1041
Porites_evermani_scaffold_2120	383	1505	gene-Peve_00014775	1.435185185	27
Porites_evermani_scaffold_2120	17272	20679	gene-Peve_00014779	59.89564292	13
Porites_evermani_scaffold_2120	21148	22686	gene-Peve_00014780	0.240384625	16
Porites_evermani_scaffold_2120	26146	30820	gene-Peve_00014776	0	6
Porites_evermani_scaffold_2120	53722	55495	gene-Peve_00014777	0	18
Porites_evermani_scaffold_2121	1011	2881	gene-Peve_00014781	15.60944616	57
Porites_evermani_scaffold_2121	8845	9526	gene-Peve_00014788	2.9647435	8
Porites_evermani_scaffold_2121	11910	14898	gene-Peve_00014789	42.29681881	108
Porites_evermani_scaffold_2121	23491	26773	gene-Peve_00014790	30.82517481	124
Porites_evermani_scaffold_2121	55122	55986	gene-Peve_00014783	85.61504161	23
Porites_evermani_scaffold_2121	67671	68946	gene-Peve_00014784	73.71596153	19
Porites_evermani_scaffold_2121	72109	73594	gene-Peve_00014785	56.077381	10
Porites_evermani_scaffold_2121	74502	75096	gene-Peve_00014786	78.28450954	13
Porites_evermani_scaffold_2121	75980	76385	gene-Peve_00014787	77.6528608	10
Porites_evermani_scaffold_2122	6500	7193	gene-Peve_00014792	.	0
Porites_evermani_scaffold_2122	25466	29132	gene-Peve_00014796	0.6798294444	72
Porites_evermani_scaffold_2122	33478	48776	gene-Peve_00014797	0.7819423557	433
Porites_evermani_scaffold_2122	80605	81103	gene-Peve_00014794	0.4464285625	16
Porites_evermani_scaffold_2123	1096	1774	gene-Peve_00014798	0	29
Porites_evermani_scaffold_2123	9666	38787	gene-Peve_00014804	30.54919675	504
Porites_evermani_scaffold_2123	42679	42985	gene-Peve_00014799	0	11
Porites_evermani_scaffold_2123	49272	50707	gene-Peve_00014800	0	3
Porites_evermani_scaffold_2123	56981	63605	gene-Peve_00014801	7.8181818	5
Porites_evermani_scaffold_2123	64412	65123	gene-Peve_00014802	.	0
Porites_evermani_scaffold_2123	69389	87157	gene-Peve_00014803	0.6803290212	330
Porites_evermani_scaffold_2124	2059	3981	gene-Peve_00014808	.	0
Porites_evermani_scaffold_2124	8273	21881	gene-Peve_00014814	66.49367805	81
Porites_evermani_scaffold_2124	24882	26568	gene-Peve_00014815	26.28205129	7
Porites_evermani_scaffold_2124	26707	29565	gene-Peve_00014816	42.14526211	18
Porites_evermani_scaffold_2124	31497	37051	gene-Peve_00014805	1.155479	82
Porites_evermani_scaffold_2124	40414	44051	gene-Peve_00014806	0.1400289725	109
Porites_evermani_scaffold_2124	53077	53626	gene-Peve_00014807	0	14
Porites_evermani_scaffold_2124	59106	59694	gene-Peve_00014809	0	4
Porites_evermani_scaffold_2124	78458	79145	gene-Peve_00014812	.	0
Porites_evermani_scaffold_2124	83108	83795	gene-Peve_00014813	0	3
Porites_evermani_scaffold_2125	6052	12051	gene-Peve_00014817	0.06402571622	148
Porites_evermani_scaffold_2125	29814	30231	gene-Peve_00014821	7.16541225	8
Porites_evermani_scaffold_2125	32712	44112	gene-Peve_00014822	2.772324534	73
Porites_evermani_scaffold_2125	83568	85198	gene-Peve_00014819	1.23779	52
Porites_evermani_scaffold_2126	9538	10526	gene-Peve_00014823	0	1
Porites_evermani_scaffold_2126	12971	23548	gene-Peve_00014827	24.56140347	19
Porites_evermani_scaffold_2126	23641	25111	gene-Peve_00014828	.	0
Porites_evermani_scaffold_2126	25724	46061	gene-Peve_00014829	0.9173846498	317
Porites_evermani_scaffold_2126	49560	49941	gene-Peve_00014830	.	0
Porites_evermani_scaffold_2126	51813	61539	gene-Peve_00014831	.	0
Porites_evermani_scaffold_2126	55010	55396	gene-Peve_00014824	.	0
Porites_evermani_scaffold_2126	71023	74094	gene-Peve_00014825	0.3424447162	74
Porites_evermani_scaffold_2126	81993	82821	gene-Peve_00014826	.	0
Porites_evermani_scaffold_2127	852	62899	gene-Peve_00014832	1.220602204	904
Porites_evermani_scaffold_2127	6383	7008	gene-Peve_00014835	.	0
Porites_evermani_scaffold_2127	21942	23340	gene-Peve_00014836	5	2
Porites_evermani_scaffold_2127	75039	79306	gene-Peve_00014834	0.49418498	100
Porites_evermani_scaffold_2128	2418	5693	gene-Peve_00014842	74.29085037	57
Porites_evermani_scaffold_2128	26322	27994	gene-Peve_00014851	74.97718695	22
Porites_evermani_scaffold_2128	40726	41954	gene-Peve_00014838	79.76380125	32
Porites_evermani_scaffold_2128	42325	42727	gene-Peve_00014839	.	0
Porites_evermani_scaffold_2128	43631	44033	gene-Peve_00014840	.	0
Porites_evermani_scaffold_2128	48001	49138	gene-Peve_00014841	57.81023808	13
Porites_evermani_scaffold_2128	53943	54552	gene-Peve_00014844	79.12165247	19
Porites_evermani_scaffold_2128	65730	67347	gene-Peve_00014847	57.6990175	12
Porites_evermani_scaffold_2128	69965	70546	gene-Peve_00014848	25.38461533	3
Porites_evermani_scaffold_2129	330	29288	gene-Peve_00014852	1.102588848	375
Porites_evermani_scaffold_2129	33841	51284	gene-Peve_00014854	0.5140904824	170
Porites_evermani_scaffold_2129	67234	83138	gene-Peve_00014853	0.8283298191	304
Porites_evermani_scaffold_213	1051	13675	gene-Peve_00014855	13.8007471	59
Porites_evermani_scaffold_213	21238	45845	gene-Peve_00014861	1.441371225	445
Porites_evermani_scaffold_213	31378	32074	gene-Peve_00014856	.	0
Porites_evermani_scaffold_213	52421	54970	gene-Peve_00014857	1.260504176	17
Porites_evermani_scaffold_213	62983	71845	gene-Peve_00014858	8.069192321	28
Porites_evermani_scaffold_213	88716	90000	gene-Peve_00014862	.	0
Porites_evermani_scaffold_213	101591	102230	gene-Peve_00014863	.	0
Porites_evermani_scaffold_213	122068	122374	gene-Peve_00014865	0	8
Porites_evermani_scaffold_213	144183	149450	gene-Peve_00014867	0.227272725	40
Porites_evermani_scaffold_213	151408	160750	gene-Peve_00014866	0	80
Porites_evermani_scaffold_213	165316	183271	gene-Peve_00014869	1.634664907	118
Porites_evermani_scaffold_213	186056	206830	gene-Peve_00014870	8.651963979	420
Porites_evermani_scaffold_213	207025	220805	gene-Peve_00014871	35.44246829	139
Porites_evermani_scaffold_213	222129	223044	gene-Peve_00014872	4.255655694	36
Porites_evermani_scaffold_213	226330	227415	gene-Peve_00014873	0.2232142857	28
Porites_evermani_scaffold_213	228447	234963	gene-Peve_00014874	52.51480354	70
Porites_evermani_scaffold_213	242988	250100	gene-Peve_00014875	17.33060501	94
Porites_evermani_scaffold_213	274197	286325	gene-Peve_00014876	0.1871428571	329
Porites_evermani_scaffold_213	296807	315199	gene-Peve_00014877	22.02452682	309
Porites_evermani_scaffold_213	317304	321651	gene-Peve_00014878	0.2688171935	31
Porites_evermani_scaffold_213	326964	328443	gene-Peve_00014879	1.456959743	35
Porites_evermani_scaffold_213	329055	339008	gene-Peve_00014880	0.2358047431	109
Porites_evermani_scaffold_213	352115	366454	gene-Peve_00014881	1.001800479	376
Porites_evermani_scaffold_2130	2596	19045	gene-Peve_00014883	0.5295400065	308
Porites_evermani_scaffold_2130	22381	22798	gene-Peve_00014886	0	7
Porites_evermani_scaffold_2130	26493	37740	gene-Peve_00014887	0.254504553	302
Porites_evermani_scaffold_2130	39636	39957	gene-Peve_00014888	0	12
Porites_evermani_scaffold_2130	42639	45606	gene-Peve_00014889	70.5333671	59
Porites_evermani_scaffold_2130	45786	50876	gene-Peve_00014890	63.1328071	21
Porites_evermani_scaffold_2130	64880	65801	gene-Peve_00014884	0	11
Porites_evermani_scaffold_2130	71348	83703	gene-Peve_00014885	1.14336681	189
Porites_evermani_scaffold_2131	15386	20026	gene-Peve_00014898	.	0
Porites_evermani_scaffold_2131	27251	27614	gene-Peve_00014892	0	12
Porites_evermani_scaffold_2131	32685	35448	gene-Peve_00014893	31.81313642	33
Porites_evermani_scaffold_2131	35945	46565	gene-Peve_00014894	35.33366521	175
Porites_evermani_scaffold_2131	48717	75267	gene-Peve_00014895	1.371114649	530
Porites_evermani_scaffold_2131	51984	54185	gene-Peve_00014896	0.8250816148	135
Porites_evermani_scaffold_2131	75527	82599	gene-Peve_00014897	81.56943933	94
Porites_evermani_scaffold_2132	2640	4029	gene-Peve_00014899	.	0
Porites_evermani_scaffold_2132	5815	40575	gene-Peve_00014902	11.04971188	151
Porites_evermani_scaffold_2132	41595	44136	gene-Peve_00014904	51.62854622	40
Porites_evermani_scaffold_2132	45792	47645	gene-Peve_00014905	72.13055679	56
Porites_evermani_scaffold_2132	53316	67488	gene-Peve_00014900	0.4545454524	42
Porites_evermani_scaffold_2132	68203	72890	gene-Peve_00014901	30.92434696	25
Porites_evermani_scaffold_2132	75565	82060	gene-Peve_00014903	0.7142857	10
Porites_evermani_scaffold_2133	9678	9947	gene-Peve_00014906	0	15
Porites_evermani_scaffold_2133	11682	13728	gene-Peve_00014913	0.8860398113	53
Porites_evermani_scaffold_2133	17601	17958	gene-Peve_00014914	.	0
Porites_evermani_scaffold_2133	24087	24444	gene-Peve_00014907	.	0
Porites_evermani_scaffold_2133	41720	42748	gene-Peve_00014908	0.4179566579	38
Porites_evermani_scaffold_2133	56243	61443	gene-Peve_00014910	1.409406932	176
Porites_evermani_scaffold_2133	72617	72953	gene-Peve_00014911	0	8
Porites_evermani_scaffold_2133	84538	86396	gene-Peve_00014912	1.530612214	14
Porites_evermani_scaffold_2134	11826	15544	gene-Peve_00014918	68.13847125	44
Porites_evermani_scaffold_2134	16135	71196	gene-Peve_00014922	4.297874054	705
Porites_evermani_scaffold_2134	23301	24471	gene-Peve_00014923	0	24
Porites_evermani_scaffold_2134	29697	31026	gene-Peve_00014915	.	0
Porites_evermani_scaffold_2134	31508	32719	gene-Peve_00014916	1.923077	1
Porites_evermani_scaffold_2134	45579	47043	gene-Peve_00014919	.	0
Porites_evermani_scaffold_2134	72864	81858	gene-Peve_00014920	37.47848773	30
Porites_evermani_scaffold_2134	82957	86001	gene-Peve_00014921	.	0
Porites_evermani_scaffold_2135	2607	16723	gene-Peve_00014924	71.97860279	92
Porites_evermani_scaffold_2135	22422	34988	gene-Peve_00014928	0	4
Porites_evermani_scaffold_2135	43236	53169	gene-Peve_00014929	3.939393952	21
Porites_evermani_scaffold_2135	53170	68478	gene-Peve_00014930	38.43745055	62
Porites_evermani_scaffold_2135	76476	78046	gene-Peve_00014926	66.62742413	53
Porites_evermani_scaffold_2135	78805	79720	gene-Peve_00014927	44.10256433	3
Porites_evermani_scaffold_2136	1479	4893	gene-Peve_00014931	0	2
Porites_evermani_scaffold_2136	6005	6830	gene-Peve_00014935	83.0845545	10
Porites_evermani_scaffold_2136	10383	25365	gene-Peve_00014937	80.14480506	83
Porites_evermani_scaffold_2136	25814	31629	gene-Peve_00014938	84.83877974	19
Porites_evermani_scaffold_2136	33598	35859	gene-Peve_00014939	0	14
Porites_evermani_scaffold_2136	35977	43710	gene-Peve_00014940	46.26177871	109
Porites_evermani_scaffold_2136	50518	61252	gene-Peve_00014932	3.976190471	70
Porites_evermani_scaffold_2136	52715	53143	gene-Peve_00014933	.	0
Porites_evermani_scaffold_2136	53499	56878	gene-Peve_00014934	0.5050505	36
Porites_evermani_scaffold_2136	67259	77811	gene-Peve_00014936	0	1
Porites_evermani_scaffold_2137	15228	28605	gene-Peve_00014941	53.8483109	151
Porites_evermani_scaffold_2137	39877	49894	gene-Peve_00014942	21.4805195	10
Porites_evermani_scaffold_2137	63413	66697	gene-Peve_00014943	0	5
Porites_evermani_scaffold_2138	7824	10632	gene-Peve_00014947	1.045219138	29
Porites_evermani_scaffold_2138	13169	14350	gene-Peve_00014953	.	0
Porites_evermani_scaffold_2138	23522	37715	gene-Peve_00014945	2.159567683	142
Porites_evermani_scaffold_2138	54106	69538	gene-Peve_00014948	0.3624959435	124
Porites_evermani_scaffold_2138	74997	75558	gene-Peve_00014949	0	7
Porites_evermani_scaffold_2138	79192	82039	gene-Peve_00014950	.	0
Porites_evermani_scaffold_2138	85715	86792	gene-Peve_00014951	0	9
Porites_evermani_scaffold_2139	1954	5582	gene-Peve_00014954	46.54356063	16
Porites_evermani_scaffold_2139	19771	35806	gene-Peve_00014956	28.53553919	16
Porites_evermani_scaffold_2139	38753	39812	gene-Peve_00014957	.	0
Porites_evermani_scaffold_2139	44356	58686	gene-Peve_00014958	3.817489123	130
Porites_evermani_scaffold_2139	60753	63471	gene-Peve_00014959	0	4
Porites_evermani_scaffold_2139	66636	77336	gene-Peve_00014955	13.59313997	60
Porites_evermani_scaffold_214	9	19723	gene-Peve_00014960	0.4191137933	179
Porites_evermani_scaffold_214	19757	36504	gene-Peve_00014964	0.7050938889	153
Porites_evermani_scaffold_214	40652	41573	gene-Peve_00014968	0	22
Porites_evermani_scaffold_214	45586	48506	gene-Peve_00014972	45.24584533	36
Porites_evermani_scaffold_214	48637	70168	gene-Peve_00014973	18.53592981	245
Porites_evermani_scaffold_214	74164	78145	gene-Peve_00014974	38.00267181	36
Porites_evermani_scaffold_214	78649	132848	gene-Peve_00014984	18.10942638	600
Porites_evermani_scaffold_214	134794	135250	gene-Peve_00014961	0	11
Porites_evermani_scaffold_214	136031	136593	gene-Peve_00014962	0	19
Porites_evermani_scaffold_214	140955	142077	gene-Peve_00014963	0.2731635349	43
Porites_evermani_scaffold_214	144344	144871	gene-Peve_00014965	0	13
Porites_evermani_scaffold_214	182178	196683	gene-Peve_00014966	0.8099264596	483
Porites_evermani_scaffold_214	221788	223222	gene-Peve_00014967	0.4897959143	35
Porites_evermani_scaffold_214	225614	226422	gene-Peve_00014969	0.2040816286	35
Porites_evermani_scaffold_214	236341	243047	gene-Peve_00014970	13.0579821	193
Porites_evermani_scaffold_214	243149	256292	gene-Peve_00014971	74.33820259	425
Porites_evermani_scaffold_214	261278	262505	gene-Peve_00014975	33.10033526	31
Porites_evermani_scaffold_214	262683	281686	gene-Peve_00014976	23.97852373	389
Porites_evermani_scaffold_214	287916	288903	gene-Peve_00014977	1.974496077	26
Porites_evermani_scaffold_214	296666	307132	gene-Peve_00014979	49.93769446	177
Porites_evermani_scaffold_214	319744	320848	gene-Peve_00014980	0.1466275806	31
Porites_evermani_scaffold_214	346249	347104	gene-Peve_00014981	0.4347826087	23
Porites_evermani_scaffold_214	359700	360531	gene-Peve_00014982	0.2777777667	30
Porites_evermani_scaffold_214	363679	364703	gene-Peve_00014983	.	0
Porites_evermani_scaffold_2140	3966	14337	gene-Peve_00014985	28.68137976	25
Porites_evermani_scaffold_2140	17688	19302	gene-Peve_00014991	6.66666668	25
Porites_evermani_scaffold_2140	19662	28841	gene-Peve_00014994	80.59476417	60
Porites_evermani_scaffold_2140	28782	33286	gene-Peve_00014995	35.873193	57
Porites_evermani_scaffold_2140	33378	34180	gene-Peve_00014986	0.5494505714	14
Porites_evermani_scaffold_2140	35606	62956	gene-Peve_00014987	72.42468526	111
Porites_evermani_scaffold_2140	65633	68895	gene-Peve_00014988	0	76
Porites_evermani_scaffold_2140	69932	71491	gene-Peve_00014989	0.521390375	40
Porites_evermani_scaffold_2140	76083	79547	gene-Peve_00014990	0.600007339	59
Porites_evermani_scaffold_2140	82666	83896	gene-Peve_00014992	9.94561	9
Porites_evermani_scaffold_2140	84136	85769	gene-Peve_00014993	70.23439522	9
Porites_evermani_scaffold_2141	1	49071	gene-Peve_00014996	1.025424169	485
Porites_evermani_scaffold_2141	54075	54549	gene-Peve_00014998	2.0692305	12
Porites_evermani_scaffold_2141	65676	66188	gene-Peve_00014999	68.0788655	6
Porites_evermani_scaffold_2141	66323	68965	gene-Peve_00015000	28.66341989	28
Porites_evermani_scaffold_2141	72410	86415	gene-Peve_00014997	1.169956799	239
Porites_evermani_scaffold_2142	6	7602	gene-Peve_00015001	.	0
Porites_evermani_scaffold_2142	8019	22369	gene-Peve_00015002	51.97544757	172
Porites_evermani_scaffold_2142	33360	83375	gene-Peve_00015003	18.30409638	549
Porites_evermani_scaffold_2143	5975	8442	gene-Peve_00015004	0.6060606061	33
Porites_evermani_scaffold_2143	14527	17115	gene-Peve_00015008	.	0
Porites_evermani_scaffold_2143	80373	83184	gene-Peve_00015007	.	0
Porites_evermani_scaffold_2144	4845	10266	gene-Peve_00015009	0.2578925899	139
Porites_evermani_scaffold_2144	18051	38599	gene-Peve_00015012	1.319997136	361
Porites_evermani_scaffold_2144	49171	50185	gene-Peve_00015014	1.805890167	42
Porites_evermani_scaffold_2144	75446	85771	gene-Peve_00015013	0	28
Porites_evermani_scaffold_2145	18976	42652	gene-Peve_00015019	2.068891747	372
Porites_evermani_scaffold_2145	48349	50521	gene-Peve_00015015	14.50494048	29
Porites_evermani_scaffold_2145	51478	53083	gene-Peve_00015016	.	0
Porites_evermani_scaffold_2145	64155	64752	gene-Peve_00015017	.	0
Porites_evermani_scaffold_2145	83389	85529	gene-Peve_00015018	0.1944193137	102
Porites_evermani_scaffold_2146	560	3812	gene-Peve_00015020	0.3947033333	33
Porites_evermani_scaffold_2146	16244	46836	gene-Peve_00015022	0.7242238567	349
Porites_evermani_scaffold_2146	48372	52440	gene-Peve_00015025	.	0
Porites_evermani_scaffold_2146	57499	63725	gene-Peve_00015021	0.2759367612	67
Porites_evermani_scaffold_2146	65921	71359	gene-Peve_00015023	0.1023562727	44
Porites_evermani_scaffold_2146	76911	82663	gene-Peve_00015024	0	7
Porites_evermani_scaffold_2147	24552	29420	gene-Peve_00015033	0.2577319485	97
Porites_evermani_scaffold_2147	32708	33808	gene-Peve_00015034	9.537630842	19
Porites_evermani_scaffold_2147	38013	48428	gene-Peve_00015026	35.95496663	35
Porites_evermani_scaffold_2147	60838	67230	gene-Peve_00015027	1.375598079	38
Porites_evermani_scaffold_2147	69520	70814	gene-Peve_00015028	0.7575757273	22
Porites_evermani_scaffold_2147	72780	75115	gene-Peve_00015029	0	15
Porites_evermani_scaffold_2147	77800	78799	gene-Peve_00015030	.	0
Porites_evermani_scaffold_2147	81064	81410	gene-Peve_00015031	.	0
Porites_evermani_scaffold_2148	1172	20075	gene-Peve_00015035	0.9779311348	89
Porites_evermani_scaffold_2148	12683	13822	gene-Peve_00015038	.	0
Porites_evermani_scaffold_2149	2783	12660	gene-Peve_00015039	46.26870355	60
Porites_evermani_scaffold_2149	21232	28798	gene-Peve_00015043	2.28259379	119
Porites_evermani_scaffold_2149	41570	47463	gene-Peve_00015040	1.213940038	52
Porites_evermani_scaffold_2149	52047	58212	gene-Peve_00015041	.	0
Porites_evermani_scaffold_2149	72439	77874	gene-Peve_00015042	0.1904762	35
Porites_evermani_scaffold_215	6616	19389	gene-Peve_00015044	0	99
Porites_evermani_scaffold_215	45126	57427	gene-Peve_00015059	0.5039026667	99
Porites_evermani_scaffold_215	62218	71135	gene-Peve_00015067	0.4843249239	184
Porites_evermani_scaffold_215	72655	73873	gene-Peve_00015045	.	0
Porites_evermani_scaffold_215	88435	95734	gene-Peve_00015046	0	36
Porites_evermani_scaffold_215	98611	102089	gene-Peve_00015048	0.2976190476	21
Porites_evermani_scaffold_215	103395	106999	gene-Peve_00015047	0	5
Porites_evermani_scaffold_215	110926	114370	gene-Peve_00015049	0	73
Porites_evermani_scaffold_215	116162	132997	gene-Peve_00015050	23.12654619	200
Porites_evermani_scaffold_215	135114	139883	gene-Peve_00015051	11.20368005	43
Porites_evermani_scaffold_215	141216	142155	gene-Peve_00015052	0	26
Porites_evermani_scaffold_215	148899	154536	gene-Peve_00015053	0	1
Porites_evermani_scaffold_215	159413	166993	gene-Peve_00015054	0	23
Porites_evermani_scaffold_215	170535	172902	gene-Peve_00015055	3.296703429	7
Porites_evermani_scaffold_215	173263	174647	gene-Peve_00015056	.	0
Porites_evermani_scaffold_215	173926	176840	gene-Peve_00015057	.	0
Porites_evermani_scaffold_215	175212	179742	gene-Peve_00015058	0	15
Porites_evermani_scaffold_215	181377	184813	gene-Peve_00015060	76.90359369	26
Porites_evermani_scaffold_215	186730	225773	gene-Peve_00015061	0.4843322475	590
Porites_evermani_scaffold_215	229173	251168	gene-Peve_00015062	0.4382422668	371
Porites_evermani_scaffold_215	253757	256719	gene-Peve_00015063	.	0
Porites_evermani_scaffold_215	263748	268587	gene-Peve_00015064	0.1610881912	136
Porites_evermani_scaffold_215	274574	287759	gene-Peve_00015066	0.4537020463	259
Porites_evermani_scaffold_215	296936	305757	gene-Peve_00015065	0.2324831776	214
Porites_evermani_scaffold_215	314001	349271	gene-Peve_00015068	1.248556658	768
Porites_evermani_scaffold_215	356718	361170	gene-Peve_00015069	0.1628368739	119
Porites_evermani_scaffold_215	365731	366493	gene-Peve_00015070	0	23
Porites_evermani_scaffold_2150	1976	5098	gene-Peve_00015071	0.3149242262	84
Porites_evermani_scaffold_2150	10008	15151	gene-Peve_00015075	0	24
Porites_evermani_scaffold_2150	18606	51988	gene-Peve_00015076	31.11704378	478
Porites_evermani_scaffold_2150	53474	64987	gene-Peve_00015072	50.4383001	144
Porites_evermani_scaffold_2150	75374	82767	gene-Peve_00015073	52.37961302	43
Porites_evermani_scaffold_2151	79	393	gene-Peve_00015077	.	0
Porites_evermani_scaffold_2151	11135	12332	gene-Peve_00015081	.	0
Porites_evermani_scaffold_2151	19190	20877	gene-Peve_00015083	0	10
Porites_evermani_scaffold_2151	25263	28337	gene-Peve_00015085	0.2149740563	71
Porites_evermani_scaffold_2151	35209	36819	gene-Peve_00015078	0	4
Porites_evermani_scaffold_2151	69575	73229	gene-Peve_00015082	0.2278673714	105
Porites_evermani_scaffold_2151	85077	86676	gene-Peve_00015084	0	1
Porites_evermani_scaffold_2152	1189	2105	gene-Peve_00015086	.	0
Porites_evermani_scaffold_2152	47272	47780	gene-Peve_00015087	.	0
Porites_evermani_scaffold_2152	59408	59747	gene-Peve_00015088	.	0
Porites_evermani_scaffold_2152	60527	61997	gene-Peve_00015089	16.18783165	17
Porites_evermani_scaffold_2152	77180	77519	gene-Peve_00015090	.	0
Porites_evermani_scaffold_2153	4231	29177	gene-Peve_00015092	15.94582783	475
Porites_evermani_scaffold_2153	30254	36797	gene-Peve_00015093	0.4813992324	185
Porites_evermani_scaffold_2153	38862	62727	gene-Peve_00015094	33.2002947	266
Porites_evermani_scaffold_2153	66467	73000	gene-Peve_00015095	.	0
Porites_evermani_scaffold_2153	81814	82168	gene-Peve_00015096	16.30515667	6
Porites_evermani_scaffold_2154	43504	53491	gene-Peve_00015097	0.6593406538	26
Porites_evermani_scaffold_2154	45818	48985	gene-Peve_00015098	.	0
Porites_evermani_scaffold_2154	54847	57182	gene-Peve_00015099	.	0
Porites_evermani_scaffold_2154	76241	76748	gene-Peve_00015100	.	0
Porites_evermani_scaffold_2155	835	2290	gene-Peve_00015101	0.4471544634	41
Porites_evermani_scaffold_2155	2608	4564	gene-Peve_00015107	1.756151045	44
Porites_evermani_scaffold_2155	19875	20523	gene-Peve_00015102	0	4
Porites_evermani_scaffold_2155	21500	22148	gene-Peve_00015103	.	0
Porites_evermani_scaffold_2155	27382	49093	gene-Peve_00015104	27.99313572	429
Porites_evermani_scaffold_2155	59981	60686	gene-Peve_00015105	0	33
Porites_evermani_scaffold_2155	64164	86231	gene-Peve_00015106	9.406774824	381
Porites_evermani_scaffold_2156	436	9760	gene-Peve_00015108	0.7405714773	220
Porites_evermani_scaffold_2156	27943	29420	gene-Peve_00015110	0	52
Porites_evermani_scaffold_2156	36312	55441	gene-Peve_00015111	25.72586225	157
Porites_evermani_scaffold_2156	57794	79061	gene-Peve_00015112	1.170957846	91
Porites_evermani_scaffold_2156	83498	86012	gene-Peve_00015109	.	0
Porites_evermani_scaffold_2157	7	10464	gene-Peve_00015114	0.62467532	50
Porites_evermani_scaffold_2157	14409	15873	gene-Peve_00015113	.	0
Porites_evermani_scaffold_2157	18202	20000	gene-Peve_00015116	.	0
Porites_evermani_scaffold_2157	36575	59506	gene-Peve_00015117	18.6278248	25
Porites_evermani_scaffold_2157	72607	73054	gene-Peve_00015115	.	0
Porites_evermani_scaffold_2158	4184	5531	gene-Peve_00015118	4.1836081	20
Porites_evermani_scaffold_2158	6685	7081	gene-Peve_00015127	0.8403361429	7
Porites_evermani_scaffold_2158	17787	18022	gene-Peve_00015130	.	0
Porites_evermani_scaffold_2158	17841	21823	gene-Peve_00015119	0.3418803571	42
Porites_evermani_scaffold_2158	23214	24991	gene-Peve_00015120	0	10
Porites_evermani_scaffold_2158	35708	37604	gene-Peve_00015121	0	1
Porites_evermani_scaffold_2158	42492	43326	gene-Peve_00015122	.	0
Porites_evermani_scaffold_2158	43531	46151	gene-Peve_00015123	0.23529412	50
Porites_evermani_scaffold_2158	56386	81098	gene-Peve_00015124	7.108770971	728
Porites_evermani_scaffold_2159	1912	2509	gene-Peve_00015131	0	1
Porites_evermani_scaffold_2159	3789	13847	gene-Peve_00015133	0.163526949	98
Porites_evermani_scaffold_2159	15528	18043	gene-Peve_00015134	85.85858589	9
Porites_evermani_scaffold_2159	21314	31026	gene-Peve_00015135	24.4174308	51
Porites_evermani_scaffold_2159	38162	42326	gene-Peve_00015136	0.2582732756	156
Porites_evermani_scaffold_2159	48382	73995	gene-Peve_00015137	18.84499291	220
Porites_evermani_scaffold_2159	75182	83939	gene-Peve_00015132	72.26001133	18
Porites_evermani_scaffold_216	8226	8871	gene-Peve_00015144	0.9259258889	9
Porites_evermani_scaffold_216	20620	31800	gene-Peve_00015155	4.502982489	268
Porites_evermani_scaffold_216	50079	55069	gene-Peve_00015138	0.3199876541	133
Porites_evermani_scaffold_216	61385	75355	gene-Peve_00015139	0.5567399548	177
Porites_evermani_scaffold_216	84177	85941	gene-Peve_00015140	0	8
Porites_evermani_scaffold_216	143984	190899	gene-Peve_00015142	13.41046658	599
Porites_evermani_scaffold_216	155554	158355	gene-Peve_00015143	10.6052821	20
Porites_evermani_scaffold_216	204706	206362	gene-Peve_00015145	2.0014245	18
Porites_evermani_scaffold_216	211204	220263	gene-Peve_00015146	54.83091823	120
Porites_evermani_scaffold_216	220359	220908	gene-Peve_00015147	3.462885187	16
Porites_evermani_scaffold_216	226665	234985	gene-Peve_00015148	49.66252427	114
Porites_evermani_scaffold_216	237626	257400	gene-Peve_00015149	24.50462238	92
Porites_evermani_scaffold_216	276348	281452	gene-Peve_00015150	3.236507077	52
Porites_evermani_scaffold_216	299002	299558	gene-Peve_00015151	.	0
Porites_evermani_scaffold_216	306396	306711	gene-Peve_00015153	.	0
Porites_evermani_scaffold_216	306769	310580	gene-Peve_00015152	0.08658009091	55
Porites_evermani_scaffold_216	330904	345059	gene-Peve_00015154	1.524990431	313
Porites_evermani_scaffold_2160	7084	7621	gene-Peve_00015159	100	1
Porites_evermani_scaffold_2160	7588	8152	gene-Peve_00015156	.	0
Porites_evermani_scaffold_2160	15450	15783	gene-Peve_00015163	0.8319038	5
Porites_evermani_scaffold_2160	22170	22616	gene-Peve_00015165	41.18482683	6
Porites_evermani_scaffold_2160	23692	35826	gene-Peve_00015164	12.62428057	7
Porites_evermani_scaffold_2160	28145	28948	gene-Peve_00015157	.	0
Porites_evermani_scaffold_2160	37466	37881	gene-Peve_00015158	.	0
Porites_evermani_scaffold_2160	52675	53050	gene-Peve_00015161	.	0
Porites_evermani_scaffold_2160	53142	53883	gene-Peve_00015160	.	0
Porites_evermani_scaffold_2161	2161	4925	gene-Peve_00015166	4.923522397	63
Porites_evermani_scaffold_2161	21591	23524	gene-Peve_00015167	0.1545329687	96
Porites_evermani_scaffold_2162	7205	11271	gene-Peve_00015173	0.9962602973	74
Porites_evermani_scaffold_2162	18413	36355	gene-Peve_00015169	12.8056125	113
Porites_evermani_scaffold_2162	38497	53300	gene-Peve_00015170	21.98827245	179
Porites_evermani_scaffold_2162	58831	65624	gene-Peve_00015171	64.34454929	117
Porites_evermani_scaffold_2162	74279	86182	gene-Peve_00015172	18.55210078	122
Porites_evermani_scaffold_2163	0	3139	gene-Peve_00015174	.	0
Porites_evermani_scaffold_2163	14276	14897	gene-Peve_00015181	.	0
Porites_evermani_scaffold_2163	16613	17328	gene-Peve_00015183	.	0
Porites_evermani_scaffold_2163	26532	35703	gene-Peve_00015180	.	0
Porites_evermani_scaffold_2163	49230	52778	gene-Peve_00015175	.	0
Porites_evermani_scaffold_2163	56457	59747	gene-Peve_00015176	.	0
Porites_evermani_scaffold_2163	66247	67543	gene-Peve_00015177	34.91931267	51
Porites_evermani_scaffold_2163	69866	72486	gene-Peve_00015178	6.54825752	25
Porites_evermani_scaffold_2163	76003	79084	gene-Peve_00015179	0	5
Porites_evermani_scaffold_2164	17450	20438	gene-Peve_00015189	64.79842637	43
Porites_evermani_scaffold_2164	27209	28028	gene-Peve_00015190	49.59202967	9
Porites_evermani_scaffold_2164	45542	45851	gene-Peve_00015184	11.17438244	9
Porites_evermani_scaffold_2164	54738	55107	gene-Peve_00015185	1.625	10
Porites_evermani_scaffold_2164	62671	63075	gene-Peve_00015186	0	5
Porites_evermani_scaffold_2164	67257	70663	gene-Peve_00015187	38.16693409	70
Porites_evermani_scaffold_2165	6359	14656	gene-Peve_00015191	7.778187987	234
Porites_evermani_scaffold_2165	15418	26278	gene-Peve_00015195	0.5998125515	194
Porites_evermani_scaffold_2165	27974	28556	gene-Peve_00015197	1.078431353	17
Porites_evermani_scaffold_2165	31172	34816	gene-Peve_00015196	1.073762843	121
Porites_evermani_scaffold_2165	42350	43813	gene-Peve_00015192	0.5831067021	47
Porites_evermani_scaffold_2165	47569	76149	gene-Peve_00015193	43.17375321	110
Porites_evermani_scaffold_2165	84384	85540	gene-Peve_00015194	0	1
Porites_evermani_scaffold_2166	21266	23585	gene-Peve_00015198	0.6612649286	56
Porites_evermani_scaffold_2167	142	15052	gene-Peve_00015199	0.8191545182	303
Porites_evermani_scaffold_2167	23876	26589	gene-Peve_00015203	0.4016544125	80
Porites_evermani_scaffold_2167	31617	36516	gene-Peve_00015204	1.755725544	103
Porites_evermani_scaffold_2167	37809	41379	gene-Peve_00015205	0.2777777667	30
Porites_evermani_scaffold_2168	21489	21939	gene-Peve_00015206	.	0
Porites_evermani_scaffold_2168	33623	34639	gene-Peve_00015208	.	0
Porites_evermani_scaffold_2168	40905	41217	gene-Peve_00015209	.	0
Porites_evermani_scaffold_2168	44533	46537	gene-Peve_00015210	9.290709273	11
Porites_evermani_scaffold_2168	68724	74398	gene-Peve_00015207	30.92672796	47
Porites_evermani_scaffold_2169	10286	18111	gene-Peve_00015211	42.92921776	29
Porites_evermani_scaffold_2169	28944	40480	gene-Peve_00015212	32.34394912	49
Porites_evermani_scaffold_2169	43845	72192	gene-Peve_00015213	2.241493438	281
Porites_evermani_scaffold_217	1969	2487	gene-Peve_00015214	0.5	20
Porites_evermani_scaffold_217	3417	4083	gene-Peve_00015226	0	31
Porites_evermani_scaffold_217	6017	6998	gene-Peve_00015231	2.70174214	43
Porites_evermani_scaffold_217	15720	33306	gene-Peve_00015234	0.3941411069	477
Porites_evermani_scaffold_217	29415	38253	gene-Peve_00015240	0.8734795936	219
Porites_evermani_scaffold_217	40984	49095	gene-Peve_00015215	0.4482450978	276
Porites_evermani_scaffold_217	53566	54036	gene-Peve_00015217	1.8181818	5
Porites_evermani_scaffold_217	55218	69643	gene-Peve_00015216	8.690029809	423
Porites_evermani_scaffold_217	70178	83794	gene-Peve_00015220	71.78037623	131
Porites_evermani_scaffold_217	84819	88542	gene-Peve_00015221	64.08146103	31
Porites_evermani_scaffold_217	88557	98182	gene-Peve_00015222	62.02833217	178
Porites_evermani_scaffold_217	101702	115846	gene-Peve_00015223	14.34189087	287
Porites_evermani_scaffold_217	124134	124491	gene-Peve_00015224	0	4
Porites_evermani_scaffold_217	141475	142424	gene-Peve_00015227	0	21
Porites_evermani_scaffold_217	155801	159725	gene-Peve_00015228	0.3958956441	118
Porites_evermani_scaffold_217	163124	167755	gene-Peve_00015229	0.7484657737	137
Porites_evermani_scaffold_217	168582	168949	gene-Peve_00015230	4.675324636	11
Porites_evermani_scaffold_217	210472	214336	gene-Peve_00015233	0	56
Porites_evermani_scaffold_217	262232	273212	gene-Peve_00015236	34.73936624	95
Porites_evermani_scaffold_217	277937	281006	gene-Peve_00015238	.	0
Porites_evermani_scaffold_217	288088	328996	gene-Peve_00015239	50.77382539	570
Porites_evermani_scaffold_217	338295	339308	gene-Peve_00015241	18.78787867	3
Porites_evermani_scaffold_217	352171	363808	gene-Peve_00015242	0.8560798458	227
Porites_evermani_scaffold_2170	1952	10429	gene-Peve_00015245	0	15
Porites_evermani_scaffold_2170	11557	23127	gene-Peve_00015243	2.221074386	88
Porites_evermani_scaffold_2170	23235	72365	gene-Peve_00015244	3.130391641	306
Porites_evermani_scaffold_2170	49917	50375	gene-Peve_00015246	.	0
Porites_evermani_scaffold_2170	72626	81497	gene-Peve_00015247	47.18633574	42
Porites_evermani_scaffold_2170	83240	85177	gene-Peve_00015248	78.64650975	8
Porites_evermani_scaffold_2171	10531	22046	gene-Peve_00015249	5.631313156	32
Porites_evermani_scaffold_2171	25276	29305	gene-Peve_00015253	3.333333333	3
Porites_evermani_scaffold_2171	34689	35503	gene-Peve_00015254	.	0
Porites_evermani_scaffold_2171	58048	58486	gene-Peve_00015250	.	0
Porites_evermani_scaffold_2171	61891	62266	gene-Peve_00015251	.	0
Porites_evermani_scaffold_2171	69514	76064	gene-Peve_00015252	.	0
Porites_evermani_scaffold_2172	14666	28570	gene-Peve_00015256	14.4301817	73
Porites_evermani_scaffold_2172	33545	36857	gene-Peve_00015258	0	17
Porites_evermani_scaffold_2172	54118	72639	gene-Peve_00015257	26.39812041	90
Porites_evermani_scaffold_2172	77973	83890	gene-Peve_00015259	24.4145299	20
Porites_evermani_scaffold_2173	2	16709	gene-Peve_00015260	52.85327887	118
Porites_evermani_scaffold_2173	19753	23575	gene-Peve_00015262	0.383522725	40
Porites_evermani_scaffold_2173	31939	35875	gene-Peve_00015261	0.8333333	10
Porites_evermani_scaffold_2173	39209	45151	gene-Peve_00015263	.	0
Porites_evermani_scaffold_2173	46993	64574	gene-Peve_00015264	76.00035409	91
Porites_evermani_scaffold_2173	69500	85398	gene-Peve_00015265	47.71167781	155
Porites_evermani_scaffold_2174	9470	15284	gene-Peve_00015267	0	8
Porites_evermani_scaffold_2174	24969	25861	gene-Peve_00015272	4.057698048	21
Porites_evermani_scaffold_2174	49613	56084	gene-Peve_00015266	0.5124971293	116
Porites_evermani_scaffold_2174	78642	81567	gene-Peve_00015269	.	0
Porites_evermani_scaffold_2174	82136	82865	gene-Peve_00015270	.	0
Porites_evermani_scaffold_2174	83108	84276	gene-Peve_00015271	48.048109	7
Porites_evermani_scaffold_2175	10208	10697	gene-Peve_00015275	.	0
Porites_evermani_scaffold_2175	14658	15147	gene-Peve_00015276	.	0
Porites_evermani_scaffold_2175	64661	66821	gene-Peve_00015273	1.761690679	84
Porites_evermani_scaffold_2176	1326	5351	gene-Peve_00015277	0.163125768	125
Porites_evermani_scaffold_2176	9698	14142	gene-Peve_00015283	0.3138364902	153
Porites_evermani_scaffold_2176	16934	21180	gene-Peve_00015285	0.06892230827	133
Porites_evermani_scaffold_2176	23244	45461	gene-Peve_00015278	25.05964057	413
Porites_evermani_scaffold_2176	45722	48835	gene-Peve_00015279	54.59278214	56
Porites_evermani_scaffold_2176	53996	60203	gene-Peve_00015280	0.3214815539	204
Porites_evermani_scaffold_2176	64262	80645	gene-Peve_00015281	18.15427681	323
Porites_evermani_scaffold_2176	83475	84258	gene-Peve_00015282	0	10
Porites_evermani_scaffold_2177	1923	3739	gene-Peve_00015286	0	33
Porites_evermani_scaffold_2177	15099	20594	gene-Peve_00015289	1.127237566	53
Porites_evermani_scaffold_2177	22576	51409	gene-Peve_00015290	2.243514412	245
Porites_evermani_scaffold_2177	38012	40960	gene-Peve_00015291	0.26666668	25
Porites_evermani_scaffold_2177	53443	60731	gene-Peve_00015287	0.3809087755	147
Porites_evermani_scaffold_2177	73171	84510	gene-Peve_00015288	0.5996044071	312
Porites_evermani_scaffold_2178	2754	3672	gene-Peve_00015292	0.2777777778	18
Porites_evermani_scaffold_2178	10667	35934	gene-Peve_00015294	12.77354938	411
Porites_evermani_scaffold_2178	44811	61418	gene-Peve_00015295	7.466029142	360
Porites_evermani_scaffold_2178	74052	79606	gene-Peve_00015293	6.64786002	51
Porites_evermani_scaffold_2179	8453	35323	gene-Peve_00015296	0.6483516308	65
Porites_evermani_scaffold_2179	39748	63919	gene-Peve_00015298	0.8264462727	11
Porites_evermani_scaffold_218	2871	8835	gene-Peve_00015320	0.8456632187	128
Porites_evermani_scaffold_218	10611	17372	gene-Peve_00015308	3.058151037	82
Porites_evermani_scaffold_218	22743	25141	gene-Peve_00015310	2.448051691	81
Porites_evermani_scaffold_218	27095	37102	gene-Peve_00015319	1.514772519	104
Porites_evermani_scaffold_218	50124	60953	gene-Peve_00015321	0	7
Porites_evermani_scaffold_218	67303	69619	gene-Peve_00015299	3.730158714	21
Porites_evermani_scaffold_218	73587	82425	gene-Peve_00015300	0.227272725	40
Porites_evermani_scaffold_218	90911	93230	gene-Peve_00015301	4.1666665	4
Porites_evermani_scaffold_218	95170	107214	gene-Peve_00015302	9.445124742	62
Porites_evermani_scaffold_218	107424	109904	gene-Peve_00015303	51.86008846	24
Porites_evermani_scaffold_218	111659	119762	gene-Peve_00015304	49.72055235	78
Porites_evermani_scaffold_218	120334	136607	gene-Peve_00015305	24.65441062	224
Porites_evermani_scaffold_218	139278	144503	gene-Peve_00015306	0.7795530526	114
Porites_evermani_scaffold_218	148502	150851	gene-Peve_00015307	0.1694915254	59
Porites_evermani_scaffold_218	160460	177461	gene-Peve_00015309	0.7152533182	132
Porites_evermani_scaffold_218	184200	185671	gene-Peve_00015311	55.26780358	12
Porites_evermani_scaffold_218	207601	264653	gene-Peve_00015315	9.597861078	705
Porites_evermani_scaffold_218	275807	322718	gene-Peve_00015316	21.707095	32
Porites_evermani_scaffold_218	318251	336892	gene-Peve_00015317	0.2666666667	15
Porites_evermani_scaffold_218	359153	361202	gene-Peve_00015318	.	0
Porites_evermani_scaffold_2180	1	10523	gene-Peve_00015322	29.69821845	100
Porites_evermani_scaffold_2180	24682	25981	gene-Peve_00015329	0.2024291579	38
Porites_evermani_scaffold_2180	29914	36343	gene-Peve_00015330	0	76
Porites_evermani_scaffold_2180	52149	53361	gene-Peve_00015323	0	10
Porites_evermani_scaffold_2180	53851	55125	gene-Peve_00015324	0	9
Porites_evermani_scaffold_2180	57203	59891	gene-Peve_00015325	0.4607438	55
Porites_evermani_scaffold_2180	68125	71579	gene-Peve_00015327	0	96
Porites_evermani_scaffold_2180	79332	85113	gene-Peve_00015328	0.6221198065	124
Porites_evermani_scaffold_2181	2343	4880	gene-Peve_00015331	1.931216963	27
Porites_evermani_scaffold_2181	12191	20410	gene-Peve_00015334	61.7011392	83
Porites_evermani_scaffold_2181	34577	57226	gene-Peve_00015332	3.246124047	43
Porites_evermani_scaffold_2181	60980	85251	gene-Peve_00015333	28.30578509	11
Porites_evermani_scaffold_2182	11643	12969	gene-Peve_00015335	23.529412	2
Porites_evermani_scaffold_2182	23332	23986	gene-Peve_00015341	.	0
Porites_evermani_scaffold_2182	42692	43872	gene-Peve_00015336	20.08978678	9
Porites_evermani_scaffold_2182	48316	51932	gene-Peve_00015337	0.4347826087	23
Porites_evermani_scaffold_2182	53845	55074	gene-Peve_00015338	.	0
Porites_evermani_scaffold_2182	80211	84192	gene-Peve_00015340	0	2
Porites_evermani_scaffold_2183	16203	22239	gene-Peve_00015346	.	0
Porites_evermani_scaffold_2183	45086	45650	gene-Peve_00015348	.	0
Porites_evermani_scaffold_2183	45614	47619	gene-Peve_00015347	0.2525252424	33
Porites_evermani_scaffold_2183	60223	67735	gene-Peve_00015343	0.7511626528	144
Porites_evermani_scaffold_2183	75981	76992	gene-Peve_00015344	0	13
Porites_evermani_scaffold_2183	79730	84741	gene-Peve_00015345	0.2331002424	33
Porites_evermani_scaffold_2184	32525	40830	gene-Peve_00015350	2.014742	37
Porites_evermani_scaffold_2184	64464	65895	gene-Peve_00015351	0	1
Porites_evermani_scaffold_2184	69939	71265	gene-Peve_00015352	.	0
Porites_evermani_scaffold_2184	80025	80457	gene-Peve_00015349	7.8136848	15
Porites_evermani_scaffold_2185	10599	35561	gene-Peve_00015354	49.11584032	19
Porites_evermani_scaffold_2185	38359	44734	gene-Peve_00015355	0.3680318242	91
Porites_evermani_scaffold_2185	44993	49150	gene-Peve_00015357	64.64903768	34
Porites_evermani_scaffold_2185	50125	57139	gene-Peve_00015356	0.4464285714	14
Porites_evermani_scaffold_2185	59272	65288	gene-Peve_00015358	0	4
Porites_evermani_scaffold_2185	66702	68968	gene-Peve_00015359	1.86363635	20
Porites_evermani_scaffold_2185	73829	80566	gene-Peve_00015353	21.97089944	18
Porites_evermani_scaffold_2186	2266	36512	gene-Peve_00015360	1.693206788	490
Porites_evermani_scaffold_2186	38810	39743	gene-Peve_00015365	.	0
Porites_evermani_scaffold_2186	53639	53930	gene-Peve_00015361	1.666666667	6
Porites_evermani_scaffold_2186	56223	58234	gene-Peve_00015362	0	33
Porites_evermani_scaffold_2186	76112	77516	gene-Peve_00015363	4.112296	18
Porites_evermani_scaffold_2187	7013	10508	gene-Peve_00015366	58.97700416	31
Porites_evermani_scaffold_2187	21947	27343	gene-Peve_00015376	.	0
Porites_evermani_scaffold_2187	27346	27928	gene-Peve_00015377	.	0
Porites_evermani_scaffold_2187	30629	35394	gene-Peve_00015367	75.11719609	23
Porites_evermani_scaffold_2187	37634	38027	gene-Peve_00015369	.	0
Porites_evermani_scaffold_2187	40657	42759	gene-Peve_00015368	100	1
Porites_evermani_scaffold_2187	43230	52959	gene-Peve_00015370	89.922078	10
Porites_evermani_scaffold_2187	47661	48846	gene-Peve_00015371	.	0
Porites_evermani_scaffold_2187	56389	62934	gene-Peve_00015372	65.53759971	17
Porites_evermani_scaffold_2187	65717	73979	gene-Peve_00015373	90.80492425	16
Porites_evermani_scaffold_2187	76843	78072	gene-Peve_00015374	.	0
Porites_evermani_scaffold_2187	80515	81133	gene-Peve_00015375	.	0
Porites_evermani_scaffold_2188	20849	34279	gene-Peve_00015386	0.4448278697	330
Porites_evermani_scaffold_2188	39110	40546	gene-Peve_00015379	0.952381	10
Porites_evermani_scaffold_2188	46756	54256	gene-Peve_00015380	18.02527692	83
Porites_evermani_scaffold_2188	55979	67219	gene-Peve_00015381	0.9511541118	152
Porites_evermani_scaffold_2188	70459	79269	gene-Peve_00015382	3.084555076	144
Porites_evermani_scaffold_2188	75755	76308	gene-Peve_00015383	.	0
Porites_evermani_scaffold_2188	79404	81724	gene-Peve_00015385	42.90001109	22
Porites_evermani_scaffold_2189	1513	14553	gene-Peve_00015387	55.80740719	124
Porites_evermani_scaffold_2189	14733	21056	gene-Peve_00015390	69.32919364	87
Porites_evermani_scaffold_2189	21566	29025	gene-Peve_00015391	60.90129929	42
Porites_evermani_scaffold_2189	30711	49966	gene-Peve_00015392	0.4481328755	546
Porites_evermani_scaffold_2189	54946	58550	gene-Peve_00015388	0.07843137333	75
Porites_evermani_scaffold_2189	65395	84800	gene-Peve_00015389	1.23209775	120
Porites_evermani_scaffold_219	6664	34731	gene-Peve_00015410	11.4599882	178
Porites_evermani_scaffold_219	39667	48939	gene-Peve_00015419	0.7976418235	204
Porites_evermani_scaffold_219	54280	61097	gene-Peve_00015393	69.73219484	68
Porites_evermani_scaffold_219	62490	67482	gene-Peve_00015394	54.53719102	50
Porites_evermani_scaffold_219	67623	69836	gene-Peve_00015395	37.21103323	22
Porites_evermani_scaffold_219	70639	81365	gene-Peve_00015396	1.004755009	214
Porites_evermani_scaffold_219	83200	99082	gene-Peve_00015397	40.09402696	96
Porites_evermani_scaffold_219	106054	119329	gene-Peve_00015398	13.7622386	196
Porites_evermani_scaffold_219	120711	123570	gene-Peve_00015399	0.4997060741	81
Porites_evermani_scaffold_219	125419	125845	gene-Peve_00015400	.	0
Porites_evermani_scaffold_219	126689	149067	gene-Peve_00015401	25.78660072	274
Porites_evermani_scaffold_219	151069	171876	gene-Peve_00015402	7.926719994	353
Porites_evermani_scaffold_219	171997	173289	gene-Peve_00015403	31.73028425	24
Porites_evermani_scaffold_219	176079	181393	gene-Peve_00015404	71.63263172	57
Porites_evermani_scaffold_219	182977	183346	gene-Peve_00015405	1.298701286	7
Porites_evermani_scaffold_219	183430	199729	gene-Peve_00015406	22.00789053	233
Porites_evermani_scaffold_219	199926	201911	gene-Peve_00015407	0.4162605556	72
Porites_evermani_scaffold_219	202291	218049	gene-Peve_00015408	0.7372650356	309
Porites_evermani_scaffold_219	229846	230683	gene-Peve_00015409	0	11
Porites_evermani_scaffold_219	240064	253234	gene-Peve_00015411	16.53855416	186
Porites_evermani_scaffold_219	253950	264641	gene-Peve_00015412	45.22291035	128
Porites_evermani_scaffold_219	276037	282912	gene-Peve_00015413	0.195069875	184
Porites_evermani_scaffold_219	284374	287783	gene-Peve_00015414	0.8536447379	103
Porites_evermani_scaffold_219	294991	297831	gene-Peve_00015416	0.2467767945	73
Porites_evermani_scaffold_219	304878	306876	gene-Peve_00015417	0.3879477568	37
Porites_evermani_scaffold_219	312474	325036	gene-Peve_00015418	21.39285351	293
Porites_evermani_scaffold_219	325805	331671	gene-Peve_00015420	0.7403537769	130
Porites_evermani_scaffold_219	334049	336277	gene-Peve_00015421	0.2269975763	59
Porites_evermani_scaffold_219	337164	363350	gene-Peve_00015422	8.988547873	512
Porites_evermani_scaffold_2190	404	2202	gene-Peve_00015423	0.4451566944	36
Porites_evermani_scaffold_2190	4213	5335	gene-Peve_00015426	1.282051333	6
Porites_evermani_scaffold_2190	14879	16121	gene-Peve_00015427	10.67307687	8
Porites_evermani_scaffold_2190	16350	22575	gene-Peve_00015428	59.33413439	23
Porites_evermani_scaffold_2190	25836	26878	gene-Peve_00015429	.	0
Porites_evermani_scaffold_2190	33921	38474	gene-Peve_00015430	0	37
Porites_evermani_scaffold_2190	46709	52849	gene-Peve_00015424	1.49079214	172
Porites_evermani_scaffold_2190	64499	81255	gene-Peve_00015425	15.81972589	46
Porites_evermani_scaffold_2191	10558	11303	gene-Peve_00015440	84.54082083	23
Porites_evermani_scaffold_2191	19358	20363	gene-Peve_00015442	86.95580173	26
Porites_evermani_scaffold_2191	21158	21902	gene-Peve_00015432	84.43863163	19
Porites_evermani_scaffold_2191	34452	34851	gene-Peve_00015433	5.466659941	17
Porites_evermani_scaffold_2191	47547	49753	gene-Peve_00015437	94.44543544	43
Porites_evermani_scaffold_2191	59841	63902	gene-Peve_00015439	0.1336675053	95
Porites_evermani_scaffold_2191	75736	76414	gene-Peve_00015441	0	6
Porites_evermani_scaffold_2192	10931	12776	gene-Peve_00015443	0	39
Porites_evermani_scaffold_2192	17285	27683	gene-Peve_00015445	29.10377594	111
Porites_evermani_scaffold_2192	27666	34545	gene-Peve_00015446	52.58312004	48
Porites_evermani_scaffold_2192	36754	67301	gene-Peve_00015447	8.07379039	485
Porites_evermani_scaffold_2192	48912	50101	gene-Peve_00015448	0.5186002459	61
Porites_evermani_scaffold_2192	74304	81493	gene-Peve_00015449	23.74684183	84
Porites_evermani_scaffold_2192	82772	84539	gene-Peve_00015444	.	0
Porites_evermani_scaffold_2193	2803	3289	gene-Peve_00015452	59.5238096	5
Porites_evermani_scaffold_2193	12192	14626	gene-Peve_00015450	.	0
Porites_evermani_scaffold_2193	17023	17518	gene-Peve_00015457	.	0
Porites_evermani_scaffold_2193	18571	19834	gene-Peve_00015460	.	0
Porites_evermani_scaffold_2193	52084	53764	gene-Peve_00015451	.	0
Porites_evermani_scaffold_2193	57564	59746	gene-Peve_00015453	6.847923538	13
Porites_evermani_scaffold_2193	60703	62308	gene-Peve_00015454	.	0
Porites_evermani_scaffold_2193	65431	65791	gene-Peve_00015455	.	0
Porites_evermani_scaffold_2193	67084	68138	gene-Peve_00015456	.	0
Porites_evermani_scaffold_2193	75525	79850	gene-Peve_00015458	.	0
Porites_evermani_scaffold_2193	82149	82584	gene-Peve_00015459	.	0
Porites_evermani_scaffold_2194	517	13370	gene-Peve_00015461	69.01490078	151
Porites_evermani_scaffold_2194	22334	29943	gene-Peve_00015467	1.209564175	154
Porites_evermani_scaffold_2194	49823	56230	gene-Peve_00015462	0.9962319474	152
Porites_evermani_scaffold_2194	56643	58408	gene-Peve_00015464	37.8125	16
Porites_evermani_scaffold_2194	60699	66648	gene-Peve_00015465	64.17013978	119
Porites_evermani_scaffold_2194	74964	75276	gene-Peve_00015466	0	8
Porites_evermani_scaffold_2195	9283	22066	gene-Peve_00015471	0	8
Porites_evermani_scaffold_2195	16722	17396	gene-Peve_00015473	.	0
Porites_evermani_scaffold_2195	51796	64829	gene-Peve_00015472	0.2469135873	63
Porites_evermani_scaffold_2195	70967	73256	gene-Peve_00015469	1.468178273	33
Porites_evermani_scaffold_2195	74565	75968	gene-Peve_00015470	0	10
Porites_evermani_scaffold_2196	1525	5347	gene-Peve_00015481	0.284090907	86
Porites_evermani_scaffold_2196	17873	19165	gene-Peve_00015474	.	0
Porites_evermani_scaffold_2196	33574	36162	gene-Peve_00015475	5.936534083	12
Porites_evermani_scaffold_2196	41924	44139	gene-Peve_00015476	0.3706957647	17
Porites_evermani_scaffold_2196	44909	52667	gene-Peve_00015477	0.593057746	63
Porites_evermani_scaffold_2196	54894	66058	gene-Peve_00015478	0.3815503962	212
Porites_evermani_scaffold_2196	68510	72580	gene-Peve_00015479	0.2576164919	124
Porites_evermani_scaffold_2196	76237	81114	gene-Peve_00015480	0.7659988649	148
Porites_evermani_scaffold_2197	12668	13523	gene-Peve_00015482	0.4166666562	32
Porites_evermani_scaffold_2197	18445	20038	gene-Peve_00015483	13.96203979	70
Porites_evermani_scaffold_2197	29373	73907	gene-Peve_00015484	16.8866177	295
Porites_evermani_scaffold_2198	199	716	gene-Peve_00015485	0	15
Porites_evermani_scaffold_2198	3419	26603	gene-Peve_00015487	27.39739755	308
Porites_evermani_scaffold_2198	33001	45250	gene-Peve_00015488	.	0
Porites_evermani_scaffold_2198	46196	52120	gene-Peve_00015489	72	5
Porites_evermani_scaffold_2198	59131	59518	gene-Peve_00015490	.	0
Porites_evermani_scaffold_2198	62732	66462	gene-Peve_00015491	0	9
Porites_evermani_scaffold_2198	68998	76517	gene-Peve_00015492	2.597402571	7
Porites_evermani_scaffold_2199	9005	12985	gene-Peve_00015494	27.80698007	45
Porites_evermani_scaffold_2199	16840	52180	gene-Peve_00015493	2.774508568	871
Porites_evermani_scaffold_2199	54857	59297	gene-Peve_00015495	68.94731648	87
Porites_evermani_scaffold_2199	63383	84248	gene-Peve_00015496	3.536671411	460
Porites_evermani_scaffold_22	763	10715	gene-Peve_00015497	79.11241153	76
Porites_evermani_scaffold_22	11764	16527	gene-Peve_00015531	73.0907569	79
Porites_evermani_scaffold_22	21217	27301	gene-Peve_00015561	1.069980437	119
Porites_evermani_scaffold_22	32099	43987	gene-Peve_00015500	15.69799723	170
Porites_evermani_scaffold_22	45840	48914	gene-Peve_00015505	0.6080808	75
Porites_evermani_scaffold_22	49242	62584	gene-Peve_00015512	31.60267416	251
Porites_evermani_scaffold_22	62688	72528	gene-Peve_00015518	24.52119354	203
Porites_evermani_scaffold_22	76407	77993	gene-Peve_00015521	0.5322636377	69
Porites_evermani_scaffold_22	98184	107046	gene-Peve_00015532	32.3900219	94
Porites_evermani_scaffold_22	107427	110724	gene-Peve_00015538	44.71094583	41
Porites_evermani_scaffold_22	115516	117341	gene-Peve_00015541	0.9178150141	71
Porites_evermani_scaffold_22	120530	128408	gene-Peve_00015545	0	188
Porites_evermani_scaffold_22	145083	158101	gene-Peve_00015552	16.62109517	163
Porites_evermani_scaffold_22	159262	160684	gene-Peve_00015553	0.9057608974	39
Porites_evermani_scaffold_22	164845	171682	gene-Peve_00015554	0.2291658319	119
Porites_evermani_scaffold_22	179241	179869	gene-Peve_00015555	.	0
Porites_evermani_scaffold_22	180515	189973	gene-Peve_00015556	0.6941513548	155
Porites_evermani_scaffold_22	195951	196923	gene-Peve_00015557	3.835470125	24
Porites_evermani_scaffold_22	204855	230036	gene-Peve_00015558	10.60836093	481
Porites_evermani_scaffold_22	233604	234723	gene-Peve_00015559	0	39
Porites_evermani_scaffold_22	239407	250280	gene-Peve_00015560	15.11039102	320
Porites_evermani_scaffold_22	266128	270004	gene-Peve_00015562	0.4995965294	102
Porites_evermani_scaffold_22	292312	313125	gene-Peve_00015564	0.6005948372	559
Porites_evermani_scaffold_22	321459	324890	gene-Peve_00015565	45.98054947	34
Porites_evermani_scaffold_22	338941	349940	gene-Peve_00015566	1.027121879	289
Porites_evermani_scaffold_22	357790	358867	gene-Peve_00015498	0.2801120476	21
Porites_evermani_scaffold_22	370436	387983	gene-Peve_00015499	0.7241462238	210
Porites_evermani_scaffold_22	398768	405738	gene-Peve_00015501	38.25095946	65
Porites_evermani_scaffold_22	409296	418970	gene-Peve_00015502	2.245139777	229
Porites_evermani_scaffold_22	422285	433382	gene-Peve_00015503	15.90663821	203
Porites_evermani_scaffold_22	433458	450914	gene-Peve_00015504	46.08073841	111
Porites_evermani_scaffold_22	451911	452159	gene-Peve_00015507	0	8
Porites_evermani_scaffold_22	454609	456181	gene-Peve_00015508	0.2840909062	32
Porites_evermani_scaffold_22	458097	460616	gene-Peve_00015509	45.66980308	25
Porites_evermani_scaffold_22	460771	467501	gene-Peve_00015510	42.9711042	56
Porites_evermani_scaffold_22	470291	496284	gene-Peve_00015511	16.63825134	490
Porites_evermani_scaffold_22	504907	522528	gene-Peve_00015513	30.20214885	323
Porites_evermani_scaffold_22	525617	526637	gene-Peve_00015514	0	14
Porites_evermani_scaffold_22	528368	528908	gene-Peve_00015515	0.4761904667	15
Porites_evermani_scaffold_22	541747	543207	gene-Peve_00015516	0.6115430625	48
Porites_evermani_scaffold_22	546401	550131	gene-Peve_00015517	0.167224087	46
Porites_evermani_scaffold_22	563089	565129	gene-Peve_00015519	0	4
Porites_evermani_scaffold_22	569003	570164	gene-Peve_00015522	.	0
Porites_evermani_scaffold_22	570328	572993	gene-Peve_00015523	.	0
Porites_evermani_scaffold_22	587709	588435	gene-Peve_00015524	0	1
Porites_evermani_scaffold_22	603421	604177	gene-Peve_00015525	0.5136846563	32
Porites_evermani_scaffold_22	615403	619250	gene-Peve_00015528	.	0
Porites_evermani_scaffold_22	630025	635847	gene-Peve_00015530	0	32
Porites_evermani_scaffold_22	635850	647116	gene-Peve_00015529	0.7954403256	86
Porites_evermani_scaffold_22	680360	738767	gene-Peve_00015533	6.382501745	809
Porites_evermani_scaffold_22	709135	709836	gene-Peve_00015535	1.078431353	17
Porites_evermani_scaffold_22	711173	731272	gene-Peve_00015534	1.262612706	323
Porites_evermani_scaffold_22	758514	776742	gene-Peve_00015536	25.44180898	284
Porites_evermani_scaffold_22	780246	781000	gene-Peve_00015537	0.7692308	10
Porites_evermani_scaffold_22	792148	806048	gene-Peve_00015539	7.159599486	368
Porites_evermani_scaffold_22	818240	821123	gene-Peve_00015542	.	0
Porites_evermani_scaffold_22	828633	835005	gene-Peve_00015543	0.1150906752	117
Porites_evermani_scaffold_22	843846	863620	gene-Peve_00015544	2.157184664	366
Porites_evermani_scaffold_22	877234	878381	gene-Peve_00015546	.	0
Porites_evermani_scaffold_22	891538	913459	gene-Peve_00015547	76.81638208	220
Porites_evermani_scaffold_22	920670	927861	gene-Peve_00015548	25.65813102	113
Porites_evermani_scaffold_22	935055	959733	gene-Peve_00015549	74.7567088	222
Porites_evermani_scaffold_22	969380	973564	gene-Peve_00015550	0.4542486852	108
Porites_evermani_scaffold_22	980711	989602	gene-Peve_00015551	19.99053028	32
Porites_evermani_scaffold_220	117	40732	gene-Peve_00015567	2.818946394	807
Porites_evermani_scaffold_220	9689	11945	gene-Peve_00015581	4.842056	90
Porites_evermani_scaffold_220	55933	69388	gene-Peve_00015568	0.1222133929	196
Porites_evermani_scaffold_220	74964	86816	gene-Peve_00015569	0.2529598855	166
Porites_evermani_scaffold_220	98201	135547	gene-Peve_00015570	0.454007513	690
Porites_evermani_scaffold_220	136991	157264	gene-Peve_00015572	0.9339402114	421
Porites_evermani_scaffold_220	159934	171912	gene-Peve_00015573	.	0
Porites_evermani_scaffold_220	178715	191741	gene-Peve_00015574	17.49324946	223
Porites_evermani_scaffold_220	196584	235911	gene-Peve_00015575	17.96784265	455
Porites_evermani_scaffold_220	241992	245626	gene-Peve_00015576	54.64273657	65
Porites_evermani_scaffold_220	252031	269497	gene-Peve_00015577	50.90648394	218
Porites_evermani_scaffold_220	272460	275049	gene-Peve_00015578	60.3636364	10
Porites_evermani_scaffold_220	276817	305273	gene-Peve_00015579	25.84651017	324
Porites_evermani_scaffold_220	301101	303079	gene-Peve_00015580	2.225491317	41
Porites_evermani_scaffold_220	306339	306765	gene-Peve_00015582	.	0
Porites_evermani_scaffold_220	311455	320174	gene-Peve_00015583	0.8704857455	220
Porites_evermani_scaffold_220	326213	328592	gene-Peve_00015584	0.2262443529	34
Porites_evermani_scaffold_220	335496	340043	gene-Peve_00015585	0	35
Porites_evermani_scaffold_220	347264	358145	gene-Peve_00015586	60.79539504	69
Porites_evermani_scaffold_2200	788	13863	gene-Peve_00015587	0.6811161905	315
Porites_evermani_scaffold_2200	15440	21136	gene-Peve_00015593	3.796011944	90
Porites_evermani_scaffold_2200	24321	25230	gene-Peve_00015594	.	0
Porites_evermani_scaffold_2200	28207	40091	gene-Peve_00015595	12.29633874	222
Porites_evermani_scaffold_2200	41242	61594	gene-Peve_00015589	20.25242707	399
Porites_evermani_scaffold_2200	59849	60109	gene-Peve_00015590	93	5
Porites_evermani_scaffold_2200	64330	66331	gene-Peve_00015588	0	1
Porites_evermani_scaffold_2200	69742	78090	gene-Peve_00015591	20.11235687	80
Porites_evermani_scaffold_2200	79251	83191	gene-Peve_00015592	30.21021871	14
Porites_evermani_scaffold_2201	5792	6341	gene-Peve_00015596	.	0
Porites_evermani_scaffold_2201	6796	7582	gene-Peve_00015597	0	21
Porites_evermani_scaffold_2201	35372	36221	gene-Peve_00015599	2.597892294	17
Porites_evermani_scaffold_2201	47015	64735	gene-Peve_00015600	0.9011080649	370
Porites_evermani_scaffold_2202	3874	26534	gene-Peve_00015601	1.029163546	533
Porites_evermani_scaffold_2202	48050	49749	gene-Peve_00015602	0	2
Porites_evermani_scaffold_2202	52807	62021	gene-Peve_00015603	0.126262625	72
Porites_evermani_scaffold_2203	9979	10383	gene-Peve_00015605	0	8
Porites_evermani_scaffold_2203	13392	14295	gene-Peve_00015607	0	18
Porites_evermani_scaffold_2203	23777	24677	gene-Peve_00015610	.	0
Porites_evermani_scaffold_2203	31697	32481	gene-Peve_00015611	1.321499038	26
Porites_evermani_scaffold_2203	42570	51115	gene-Peve_00015606	1.428571429	7
Porites_evermani_scaffold_2203	78303	83016	gene-Peve_00015608	1.193181812	16
Porites_evermani_scaffold_2203	83190	84276	gene-Peve_00015609	0.75757575	12
Porites_evermani_scaffold_2204	675	2565	gene-Peve_00015612	.	0
Porites_evermani_scaffold_2204	4476	5946	gene-Peve_00015614	.	0
Porites_evermani_scaffold_2204	9006	18803	gene-Peve_00015617	.	0
Porites_evermani_scaffold_2204	18912	19437	gene-Peve_00015618	.	0
Porites_evermani_scaffold_2204	21811	37447	gene-Peve_00015619	1.793938372	183
Porites_evermani_scaffold_2204	43924	63888	gene-Peve_00015613	5.119987548	230
Porites_evermani_scaffold_2204	75683	76803	gene-Peve_00015615	.	0
Porites_evermani_scaffold_2204	79453	82223	gene-Peve_00015616	0.6202225	28
Porites_evermani_scaffold_2205	2984	3443	gene-Peve_00015632	76.9323308	5
Porites_evermani_scaffold_2205	5661	7316	gene-Peve_00015634	39.86846438	47
Porites_evermani_scaffold_2205	10753	11902	gene-Peve_00015621	32.04695234	56
Porites_evermani_scaffold_2205	22813	24419	gene-Peve_00015622	22.37999731	48
Porites_evermani_scaffold_2205	32577	32962	gene-Peve_00015624	16.8928572	5
Porites_evermani_scaffold_2205	33151	33766	gene-Peve_00015625	20.80607427	11
Porites_evermani_scaffold_2205	35633	36092	gene-Peve_00015626	66.909091	5
Porites_evermani_scaffold_2205	39711	42281	gene-Peve_00015627	51.05838483	42
Porites_evermani_scaffold_2205	44790	45168	gene-Peve_00015628	76.96789883	12
Porites_evermani_scaffold_2205	54888	55883	gene-Peve_00015629	66.95465788	26
Porites_evermani_scaffold_2205	58490	60276	gene-Peve_00015630	59.49501927	22
Porites_evermani_scaffold_2205	68189	69727	gene-Peve_00015631	43.27339327	11
Porites_evermani_scaffold_2206	1356	12760	gene-Peve_00015635	.	0
Porites_evermani_scaffold_2206	17022	21817	gene-Peve_00015638	.	0
Porites_evermani_scaffold_2206	23452	26777	gene-Peve_00015639	28.63905323	13
Porites_evermani_scaffold_2206	28890	40783	gene-Peve_00015640	71.0744935	163
Porites_evermani_scaffold_2206	54771	65946	gene-Peve_00015641	63.93273895	39
Porites_evermani_scaffold_2206	66139	68597	gene-Peve_00015636	71.78997924	29
Porites_evermani_scaffold_2206	71084	75816	gene-Peve_00015637	61.04819261	76
Porites_evermani_scaffold_2207	7412	9883	gene-Peve_00015644	75.22947645	11
Porites_evermani_scaffold_2207	21233	22349	gene-Peve_00015646	1.193181812	32
Porites_evermani_scaffold_2207	26782	27214	gene-Peve_00015647	0	4
Porites_evermani_scaffold_2207	37575	38613	gene-Peve_00015642	0	12
Porites_evermani_scaffold_2207	49545	83822	gene-Peve_00015643	4.643600551	824
Porites_evermani_scaffold_2207	63944	68602	gene-Peve_00015645	0.05012531429	105
Porites_evermani_scaffold_2208	1708	10761	gene-Peve_00015648	12.06969045	107
Porites_evermani_scaffold_2208	17836	33879	gene-Peve_00015649	45.96649514	86
Porites_evermani_scaffold_2208	39135	45814	gene-Peve_00015652	27.77684621	29
Porites_evermani_scaffold_2208	66754	73366	gene-Peve_00015650	1.424868843	153
Porites_evermani_scaffold_2209	4526	17547	gene-Peve_00015654	0.6151964884	86
Porites_evermani_scaffold_2209	19078	28658	gene-Peve_00015660	0.2884888491	159
Porites_evermani_scaffold_2209	33881	34916	gene-Peve_00015661	0.5865102581	31
Porites_evermani_scaffold_2209	52093	52525	gene-Peve_00015656	0	11
Porites_evermani_scaffold_2209	53957	55118	gene-Peve_00015657	0.2747252857	28
Porites_evermani_scaffold_2209	68849	69857	gene-Peve_00015658	0.4524886923	26
Porites_evermani_scaffold_2209	70275	70406	gene-Peve_00015659	0	9
Porites_evermani_scaffold_221	3902	6279	gene-Peve_00015662	1.255333	78
Porites_evermani_scaffold_221	6419	15498	gene-Peve_00015664	18.88103905	73
Porites_evermani_scaffold_221	69171	240696	gene-Peve_00015675	2.270239111	999
Porites_evermani_scaffold_221	105098	105839	gene-Peve_00015663	24.07828267	12
Porites_evermani_scaffold_221	149187	152971	gene-Peve_00015665	0.4545454545	22
Porites_evermani_scaffold_221	245565	246009	gene-Peve_00015668	0	16
Porites_evermani_scaffold_221	249318	250417	gene-Peve_00015669	1.069518706	17
Porites_evermani_scaffold_221	257346	269232	gene-Peve_00015670	5.334985096	115
Porites_evermani_scaffold_221	270798	272367	gene-Peve_00015671	0	14
Porites_evermani_scaffold_221	274454	275918	gene-Peve_00015673	.	0
Porites_evermani_scaffold_221	276763	279014	gene-Peve_00015674	.	0
Porites_evermani_scaffold_221	296571	351811	gene-Peve_00015676	0.7003353251	243
Porites_evermani_scaffold_2210	5718	24393	gene-Peve_00015682	18.0929053	298
Porites_evermani_scaffold_2210	24607	25237	gene-Peve_00015683	0.892857125	8
Porites_evermani_scaffold_2210	28111	34622	gene-Peve_00015684	0.2056036772	158
Porites_evermani_scaffold_2210	36882	37989	gene-Peve_00015685	0.1400560238	42
Porites_evermani_scaffold_2210	43352	45944	gene-Peve_00015686	0.1262626364	44
Porites_evermani_scaffold_2210	46561	47005	gene-Peve_00015677	0	1
Porites_evermani_scaffold_2210	49323	49988	gene-Peve_00015678	1.25	8
Porites_evermani_scaffold_2210	55470	55914	gene-Peve_00015679	.	0
Porites_evermani_scaffold_2210	58850	83480	gene-Peve_00015680	20.19029648	107
Porites_evermani_scaffold_2211	2	1113	gene-Peve_00015687	.	0
Porites_evermani_scaffold_2211	1125	7032	gene-Peve_00015689	0.4285047347	98
Porites_evermani_scaffold_2211	17543	28037	gene-Peve_00015690	0.262378775	280
Porites_evermani_scaffold_2211	57793	67158	gene-Peve_00015691	0.8133497129	209
Porites_evermani_scaffold_2212	987	14723	gene-Peve_00015692	0	3
Porites_evermani_scaffold_2212	25624	31163	gene-Peve_00015694	0.1841025944	143
Porites_evermani_scaffold_2212	61049	63474	gene-Peve_00015695	0.164786	88
Porites_evermani_scaffold_2212	66432	67390	gene-Peve_00015696	0	9
Porites_evermani_scaffold_2212	79830	83024	gene-Peve_00015693	0	38
Porites_evermani_scaffold_2213	13630	19887	gene-Peve_00015698	1.846879719	89
Porites_evermani_scaffold_2213	23425	55153	gene-Peve_00015697	1.406032496	536
Porites_evermani_scaffold_2213	60141	60879	gene-Peve_00015703	0	3
Porites_evermani_scaffold_2213	62231	64203	gene-Peve_00015704	0.4603174667	30
Porites_evermani_scaffold_2213	65236	67171	gene-Peve_00015699	0	20
Porites_evermani_scaffold_2213	69528	70041	gene-Peve_00015700	6.867465867	15
Porites_evermani_scaffold_2213	75324	82437	gene-Peve_00015701	0.5555556	10
Porites_evermani_scaffold_2214	1523	16300	gene-Peve_00015705	5.660267628	309
Porites_evermani_scaffold_2214	18026	18335	gene-Peve_00015711	.	0
Porites_evermani_scaffold_2214	20799	23195	gene-Peve_00015712	0.6523569231	26
Porites_evermani_scaffold_2214	30099	39173	gene-Peve_00015713	0.3851515532	282
Porites_evermani_scaffold_2214	42269	42901	gene-Peve_00015715	0.7054673889	18
Porites_evermani_scaffold_2214	43728	44895	gene-Peve_00015707	0	1
Porites_evermani_scaffold_2214	46146	53393	gene-Peve_00015708	0.1832893904	251
Porites_evermani_scaffold_2214	63628	69563	gene-Peve_00015709	.	0
Porites_evermani_scaffold_2215	559	1551	gene-Peve_00015716	0	18
Porites_evermani_scaffold_2215	3658	12424	gene-Peve_00015718	1.049590757	103
Porites_evermani_scaffold_2215	24564	43737	gene-Peve_00015721	1.280852817	218
Porites_evermani_scaffold_2215	79772	81630	gene-Peve_00015717	.	0
Porites_evermani_scaffold_2216	265	18924	gene-Peve_00015722	0.3739057739	283
Porites_evermani_scaffold_2216	36459	36978	gene-Peve_00015724	9.58333325	4
Porites_evermani_scaffold_2217	99	3216	gene-Peve_00015725	15.30960492	39
Porites_evermani_scaffold_2217	7025	19614	gene-Peve_00015727	45.34164615	158
Porites_evermani_scaffold_2217	22517	42488	gene-Peve_00015726	76.64766976	162
Porites_evermani_scaffold_2217	42712	56359	gene-Peve_00015728	63.03719745	88
Porites_evermani_scaffold_2217	56760	70511	gene-Peve_00015729	39.22345767	82
Porites_evermani_scaffold_2217	70974	83277	gene-Peve_00015730	57.61531972	47
Porites_evermani_scaffold_2217	78994	80604	gene-Peve_00015731	77.336318	7
Porites_evermani_scaffold_2218	18	4444	gene-Peve_00015732	.	0
Porites_evermani_scaffold_2218	6144	7830	gene-Peve_00015739	3.333333333	3
Porites_evermani_scaffold_2218	18450	31820	gene-Peve_00015740	0	2
Porites_evermani_scaffold_2218	36448	38206	gene-Peve_00015733	.	0
Porites_evermani_scaffold_2218	41270	41690	gene-Peve_00015734	.	0
Porites_evermani_scaffold_2218	57637	59377	gene-Peve_00015735	.	0
Porites_evermani_scaffold_2218	65122	75057	gene-Peve_00015736	59.9160401	10
Porites_evermani_scaffold_2218	79701	83323	gene-Peve_00015738	0	9
Porites_evermani_scaffold_2219	610	2102	gene-Peve_00015741	88.88888883	6
Porites_evermani_scaffold_2219	6055	8083	gene-Peve_00015745	21.3333334	5
Porites_evermani_scaffold_2219	9871	11999	gene-Peve_00015749	63.96502265	34
Porites_evermani_scaffold_2219	13001	16006	gene-Peve_00015750	.	0
Porites_evermani_scaffold_2219	16172	19481	gene-Peve_00015751	42.78601398	45
Porites_evermani_scaffold_2219	20903	25331	gene-Peve_00015752	35.62174594	36
Porites_evermani_scaffold_2219	29642	30743	gene-Peve_00015742	0.1587301714	35
Porites_evermani_scaffold_2219	36305	37523	gene-Peve_00015743	0.3448275862	29
Porites_evermani_scaffold_2219	43072	44323	gene-Peve_00015744	48.361786	12
Porites_evermani_scaffold_2219	51071	55651	gene-Peve_00015746	62.65616855	22
Porites_evermani_scaffold_2219	56059	62726	gene-Peve_00015747	55.42309533	18
Porites_evermani_scaffold_2219	69259	74111	gene-Peve_00015748	0.9696969667	30
Porites_evermani_scaffold_222	7309	8545	gene-Peve_00015753	1.025641037	27
Porites_evermani_scaffold_222	62944	93065	gene-Peve_00015774	18.87659716	593
Porites_evermani_scaffold_222	111100	124451	gene-Peve_00015755	1.258488772	303
Porites_evermani_scaffold_222	129684	147336	gene-Peve_00015756	0.8505699421	380
Porites_evermani_scaffold_222	163815	166672	gene-Peve_00015757	0	16
Porites_evermani_scaffold_222	169388	177037	gene-Peve_00015758	19.6266727	37
Porites_evermani_scaffold_222	191280	193742	gene-Peve_00015759	0.07692307692	65
Porites_evermani_scaffold_222	200708	201671	gene-Peve_00015760	0.5681818125	16
Porites_evermani_scaffold_222	209909	210860	gene-Peve_00015761	0	34
Porites_evermani_scaffold_222	214272	217400	gene-Peve_00015762	74.25788025	40
Porites_evermani_scaffold_222	225067	225907	gene-Peve_00015763	0	31
Porites_evermani_scaffold_222	231127	233529	gene-Peve_00015765	30	6
Porites_evermani_scaffold_222	237089	239445	gene-Peve_00015766	92.12121217	6
Porites_evermani_scaffold_222	247471	260328	gene-Peve_00015767	67.27724334	145
Porites_evermani_scaffold_222	261132	263565	gene-Peve_00015768	24.2074592	25
Porites_evermani_scaffold_222	264795	281419	gene-Peve_00015769	72.72232945	154
Porites_evermani_scaffold_222	309911	311690	gene-Peve_00015770	.	0
Porites_evermani_scaffold_222	316149	324456	gene-Peve_00015771	54.97940546	125
Porites_evermani_scaffold_222	317772	319120	gene-Peve_00015772	83.58614054	24
Porites_evermani_scaffold_222	330561	345236	gene-Peve_00015773	32.24278478	246
Porites_evermani_scaffold_2220	25037	27136	gene-Peve_00015779	8.794734289	38
Porites_evermani_scaffold_2220	37131	45007	gene-Peve_00015775	82.1629908	107
Porites_evermani_scaffold_2220	46239	53902	gene-Peve_00015776	90.23041238	111
Porites_evermani_scaffold_2220	82565	83000	gene-Peve_00015778	0.5555555333	15
Porites_evermani_scaffold_2221	2768	9177	gene-Peve_00015784	0.4471544634	41
Porites_evermani_scaffold_2221	11773	16097	gene-Peve_00015785	66.72180255	11
Porites_evermani_scaffold_2221	22732	29552	gene-Peve_00015786	0.3087856757	111
Porites_evermani_scaffold_2221	37077	40796	gene-Peve_00015787	0.2058531771	96
Porites_evermani_scaffold_2221	44142	45030	gene-Peve_00015780	0.293255129	31
Porites_evermani_scaffold_2221	45965	46943	gene-Peve_00015781	0.4201680588	17
Porites_evermani_scaffold_2221	49801	50821	gene-Peve_00015782	0	24
Porites_evermani_scaffold_2221	54638	62534	gene-Peve_00015783	6.092773971	69
Porites_evermani_scaffold_2222	328	10311	gene-Peve_00015788	0.304994515	200
Porites_evermani_scaffold_2222	13221	25620	gene-Peve_00015799	15.44694493	116
Porites_evermani_scaffold_2222	32709	33047	gene-Peve_00015801	72.727273	1
Porites_evermani_scaffold_2222	39632	42178	gene-Peve_00015789	0	23
Porites_evermani_scaffold_2222	44230	44980	gene-Peve_00015790	36.6666665	2
Porites_evermani_scaffold_2222	46899	47550	gene-Peve_00015791	57.74231243	14
Porites_evermani_scaffold_2222	47706	48462	gene-Peve_00015792	58.78568112	25
Porites_evermani_scaffold_2222	50178	50697	gene-Peve_00015793	90	1
Porites_evermani_scaffold_2222	52786	53305	gene-Peve_00015794	.	0
Porites_evermani_scaffold_2222	55992	56469	gene-Peve_00015796	67.12047211	9
Porites_evermani_scaffold_2222	57078	58015	gene-Peve_00015797	.	0
Porites_evermani_scaffold_2222	58547	59729	gene-Peve_00015798	0.8264462727	11
Porites_evermani_scaffold_2222	75380	76700	gene-Peve_00015800	97.5	4
Porites_evermani_scaffold_2223	4366	7228	gene-Peve_00015807	0.4428782522	115
Porites_evermani_scaffold_2223	23415	23943	gene-Peve_00015809	0	1
Porites_evermani_scaffold_2223	33141	33354	gene-Peve_00015810	2.17803025	8
Porites_evermani_scaffold_2223	52804	55230	gene-Peve_00015803	2.452733906	32
Porites_evermani_scaffold_2223	59113	59685	gene-Peve_00015804	.	0
Porites_evermani_scaffold_2223	69173	70771	gene-Peve_00015805	.	0
Porites_evermani_scaffold_2223	80101	81589	gene-Peve_00015806	0	1
Porites_evermani_scaffold_2223	81661	82984	gene-Peve_00015808	.	0
Porites_evermani_scaffold_2224	7425	9341	gene-Peve_00015811	0.4114490233	43
Porites_evermani_scaffold_2224	15185	16139	gene-Peve_00015814	0.4	25
Porites_evermani_scaffold_2224	18100	19168	gene-Peve_00015815	0	54
Porites_evermani_scaffold_2224	21181	33796	gene-Peve_00015816	10.1285655	250
Porites_evermani_scaffold_2224	35479	57884	gene-Peve_00015812	4.605272431	195
Porites_evermani_scaffold_2224	63633	81308	gene-Peve_00015813	43.72126325	142
Porites_evermani_scaffold_2225	759	5785	gene-Peve_00015818	0.6884465667	150
Porites_evermani_scaffold_2225	14461	24542	gene-Peve_00015820	0.4265646	110
Porites_evermani_scaffold_2225	25392	53942	gene-Peve_00015821	30.07289962	593
Porites_evermani_scaffold_2225	74584	74984	gene-Peve_00015819	.	0
Porites_evermani_scaffold_2226	5433	8779	gene-Peve_00015822	0	40
Porites_evermani_scaffold_2226	10671	23968	gene-Peve_00015832	21.86334497	30
Porites_evermani_scaffold_2226	25153	28507	gene-Peve_00015823	0.5681818125	16
Porites_evermani_scaffold_2226	32959	36129	gene-Peve_00015824	.	0
Porites_evermani_scaffold_2226	36597	43442	gene-Peve_00015825	.	0
Porites_evermani_scaffold_2226	47540	51406	gene-Peve_00015826	1.861471857	21
Porites_evermani_scaffold_2226	52294	54683	gene-Peve_00015827	0	3
Porites_evermani_scaffold_2226	60971	64677	gene-Peve_00015828	0	12
Porites_evermani_scaffold_2226	66134	69083	gene-Peve_00015829	.	0
Porites_evermani_scaffold_2226	69249	75029	gene-Peve_00015830	90.4545455	2
Porites_evermani_scaffold_2226	78545	79577	gene-Peve_00015831	.	0
Porites_evermani_scaffold_2227	36	1018	gene-Peve_00015833	.	0
Porites_evermani_scaffold_2227	7154	19954	gene-Peve_00015836	60.45032364	11
Porites_evermani_scaffold_2227	42679	47163	gene-Peve_00015835	68.22471203	63
Porites_evermani_scaffold_2227	48141	77340	gene-Peve_00015834	0.8489404582	299
Porites_evermani_scaffold_2228	4238	5086	gene-Peve_00015840	1.371239905	21
Porites_evermani_scaffold_2228	13607	34897	gene-Peve_00015839	0.828356178	545
Porites_evermani_scaffold_2228	36212	36590	gene-Peve_00015841	0	7
Porites_evermani_scaffold_2228	40978	43977	gene-Peve_00015842	0.7946699483	58
Porites_evermani_scaffold_2228	71417	71771	gene-Peve_00015843	0.2770083158	19
Porites_evermani_scaffold_2228	74627	80668	gene-Peve_00015844	0.9362684439	196
Porites_evermani_scaffold_2229	7592	13161	gene-Peve_00015845	0.4477110743	148
Porites_evermani_scaffold_2229	22355	29915	gene-Peve_00015848	0.582110051	196
Porites_evermani_scaffold_2229	44287	46505	gene-Peve_00015849	.	0
Porites_evermani_scaffold_2229	49721	50534	gene-Peve_00015850	.	0
Porites_evermani_scaffold_2229	56215	68839	gene-Peve_00015846	0.5831649867	75
Porites_evermani_scaffold_2229	75153	81914	gene-Peve_00015847	0.1842027701	87
Porites_evermani_scaffold_223	8514	8913	gene-Peve_00015851	.	0
Porites_evermani_scaffold_223	14323	15560	gene-Peve_00015874	8.0163785	6
Porites_evermani_scaffold_223	17546	18635	gene-Peve_00015854	.	0
Porites_evermani_scaffold_223	35118	36207	gene-Peve_00015859	.	0
Porites_evermani_scaffold_223	47651	48035	gene-Peve_00015861	.	0
Porites_evermani_scaffold_223	50955	60442	gene-Peve_00015862	1.221521904	218
Porites_evermani_scaffold_223	71524	73079	gene-Peve_00015864	0.7495590889	45
Porites_evermani_scaffold_223	74361	76061	gene-Peve_00015866	72.22586109	32
Porites_evermani_scaffold_223	76481	79600	gene-Peve_00015867	56	10
Porites_evermani_scaffold_223	80079	83332	gene-Peve_00015868	55.7155958	46
Porites_evermani_scaffold_223	85134	99436	gene-Peve_00015869	36.1015293	89
Porites_evermani_scaffold_223	101272	165104	gene-Peve_00015870	4.630130018	1266
Porites_evermani_scaffold_223	120567	129592	gene-Peve_00015871	0.7273223701	254
Porites_evermani_scaffold_223	137576	145301	gene-Peve_00015872	1.210106943	87
Porites_evermani_scaffold_223	167204	184207	gene-Peve_00015875	63.73133298	238
Porites_evermani_scaffold_223	186484	214923	gene-Peve_00015876	0.385169445	218
Porites_evermani_scaffold_223	223551	224694	gene-Peve_00015877	0	32
Porites_evermani_scaffold_223	231813	232527	gene-Peve_00015878	0	10
Porites_evermani_scaffold_223	236417	241738	gene-Peve_00015880	71.09722644	41
Porites_evermani_scaffold_223	242158	259054	gene-Peve_00015881	30.35390335	251
Porites_evermani_scaffold_223	264251	265785	gene-Peve_00015852	0.4032976765	68
Porites_evermani_scaffold_223	269029	270442	gene-Peve_00015853	.	0
Porites_evermani_scaffold_223	280877	282464	gene-Peve_00015855	0	9
Porites_evermani_scaffold_223	284825	319638	gene-Peve_00015856	12.54697625	820
Porites_evermani_scaffold_223	320039	321667	gene-Peve_00015857	14.57300276	33
Porites_evermani_scaffold_223	332662	349089	gene-Peve_00015858	0.3724963353	331
Porites_evermani_scaffold_223	352264	359145	gene-Peve_00015860	0.1842789694	229
Porites_evermani_scaffold_2230	3779	4883	gene-Peve_00015882	1.923077	4
Porites_evermani_scaffold_2230	32004	34752	gene-Peve_00015888	0.1006036197	71
Porites_evermani_scaffold_2230	35538	48936	gene-Peve_00015883	0.2336897419	155
Porites_evermani_scaffold_2230	50305	53207	gene-Peve_00015886	0	11
Porites_evermani_scaffold_2230	70785	72314	gene-Peve_00015884	0.691933717	53
Porites_evermani_scaffold_2230	79323	81246	gene-Peve_00015887	0.1215191912	68
Porites_evermani_scaffold_2231	470	19674	gene-Peve_00015889	0.3066037736	53
Porites_evermani_scaffold_2231	31174	43525	gene-Peve_00015891	55.07798572	29
Porites_evermani_scaffold_2231	43715	53365	gene-Peve_00015892	44.04546873	37
Porites_evermani_scaffold_2231	56156	58928	gene-Peve_00015893	0.6346729115	113
Porites_evermani_scaffold_2231	66167	70187	gene-Peve_00015894	87.55322455	20
Porites_evermani_scaffold_2231	80615	81524	gene-Peve_00015890	81.25	3
Porites_evermani_scaffold_2232	1015	10871	gene-Peve_00015895	0.5461964717	53
Porites_evermani_scaffold_2232	19379	22793	gene-Peve_00015899	1.278179103	58
Porites_evermani_scaffold_2232	24825	26218	gene-Peve_00015900	1.692307733	15
Porites_evermani_scaffold_2232	29239	62598	gene-Peve_00015901	0.1963350746	536
Porites_evermani_scaffold_2232	50051	50714	gene-Peve_00015896	0	7
Porites_evermani_scaffold_2232	51600	52348	gene-Peve_00015897	.	0
Porites_evermani_scaffold_2232	70553	81648	gene-Peve_00015898	70.31529191	203
Porites_evermani_scaffold_2233	2936	5293	gene-Peve_00015902	2.237762231	13
Porites_evermani_scaffold_2233	17069	21111	gene-Peve_00015903	5.580683638	58
Porites_evermani_scaffold_2233	23510	34789	gene-Peve_00015904	40.12105181	27
Porites_evermani_scaffold_2233	37951	57413	gene-Peve_00015905	10.66893632	76
Porites_evermani_scaffold_2233	72691	76042	gene-Peve_00015906	0.308641963	27
Porites_evermani_scaffold_2234	0	939	gene-Peve_00015907	0	37
Porites_evermani_scaffold_2234	63604	64228	gene-Peve_00015909	0	20
Porites_evermani_scaffold_2235	17279	18899	gene-Peve_00015910	4.984937167	6
Porites_evermani_scaffold_2235	29131	35931	gene-Peve_00015911	0.2406666154	117
Porites_evermani_scaffold_2235	53116	56390	gene-Peve_00015912	0	1
Porites_evermani_scaffold_2235	71243	75059	gene-Peve_00015913	.	0
Porites_evermani_scaffold_2236	15079	17452	gene-Peve_00015917	.	0
Porites_evermani_scaffold_2236	32215	33124	gene-Peve_00015918	.	0
Porites_evermani_scaffold_2236	66981	67566	gene-Peve_00015920	.	0
Porites_evermani_scaffold_2237	475	1197	gene-Peve_00015921	0	8
Porites_evermani_scaffold_2237	7519	8020	gene-Peve_00015923	.	0
Porites_evermani_scaffold_2237	52785	60321	gene-Peve_00015925	0	44
Porites_evermani_scaffold_2237	63405	64787	gene-Peve_00015926	0	7
Porites_evermani_scaffold_2238	13511	22828	gene-Peve_00015928	2.242442091	220
Porites_evermani_scaffold_2238	22873	24658	gene-Peve_00015927	0.16666666	50
Porites_evermani_scaffold_2238	26449	29549	gene-Peve_00015931	0.6919185522	67
Porites_evermani_scaffold_2238	38924	50755	gene-Peve_00015932	0.5302029072	97
Porites_evermani_scaffold_2238	54959	60872	gene-Peve_00015934	0.3818331687	160
Porites_evermani_scaffold_2238	69163	70633	gene-Peve_00015929	1.891025615	13
Porites_evermani_scaffold_2238	71979	74629	gene-Peve_00015933	1.2923812	45
Porites_evermani_scaffold_2238	77636	81608	gene-Peve_00015930	3.210682297	74
Porites_evermani_scaffold_2239	1585	4884	gene-Peve_00015938	0.3732303784	37
Porites_evermani_scaffold_2239	9003	9621	gene-Peve_00015940	.	0
Porites_evermani_scaffold_2239	12018	12663	gene-Peve_00015941	.	0
Porites_evermani_scaffold_2239	15158	15664	gene-Peve_00015942	0	5
Porites_evermani_scaffold_2239	17102	22242	gene-Peve_00015943	0.75591075	120
Porites_evermani_scaffold_2239	25027	40630	gene-Peve_00015935	45.62274488	201
Porites_evermani_scaffold_2239	42422	42959	gene-Peve_00015936	0.2222222333	30
Porites_evermani_scaffold_2239	44562	47777	gene-Peve_00015937	0.8006536	45
Porites_evermani_scaffold_2239	63552	73656	gene-Peve_00015939	0.4859131008	258
Porites_evermani_scaffold_224	30566	40777	gene-Peve_00015948	0	7
Porites_evermani_scaffold_224	42294	43681	gene-Peve_00015958	.	0
Porites_evermani_scaffold_224	61479	62278	gene-Peve_00015944	0.6822190606	33
Porites_evermani_scaffold_224	65237	69410	gene-Peve_00015945	2.253651955	134
Porites_evermani_scaffold_224	84956	96073	gene-Peve_00015946	0.560303101	99
Porites_evermani_scaffold_224	103513	104851	gene-Peve_00015947	0	5
Porites_evermani_scaffold_224	162157	167584	gene-Peve_00015949	0.6946974911	112
Porites_evermani_scaffold_224	163988	165037	gene-Peve_00015950	0.6754048889	27
Porites_evermani_scaffold_224	169231	171392	gene-Peve_00015951	0.509342746	63
Porites_evermani_scaffold_224	175645	176479	gene-Peve_00015952	0.1949317778	27
Porites_evermani_scaffold_224	183219	234014	gene-Peve_00015953	1.180768523	1073
Porites_evermani_scaffold_224	239750	240746	gene-Peve_00015954	0	13
Porites_evermani_scaffold_224	246995	248426	gene-Peve_00015955	0.1831501795	39
Porites_evermani_scaffold_224	252442	272404	gene-Peve_00015956	0.8226617859	355
Porites_evermani_scaffold_224	267531	268544	gene-Peve_00015957	0	14
Porites_evermani_scaffold_224	281978	283052	gene-Peve_00015959	.	0
Porites_evermani_scaffold_224	292240	298742	gene-Peve_00015960	40.26886205	77
Porites_evermani_scaffold_224	298926	305701	gene-Peve_00015961	20.9372499	86
Porites_evermani_scaffold_224	307352	313844	gene-Peve_00015962	0.1921387754	138
Porites_evermani_scaffold_224	316774	319148	gene-Peve_00015963	0.2114164884	43
Porites_evermani_scaffold_224	325757	337690	gene-Peve_00015965	13.55773161	203
Porites_evermani_scaffold_224	340192	347741	gene-Peve_00015966	7.181920117	162
Porites_evermani_scaffold_224	348621	351288	gene-Peve_00015967	0.2083333333	72
Porites_evermani_scaffold_224	355181	358230	gene-Peve_00015968	3.356254143	77
Porites_evermani_scaffold_2240	711	8280	gene-Peve_00015969	1.08663026	73
Porites_evermani_scaffold_2240	25814	26941	gene-Peve_00015970	.	0
Porites_evermani_scaffold_2240	38231	47093	gene-Peve_00015971	.	0
Porites_evermani_scaffold_2240	67287	67590	gene-Peve_00015972	.	0
Porites_evermani_scaffold_2240	69618	70736	gene-Peve_00015973	.	0
Porites_evermani_scaffold_2241	16178	18177	gene-Peve_00015976	.	0
Porites_evermani_scaffold_2241	21706	23783	gene-Peve_00015977	.	0
Porites_evermani_scaffold_2241	33467	41413	gene-Peve_00015978	.	0
Porites_evermani_scaffold_2241	43793	63941	gene-Peve_00015979	0.06203473077	52
Porites_evermani_scaffold_2241	77277	81399	gene-Peve_00015975	.	0
Porites_evermani_scaffold_2242	4317	11620	gene-Peve_00015980	23.98172906	17
Porites_evermani_scaffold_2242	15504	29467	gene-Peve_00015983	4.11225124	50
Porites_evermani_scaffold_2242	48793	54835	gene-Peve_00015984	.	0
Porites_evermani_scaffold_2242	57042	60469	gene-Peve_00015981	.	0
Porites_evermani_scaffold_2242	76237	81886	gene-Peve_00015982	.	0
Porites_evermani_scaffold_2243	3135	10540	gene-Peve_00015985	0.1012731458	144
Porites_evermani_scaffold_2243	21232	36804	gene-Peve_00015992	0.5507551575	438
Porites_evermani_scaffold_2243	37765	49763	gene-Peve_00015986	0.2289660408	147
Porites_evermani_scaffold_2243	52566	54266	gene-Peve_00015987	.	0
Porites_evermani_scaffold_2243	55104	68185	gene-Peve_00015988	65.67519649	77
Porites_evermani_scaffold_2243	68740	70264	gene-Peve_00015989	.	0
Porites_evermani_scaffold_2243	70575	73798	gene-Peve_00015990	.	0
Porites_evermani_scaffold_2243	74185	82593	gene-Peve_00015991	.	0
Porites_evermani_scaffold_2244	1779	13903	gene-Peve_00015993	0.2385415899	278
Porites_evermani_scaffold_2244	14173	18667	gene-Peve_00015994	0.694811955	111
Porites_evermani_scaffold_2244	24499	30326	gene-Peve_00015995	1.176991497	175
Porites_evermani_scaffold_2244	35597	46667	gene-Peve_00015996	0.4357497307	323
Porites_evermani_scaffold_2244	47187	62814	gene-Peve_00015997	31.30298371	183
Porites_evermani_scaffold_2244	68797	77064	gene-Peve_00015998	1.162412015	201
Porites_evermani_scaffold_2245	960	15453	gene-Peve_00015999	0.2903989601	276
Porites_evermani_scaffold_2245	31501	60592	gene-Peve_00016000	23.15177594	468
Porites_evermani_scaffold_2245	65223	66206	gene-Peve_00016001	96.74374239	18
Porites_evermani_scaffold_2245	73147	77064	gene-Peve_00016002	44.58186166	29
Porites_evermani_scaffold_2245	80200	81497	gene-Peve_00016003	96.29629633	3
Porites_evermani_scaffold_2246	1748	4105	gene-Peve_00016008	.	0
Porites_evermani_scaffold_2246	4378	14049	gene-Peve_00016009	60.76402048	29
Porites_evermani_scaffold_2246	16132	19166	gene-Peve_00016010	2.646784348	46
Porites_evermani_scaffold_2246	35788	38781	gene-Peve_00016011	0.1322751296	54
Porites_evermani_scaffold_2246	41526	55557	gene-Peve_00016012	0.777489253	336
Porites_evermani_scaffold_2246	60756	66277	gene-Peve_00016005	24.24388881	73
Porites_evermani_scaffold_2246	67157	79926	gene-Peve_00016006	3.896856118	161
Porites_evermani_scaffold_2246	80140	82535	gene-Peve_00016007	2.826634556	63
Porites_evermani_scaffold_2247	7933	18691	gene-Peve_00016013	0.8131045172	174
Porites_evermani_scaffold_2247	38081	50424	gene-Peve_00016015	0.4825610128	78
Porites_evermani_scaffold_2247	53051	54905	gene-Peve_00016016	0.3292181111	27
Porites_evermani_scaffold_2247	72554	73764	gene-Peve_00016018	0	17
Porites_evermani_scaffold_2248	9214	13014	gene-Peve_00016023	.	0
Porites_evermani_scaffold_2248	19876	21440	gene-Peve_00016024	0	23
Porites_evermani_scaffold_2248	33002	41423	gene-Peve_00016019	0.7782005	118
Porites_evermani_scaffold_2248	55978	58627	gene-Peve_00016020	.	0
Porites_evermani_scaffold_2248	60155	66265	gene-Peve_00016021	.	0
Porites_evermani_scaffold_2249	7012	15200	gene-Peve_00016025	.	0
Porites_evermani_scaffold_2249	17226	27399	gene-Peve_00016026	0	1
Porites_evermani_scaffold_2249	34979	35498	gene-Peve_00016027	0	6
Porites_evermani_scaffold_2249	36793	47287	gene-Peve_00016028	15.44782602	218
Porites_evermani_scaffold_2249	73457	75870	gene-Peve_00016029	1.844275507	69
Porites_evermani_scaffold_225	2366	42725	gene-Peve_00016030	0.5359998264	887
Porites_evermani_scaffold_225	52551	60349	gene-Peve_00016052	24.86398251	74
Porites_evermani_scaffold_225	63932	83081	gene-Peve_00016031	28.15665654	324
Porites_evermani_scaffold_225	88039	107024	gene-Peve_00016032	58.37358871	237
Porites_evermani_scaffold_225	109143	118124	gene-Peve_00016033	0.9573733103	261
Porites_evermani_scaffold_225	118800	124015	gene-Peve_00016034	41.7343509	52
Porites_evermani_scaffold_225	128102	131278	gene-Peve_00016035	42.4649553	47
Porites_evermani_scaffold_225	132994	135467	gene-Peve_00016036	93.08261239	36
Porites_evermani_scaffold_225	137439	151956	gene-Peve_00016037	42.43767776	174
Porites_evermani_scaffold_225	152228	167968	gene-Peve_00016038	51.53084155	103
Porites_evermani_scaffold_225	174416	185626	gene-Peve_00016039	74.44855337	89
Porites_evermani_scaffold_225	191020	214282	gene-Peve_00016040	74.67927068	245
Porites_evermani_scaffold_225	215041	215624	gene-Peve_00016041	84.1447368	5
Porites_evermani_scaffold_225	218584	221031	gene-Peve_00016042	43.92655684	25
Porites_evermani_scaffold_225	221981	225105	gene-Peve_00016043	55.37021917	41
Porites_evermani_scaffold_225	225435	236724	gene-Peve_00016044	64.50682626	135
Porites_evermani_scaffold_225	238981	245966	gene-Peve_00016045	70.80290456	50
Porites_evermani_scaffold_225	247923	273889	gene-Peve_00016046	29.67866858	331
Porites_evermani_scaffold_225	300821	313209	gene-Peve_00016048	42.47796328	149
Porites_evermani_scaffold_225	314318	322012	gene-Peve_00016049	1.028013432	183
Porites_evermani_scaffold_225	329302	330409	gene-Peve_00016050	0	11
Porites_evermani_scaffold_225	345451	346417	gene-Peve_00016053	0	24
Porites_evermani_scaffold_225	354453	354918	gene-Peve_00016054	2	10
Porites_evermani_scaffold_2250	1686	16133	gene-Peve_00016055	66.69500709	111
Porites_evermani_scaffold_2250	22176	33912	gene-Peve_00016059	0.1488181844	141
Porites_evermani_scaffold_2250	38473	65625	gene-Peve_00016056	16.85228778	358
Porites_evermani_scaffold_2250	66074	68736	gene-Peve_00016057	28.20855618	17
Porites_evermani_scaffold_2250	73031	82082	gene-Peve_00016058	1.501807938	130
Porites_evermani_scaffold_2251	992	2377	gene-Peve_00016071	59.63929369	13
Porites_evermani_scaffold_2251	2032	4307	gene-Peve_00016063	57.91486292	12
Porites_evermani_scaffold_2251	9771	10323	gene-Peve_00016072	79.08352577	13
Porites_evermani_scaffold_2251	13441	14447	gene-Peve_00016073	70.95605328	25
Porites_evermani_scaffold_2251	15165	16567	gene-Peve_00016060	66.44083694	16
Porites_evermani_scaffold_2251	43160	43472	gene-Peve_00016061	62.22222233	3
Porites_evermani_scaffold_2251	46183	46825	gene-Peve_00016062	77.92196375	24
Porites_evermani_scaffold_2251	47329	47668	gene-Peve_00016064	5.980392167	6
Porites_evermani_scaffold_2251	65567	65870	gene-Peve_00016066	72.08333325	4
Porites_evermani_scaffold_2251	70965	72580	gene-Peve_00016067	20.833333	1
Porites_evermani_scaffold_2251	73031	73385	gene-Peve_00016068	.	0
Porites_evermani_scaffold_2251	75486	76434	gene-Peve_00016069	35.2262438	15
Porites_evermani_scaffold_2251	78446	79414	gene-Peve_00016070	46.24453947	36
Porites_evermani_scaffold_2252	1324	3049	gene-Peve_00016074	0	6
Porites_evermani_scaffold_2252	6165	32326	gene-Peve_00016078	5.738892439	360
Porites_evermani_scaffold_2252	33918	43185	gene-Peve_00016079	1.13545167	106
Porites_evermani_scaffold_2252	56384	56735	gene-Peve_00016080	.	0
Porites_evermani_scaffold_2252	63468	64047	gene-Peve_00016075	0	12
Porites_evermani_scaffold_2252	77679	78000	gene-Peve_00016076	0	5
Porites_evermani_scaffold_2252	79501	80752	gene-Peve_00016077	0	1
Porites_evermani_scaffold_2253	1760	50464	gene-Peve_00016081	17.68743102	486
Porites_evermani_scaffold_2253	53690	59140	gene-Peve_00016085	0	4
Porites_evermani_scaffold_2253	60723	64128	gene-Peve_00016083	27.9230769	10
Porites_evermani_scaffold_2253	68615	71772	gene-Peve_00016082	14.96367297	32
Porites_evermani_scaffold_2253	74293	82195	gene-Peve_00016084	43.33333325	4
Porites_evermani_scaffold_2254	6866	10225	gene-Peve_00016086	0.3088578077	78
Porites_evermani_scaffold_2254	14967	18799	gene-Peve_00016091	37.91134131	49
Porites_evermani_scaffold_2254	19523	23990	gene-Peve_00016092	34.17765625	63
Porites_evermani_scaffold_2254	26313	53729	gene-Peve_00016087	14.94040246	485
Porites_evermani_scaffold_2254	56348	57068	gene-Peve_00016088	0	12
Porites_evermani_scaffold_2254	59694	61860	gene-Peve_00016089	29.6083916	5
Porites_evermani_scaffold_2254	79284	80031	gene-Peve_00016090	0	30
Porites_evermani_scaffold_2255	6159	7457	gene-Peve_00016093	.	0
Porites_evermani_scaffold_2255	8989	11432	gene-Peve_00016097	.	0
Porites_evermani_scaffold_2255	16808	18106	gene-Peve_00016099	11.11111111	9
Porites_evermani_scaffold_2255	19669	22888	gene-Peve_00016100	55.18312178	45
Porites_evermani_scaffold_2255	24266	25443	gene-Peve_00016101	0	21
Porites_evermani_scaffold_2255	27339	31393	gene-Peve_00016102	0.3935253919	74
Porites_evermani_scaffold_2255	35562	36327	gene-Peve_00016094	0	11
Porites_evermani_scaffold_2255	45981	53399	gene-Peve_00016095	0.9302468033	183
Porites_evermani_scaffold_2255	56181	57162	gene-Peve_00016096	0	36
Porites_evermani_scaffold_2255	81276	81567	gene-Peve_00016098	0	13
Porites_evermani_scaffold_2256	15	465	gene-Peve_00016103	.	0
Porites_evermani_scaffold_2256	24302	27765	gene-Peve_00016106	0	10
Porites_evermani_scaffold_2256	50368	55275	gene-Peve_00016108	0.5092696531	49
Porites_evermani_scaffold_2256	58378	65701	gene-Peve_00016105	0.9183757079	178
Porites_evermani_scaffold_2256	74220	77196	gene-Peve_00016104	0.5917159615	26
Porites_evermani_scaffold_2257	1316	2425	gene-Peve_00016109	0.3452381176	34
Porites_evermani_scaffold_2257	15213	34091	gene-Peve_00016113	15.52321913	309
Porites_evermani_scaffold_2257	34211	38569	gene-Peve_00016114	34.84308745	67
Porites_evermani_scaffold_2257	40362	42516	gene-Peve_00016115	0	64
Porites_evermani_scaffold_2257	58270	59709	gene-Peve_00016110	0.1179245283	53
Porites_evermani_scaffold_2257	64157	69786	gene-Peve_00016111	1.5991448	70
Porites_evermani_scaffold_2258	10170	68149	gene-Peve_00016117	3.759726611	624
Porites_evermani_scaffold_2258	15640	19813	gene-Peve_00016119	0	3
Porites_evermani_scaffold_2258	70283	70837	gene-Peve_00016116	38.78787867	3
Porites_evermani_scaffold_2259	6710	8780	gene-Peve_00016126	0.2591210597	67
Porites_evermani_scaffold_2259	12207	12627	gene-Peve_00016127	.	0
Porites_evermani_scaffold_2259	17097	18201	gene-Peve_00016128	0	33
Porites_evermani_scaffold_2259	31977	32658	gene-Peve_00016121	0	4
Porites_evermani_scaffold_2259	35705	36182	gene-Peve_00016122	0	2
Porites_evermani_scaffold_2259	45562	49583	gene-Peve_00016123	59.25286812	50
Porites_evermani_scaffold_2259	50323	69572	gene-Peve_00016124	37.67622767	317
Porites_evermani_scaffold_2259	71606	81346	gene-Peve_00016125	19.49168303	191
Porites_evermani_scaffold_226	23	2650	gene-Peve_00016129	94.54583877	13
Porites_evermani_scaffold_226	3366	23478	gene-Peve_00016137	44.73975897	93
Porites_evermani_scaffold_226	29927	41081	gene-Peve_00016150	73.37146552	132
Porites_evermani_scaffold_226	45971	47443	gene-Peve_00016130	7.904116391	23
Porites_evermani_scaffold_226	49976	74513	gene-Peve_00016131	69.29506378	160
Porites_evermani_scaffold_226	76315	82533	gene-Peve_00016132	79.56911217	104
Porites_evermani_scaffold_226	88615	98430	gene-Peve_00016133	58.67625202	132
Porites_evermani_scaffold_226	101996	110078	gene-Peve_00016134	37.06322077	65
Porites_evermani_scaffold_226	113156	116284	gene-Peve_00016135	85.32207953	19
Porites_evermani_scaffold_226	126913	136820	gene-Peve_00016136	42.34275141	135
Porites_evermani_scaffold_226	143468	154492	gene-Peve_00016138	0.8055651542	227
Porites_evermani_scaffold_226	156938	170144	gene-Peve_00016139	0.6222132425	301
Porites_evermani_scaffold_226	170996	191523	gene-Peve_00016140	28.7990075	235
Porites_evermani_scaffold_226	196208	208924	gene-Peve_00016141	70.16349613	46
Porites_evermani_scaffold_226	211451	218124	gene-Peve_00016142	3.556739197	71
Porites_evermani_scaffold_226	220984	221368	gene-Peve_00016143	0	5
Porites_evermani_scaffold_226	237317	257922	gene-Peve_00016144	0	4
Porites_evermani_scaffold_226	280490	281104	gene-Peve_00016145	.	0
Porites_evermani_scaffold_226	290299	297476	gene-Peve_00016146	0.4960248364	55
Porites_evermani_scaffold_226	309706	323909	gene-Peve_00016148	71.01976071	49
Porites_evermani_scaffold_226	323949	324693	gene-Peve_00016147	.	0
Porites_evermani_scaffold_226	334647	350701	gene-Peve_00016149	1.384256188	138
Porites_evermani_scaffold_2260	656	14970	gene-Peve_00016151	46.3472891	163
Porites_evermani_scaffold_2260	21395	21947	gene-Peve_00016152	0	5
Porites_evermani_scaffold_2260	27200	43702	gene-Peve_00016153	0.2239532658	79
Porites_evermani_scaffold_2261	19012	20374	gene-Peve_00016157	0	1
Porites_evermani_scaffold_2261	29558	30002	gene-Peve_00016158	0	7
Porites_evermani_scaffold_2261	32868	35497	gene-Peve_00016159	0.2150023913	69
Porites_evermani_scaffold_2261	36677	37305	gene-Peve_00016161	0	23
Porites_evermani_scaffold_2261	55135	56251	gene-Peve_00016155	0	6
Porites_evermani_scaffold_2261	78212	78698	gene-Peve_00016156	22.5	8
Porites_evermani_scaffold_2262	583	4731	gene-Peve_00016162	43.9654693	27
Porites_evermani_scaffold_2262	24409	27661	gene-Peve_00016164	76.45563393	15
Porites_evermani_scaffold_2262	55235	57134	gene-Peve_00016166	74.54255782	44
Porites_evermani_scaffold_2262	57212	57560	gene-Peve_00016167	77.60450325	12
Porites_evermani_scaffold_2262	58110	58706	gene-Peve_00016169	27.90413529	7
Porites_evermani_scaffold_2262	70270	73534	gene-Peve_00016170	53.25841124	46
Porites_evermani_scaffold_2262	76267	78710	gene-Peve_00016171	40.7415601	21
Porites_evermani_scaffold_2262	79291	80765	gene-Peve_00016172	52.5736486	30
Porites_evermani_scaffold_2263	1718	10982	gene-Peve_00016175	0	3
Porites_evermani_scaffold_2263	19498	49458	gene-Peve_00016176	42.47780418	39
Porites_evermani_scaffold_2263	52125	55288	gene-Peve_00016177	30.05393039	38
Porites_evermani_scaffold_2263	67049	74596	gene-Peve_00016178	0.7591583522	159
Porites_evermani_scaffold_2264	15951	31402	gene-Peve_00016179	0	35
Porites_evermani_scaffold_2264	75884	79402	gene-Peve_00016180	0.2891449556	90
Porites_evermani_scaffold_2265	14008	15022	gene-Peve_00016184	5.181388091	11
Porites_evermani_scaffold_2265	54865	72679	gene-Peve_00016181	21.94843661	146
Porites_evermani_scaffold_2266	5031	7368	gene-Peve_00016188	31.03382083	48
Porites_evermani_scaffold_2266	18420	20138	gene-Peve_00016194	25.04442422	32
Porites_evermani_scaffold_2266	44390	45710	gene-Peve_00016187	30.3846155	2
Porites_evermani_scaffold_2266	67675	70725	gene-Peve_00016192	71.02012018	107
Porites_evermani_scaffold_2266	67800	68298	gene-Peve_00016193	68.87930264	11
Porites_evermani_scaffold_2266	71101	71683	gene-Peve_00016191	48.302139	4
Porites_evermani_scaffold_2267	8587	10882	gene-Peve_00016195	0.2960157222	72
Porites_evermani_scaffold_2267	38251	75109	gene-Peve_00016197	0.8975800285	1088
Porites_evermani_scaffold_2267	79207	80576	gene-Peve_00016196	0.115207371	62
Porites_evermani_scaffold_2268	2	13072	gene-Peve_00016198	2.309095305	197
Porites_evermani_scaffold_2268	15183	16197	gene-Peve_00016200	0.41666665	20
Porites_evermani_scaffold_2268	18906	25720	gene-Peve_00016201	38.74967576	93
Porites_evermani_scaffold_2268	30885	32232	gene-Peve_00016202	0.2856433115	61
Porites_evermani_scaffold_2268	41058	66604	gene-Peve_00016203	7.077095177	361
Porites_evermani_scaffold_2268	71236	81168	gene-Peve_00016199	0.5308977383	149
Porites_evermani_scaffold_2269	5429	7819	gene-Peve_00016207	79.668386	30
Porites_evermani_scaffold_2269	36317	36931	gene-Peve_00016204	.	0
Porites_evermani_scaffold_2269	40968	53862	gene-Peve_00016205	0.4371414717	53
Porites_evermani_scaffold_2269	58670	71340	gene-Peve_00016206	0	1
Porites_evermani_scaffold_227	2293	23136	gene-Peve_00016213	9.803966012	167
Porites_evermani_scaffold_227	24163	32751	gene-Peve_00016214	0.4547060746	228
Porites_evermani_scaffold_227	35205	45876	gene-Peve_00016215	0.4792082955	44
Porites_evermani_scaffold_227	48865	49453	gene-Peve_00016208	0	25
Porites_evermani_scaffold_227	50001	50535	gene-Peve_00016209	0.7575757391	23
Porites_evermani_scaffold_227	54462	62836	gene-Peve_00016210	0.6022826111	216
Porites_evermani_scaffold_227	64090	64534	gene-Peve_00016211	0	12
Porites_evermani_scaffold_227	82051	89208	gene-Peve_00016212	0.7995541719	221
Porites_evermani_scaffold_227	92687	93200	gene-Peve_00016216	0	12
Porites_evermani_scaffold_227	100970	106402	gene-Peve_00016217	.	0
Porites_evermani_scaffold_227	111090	120644	gene-Peve_00016218	0	11
Porites_evermani_scaffold_227	123873	135474	gene-Peve_00016219	0.4640787233	159
Porites_evermani_scaffold_227	141737	158322	gene-Peve_00016220	1.53970873	392
Porites_evermani_scaffold_227	162779	163796	gene-Peve_00016221	0.2564102564	39
Porites_evermani_scaffold_227	170609	174063	gene-Peve_00016222	0.4072113191	94
Porites_evermani_scaffold_227	199048	204339	gene-Peve_00016223	0.5050505	18
Porites_evermani_scaffold_227	204833	225746	gene-Peve_00016224	0.2112135161	62
Porites_evermani_scaffold_227	231147	231885	gene-Peve_00016226	0	13
Porites_evermani_scaffold_227	236934	238362	gene-Peve_00016227	0	14
Porites_evermani_scaffold_227	248172	249956	gene-Peve_00016228	0.2534347143	42
Porites_evermani_scaffold_227	252932	258463	gene-Peve_00016229	0	10
Porites_evermani_scaffold_227	261375	268564	gene-Peve_00016230	0.7575757576	33
Porites_evermani_scaffold_227	273377	275016	gene-Peve_00016231	4.044117667	3
Porites_evermani_scaffold_227	278179	284844	gene-Peve_00016232	0	15
Porites_evermani_scaffold_227	287368	302689	gene-Peve_00016233	1.360223323	96
Porites_evermani_scaffold_227	309495	311326	gene-Peve_00016234	0	4
Porites_evermani_scaffold_227	315552	316416	gene-Peve_00016235	0	6
Porites_evermani_scaffold_227	320765	321191	gene-Peve_00016236	.	0
Porites_evermani_scaffold_227	322472	325362	gene-Peve_00016237	.	0
Porites_evermani_scaffold_227	335421	337794	gene-Peve_00016238	.	0
Porites_evermani_scaffold_227	341341	348108	gene-Peve_00016239	81.28603153	30
Porites_evermani_scaffold_227	351044	356744	gene-Peve_00016240	83.97940359	61
Porites_evermani_scaffold_2270	16372	17871	gene-Peve_00016241	28.10681406	17
Porites_evermani_scaffold_2270	29933	66304	gene-Peve_00016245	9.376903651	527
Porites_evermani_scaffold_2270	67562	69612	gene-Peve_00016242	27.08333333	3
Porites_evermani_scaffold_2270	73520	76935	gene-Peve_00016243	29.06641745	29
Porites_evermani_scaffold_2271	8869	35526	gene-Peve_00016247	0	26
Porites_evermani_scaffold_2271	26862	29344	gene-Peve_00016246	.	0
Porites_evermani_scaffold_2271	69848	74917	gene-Peve_00016248	.	0
Porites_evermani_scaffold_2271	74916	76107	gene-Peve_00016249	.	0
Porites_evermani_scaffold_2271	80016	80619	gene-Peve_00016250	59.21892129	24
Porites_evermani_scaffold_2272	8245	8560	gene-Peve_00016251	4.813661308	13
Porites_evermani_scaffold_2272	22171	50632	gene-Peve_00016252	11.61644112	104
Porites_evermani_scaffold_2273	6370	9576	gene-Peve_00016258	0	35
Porites_evermani_scaffold_2273	13119	28010	gene-Peve_00016257	0.5115979071	226
Porites_evermani_scaffold_2273	30360	44550	gene-Peve_00016259	0.1403508842	95
Porites_evermani_scaffold_2273	57326	59774	gene-Peve_00016253	0.4901960588	17
Porites_evermani_scaffold_2273	70088	71216	gene-Peve_00016254	0	17
Porites_evermani_scaffold_2273	77002	79606	gene-Peve_00016255	0	16
Porites_evermani_scaffold_2274	1250	5210	gene-Peve_00016261	5.245244813	155
Porites_evermani_scaffold_2274	24171	36564	gene-Peve_00016262	0.4634711139	316
Porites_evermani_scaffold_2274	46471	60108	gene-Peve_00016263	1.693925426	230
Porites_evermani_scaffold_2275	14549	20998	gene-Peve_00016265	0.39433622	150
Porites_evermani_scaffold_2275	36524	43504	gene-Peve_00016267	1.727115954	152
Porites_evermani_scaffold_2275	51004	61933	gene-Peve_00016266	49.41364321	139
Porites_evermani_scaffold_2275	65209	76573	gene-Peve_00016268	14.73183892	216
Porites_evermani_scaffold_2276	10701	11754	gene-Peve_00016269	0	4
Porites_evermani_scaffold_2276	19055	20955	gene-Peve_00016273	1.140350889	18
Porites_evermani_scaffold_2276	21435	24718	gene-Peve_00016276	22	5
Porites_evermani_scaffold_2276	26041	27220	gene-Peve_00016277	.	0
Porites_evermani_scaffold_2276	29876	31087	gene-Peve_00016278	0	7
Porites_evermani_scaffold_2276	52318	54323	gene-Peve_00016270	.	0
Porites_evermani_scaffold_2276	59139	64587	gene-Peve_00016271	.	0
Porites_evermani_scaffold_2276	65325	67054	gene-Peve_00016272	42.094884	6
Porites_evermani_scaffold_2276	73523	75750	gene-Peve_00016275	22.75224782	11
Porites_evermani_scaffold_2277	171	1686	gene-Peve_00016279	0	17
Porites_evermani_scaffold_2277	19603	20101	gene-Peve_00016280	14.0866875	4
Porites_evermani_scaffold_2277	30472	30829	gene-Peve_00016281	.	0
Porites_evermani_scaffold_2277	44433	49071	gene-Peve_00016282	0.580311771	131
Porites_evermani_scaffold_2277	53795	55664	gene-Peve_00016283	89.85795458	12
Porites_evermani_scaffold_2277	57690	61410	gene-Peve_00016284	0.3205128333	24
Porites_evermani_scaffold_2277	61780	78325	gene-Peve_00016285	65.35366365	213
Porites_evermani_scaffold_2278	29206	29646	gene-Peve_00016288	0	4
Porites_evermani_scaffold_2278	54546	72207	gene-Peve_00016286	7.621924497	147
Porites_evermani_scaffold_2278	78805	80743	gene-Peve_00016287	2.194399804	46
Porites_evermani_scaffold_2279	7837	9116	gene-Peve_00016289	0.1984127143	28
Porites_evermani_scaffold_2279	17382	18688	gene-Peve_00016292	0.2100840357	28
Porites_evermani_scaffold_2279	27745	28791	gene-Peve_00016295	.	0
Porites_evermani_scaffold_2279	33985	34918	gene-Peve_00016290	0	2
Porites_evermani_scaffold_2279	35818	37291	gene-Peve_00016291	.	0
Porites_evermani_scaffold_2279	51924	55670	gene-Peve_00016293	0	8
Porites_evermani_scaffold_2279	60489	77412	gene-Peve_00016294	0.5519548298	47
Porites_evermani_scaffold_228	5258	5690	gene-Peve_00016296	.	0
Porites_evermani_scaffold_228	11280	17042	gene-Peve_00016300	0.4377104444	36
Porites_evermani_scaffold_228	31810	36855	gene-Peve_00016308	0.6128177248	149
Porites_evermani_scaffold_228	37988	44618	gene-Peve_00016318	1.728685799	154
Porites_evermani_scaffold_228	82673	94426	gene-Peve_00016297	1.154199838	291
Porites_evermani_scaffold_228	114306	114675	gene-Peve_00016298	0	7
Porites_evermani_scaffold_228	133193	134937	gene-Peve_00016299	1.6666666	5
Porites_evermani_scaffold_228	137988	139612	gene-Peve_00016301	.	0
Porites_evermani_scaffold_228	143214	156098	gene-Peve_00016302	0.2083927901	262
Porites_evermani_scaffold_228	159888	160275	gene-Peve_00016303	.	0
Porites_evermani_scaffold_228	161081	169960	gene-Peve_00016304	0.6845524271	192
Porites_evermani_scaffold_228	179119	181206	gene-Peve_00016305	1.350316357	28
Porites_evermani_scaffold_228	188847	189877	gene-Peve_00016306	14.479638	13
Porites_evermani_scaffold_228	194262	209938	gene-Peve_00016307	51.25731256	222
Porites_evermani_scaffold_228	212590	219212	gene-Peve_00016309	0.1133786939	49
Porites_evermani_scaffold_228	219305	239509	gene-Peve_00016310	25.92511854	155
Porites_evermani_scaffold_228	243758	244712	gene-Peve_00016311	0	5
Porites_evermani_scaffold_228	248196	248703	gene-Peve_00016312	0.1893939545	22
Porites_evermani_scaffold_228	253200	254154	gene-Peve_00016313	1.856764	6
Porites_evermani_scaffold_228	262742	264092	gene-Peve_00016314	0.2412075926	54
Porites_evermani_scaffold_228	266871	276004	gene-Peve_00016315	59.46769779	163
Porites_evermani_scaffold_228	276088	281845	gene-Peve_00016316	48.00723224	50
Porites_evermani_scaffold_228	286470	312010	gene-Peve_00016317	0.4340287955	528
Porites_evermani_scaffold_228	323482	325973	gene-Peve_00016319	34.83717809	66
Porites_evermani_scaffold_228	328828	329161	gene-Peve_00016320	0	2
Porites_evermani_scaffold_228	354309	356610	gene-Peve_00016321	0	2
Porites_evermani_scaffold_2280	172	993	gene-Peve_00016322	91.54003423	22
Porites_evermani_scaffold_2280	7092	21567	gene-Peve_00016323	7.763250987	225
Porites_evermani_scaffold_2280	26415	33442	gene-Peve_00016327	0	4
Porites_evermani_scaffold_2280	62219	68356	gene-Peve_00016324	0.51968865	40
Porites_evermani_scaffold_2281	55508	59070	gene-Peve_00016328	0	21
Porites_evermani_scaffold_2281	67430	68399	gene-Peve_00016329	.	0
Porites_evermani_scaffold_2281	69620	70634	gene-Peve_00016330	0	3
Porites_evermani_scaffold_2282	7230	23047	gene-Peve_00016332	0.40476191	100
Porites_evermani_scaffold_2282	26726	28923	gene-Peve_00016333	0.8072916875	16
Porites_evermani_scaffold_2282	51951	54516	gene-Peve_00016334	1.027942491	57
Porites_evermani_scaffold_2283	34	556	gene-Peve_00016335	0	12
Porites_evermani_scaffold_2283	7263	15602	gene-Peve_00016338	69.45789001	75
Porites_evermani_scaffold_2283	15776	16232	gene-Peve_00016339	0	11
Porites_evermani_scaffold_2283	25905	26277	gene-Peve_00016340	0.3846153846	13
Porites_evermani_scaffold_2283	46288	46789	gene-Peve_00016341	.	0
Porites_evermani_scaffold_2283	49533	49869	gene-Peve_00016336	.	0
Porites_evermani_scaffold_2283	50750	54728	gene-Peve_00016337	0	4
Porites_evermani_scaffold_2284	5476	7055	gene-Peve_00016342	0	6
Porites_evermani_scaffold_2284	7742	9267	gene-Peve_00016345	0.6060606364	11
Porites_evermani_scaffold_2284	13716	27061	gene-Peve_00016346	3.8530875	298
Porites_evermani_scaffold_2284	62826	77038	gene-Peve_00016344	8.106989351	191
Porites_evermani_scaffold_2285	1091	1661	gene-Peve_00016347	0	6
Porites_evermani_scaffold_2285	1664	2633	gene-Peve_00016348	0	2
Porites_evermani_scaffold_2285	24807	25203	gene-Peve_00016353	0	14
Porites_evermani_scaffold_2285	29418	71137	gene-Peve_00016349	0.6310419003	1053
Porites_evermani_scaffold_2285	66087	70568	gene-Peve_00016351	0.459437559	161
Porites_evermani_scaffold_2286	33614	34407	gene-Peve_00016356	.	0
Porites_evermani_scaffold_2286	33833	37889	gene-Peve_00016355	2.5573278	20
Porites_evermani_scaffold_2286	46561	78195	gene-Peve_00016357	13.30269366	235
Porites_evermani_scaffold_2287	5180	23950	gene-Peve_00016359	0.5882352941	51
Porites_evermani_scaffold_2287	57772	59160	gene-Peve_00016360	.	0
Porites_evermani_scaffold_2287	60408	74938	gene-Peve_00016361	21.16724591	267
Porites_evermani_scaffold_2287	76691	79916	gene-Peve_00016362	0.6060606	60
Porites_evermani_scaffold_2288	2267	16336	gene-Peve_00016364	0.5533381698	53
Porites_evermani_scaffold_2288	57887	66110	gene-Peve_00016366	0.3618711359	103
Porites_evermani_scaffold_2289	24248	24617	gene-Peve_00016370	.	0
Porites_evermani_scaffold_2289	28644	32928	gene-Peve_00016371	0	19
Porites_evermani_scaffold_2289	63163	63613	gene-Peve_00016372	0	9
Porites_evermani_scaffold_2289	76142	78448	gene-Peve_00016369	1.007650027	37
Porites_evermani_scaffold_229	726	14789	gene-Peve_00016373	24.27375962	188
Porites_evermani_scaffold_229	17395	24412	gene-Peve_00016376	49.59175474	77
Porites_evermani_scaffold_229	27945	34444	gene-Peve_00016379	0.4758887	160
Porites_evermani_scaffold_229	36614	38234	gene-Peve_00016389	20.22343252	31
Porites_evermani_scaffold_229	45472	63390	gene-Peve_00016403	5.788168086	383
Porites_evermani_scaffold_229	63944	65786	gene-Peve_00016374	32.18454648	27
Porites_evermani_scaffold_229	73495	92281	gene-Peve_00016375	69.4136197	183
Porites_evermani_scaffold_229	92330	93861	gene-Peve_00016377	34.02115256	16
Porites_evermani_scaffold_229	97026	101118	gene-Peve_00016378	69.02250177	64
Porites_evermani_scaffold_229	104107	108419	gene-Peve_00016380	0.5666080741	135
Porites_evermani_scaffold_229	112796	113789	gene-Peve_00016382	35.8158508	10
Porites_evermani_scaffold_229	117101	117951	gene-Peve_00016383	.	0
Porites_evermani_scaffold_229	127633	139401	gene-Peve_00016381	0.1557852585	147
Porites_evermani_scaffold_229	132222	133032	gene-Peve_00016384	0	11
Porites_evermani_scaffold_229	147318	157862	gene-Peve_00016385	0.4766657	120
Porites_evermani_scaffold_229	162812	163226	gene-Peve_00016387	2.631579	2
Porites_evermani_scaffold_229	163673	164147	gene-Peve_00016388	.	0
Porites_evermani_scaffold_229	168802	172349	gene-Peve_00016392	1.582991103	29
Porites_evermani_scaffold_229	172369	173014	gene-Peve_00016393	0.3246753571	14
Porites_evermani_scaffold_229	173607	175847	gene-Peve_00016394	2.386587769	13
Porites_evermani_scaffold_229	176135	179710	gene-Peve_00016395	0	1
Porites_evermani_scaffold_229	181264	187551	gene-Peve_00016396	0.3082125625	160
Porites_evermani_scaffold_229	220307	246370	gene-Peve_00016397	6.372548941	17
Porites_evermani_scaffold_229	257489	262788	gene-Peve_00016399	0	1
Porites_evermani_scaffold_229	263040	307394	gene-Peve_00016400	0.4645206291	666
Porites_evermani_scaffold_229	278358	281762	gene-Peve_00016401	0.6770833438	32
Porites_evermani_scaffold_229	293331	294574	gene-Peve_00016402	0.69793104	25
Porites_evermani_scaffold_229	327122	330829	gene-Peve_00016404	0.1353622136	103
Porites_evermani_scaffold_2290	47	959	gene-Peve_00016405	.	0
Porites_evermani_scaffold_2290	7113	7692	gene-Peve_00016411	.	0
Porites_evermani_scaffold_2290	19163	43442	gene-Peve_00016408	3.580848947	57
Porites_evermani_scaffold_2291	9700	12643	gene-Peve_00016418	0.8292987115	52
Porites_evermani_scaffold_2291	41534	44393	gene-Peve_00016412	0	4
Porites_evermani_scaffold_2291	47554	48097	gene-Peve_00016413	0.5494505385	13
Porites_evermani_scaffold_2291	49903	51934	gene-Peve_00016415	0.5263157895	19
Porites_evermani_scaffold_2291	54451	54997	gene-Peve_00016416	0	20
Porites_evermani_scaffold_2291	67962	80402	gene-Peve_00016417	55.37805431	147
Porites_evermani_scaffold_2292	1147	1724	gene-Peve_00016419	.	0
Porites_evermani_scaffold_2292	42832	50496	gene-Peve_00016423	0	54
Porites_evermani_scaffold_2292	57634	59572	gene-Peve_00016424	.	0
Porites_evermani_scaffold_2292	67223	69526	gene-Peve_00016420	1.24272693	43
Porites_evermani_scaffold_2292	75110	79217	gene-Peve_00016421	0	1
Porites_evermani_scaffold_2293	564	5660	gene-Peve_00016425	82.17446295	19
Porites_evermani_scaffold_2293	7230	10766	gene-Peve_00016432	14.28745694	78
Porites_evermani_scaffold_2293	11207	12368	gene-Peve_00016433	27.92680033	21
Porites_evermani_scaffold_2293	14566	20297	gene-Peve_00016426	0.9077895882	136
Porites_evermani_scaffold_2293	21964	31933	gene-Peve_00016427	43.04249262	66
Porites_evermani_scaffold_2293	32617	35389	gene-Peve_00016428	6.141774875	8
Porites_evermani_scaffold_2293	38773	42707	gene-Peve_00016429	0.1322751296	54
Porites_evermani_scaffold_2293	70872	72325	gene-Peve_00016431	0.3846153913	46
Porites_evermani_scaffold_2293	74283	75917	gene-Peve_00016430	0.4517169123	57
Porites_evermani_scaffold_2294	6438	13540	gene-Peve_00016438	70.35437527	59
Porites_evermani_scaffold_2294	15448	17509	gene-Peve_00016439	35.07001773	26
Porites_evermani_scaffold_2294	21114	24900	gene-Peve_00016440	83.4252355	14
Porites_evermani_scaffold_2294	27753	35406	gene-Peve_00016434	81.22346707	29
Porites_evermani_scaffold_2294	36647	38640	gene-Peve_00016435	45.45454545	11
Porites_evermani_scaffold_2294	38937	62294	gene-Peve_00016436	17.92635194	267
Porites_evermani_scaffold_2294	68155	79623	gene-Peve_00016437	78.58922276	181
Porites_evermani_scaffold_2295	12618	25395	gene-Peve_00016444	48.87411848	61
Porites_evermani_scaffold_2295	22863	34179	gene-Peve_00016441	0	4
Porites_evermani_scaffold_2295	34750	36061	gene-Peve_00016446	.	0
Porites_evermani_scaffold_2295	38585	39056	gene-Peve_00016447	.	0
Porites_evermani_scaffold_2295	41047	42230	gene-Peve_00016448	.	0
Porites_evermani_scaffold_2295	42899	43788	gene-Peve_00016442	.	0
Porites_evermani_scaffold_2295	48302	48733	gene-Peve_00016443	.	0
Porites_evermani_scaffold_2295	69739	77553	gene-Peve_00016445	1.019819094	224
Porites_evermani_scaffold_2296	28012	31366	gene-Peve_00016453	0.931035697	66
Porites_evermani_scaffold_2296	63926	65438	gene-Peve_00016450	10.00394283	12
Porites_evermani_scaffold_2296	65532	68104	gene-Peve_00016451	35.82554612	25
Porites_evermani_scaffold_2296	69733	72939	gene-Peve_00016452	0.8637260308	65
Porites_evermani_scaffold_2297	12862	46119	gene-Peve_00016456	19.45295298	194
Porites_evermani_scaffold_2297	49754	79803	gene-Peve_00016457	41.05322312	194
Porites_evermani_scaffold_2298	7460	14237	gene-Peve_00016458	31.69261786	21
Porites_evermani_scaffold_2298	19186	46174	gene-Peve_00016459	0.1655939912	226
Porites_evermani_scaffold_2298	52159	60267	gene-Peve_00016460	0.2349048563	160
Porites_evermani_scaffold_2298	65391	69176	gene-Peve_00016461	0.2242714098	122
Porites_evermani_scaffold_2298	72720	77274	gene-Peve_00016462	1.058012105	105
Porites_evermani_scaffold_2299	5039	15086	gene-Peve_00016463	67.30573819	135
Porites_evermani_scaffold_2299	27228	30887	gene-Peve_00016470	0	47
Porites_evermani_scaffold_2299	32853	33116	gene-Peve_00016471	.	0
Porites_evermani_scaffold_2299	33944	34318	gene-Peve_00016472	.	0
Porites_evermani_scaffold_2299	42086	47370	gene-Peve_00016464	72.75261781	58
Porites_evermani_scaffold_2299	48881	51147	gene-Peve_00016465	20.11746579	19
Porites_evermani_scaffold_2299	51532	56982	gene-Peve_00016466	61.421234	51
Porites_evermani_scaffold_2299	59918	62914	gene-Peve_00016467	53.5939908	35
Porites_evermani_scaffold_2299	63262	68617	gene-Peve_00016468	16.76057915	52
Porites_evermani_scaffold_2299	75683	80075	gene-Peve_00016469	0.1602564167	48
Porites_evermani_scaffold_23	25278	30804	gene-Peve_00016515	0.7384109505	101
Porites_evermani_scaffold_23	30767	33576	gene-Peve_00016531	0.7952008704	54
Porites_evermani_scaffold_23	31326	31527	gene-Peve_00016533	0	9
Porites_evermani_scaffold_23	34406	35531	gene-Peve_00016540	92.31375769	13
Porites_evermani_scaffold_23	36868	51815	gene-Peve_00016475	26.0544128	249
Porites_evermani_scaffold_23	57318	84904	gene-Peve_00016483	14.32591934	426
Porites_evermani_scaffold_23	78823	80926	gene-Peve_00016488	76.10095356	18
Porites_evermani_scaffold_23	85101	96445	gene-Peve_00016494	70.89981559	131
Porites_evermani_scaffold_23	99541	101500	gene-Peve_00016507	0	56
Porites_evermani_scaffold_23	118769	121149	gene-Peve_00016516	0.3205548205	78
Porites_evermani_scaffold_23	125215	127191	gene-Peve_00016522	0.6410256538	26
Porites_evermani_scaffold_23	130075	131431	gene-Peve_00016527	2.492169941	34
Porites_evermani_scaffold_23	134687	139901	gene-Peve_00016528	0.3269066176	102
Porites_evermani_scaffold_23	142924	148401	gene-Peve_00016529	0.4114281064	94
Porites_evermani_scaffold_23	149547	151242	gene-Peve_00016530	.	0
Porites_evermani_scaffold_23	153556	161483	gene-Peve_00016532	0.579993023	217
Porites_evermani_scaffold_23	165453	166335	gene-Peve_00016534	0.2304147419	31
Porites_evermani_scaffold_23	169588	171828	gene-Peve_00016535	0.1398601455	55
Porites_evermani_scaffold_23	175246	176871	gene-Peve_00016536	61.79993625	12
Porites_evermani_scaffold_23	190204	194619	gene-Peve_00016537	54.80175106	142
Porites_evermani_scaffold_23	198409	213142	gene-Peve_00016538	0.6195500872	367
Porites_evermani_scaffold_23	215641	217701	gene-Peve_00016539	0	46
Porites_evermani_scaffold_23	218803	220345	gene-Peve_00016541	0.09643201639	61
Porites_evermani_scaffold_23	221804	223209	gene-Peve_00016542	14.56630322	23
Porites_evermani_scaffold_23	225120	242824	gene-Peve_00016543	16.5444505	362
Porites_evermani_scaffold_23	245383	253885	gene-Peve_00016544	0.3541353879	232
Porites_evermani_scaffold_23	254084	273749	gene-Peve_00016545	1.961580466	461
Porites_evermani_scaffold_23	258999	259601	gene-Peve_00016546	33.25412058	12
Porites_evermani_scaffold_23	277071	277590	gene-Peve_00016547	0.36363636	25
Porites_evermani_scaffold_23	292132	292936	gene-Peve_00016548	89.45778973	15
Porites_evermani_scaffold_23	294694	311382	gene-Peve_00016549	16.2602411	165
Porites_evermani_scaffold_23	312772	322157	gene-Peve_00016550	12.0978217	168
Porites_evermani_scaffold_23	323585	329973	gene-Peve_00016476	0.06506651316	228
Porites_evermani_scaffold_23	333046	344146	gene-Peve_00016477	34.13400126	136
Porites_evermani_scaffold_23	348045	355313	gene-Peve_00016478	1.188251508	191
Porites_evermani_scaffold_23	362197	373492	gene-Peve_00016479	3.723453864	184
Porites_evermani_scaffold_23	387762	398878	gene-Peve_00016480	0.2537461783	359
Porites_evermani_scaffold_23	408462	413669	gene-Peve_00016481	1.309563601	143
Porites_evermani_scaffold_23	422146	429510	gene-Peve_00016482	0.03012048193	166
Porites_evermani_scaffold_23	440626	449244	gene-Peve_00016484	0.1886022944	180
Porites_evermani_scaffold_23	460509	462278	gene-Peve_00016485	1.404489805	41
Porites_evermani_scaffold_23	485698	501317	gene-Peve_00016486	2.88655909	355
Porites_evermani_scaffold_23	501546	506812	gene-Peve_00016487	57.3936947	69
Porites_evermani_scaffold_23	509830	513925	gene-Peve_00016489	0.3800440714	112
Porites_evermani_scaffold_23	518126	526386	gene-Peve_00016490	0.568650605	238
Porites_evermani_scaffold_23	529024	533913	gene-Peve_00016491	1.488514248	117
Porites_evermani_scaffold_23	537379	547333	gene-Peve_00016493	44.20339426	74
Porites_evermani_scaffold_23	547355	568623	gene-Peve_00016492	42.97673817	153
Porites_evermani_scaffold_23	556804	557302	gene-Peve_00016495	73.611111	4
Porites_evermani_scaffold_23	583680	585141	gene-Peve_00016497	0	17
Porites_evermani_scaffold_23	587283	588198	gene-Peve_00016498	.	0
Porites_evermani_scaffold_23	607298	620990	gene-Peve_00016500	1.464845497	376
Porites_evermani_scaffold_23	622563	623024	gene-Peve_00016501	0.7631257619	21
Porites_evermani_scaffold_23	623263	655311	gene-Peve_00016502	0.7939451485	660
Porites_evermani_scaffold_23	662428	668178	gene-Peve_00016503	0.04246284713	157
Porites_evermani_scaffold_23	676292	678447	gene-Peve_00016504	1.60071671	69
Porites_evermani_scaffold_23	681168	682133	gene-Peve_00016506	0	17
Porites_evermani_scaffold_23	686671	687700	gene-Peve_00016508	2.430410515	33
Porites_evermani_scaffold_23	693472	694420	gene-Peve_00016509	0.8669108462	39
Porites_evermani_scaffold_23	695349	701557	gene-Peve_00016510	0.1660078322	149
Porites_evermani_scaffold_23	708395	722800	gene-Peve_00016511	49.48962981	186
Porites_evermani_scaffold_23	736965	745087	gene-Peve_00016513	1.54655172	157
Porites_evermani_scaffold_23	758885	775803	gene-Peve_00016514	20.08380194	160
Porites_evermani_scaffold_23	805365	809559	gene-Peve_00016517	0.4828719928	139
Porites_evermani_scaffold_23	818375	822740	gene-Peve_00016518	77.02971445	44
Porites_evermani_scaffold_23	831310	831946	gene-Peve_00016519	84.31401933	6
Porites_evermani_scaffold_23	834055	840895	gene-Peve_00016520	0.5191854839	217
Porites_evermani_scaffold_23	847758	868916	gene-Peve_00016521	23.14239761	361
Porites_evermani_scaffold_23	877715	889568	gene-Peve_00016523	46.39137046	68
Porites_evermani_scaffold_23	902237	912307	gene-Peve_00016524	3.975546662	71
Porites_evermani_scaffold_23	921028	932726	gene-Peve_00016525	14.09978363	199
Porites_evermani_scaffold_23	956889	964113	gene-Peve_00016526	0.5681818148	27
Porites_evermani_scaffold_230	2150	3395	gene-Peve_00016554	.	0
Porites_evermani_scaffold_230	12307	19303	gene-Peve_00016557	0.2454118592	71
Porites_evermani_scaffold_230	36160	38227	gene-Peve_00016558	3.333333333	3
Porites_evermani_scaffold_230	60752	65659	gene-Peve_00016553	0.6188990893	112
Porites_evermani_scaffold_230	81180	116306	gene-Peve_00016555	0.5409487324	512
Porites_evermani_scaffold_230	92006	92605	gene-Peve_00016556	0	1
Porites_evermani_scaffold_230	121021	126494	gene-Peve_00016559	0.8259180722	97
Porites_evermani_scaffold_230	126590	144146	gene-Peve_00016560	57.03760725	130
Porites_evermani_scaffold_230	147732	155084	gene-Peve_00016561	26.25541126	19
Porites_evermani_scaffold_230	169030	185013	gene-Peve_00016562	0.4177554722	413
Porites_evermani_scaffold_230	188564	194878	gene-Peve_00016563	60.42736676	101
Porites_evermani_scaffold_230	198272	199898	gene-Peve_00016565	0.1077586207	58
Porites_evermani_scaffold_230	210602	227776	gene-Peve_00016564	9.185576306	98
Porites_evermani_scaffold_230	233183	234893	gene-Peve_00016566	0.8264462727	11
Porites_evermani_scaffold_230	235178	240566	gene-Peve_00016567	27.62789412	76
Porites_evermani_scaffold_230	241836	250546	gene-Peve_00016568	68.03941164	14
Porites_evermani_scaffold_230	271155	271953	gene-Peve_00016570	1.559889194	36
Porites_evermani_scaffold_230	278506	279088	gene-Peve_00016571	0	14
Porites_evermani_scaffold_230	283664	288428	gene-Peve_00016572	.	0
Porites_evermani_scaffold_230	301889	309531	gene-Peve_00016573	0.8952540204	147
Porites_evermani_scaffold_230	316157	317915	gene-Peve_00016574	2	5
Porites_evermani_scaffold_230	322946	329224	gene-Peve_00016551	0.1709091585	82
Porites_evermani_scaffold_230	333220	336371	gene-Peve_00016552	0	13
Porites_evermani_scaffold_2300	12624	15875	gene-Peve_00016579	37.49168065	49
Porites_evermani_scaffold_2300	15967	40533	gene-Peve_00016580	8.262293493	509
Porites_evermani_scaffold_2300	42234	46285	gene-Peve_00016575	0.4656618904	146
Porites_evermani_scaffold_2300	47754	49243	gene-Peve_00016576	0	39
Porites_evermani_scaffold_2300	54890	79535	gene-Peve_00016577	6.532856394	368
Porites_evermani_scaffold_2300	75200	76270	gene-Peve_00016578	0.36871025	56
Porites_evermani_scaffold_2301	5567	10830	gene-Peve_00016581	31.38009577	39
Porites_evermani_scaffold_2301	15260	18967	gene-Peve_00016587	0.1116071406	64
Porites_evermani_scaffold_2301	24244	28079	gene-Peve_00016588	0	8
Porites_evermani_scaffold_2301	32190	37285	gene-Peve_00016589	0.79939835	80
Porites_evermani_scaffold_2301	40596	44723	gene-Peve_00016582	47.49824057	30
Porites_evermani_scaffold_2301	46760	50626	gene-Peve_00016583	.	0
Porites_evermani_scaffold_2301	61114	61858	gene-Peve_00016585	.	0
Porites_evermani_scaffold_2301	71479	71884	gene-Peve_00016586	0	1
Porites_evermani_scaffold_2302	657	1581	gene-Peve_00016590	1.5686275	8
Porites_evermani_scaffold_2302	13659	16875	gene-Peve_00016598	13.84485951	93
Porites_evermani_scaffold_2302	23587	23893	gene-Peve_00016600	0.7407407778	9
Porites_evermani_scaffold_2302	24253	38598	gene-Peve_00016591	3.960354667	430
Porites_evermani_scaffold_2302	48100	70147	gene-Peve_00016594	2.210561804	525
Porites_evermani_scaffold_2302	62419	65385	gene-Peve_00016599	1.815014244	41
Porites_evermani_scaffold_2303	864	2935	gene-Peve_00016601	93.47578356	9
Porites_evermani_scaffold_2303	3530	3894	gene-Peve_00016606	.	0
Porites_evermani_scaffold_2303	6457	13343	gene-Peve_00016609	0.5880420761	92
Porites_evermani_scaffold_2303	15737	20279	gene-Peve_00016610	0	23
Porites_evermani_scaffold_2303	24030	32267	gene-Peve_00016608	0.4954954865	37
Porites_evermani_scaffold_2303	37918	38260	gene-Peve_00016602	0	7
Porites_evermani_scaffold_2303	41914	48063	gene-Peve_00016603	0.8326502784	176
Porites_evermani_scaffold_2303	51016	63759	gene-Peve_00016604	1.628787875	24
Porites_evermani_scaffold_2303	76319	76808	gene-Peve_00016607	1.141166538	13
Porites_evermani_scaffold_2304	10907	20981	gene-Peve_00016620	0.4545454545	11
Porites_evermani_scaffold_2304	21011	21385	gene-Peve_00016612	.	0
Porites_evermani_scaffold_2304	22408	22761	gene-Peve_00016611	.	0
Porites_evermani_scaffold_2304	69782	70146	gene-Peve_00016616	.	0
Porites_evermani_scaffold_2305	708	6212	gene-Peve_00016621	60.27296014	65
Porites_evermani_scaffold_2305	6278	16004	gene-Peve_00016624	13.2019716	30
Porites_evermani_scaffold_2305	18361	18885	gene-Peve_00016625	0	7
Porites_evermani_scaffold_2305	25740	36571	gene-Peve_00016626	28.83333335	20
Porites_evermani_scaffold_2305	36754	45160	gene-Peve_00016622	25.25825664	44
Porites_evermani_scaffold_2305	45387	74921	gene-Peve_00016623	4.276346584	291
Porites_evermani_scaffold_2306	29130	31275	gene-Peve_00016627	0.7696848727	55
Porites_evermani_scaffold_2306	60356	68678	gene-Peve_00016628	4.549732976	42
Porites_evermani_scaffold_2307	3469	19346	gene-Peve_00016630	0.726513871	93
Porites_evermani_scaffold_2307	23012	24365	gene-Peve_00016631	.	0
Porites_evermani_scaffold_2307	42298	50324	gene-Peve_00016632	32.91025645	20
Porites_evermani_scaffold_2307	54109	60568	gene-Peve_00016633	54.5454546	5
Porites_evermani_scaffold_2308	15024	15654	gene-Peve_00016636	3.99891775	8
Porites_evermani_scaffold_2308	19762	27801	gene-Peve_00016637	0.7365175625	144
Porites_evermani_scaffold_2308	29936	38712	gene-Peve_00016638	15.63304279	117
Porites_evermani_scaffold_2308	40857	51058	gene-Peve_00016639	0.9568637816	206
Porites_evermani_scaffold_2308	51929	58429	gene-Peve_00016634	0.5719734	245
Porites_evermani_scaffold_2308	61173	76956	gene-Peve_00016635	0.4982935211	355
Porites_evermani_scaffold_2309	16269	16839	gene-Peve_00016644	.	0
Porites_evermani_scaffold_2309	46497	48153	gene-Peve_00016645	0	1
Porites_evermani_scaffold_2309	51598	55261	gene-Peve_00016640	.	0
Porites_evermani_scaffold_2309	62509	63507	gene-Peve_00016642	.	0
Porites_evermani_scaffold_2309	65060	65362	gene-Peve_00016643	.	0
Porites_evermani_scaffold_231	659	22489	gene-Peve_00016646	21.0686682	76
Porites_evermani_scaffold_231	26599	29597	gene-Peve_00016649	0	5
Porites_evermani_scaffold_231	35727	51409	gene-Peve_00016653	62.53960055	22
Porites_evermani_scaffold_231	56586	61241	gene-Peve_00016647	75.4666061	30
Porites_evermani_scaffold_231	66275	77329	gene-Peve_00016648	7.121212111	18
Porites_evermani_scaffold_231	77532	110085	gene-Peve_00016650	71.56495503	133
Porites_evermani_scaffold_231	118592	130068	gene-Peve_00016651	1.50905431	71
Porites_evermani_scaffold_231	137450	147037	gene-Peve_00016652	0.6951355063	158
Porites_evermani_scaffold_231	150886	158564	gene-Peve_00016654	1.477652352	122
Porites_evermani_scaffold_231	166677	180453	gene-Peve_00016655	1.152903397	340
Porites_evermani_scaffold_231	180904	181488	gene-Peve_00016656	0	18
Porites_evermani_scaffold_231	184936	194309	gene-Peve_00016657	62.79486522	103
Porites_evermani_scaffold_231	197935	204175	gene-Peve_00016658	60.3959275	8
Porites_evermani_scaffold_231	204264	215188	gene-Peve_00016659	3.129251724	98
Porites_evermani_scaffold_231	217637	224975	gene-Peve_00016661	0.3458365115	217
Porites_evermani_scaffold_231	225637	239103	gene-Peve_00016660	1.031216667	135
Porites_evermani_scaffold_231	240329	258466	gene-Peve_00016662	0.9540927219	489
Porites_evermani_scaffold_231	260651	267019	gene-Peve_00016663	15.69371283	138
Porites_evermani_scaffold_231	278517	279477	gene-Peve_00016664	0.6944444167	12
Porites_evermani_scaffold_231	284148	294827	gene-Peve_00016665	0.5578479441	161
Porites_evermani_scaffold_231	297335	297971	gene-Peve_00016666	0.8658008571	21
Porites_evermani_scaffold_231	299485	308749	gene-Peve_00016667	25.49233261	161
Porites_evermani_scaffold_231	310946	311399	gene-Peve_00016668	0	7
Porites_evermani_scaffold_231	314127	318698	gene-Peve_00016669	1.288337426	108
Porites_evermani_scaffold_231	337183	355652	gene-Peve_00016670	0.7054977811	338
Porites_evermani_scaffold_2310	15554	17948	gene-Peve_00016673	0	5
Porites_evermani_scaffold_2310	40185	44242	gene-Peve_00016672	15	2
Porites_evermani_scaffold_2310	58664	63073	gene-Peve_00016674	1.634741857	35
Porites_evermani_scaffold_2311	13476	23442	gene-Peve_00016675	62.06255535	68
Porites_evermani_scaffold_2311	31955	33210	gene-Peve_00016676	55.45580312	16
Porites_evermani_scaffold_2311	35501	57651	gene-Peve_00016677	2.977126297	556
Porites_evermani_scaffold_2311	58816	64648	gene-Peve_00016678	0.5667598232	181
Porites_evermani_scaffold_2312	17727	25397	gene-Peve_00016684	1.836417434	136
Porites_evermani_scaffold_2312	47734	49491	gene-Peve_00016680	0	20
Porites_evermani_scaffold_2312	56117	60914	gene-Peve_00016682	7.4444445	4
Porites_evermani_scaffold_2312	64883	68160	gene-Peve_00016681	15.27777783	6
Porites_evermani_scaffold_2313	2971	27901	gene-Peve_00016690	23.94044202	117
Porites_evermani_scaffold_2313	38603	39835	gene-Peve_00016691	.	0
Porites_evermani_scaffold_2314	23019	24618	gene-Peve_00016694	0	2
Porites_evermani_scaffold_2314	61091	62042	gene-Peve_00016693	0	27
Porites_evermani_scaffold_2315	452	1241	gene-Peve_00016699	0.6410256154	13
Porites_evermani_scaffold_2315	7471	9626	gene-Peve_00016700	0	58
Porites_evermani_scaffold_2315	9647	19158	gene-Peve_00016701	0.2531166475	122
Porites_evermani_scaffold_2315	25609	37319	gene-Peve_00016702	41.2748278	143
Porites_evermani_scaffold_2315	42817	46047	gene-Peve_00016695	0.5128205128	39
Porites_evermani_scaffold_2315	49122	49426	gene-Peve_00016696	.	0
Porites_evermani_scaffold_2315	53918	60159	gene-Peve_00016697	0	3
Porites_evermani_scaffold_2315	76347	79203	gene-Peve_00016698	.	0
Porites_evermani_scaffold_2316	247	18860	gene-Peve_00016703	0.5205645059	340
Porites_evermani_scaffold_2316	30081	39564	gene-Peve_00016706	0.5368471831	284
Porites_evermani_scaffold_2316	44139	49186	gene-Peve_00016707	0.306998835	103
Porites_evermani_scaffold_2316	67663	78657	gene-Peve_00016704	0.5770553824	102
Porites_evermani_scaffold_2317	5046	7751	gene-Peve_00016708	22.60133809	22
Porites_evermani_scaffold_2317	19547	38718	gene-Peve_00016709	0.3506935027	364
Porites_evermani_scaffold_2317	42519	46963	gene-Peve_00016710	0.2355203151	73
Porites_evermani_scaffold_2317	50736	52779	gene-Peve_00016712	1.298701286	7
Porites_evermani_scaffold_2317	56729	62185	gene-Peve_00016711	.	0
Porites_evermani_scaffold_2317	63636	75984	gene-Peve_00016713	0	1
Porites_evermani_scaffold_2318	17250	18257	gene-Peve_00016716	30.64935067	6
Porites_evermani_scaffold_2318	29545	45231	gene-Peve_00016717	46.96489369	136
Porites_evermani_scaffold_2318	49057	53347	gene-Peve_00016718	27.14685313	15
Porites_evermani_scaffold_2318	62598	66450	gene-Peve_00016719	0	21
Porites_evermani_scaffold_2318	68931	70227	gene-Peve_00016714	.	0
Porites_evermani_scaffold_2318	73506	79570	gene-Peve_00016715	0.3125	32
Porites_evermani_scaffold_2319	24854	26688	gene-Peve_00016720	2.222222333	6
Porites_evermani_scaffold_2319	29803	37339	gene-Peve_00016722	0	20
Porites_evermani_scaffold_2319	41936	62648	gene-Peve_00016723	0.4212454182	55
Porites_evermani_scaffold_2319	76680	78351	gene-Peve_00016721	.	0
Porites_evermani_scaffold_232	328	10735	gene-Peve_00016724	0.1307189556	45
Porites_evermani_scaffold_232	17792	36526	gene-Peve_00016734	34.06328315	196
Porites_evermani_scaffold_232	39001	41196	gene-Peve_00016738	74.4208384	15
Porites_evermani_scaffold_232	47368	56102	gene-Peve_00016747	48.2587597	84
Porites_evermani_scaffold_232	58268	59120	gene-Peve_00016725	0.6346154	20
Porites_evermani_scaffold_232	67469	87941	gene-Peve_00016726	61.7741792	204
Porites_evermani_scaffold_232	91845	93231	gene-Peve_00016727	11.11829349	51
Porites_evermani_scaffold_232	101587	102001	gene-Peve_00016729	0	21
Porites_evermani_scaffold_232	102196	102733	gene-Peve_00016728	0.6180733043	23
Porites_evermani_scaffold_232	105099	111881	gene-Peve_00016731	14.66594522	144
Porites_evermani_scaffold_232	112390	118760	gene-Peve_00016732	31.91031309	81
Porites_evermani_scaffold_232	118503	136158	gene-Peve_00016733	30.14390532	389
Porites_evermani_scaffold_232	169846	223478	gene-Peve_00016735	7.596089179	901
Porites_evermani_scaffold_232	229569	230088	gene-Peve_00016736	.	0
Porites_evermani_scaffold_232	235962	239660	gene-Peve_00016737	9.393939333	3
Porites_evermani_scaffold_232	247862	256340	gene-Peve_00016739	22.74181064	104
Porites_evermani_scaffold_232	257322	267435	gene-Peve_00016740	30.65780179	169
Porites_evermani_scaffold_232	269987	275101	gene-Peve_00016741	41.26194087	45
Porites_evermani_scaffold_232	299887	302883	gene-Peve_00016742	59.77660871	31
Porites_evermani_scaffold_232	312208	312988	gene-Peve_00016743	0	10
Porites_evermani_scaffold_232	317797	335487	gene-Peve_00016744	0.368864363	292
Porites_evermani_scaffold_232	344975	349124	gene-Peve_00016745	0.1773049574	47
Porites_evermani_scaffold_232	351793	355589	gene-Peve_00016746	87.9873631	10
Porites_evermani_scaffold_2320	752	1931	gene-Peve_00016752	.	0
Porites_evermani_scaffold_2320	3910	5683	gene-Peve_00016754	.	0
Porites_evermani_scaffold_2320	9662	12021	gene-Peve_00016748	1.004222403	62
Porites_evermani_scaffold_2320	14652	17806	gene-Peve_00016749	.	0
Porites_evermani_scaffold_2320	21026	27394	gene-Peve_00016750	.	0
Porites_evermani_scaffold_2320	55925	58423	gene-Peve_00016751	0.2902357067	75
Porites_evermani_scaffold_2320	72390	78645	gene-Peve_00016753	0.5624655267	131
Porites_evermani_scaffold_2321	44277	44712	gene-Peve_00016761	1.579520667	9
Porites_evermani_scaffold_2321	50181	50469	gene-Peve_00016758	0	5
Porites_evermani_scaffold_2321	71725	72327	gene-Peve_00016759	0	6
Porites_evermani_scaffold_2321	77163	77469	gene-Peve_00016760	0	5
Porites_evermani_scaffold_2322	5284	32625	gene-Peve_00016766	1.656292694	759
Porites_evermani_scaffold_2322	17885	18902	gene-Peve_00016770	0.2849002963	27
Porites_evermani_scaffold_2322	24604	29140	gene-Peve_00016763	0.5723028056	144
Porites_evermani_scaffold_2322	37707	62917	gene-Peve_00016764	8.987969725	697
Porites_evermani_scaffold_2322	41959	43610	gene-Peve_00016765	2.417728852	54
Porites_evermani_scaffold_2322	67965	68535	gene-Peve_00016768	19.075667	14
Porites_evermani_scaffold_2323	156	21699	gene-Peve_00016771	1.202417006	310
Porites_evermani_scaffold_2323	39289	47769	gene-Peve_00016773	16.80629795	101
Porites_evermani_scaffold_2323	47960	68594	gene-Peve_00016774	32.15840652	42
Porites_evermani_scaffold_2323	69150	75497	gene-Peve_00016775	0.9259258889	9
Porites_evermani_scaffold_2324	5731	12732	gene-Peve_00016777	0.1969314918	61
Porites_evermani_scaffold_2324	55933	61068	gene-Peve_00016778	0.129198969	129
Porites_evermani_scaffold_2324	61922	62270	gene-Peve_00016779	0	16
Porites_evermani_scaffold_2325	988	3148	gene-Peve_00016782	17.79526022	9
Porites_evermani_scaffold_2325	25443	26259	gene-Peve_00016781	0	2
Porites_evermani_scaffold_2325	28054	36290	gene-Peve_00016785	0.26666668	25
Porites_evermani_scaffold_2325	63411	73383	gene-Peve_00016783	0	25
Porites_evermani_scaffold_2326	14448	23017	gene-Peve_00016786	1.074214114	35
Porites_evermani_scaffold_2326	25256	26831	gene-Peve_00016794	.	0
Porites_evermani_scaffold_2326	31294	36831	gene-Peve_00016787	0	4
Porites_evermani_scaffold_2326	41123	42958	gene-Peve_00016788	.	0
Porites_evermani_scaffold_2326	44643	44964	gene-Peve_00016789	.	0
Porites_evermani_scaffold_2326	47614	48874	gene-Peve_00016790	.	0
Porites_evermani_scaffold_2326	48937	50454	gene-Peve_00016791	.	0
Porites_evermani_scaffold_2326	65860	66708	gene-Peve_00016792	0.61476365	20
Porites_evermani_scaffold_2326	73642	78484	gene-Peve_00016793	0	26
Porites_evermani_scaffold_2327	4236	7529	gene-Peve_00016796	.	0
Porites_evermani_scaffold_2327	8580	11727	gene-Peve_00016800	0.5263157895	19
Porites_evermani_scaffold_2327	16777	19294	gene-Peve_00016801	1.666666667	6
Porites_evermani_scaffold_2327	35777	58376	gene-Peve_00016797	23.38759719	426
Porites_evermani_scaffold_2327	62378	64345	gene-Peve_00016798	36.45152836	11
Porites_evermani_scaffold_2327	69968	76171	gene-Peve_00016799	38.75546735	112
Porites_evermani_scaffold_2328	2919	6547	gene-Peve_00016802	77.67805044	36
Porites_evermani_scaffold_2328	8597	24304	gene-Peve_00016805	15.55628837	226
Porites_evermani_scaffold_2328	31865	34668	gene-Peve_00016806	38.44764932	31
Porites_evermani_scaffold_2328	42997	44146	gene-Peve_00016807	0	22
Porites_evermani_scaffold_2328	60463	70213	gene-Peve_00016803	6.822417851	175
Porites_evermani_scaffold_2328	70374	76050	gene-Peve_00016804	43.09125039	46
Porites_evermani_scaffold_2329	4704	6012	gene-Peve_00016809	1.036946906	53
Porites_evermani_scaffold_2329	6849	24950	gene-Peve_00016812	11.26291105	237
Porites_evermani_scaffold_2329	31715	39320	gene-Peve_00016813	13.45271505	121
Porites_evermani_scaffold_2329	41624	59347	gene-Peve_00016814	5.10359739	351
Porites_evermani_scaffold_2329	63618	64324	gene-Peve_00016811	92.12121217	6
Porites_evermani_scaffold_2329	65555	77058	gene-Peve_00016810	17.5325162	167
Porites_evermani_scaffold_233	268	2210	gene-Peve_00016815	0.8948556515	66
Porites_evermani_scaffold_233	28204	29228	gene-Peve_00016829	0	7
Porites_evermani_scaffold_233	34640	42304	gene-Peve_00016837	1.294271194	196
Porites_evermani_scaffold_233	47350	50452	gene-Peve_00016840	0.1491228125	80
Porites_evermani_scaffold_233	51343	82168	gene-Peve_00016816	5.447752975	520
Porites_evermani_scaffold_233	100021	106847	gene-Peve_00016818	0.5599301824	170
Porites_evermani_scaffold_233	107792	113168	gene-Peve_00016819	0.1826484041	146
Porites_evermani_scaffold_233	116775	121285	gene-Peve_00016820	0.3060419265	136
Porites_evermani_scaffold_233	123840	128771	gene-Peve_00016821	0.2307692417	120
Porites_evermani_scaffold_233	129616	135212	gene-Peve_00016822	0.8208979756	164
Porites_evermani_scaffold_233	137997	141317	gene-Peve_00016823	0.1575203293	82
Porites_evermani_scaffold_233	149952	153530	gene-Peve_00016824	0.07468260194	103
Porites_evermani_scaffold_233	161304	169271	gene-Peve_00016825	0.9566043379	219
Porites_evermani_scaffold_233	176380	188316	gene-Peve_00016827	31.28484184	235
Porites_evermani_scaffold_233	203388	218210	gene-Peve_00016828	9.922258052	329
Porites_evermani_scaffold_233	220847	235186	gene-Peve_00016830	4.089344453	311
Porites_evermani_scaffold_233	242043	251358	gene-Peve_00016832	15.09126095	130
Porites_evermani_scaffold_233	252437	254032	gene-Peve_00016833	0	4
Porites_evermani_scaffold_233	257121	258807	gene-Peve_00016834	0.5159705135	37
Porites_evermani_scaffold_233	262398	290016	gene-Peve_00016835	4.054457627	756
Porites_evermani_scaffold_233	296170	298069	gene-Peve_00016836	49.33864016	19
Porites_evermani_scaffold_233	310979	312385	gene-Peve_00016838	81.3186815	2
Porites_evermani_scaffold_233	328896	352917	gene-Peve_00016839	30.22234816	268
Porites_evermani_scaffold_2330	17977	41149	gene-Peve_00016843	2.5887446	30
Porites_evermani_scaffold_2330	45604	46937	gene-Peve_00016846	.	0
Porites_evermani_scaffold_2330	63497	67924	gene-Peve_00016847	.	0
Porites_evermani_scaffold_2330	68695	70728	gene-Peve_00016844	.	0
Porites_evermani_scaffold_2330	76405	78835	gene-Peve_00016845	62.69748023	44
Porites_evermani_scaffold_2331	1679	44605	gene-Peve_00016848	41.28583624	42
Porites_evermani_scaffold_2331	45119	46985	gene-Peve_00016849	42.857143	1
Porites_evermani_scaffold_2331	49355	63657	gene-Peve_00016850	76.81818183	6
Porites_evermani_scaffold_2331	66400	78871	gene-Peve_00016851	33.56791928	69
Porites_evermani_scaffold_2332	1526	2141	gene-Peve_00016857	72.24439969	13
Porites_evermani_scaffold_2332	4109	4574	gene-Peve_00016863	73.24404763	8
Porites_evermani_scaffold_2332	10281	11022	gene-Peve_00016864	.	0
Porites_evermani_scaffold_2332	17400	18842	gene-Peve_00016852	60.4705882	5
Porites_evermani_scaffold_2332	26929	27722	gene-Peve_00016853	.	0
Porites_evermani_scaffold_2332	30117	37031	gene-Peve_00016854	.	0
Porites_evermani_scaffold_2332	30477	30752	gene-Peve_00016855	.	0
Porites_evermani_scaffold_2332	41733	42412	gene-Peve_00016856	.	0
Porites_evermani_scaffold_2332	44365	44671	gene-Peve_00016858	.	0
Porites_evermani_scaffold_2332	53845	54865	gene-Peve_00016859	.	0
Porites_evermani_scaffold_2332	57413	58823	gene-Peve_00016860	.	0
Porites_evermani_scaffold_2332	61207	65489	gene-Peve_00016861	.	0
Porites_evermani_scaffold_2332	67055	67592	gene-Peve_00016862	.	0
Porites_evermani_scaffold_2333	17321	35307	gene-Peve_00016867	62.99060283	172
Porites_evermani_scaffold_2333	41304	42627	gene-Peve_00016868	0	12
Porites_evermani_scaffold_2333	52686	53997	gene-Peve_00016869	0.1207729444	36
Porites_evermani_scaffold_2333	72863	73364	gene-Peve_00016870	0	24
Porites_evermani_scaffold_2334	10232	18965	gene-Peve_00016873	0.2083333333	48
Porites_evermani_scaffold_2334	47441	64623	gene-Peve_00016871	.	0
Porites_evermani_scaffold_2334	70973	71385	gene-Peve_00016872	.	0
Porites_evermani_scaffold_2335	19162	19534	gene-Peve_00016879	.	0
Porites_evermani_scaffold_2335	27529	28577	gene-Peve_00016881	2	5
Porites_evermani_scaffold_2335	28615	30871	gene-Peve_00016874	0	1
Porites_evermani_scaffold_2335	37503	51068	gene-Peve_00016876	0.4035846011	188
Porites_evermani_scaffold_2335	53086	53875	gene-Peve_00016877	.	0
Porites_evermani_scaffold_2335	62492	66862	gene-Peve_00016878	0.3703703704	27
Porites_evermani_scaffold_2336	13782	17014	gene-Peve_00016890	29.53354898	43
Porites_evermani_scaffold_2336	19728	20358	gene-Peve_00016891	.	0
Porites_evermani_scaffold_2336	28208	32491	gene-Peve_00016883	32.82629365	85
Porites_evermani_scaffold_2336	30484	31131	gene-Peve_00016884	.	0
Porites_evermani_scaffold_2336	33303	35125	gene-Peve_00016892	11.12017359	17
Porites_evermani_scaffold_2336	38100	38709	gene-Peve_00016885	2.777777667	3
Porites_evermani_scaffold_2336	48911	49805	gene-Peve_00016886	.	0
Porites_evermani_scaffold_2336	58768	60601	gene-Peve_00016889	29.41391756	59
Porites_evermani_scaffold_2337	39561	48027	gene-Peve_00016893	.	0
Porites_evermani_scaffold_2338	3412	4351	gene-Peve_00016895	3.986822486	35
Porites_evermani_scaffold_2338	7273	8203	gene-Peve_00016896	12.34545093	29
Porites_evermani_scaffold_2338	22022	22263	gene-Peve_00016897	0	7
Porites_evermani_scaffold_2339	17258	17832	gene-Peve_00016899	5	2
Porites_evermani_scaffold_2339	18225	18771	gene-Peve_00016900	.	0
Porites_evermani_scaffold_2339	30579	30927	gene-Peve_00016901	.	0
Porites_evermani_scaffold_2339	36373	38053	gene-Peve_00016902	.	0
Porites_evermani_scaffold_2339	46195	71323	gene-Peve_00016898	27.27162464	166
Porites_evermani_scaffold_234	34313	38910	gene-Peve_00016903	.	0
Porites_evermani_scaffold_234	39715	45648	gene-Peve_00016904	.	0
Porites_evermani_scaffold_234	51948	52605	gene-Peve_00016905	.	0
Porites_evermani_scaffold_234	65945	69244	gene-Peve_00016906	.	0
Porites_evermani_scaffold_234	89138	91111	gene-Peve_00016907	.	0
Porites_evermani_scaffold_234	96351	97799	gene-Peve_00016908	.	0
Porites_evermani_scaffold_234	110320	113996	gene-Peve_00016911	.	0
Porites_evermani_scaffold_234	119170	121911	gene-Peve_00016912	.	0
Porites_evermani_scaffold_234	122440	122767	gene-Peve_00016913	.	0
Porites_evermani_scaffold_234	169416	187620	gene-Peve_00016914	15.65913763	156
Porites_evermani_scaffold_234	192999	210996	gene-Peve_00016916	13.26859956	228
Porites_evermani_scaffold_234	211777	217292	gene-Peve_00016917	16.93206723	31
Porites_evermani_scaffold_234	221674	233353	gene-Peve_00016918	56.29239229	194
Porites_evermani_scaffold_234	236754	258567	gene-Peve_00016919	37.51118619	286
Porites_evermani_scaffold_234	263502	275541	gene-Peve_00016920	31.62925283	175
Porites_evermani_scaffold_234	275741	286560	gene-Peve_00016921	59.00815314	142
Porites_evermani_scaffold_234	295422	323847	gene-Peve_00016922	6.220931693	527
Porites_evermani_scaffold_234	327431	332980	gene-Peve_00016923	0.4780925816	141
Porites_evermani_scaffold_234	335459	338351	gene-Peve_00016926	0.625	16
Porites_evermani_scaffold_234	339101	344999	gene-Peve_00016924	0.2380710519	154
Porites_evermani_scaffold_2340	1625	20648	gene-Peve_00016927	3.511922727	132
Porites_evermani_scaffold_2340	21312	21771	gene-Peve_00016934	.	0
Porites_evermani_scaffold_2340	24485	24863	gene-Peve_00016935	81.11111117	6
Porites_evermani_scaffold_2340	27565	47226	gene-Peve_00016928	7.549563797	330
Porites_evermani_scaffold_2340	50099	50591	gene-Peve_00016929	0	23
Porites_evermani_scaffold_2340	50612	51221	gene-Peve_00016930	0.289855087	23
Porites_evermani_scaffold_2340	61212	62505	gene-Peve_00016931	.	0
Porites_evermani_scaffold_2340	66115	70092	gene-Peve_00016932	51.40634954	76
Porites_evermani_scaffold_2340	70187	71084	gene-Peve_00016933	5.882352941	17
Porites_evermani_scaffold_2341	6133	15592	gene-Peve_00016936	70.31412448	153
Porites_evermani_scaffold_2341	15721	35167	gene-Peve_00016941	33.49216628	326
Porites_evermani_scaffold_2341	38771	44410	gene-Peve_00016942	29.55991302	131
Porites_evermani_scaffold_2341	46798	53335	gene-Peve_00016937	65.65025455	92
Porites_evermani_scaffold_2341	57498	58035	gene-Peve_00016938	.	0
Porites_evermani_scaffold_2341	62757	63291	gene-Peve_00016939	.	0
Porites_evermani_scaffold_2341	64660	77731	gene-Peve_00016940	52.14647657	97
Porites_evermani_scaffold_2342	24680	25021	gene-Peve_00016946	.	0
Porites_evermani_scaffold_2342	65195	65381	gene-Peve_00016943	0.877193	6
Porites_evermani_scaffold_2342	72095	73061	gene-Peve_00016944	0	9
Porites_evermani_scaffold_2342	76542	77547	gene-Peve_00016945	0	18
Porites_evermani_scaffold_2343	8296	11949	gene-Peve_00016947	88.981019	7
Porites_evermani_scaffold_2343	13196	28657	gene-Peve_00016948	13.26186475	76
Porites_evermani_scaffold_2343	27076	27817	gene-Peve_00016950	.	0
Porites_evermani_scaffold_2343	45451	67109	gene-Peve_00016949	1.590143859	99
Porites_evermani_scaffold_2344	1590	5930	gene-Peve_00016951	0	1
Porites_evermani_scaffold_2344	9100	12288	gene-Peve_00016953	.	0
Porites_evermani_scaffold_2344	17829	22820	gene-Peve_00016954	3.731051448	29
Porites_evermani_scaffold_2344	60660	70612	gene-Peve_00016955	.	0
Porites_evermani_scaffold_2344	73669	78180	gene-Peve_00016952	.	0
Porites_evermani_scaffold_2345	16	1930	gene-Peve_00016956	.	0
Porites_evermani_scaffold_2345	22815	24076	gene-Peve_00016960	0	11
Porites_evermani_scaffold_2345	31036	33416	gene-Peve_00016961	0	2
Porites_evermani_scaffold_2345	48555	49390	gene-Peve_00016957	.	0
Porites_evermani_scaffold_2345	51521	53776	gene-Peve_00016958	0	27
Porites_evermani_scaffold_2345	67015	71123	gene-Peve_00016959	0.9874196053	76
Porites_evermani_scaffold_2346	9808	10972	gene-Peve_00016970	77.98314864	55
Porites_evermani_scaffold_2346	13522	14523	gene-Peve_00016972	.	0
Porites_evermani_scaffold_2346	22497	28448	gene-Peve_00016963	.	0
Porites_evermani_scaffold_2346	30310	32581	gene-Peve_00016964	0	1
Porites_evermani_scaffold_2346	41631	43694	gene-Peve_00016965	71.66401385	65
Porites_evermani_scaffold_2346	44770	45100	gene-Peve_00016966	77.58169933	6
Porites_evermani_scaffold_2346	47067	47382	gene-Peve_00016967	76.6060606	10
Porites_evermani_scaffold_2346	54638	55724	gene-Peve_00016969	37.3426574	5
Porites_evermani_scaffold_2347	146	781	gene-Peve_00016973	.	0
Porites_evermani_scaffold_2347	1031	5711	gene-Peve_00016978	1.794039286	14
Porites_evermani_scaffold_2347	16368	17798	gene-Peve_00016974	0	16
Porites_evermani_scaffold_2347	18822	19353	gene-Peve_00016975	0	9
Porites_evermani_scaffold_2347	48360	50146	gene-Peve_00016976	3.333333333	3
Porites_evermani_scaffold_2347	52651	76954	gene-Peve_00016977	25.12358353	68
Porites_evermani_scaffold_2348	7802	15356	gene-Peve_00016981	0.2751347049	61
Porites_evermani_scaffold_2348	19099	24307	gene-Peve_00016982	0	12
Porites_evermani_scaffold_2348	39482	46174	gene-Peve_00016983	0.89562675	92
Porites_evermani_scaffold_2348	51646	52830	gene-Peve_00016979	0	2
Porites_evermani_scaffold_2348	61250	76959	gene-Peve_00016980	1.4218668	110
Porites_evermani_scaffold_2349	1022	6306	gene-Peve_00016984	81.1289405	16
Porites_evermani_scaffold_2349	19613	20888	gene-Peve_00016985	0.3819444375	48
Porites_evermani_scaffold_2349	61996	62688	gene-Peve_00016986	.	0
Porites_evermani_scaffold_235	29779	30919	gene-Peve_00017001	0	1
Porites_evermani_scaffold_235	31552	32329	gene-Peve_00016987	42.08333325	4
Porites_evermani_scaffold_235	33307	33685	gene-Peve_00016988	.	0
Porites_evermani_scaffold_235	36124	37062	gene-Peve_00016989	0	16
Porites_evermani_scaffold_235	37395	41991	gene-Peve_00016990	0	35
Porites_evermani_scaffold_235	96199	109249	gene-Peve_00016991	10.2120577	37
Porites_evermani_scaffold_235	113791	114902	gene-Peve_00016992	0.1253132895	38
Porites_evermani_scaffold_235	175737	180207	gene-Peve_00016993	.	0
Porites_evermani_scaffold_235	214399	214801	gene-Peve_00016995	0	6
Porites_evermani_scaffold_235	222538	222898	gene-Peve_00016998	0.5291005556	9
Porites_evermani_scaffold_235	225763	226408	gene-Peve_00016999	0.3921568667	15
Porites_evermani_scaffold_235	242136	268614	gene-Peve_00017002	1.010577842	698
Porites_evermani_scaffold_235	285032	287006	gene-Peve_00017004	0.363431039	77
Porites_evermani_scaffold_235	315100	320868	gene-Peve_00017006	0.7898351638	116
Porites_evermani_scaffold_235	321939	322888	gene-Peve_00017007	0.5882352941	17
Porites_evermani_scaffold_235	326119	330192	gene-Peve_00017008	0.1481481556	135
Porites_evermani_scaffold_235	332163	338200	gene-Peve_00017009	.	0
Porites_evermani_scaffold_235	341845	342361	gene-Peve_00017010	.	0
Porites_evermani_scaffold_235	345699	349020	gene-Peve_00017011	.	0
Porites_evermani_scaffold_2350	3694	4090	gene-Peve_00017012	.	0
Porites_evermani_scaffold_2350	17668	34514	gene-Peve_00017014	0.1404600308	130
Porites_evermani_scaffold_2350	55197	78591	gene-Peve_00017013	1.834516707	317
Porites_evermani_scaffold_2351	879	1678	gene-Peve_00017016	3.499278417	12
Porites_evermani_scaffold_2351	37850	48966	gene-Peve_00017023	0.7963800278	72
Porites_evermani_scaffold_2351	55035	55554	gene-Peve_00017017	90	1
Porites_evermani_scaffold_2351	58667	59021	gene-Peve_00017018	64.3547111	21
Porites_evermani_scaffold_2351	60613	66341	gene-Peve_00017019	57.93776621	85
Porites_evermani_scaffold_2351	67357	72068	gene-Peve_00017020	.	0
Porites_evermani_scaffold_2351	76425	78811	gene-Peve_00017021	.	0
Porites_evermani_scaffold_2352	7107	8805	gene-Peve_00017039	40.51007307	28
Porites_evermani_scaffold_2352	10509	10833	gene-Peve_00017025	51.96889	7
Porites_evermani_scaffold_2352	10912	15610	gene-Peve_00017024	43.48426992	112
Porites_evermani_scaffold_2352	15681	16230	gene-Peve_00017026	44.84127	3
Porites_evermani_scaffold_2352	20396	20867	gene-Peve_00017027	42.863248	6
Porites_evermani_scaffold_2352	23017	23620	gene-Peve_00017028	47.07792214	7
Porites_evermani_scaffold_2352	25432	26151	gene-Peve_00017029	44.938549	6
Porites_evermani_scaffold_2352	27656	28217	gene-Peve_00017030	37.48850262	21
Porites_evermani_scaffold_2352	28595	31999	gene-Peve_00017031	46.85694308	25
Porites_evermani_scaffold_2352	33801	35426	gene-Peve_00017032	43.31327993	27
Porites_evermani_scaffold_2352	39535	40297	gene-Peve_00017033	50.055736	10
Porites_evermani_scaffold_2352	44981	45459	gene-Peve_00017034	56.486928	6
Porites_evermani_scaffold_2352	66088	66946	gene-Peve_00017036	43.31547173	11
Porites_evermani_scaffold_2352	69665	71023	gene-Peve_00017037	46.80497676	37
Porites_evermani_scaffold_2352	72037	72991	gene-Peve_00017038	46.31142843	14
Porites_evermani_scaffold_2353	21957	42859	gene-Peve_00017042	0.3333333333	60
Porites_evermani_scaffold_2353	65964	73142	gene-Peve_00017040	0.2493143822	191
Porites_evermani_scaffold_2353	76523	78137	gene-Peve_00017041	10.82342845	44
Porites_evermani_scaffold_2354	14781	21667	gene-Peve_00017043	0.7425537388	134
Porites_evermani_scaffold_2354	29467	31884	gene-Peve_00017046	.	0
Porites_evermani_scaffold_2354	37787	39024	gene-Peve_00017047	8.6813186	5
Porites_evermani_scaffold_2354	43233	44455	gene-Peve_00017044	29.52853158	26
Porites_evermani_scaffold_2355	5025	20837	gene-Peve_00017048	.	0
Porites_evermani_scaffold_2355	26670	34888	gene-Peve_00017050	0	9
Porites_evermani_scaffold_2355	36470	55928	gene-Peve_00017051	5.234838095	126
Porites_evermani_scaffold_2355	49114	50048	gene-Peve_00017052	.	0
Porites_evermani_scaffold_2355	62513	67704	gene-Peve_00017049	0.3190209211	152
Porites_evermani_scaffold_2356	165	954	gene-Peve_00017053	5.663265286	28
Porites_evermani_scaffold_2356	5911	8876	gene-Peve_00017057	1.329712835	79
Porites_evermani_scaffold_2356	19116	23992	gene-Peve_00017058	52.73680589	47
Porites_evermani_scaffold_2356	27132	37168	gene-Peve_00017054	85.36919886	118
Porites_evermani_scaffold_2356	37544	57102	gene-Peve_00017055	30.09767911	514
Porites_evermani_scaffold_2356	70053	72792	gene-Peve_00017056	0.1461988316	95
Porites_evermani_scaffold_2357	1953	2375	gene-Peve_00017061	4.911939889	9
Porites_evermani_scaffold_2357	17160	35818	gene-Peve_00017063	16.48648649	37
Porites_evermani_scaffold_2357	40175	53525	gene-Peve_00017064	4.545454545	11
Porites_evermani_scaffold_2357	55897	61888	gene-Peve_00017059	0	40
Porites_evermani_scaffold_2357	67952	78098	gene-Peve_00017060	0.2702702703	37
Porites_evermani_scaffold_2358	893	1802	gene-Peve_00017065	.	0
Porites_evermani_scaffold_2358	6134	14967	gene-Peve_00017067	53.475136	12
Porites_evermani_scaffold_2358	15030	20421	gene-Peve_00017066	69.831954	15
Porites_evermani_scaffold_2358	20964	23129	gene-Peve_00017068	35.897436	4
Porites_evermani_scaffold_2358	27255	33585	gene-Peve_00017069	0.8718680942	191
Porites_evermani_scaffold_2359	14611	39969	gene-Peve_00017073	44.24681388	201
Porites_evermani_scaffold_2359	41676	43099	gene-Peve_00017074	86.2418832	10
Porites_evermani_scaffold_2359	46567	57858	gene-Peve_00017070	52.85839544	36
Porites_evermani_scaffold_2359	63098	75595	gene-Peve_00017071	58.99277874	53
Porites_evermani_scaffold_236	6951	11697	gene-Peve_00017079	0.7356425081	124
Porites_evermani_scaffold_236	26094	26508	gene-Peve_00017075	0	1
Porites_evermani_scaffold_236	29816	34298	gene-Peve_00017076	6.922851865	37
Porites_evermani_scaffold_236	38791	39346	gene-Peve_00017077	.	0
Porites_evermani_scaffold_236	44694	54154	gene-Peve_00017078	1.156217155	284
Porites_evermani_scaffold_236	57914	72394	gene-Peve_00017080	16.42568462	74
Porites_evermani_scaffold_236	72528	80167	gene-Peve_00017081	15.83826477	111
Porites_evermani_scaffold_236	81156	95690	gene-Peve_00017082	15.32989241	193
Porites_evermani_scaffold_236	95751	99992	gene-Peve_00017083	61.62333998	58
Porites_evermani_scaffold_236	103691	105695	gene-Peve_00017084	.	0
Porites_evermani_scaffold_236	109010	109858	gene-Peve_00017085	.	0
Porites_evermani_scaffold_236	111823	113544	gene-Peve_00017086	.	0
Porites_evermani_scaffold_236	118593	121578	gene-Peve_00017087	2	5
Porites_evermani_scaffold_236	129580	132907	gene-Peve_00017089	1.083591324	34
Porites_evermani_scaffold_236	135304	142982	gene-Peve_00017090	10	10
Porites_evermani_scaffold_236	143763	165618	gene-Peve_00017091	56.36363637	8
Porites_evermani_scaffold_236	171899	187264	gene-Peve_00017092	0.5347593529	17
Porites_evermani_scaffold_236	187278	206042	gene-Peve_00017093	1.70422025	32
Porites_evermani_scaffold_236	206342	215785	gene-Peve_00017094	0	1
Porites_evermani_scaffold_236	239201	272300	gene-Peve_00017095	3.276851796	49
Porites_evermani_scaffold_236	275813	277678	gene-Peve_00017096	.	0
Porites_evermani_scaffold_236	291338	292590	gene-Peve_00017097	.	0
Porites_evermani_scaffold_236	306699	307257	gene-Peve_00017098	.	0
Porites_evermani_scaffold_236	312069	312627	gene-Peve_00017099	.	0
Porites_evermani_scaffold_236	316273	325372	gene-Peve_00017100	0.8070679371	159
Porites_evermani_scaffold_236	318415	319354	gene-Peve_00017101	0.5555556	10
Porites_evermani_scaffold_236	342625	343105	gene-Peve_00017102	0	6
Porites_evermani_scaffold_236	344781	347855	gene-Peve_00017103	0.1923076923	52
Porites_evermani_scaffold_2360	42965	73052	gene-Peve_00017104	0.6285372025	642
Porites_evermani_scaffold_2361	29269	35336	gene-Peve_00017107	38.71742969	52
Porites_evermani_scaffold_2362	2	4641	gene-Peve_00017108	73.18351651	35
Porites_evermani_scaffold_2362	4840	11357	gene-Peve_00017112	43.68741016	77
Porites_evermani_scaffold_2362	14635	21457	gene-Peve_00017114	56.544387	17
Porites_evermani_scaffold_2362	21670	23232	gene-Peve_00017115	0.25	40
Porites_evermani_scaffold_2362	25144	36320	gene-Peve_00017109	10.99301937	76
Porites_evermani_scaffold_2362	47193	49365	gene-Peve_00017110	0.2504006406	64
Porites_evermani_scaffold_2362	54556	66923	gene-Peve_00017111	16.66829955	74
Porites_evermani_scaffold_2362	60828	61953	gene-Peve_00017113	.	0
Porites_evermani_scaffold_2363	2177	9316	gene-Peve_00017116	91.05519491	11
Porites_evermani_scaffold_2363	9472	16501	gene-Peve_00017118	90.2027633	27
Porites_evermani_scaffold_2363	41158	59550	gene-Peve_00017120	57.70193919	79
Porites_evermani_scaffold_2363	60060	69388	gene-Peve_00017121	0.781970773	141
Porites_evermani_scaffold_2363	70658	71232	gene-Peve_00017122	0.7575757273	11
Porites_evermani_scaffold_2363	72987	73818	gene-Peve_00017117	0.5230322	30
Porites_evermani_scaffold_2364	18821	20086	gene-Peve_00017123	0	9
Porites_evermani_scaffold_2364	27881	47938	gene-Peve_00017124	0.43039216	125
Porites_evermani_scaffold_2364	53228	61835	gene-Peve_00017125	0	10
Porites_evermani_scaffold_2364	66253	75975	gene-Peve_00017126	1.209371295	176
Porites_evermani_scaffold_2365	25738	32479	gene-Peve_00017128	4.342471494	77
Porites_evermani_scaffold_2365	42198	56284	gene-Peve_00017127	21.05053572	268
Porites_evermani_scaffold_2365	68124	77828	gene-Peve_00017129	35.58653058	136
Porites_evermani_scaffold_2365	74238	74702	gene-Peve_00017130	74.60917933	12
Porites_evermani_scaffold_2366	1671	2660	gene-Peve_00017131	1.205936905	21
Porites_evermani_scaffold_2366	3182	15120	gene-Peve_00017132	0.9883287786	384
Porites_evermani_scaffold_2366	25977	58231	gene-Peve_00017133	1.742032352	832
Porites_evermani_scaffold_2366	57571	63814	gene-Peve_00017134	0.05291005185	135
Porites_evermani_scaffold_2367	37655	38129	gene-Peve_00017135	0	18
Porites_evermani_scaffold_2367	57811	64786	gene-Peve_00017136	0.6906114643	112
Porites_evermani_scaffold_2368	3322	9574	gene-Peve_00017137	2.849546281	32
Porites_evermani_scaffold_2368	25883	53924	gene-Peve_00017138	4.449190676	290
Porites_evermani_scaffold_2368	55304	68853	gene-Peve_00017140	48.14393942	24
Porites_evermani_scaffold_2368	73878	76377	gene-Peve_00017141	21.5384616	5
Porites_evermani_scaffold_2369	21456	24047	gene-Peve_00017144	90	1
Porites_evermani_scaffold_2369	68766	69381	gene-Peve_00017143	.	0
Porites_evermani_scaffold_237	14104	15238	gene-Peve_00017147	0	2
Porites_evermani_scaffold_237	24638	25257	gene-Peve_00017158	0.3205128333	24
Porites_evermani_scaffold_237	39276	41397	gene-Peve_00017145	1.93619769	29
Porites_evermani_scaffold_237	69057	75808	gene-Peve_00017148	66.22511996	70
Porites_evermani_scaffold_237	75854	89422	gene-Peve_00017149	0.5685515471	340
Porites_evermani_scaffold_237	92364	121417	gene-Peve_00017150	25.04237557	456
Porites_evermani_scaffold_237	122879	130748	gene-Peve_00017151	0.2574899463	205
Porites_evermani_scaffold_237	139713	148582	gene-Peve_00017152	1.88043833	303
Porites_evermani_scaffold_237	151318	163150	gene-Peve_00017153	67.28552331	121
Porites_evermani_scaffold_237	171004	172588	gene-Peve_00017154	0	6
Porites_evermani_scaffold_237	173507	183451	gene-Peve_00017155	49.53285905	75
Porites_evermani_scaffold_237	183571	193959	gene-Peve_00017156	25.80535355	212
Porites_evermani_scaffold_237	197171	197981	gene-Peve_00017157	0	31
Porites_evermani_scaffold_237	207377	208160	gene-Peve_00017159	0.3367003333	27
Porites_evermani_scaffold_237	220403	251622	gene-Peve_00017160	1.844869004	996
Porites_evermani_scaffold_237	253369	294501	gene-Peve_00017161	4.335547368	600
Porites_evermani_scaffold_237	294863	334724	gene-Peve_00017162	10.11238491	352
Porites_evermani_scaffold_2370	4889	9282	gene-Peve_00017165	1.915495736	53
Porites_evermani_scaffold_2370	13187	16962	gene-Peve_00017172	0	12
Porites_evermani_scaffold_2370	69888	71944	gene-Peve_00017167	0	6
Porites_evermani_scaffold_2370	72157	72709	gene-Peve_00017168	2.597402571	7
Porites_evermani_scaffold_2370	73397	73928	gene-Peve_00017169	9.908395684	19
Porites_evermani_scaffold_2370	73929	75306	gene-Peve_00017170	10	2
Porites_evermani_scaffold_2370	75916	76582	gene-Peve_00017171	0	8
Porites_evermani_scaffold_2371	8109	14358	gene-Peve_00017178	0	10
Porites_evermani_scaffold_2371	25055	25406	gene-Peve_00017179	.	0
Porites_evermani_scaffold_2371	37115	37493	gene-Peve_00017175	0.6535947647	17
Porites_evermani_scaffold_2371	53538	66169	gene-Peve_00017177	1.307124162	376
Porites_evermani_scaffold_2372	1	20689	gene-Peve_00017180	11.97613094	115
Porites_evermani_scaffold_2372	31170	37419	gene-Peve_00017182	5.668548213	174
Porites_evermani_scaffold_2372	52740	56470	gene-Peve_00017181	1.117301468	94
Porites_evermani_scaffold_2372	58189	62116	gene-Peve_00017183	47.59058613	52
Porites_evermani_scaffold_2372	64120	66490	gene-Peve_00017184	29.90010154	46
Porites_evermani_scaffold_2372	66854	70349	gene-Peve_00017185	72.04488367	48
Porites_evermani_scaffold_2373	9947	44335	gene-Peve_00017193	2.626774707	181
Porites_evermani_scaffold_2373	16216	18203	gene-Peve_00017194	.	0
Porites_evermani_scaffold_2373	36732	37600	gene-Peve_00017187	.	0
Porites_evermani_scaffold_2373	44831	54292	gene-Peve_00017188	65.7039626	10
Porites_evermani_scaffold_2373	56558	58848	gene-Peve_00017189	84.16666675	4
Porites_evermani_scaffold_2373	63878	64594	gene-Peve_00017190	91.6666665	2
Porites_evermani_scaffold_2373	68798	71091	gene-Peve_00017191	.	0
Porites_evermani_scaffold_2373	71218	77471	gene-Peve_00017192	72.3644005	40
Porites_evermani_scaffold_2374	17118	36349	gene-Peve_00017198	80.98211621	43
Porites_evermani_scaffold_2374	36947	38027	gene-Peve_00017199	.	0
Porites_evermani_scaffold_2374	42309	45887	gene-Peve_00017200	36.19257557	23
Porites_evermani_scaffold_2374	46034	50444	gene-Peve_00017195	41.07924164	11
Porites_evermani_scaffold_2374	51510	57823	gene-Peve_00017196	.	0
Porites_evermani_scaffold_2374	59791	61429	gene-Peve_00017197	0.1162790698	43
Porites_evermani_scaffold_2375	1539	1974	gene-Peve_00017201	.	0
Porites_evermani_scaffold_2375	2431	6823	gene-Peve_00017202	67.67065453	17
Porites_evermani_scaffold_2375	8856	9831	gene-Peve_00017203	.	0
Porites_evermani_scaffold_2375	15930	33985	gene-Peve_00017204	88.11558495	19
Porites_evermani_scaffold_2375	34573	76306	gene-Peve_00017205	6.546404519	77
Porites_evermani_scaffold_2376	4130	5370	gene-Peve_00017206	97.56769069	35
Porites_evermani_scaffold_2376	5940	12149	gene-Peve_00017208	77.00183407	132
Porites_evermani_scaffold_2376	19157	19990	gene-Peve_00017209	99.09090909	11
Porites_evermani_scaffold_2376	21000	25574	gene-Peve_00017210	87.5	2
Porites_evermani_scaffold_2376	56337	57583	gene-Peve_00017207	3.471074364	11
Porites_evermani_scaffold_2377	1071	16540	gene-Peve_00017211	1.065088769	26
Porites_evermani_scaffold_2377	16565	17540	gene-Peve_00017215	.	0
Porites_evermani_scaffold_2377	19928	20330	gene-Peve_00017217	.	0
Porites_evermani_scaffold_2377	35603	36332	gene-Peve_00017218	.	0
Porites_evermani_scaffold_2377	45469	63860	gene-Peve_00017212	0	13
Porites_evermani_scaffold_2377	69143	70505	gene-Peve_00017213	.	0
Porites_evermani_scaffold_2377	71895	72642	gene-Peve_00017214	.	0
Porites_evermani_scaffold_2378	2541	17599	gene-Peve_00017219	9.143392656	61
Porites_evermani_scaffold_2378	23464	27488	gene-Peve_00017223	0	1
Porites_evermani_scaffold_2378	34296	36837	gene-Peve_00017224	.	0
Porites_evermani_scaffold_2378	37866	38906	gene-Peve_00017225	.	0
Porites_evermani_scaffold_2378	49288	49865	gene-Peve_00017220	.	0
Porites_evermani_scaffold_2378	67247	72110	gene-Peve_00017221	0	20
Porites_evermani_scaffold_2378	71578	72488	gene-Peve_00017222	0	3
Porites_evermani_scaffold_2379	1814	2168	gene-Peve_00017227	.	0
Porites_evermani_scaffold_2379	14162	24976	gene-Peve_00017230	0	11
Porites_evermani_scaffold_2379	29058	29554	gene-Peve_00017231	0	4
Porites_evermani_scaffold_2379	29751	30181	gene-Peve_00017232	.	0
Porites_evermani_scaffold_2379	48679	52878	gene-Peve_00017228	0	7
Porites_evermani_scaffold_238	1459	38987	gene-Peve_00017235	2.311086516	337
Porites_evermani_scaffold_238	45554	60060	gene-Peve_00017242	77.70253538	86
Porites_evermani_scaffold_238	67967	112796	gene-Peve_00017249	1.254591398	241
Porites_evermani_scaffold_238	115157	165535	gene-Peve_00017248	0.3442465419	788
Porites_evermani_scaffold_238	188315	189471	gene-Peve_00017236	0	37
Porites_evermani_scaffold_238	228377	229280	gene-Peve_00017237	1.34090908	25
Porites_evermani_scaffold_238	243177	246014	gene-Peve_00017238	1.561158116	95
Porites_evermani_scaffold_238	248545	249532	gene-Peve_00017239	0	13
Porites_evermani_scaffold_238	251375	252335	gene-Peve_00017240	0.2100840294	34
Porites_evermani_scaffold_238	256259	263015	gene-Peve_00017241	0.1040626039	154
Porites_evermani_scaffold_238	266904	270831	gene-Peve_00017243	0.09259259259	108
Porites_evermani_scaffold_238	272645	279114	gene-Peve_00017244	68.86870889	97
Porites_evermani_scaffold_238	280454	304123	gene-Peve_00017245	7.795083895	429
Porites_evermani_scaffold_238	331004	334614	gene-Peve_00017246	0.5608700244	82
Porites_evermani_scaffold_238	337547	341636	gene-Peve_00017247	0.4299778367	147
Porites_evermani_scaffold_2380	5206	5545	gene-Peve_00017250	0.595238125	16
Porites_evermani_scaffold_2380	11802	16486	gene-Peve_00017255	83.57309357	21
Porites_evermani_scaffold_2380	19505	32135	gene-Peve_00017256	53.23721638	88
Porites_evermani_scaffold_2380	38314	50003	gene-Peve_00017257	34.7448335	74
Porites_evermani_scaffold_2380	50605	64243	gene-Peve_00017251	9.931216096	228
Porites_evermani_scaffold_2380	70198	72518	gene-Peve_00017252	0	16
Porites_evermani_scaffold_2380	75656	76340	gene-Peve_00017253	.	0
Porites_evermani_scaffold_2381	83	11708	gene-Peve_00017258	76.06466548	262
Porites_evermani_scaffold_2381	12728	16242	gene-Peve_00017265	76.85329693	27
Porites_evermani_scaffold_2381	23133	24641	gene-Peve_00017266	0	47
Porites_evermani_scaffold_2381	30186	34702	gene-Peve_00017259	0.3508042079	101
Porites_evermani_scaffold_2381	35357	37141	gene-Peve_00017260	0.3151260536	56
Porites_evermani_scaffold_2381	41464	47337	gene-Peve_00017261	0.398671093	86
Porites_evermani_scaffold_2381	60888	64277	gene-Peve_00017262	0	89
Porites_evermani_scaffold_2381	65216	69115	gene-Peve_00017263	0.195153686	86
Porites_evermani_scaffold_2381	71023	72481	gene-Peve_00017264	0	2
Porites_evermani_scaffold_2382	17982	19499	gene-Peve_00017267	17.03307527	22
Porites_evermani_scaffold_2382	49533	52477	gene-Peve_00017269	.	0
Porites_evermani_scaffold_2382	58345	66020	gene-Peve_00017268	0.7068299624	266
Porites_evermani_scaffold_2383	18791	25267	gene-Peve_00017275	11.81818181	21
Porites_evermani_scaffold_2383	35879	36773	gene-Peve_00017276	.	0
Porites_evermani_scaffold_2383	47662	49261	gene-Peve_00017270	72.94726117	6
Porites_evermani_scaffold_2383	66195	67155	gene-Peve_00017271	.	0
Porites_evermani_scaffold_2383	68227	68706	gene-Peve_00017272	.	0
Porites_evermani_scaffold_2383	75325	75970	gene-Peve_00017274	.	0
Porites_evermani_scaffold_2384	8708	14845	gene-Peve_00017282	2.708374326	46
Porites_evermani_scaffold_2384	25712	27039	gene-Peve_00017278	0	4
Porites_evermani_scaffold_2384	27357	36718	gene-Peve_00017279	95.10522815	20
Porites_evermani_scaffold_2384	53703	58245	gene-Peve_00017280	0	6
Porites_evermani_scaffold_2384	63149	70814	gene-Peve_00017281	0.8333333333	12
Porites_evermani_scaffold_2385	13399	49613	gene-Peve_00017285	0.2699385885	418
Porites_evermani_scaffold_2385	49664	59178	gene-Peve_00017284	0.7823744405	227
Porites_evermani_scaffold_2385	64192	73727	gene-Peve_00017286	0.4125286448	183
Porites_evermani_scaffold_2386	314	25205	gene-Peve_00017288	26.10327012	129
Porites_evermani_scaffold_2386	31208	38044	gene-Peve_00017289	0.5036442808	146
Porites_evermani_scaffold_2386	39281	42397	gene-Peve_00017290	47.6182533	40
Porites_evermani_scaffold_2386	49651	51657	gene-Peve_00017291	0.4061624571	35
Porites_evermani_scaffold_2386	53603	71887	gene-Peve_00017292	0.6260145014	353
Porites_evermani_scaffold_2386	74525	76610	gene-Peve_00017293	0.135685209	67
Porites_evermani_scaffold_2387	0	6257	gene-Peve_00017294	2.380952333	6
Porites_evermani_scaffold_2387	6861	51980	gene-Peve_00017296	1.285433273	227
Porites_evermani_scaffold_2388	5778	8872	gene-Peve_00017297	42.97133944	27
Porites_evermani_scaffold_2388	25089	26753	gene-Peve_00017304	12.7564105	4
Porites_evermani_scaffold_2388	30850	31606	gene-Peve_00017298	86.73034819	16
Porites_evermani_scaffold_2388	43489	51804	gene-Peve_00017299	0.7479292143	196
Porites_evermani_scaffold_2388	52625	54677	gene-Peve_00017300	.	0
Porites_evermani_scaffold_2388	55885	67646	gene-Peve_00017301	.	0
Porites_evermani_scaffold_2388	67146	70572	gene-Peve_00017302	.	0
Porites_evermani_scaffold_2388	70774	75739	gene-Peve_00017303	.	0
Porites_evermani_scaffold_2389	426	17785	gene-Peve_00017308	1.493623721	262
Porites_evermani_scaffold_2389	18321	26748	gene-Peve_00017306	0.4282040656	61
Porites_evermani_scaffold_2389	26772	36293	gene-Peve_00017307	74.53573934	64
Porites_evermani_scaffold_2389	41734	42220	gene-Peve_00017309	.	0
Porites_evermani_scaffold_2389	49559	66241	gene-Peve_00017310	1.851108881	370
Porites_evermani_scaffold_239	299	23304	gene-Peve_00017319	20.41114565	94
Porites_evermani_scaffold_239	58853	60356	gene-Peve_00017320	26.57892953	15
Porites_evermani_scaffold_239	78764	79202	gene-Peve_00017321	.	0
Porites_evermani_scaffold_239	79797	91106	gene-Peve_00017322	18.39008597	152
Porites_evermani_scaffold_239	126177	132333	gene-Peve_00017324	8.236786318	22
Porites_evermani_scaffold_239	127143	127482	gene-Peve_00017325	.	0
Porites_evermani_scaffold_239	158215	160525	gene-Peve_00017323	4.672364667	9
Porites_evermani_scaffold_239	178051	179552	gene-Peve_00017328	15.41563708	13
Porites_evermani_scaffold_239	191955	192863	gene-Peve_00017330	3.934670333	39
Porites_evermani_scaffold_239	235294	258744	gene-Peve_00017311	23.24966523	322
Porites_evermani_scaffold_239	273481	291828	gene-Peve_00017312	12.75541131	354
Porites_evermani_scaffold_239	297998	299261	gene-Peve_00017315	0.6615497105	38
Porites_evermani_scaffold_239	311546	319567	gene-Peve_00017317	1.565849763	118
Porites_evermani_scaffold_239	324611	332195	gene-Peve_00017316	71.14180661	18
Porites_evermani_scaffold_239	342336	343513	gene-Peve_00017318	60.96008163	8
Porites_evermani_scaffold_2390	15450	16229	gene-Peve_00017331	0	15
Porites_evermani_scaffold_2390	24681	27873	gene-Peve_00017336	0.3367003333	27
Porites_evermani_scaffold_2390	27880	29824	gene-Peve_00017332	.	0
Porites_evermani_scaffold_2390	30510	30858	gene-Peve_00017333	3.030303	3
Porites_evermani_scaffold_2390	37925	38744	gene-Peve_00017334	.	0
Porites_evermani_scaffold_2390	45531	52775	gene-Peve_00017335	0.2284752292	144
Porites_evermani_scaffold_2391	11812	12226	gene-Peve_00017340	3.523328444	9
Porites_evermani_scaffold_2391	13276	17936	gene-Peve_00017341	0.2581908889	54
Porites_evermani_scaffold_2391	36780	37619	gene-Peve_00017342	0	2
Porites_evermani_scaffold_2391	42562	43657	gene-Peve_00017337	.	0
Porites_evermani_scaffold_2391	44170	54675	gene-Peve_00017338	1.060336389	244
Porites_evermani_scaffold_2391	72738	74054	gene-Peve_00017339	.	0
Porites_evermani_scaffold_2392	10897	16705	gene-Peve_00017344	0	4
Porites_evermani_scaffold_2392	18368	30668	gene-Peve_00017345	.	0
Porites_evermani_scaffold_2392	36051	57303	gene-Peve_00017346	59.64157033	36
Porites_evermani_scaffold_2393	2687	3476	gene-Peve_00017351	0	19
Porites_evermani_scaffold_2393	8894	22171	gene-Peve_00017353	0.9478761444	270
Porites_evermani_scaffold_2393	24916	26266	gene-Peve_00017354	0.1063829787	47
Porites_evermani_scaffold_2393	30412	31501	gene-Peve_00017355	91.94016746	13
Porites_evermani_scaffold_2393	33437	34496	gene-Peve_00017347	0.4184704242	33
Porites_evermani_scaffold_2393	37353	42617	gene-Peve_00017348	0.7068502959	98
Porites_evermani_scaffold_2393	43790	45271	gene-Peve_00017349	0	31
Porites_evermani_scaffold_2393	57687	58389	gene-Peve_00017350	0.2392344545	22
Porites_evermani_scaffold_2393	65258	69785	gene-Peve_00017352	0.07374630973	113
Porites_evermani_scaffold_2394	2032	2350	gene-Peve_00017356	.	0
Porites_evermani_scaffold_2394	2732	2975	gene-Peve_00017358	.	0
Porites_evermani_scaffold_2394	12458	13433	gene-Peve_00017359	0	17
Porites_evermani_scaffold_2394	14993	15523	gene-Peve_00017360	.	0
Porites_evermani_scaffold_2394	37853	61647	gene-Peve_00017357	5.826048139	72
Porites_evermani_scaffold_2395	2767	8193	gene-Peve_00017361	1.441354915	106
Porites_evermani_scaffold_2395	22658	34083	gene-Peve_00017363	0	56
Porites_evermani_scaffold_2395	47286	67902	gene-Peve_00017364	0.3014184468	47
Porites_evermani_scaffold_2396	1527	2118	gene-Peve_00017365	0	11
Porites_evermani_scaffold_2396	13008	17831	gene-Peve_00017369	0.6921913109	119
Porites_evermani_scaffold_2396	23645	30554	gene-Peve_00017370	0.267522736	178
Porites_evermani_scaffold_2396	37009	42017	gene-Peve_00017371	2.366591897	87
Porites_evermani_scaffold_2396	44269	45007	gene-Peve_00017372	0.2631578947	19
Porites_evermani_scaffold_2396	50535	52824	gene-Peve_00017373	0.6181318654	52
Porites_evermani_scaffold_2396	55913	61645	gene-Peve_00017366	0.1494537245	98
Porites_evermani_scaffold_2396	66462	70698	gene-Peve_00017367	0.17578125	64
Porites_evermani_scaffold_2396	72959	74387	gene-Peve_00017368	1.13095235	20
Porites_evermani_scaffold_2397	26178	26452	gene-Peve_00017376	.	0
Porites_evermani_scaffold_2397	67954	70939	gene-Peve_00017374	0.7789507692	52
Porites_evermani_scaffold_2398	15009	15924	gene-Peve_00017382	0.5304687838	37
Porites_evermani_scaffold_2398	30510	35115	gene-Peve_00017383	0.288823019	158
Porites_evermani_scaffold_2398	50429	50954	gene-Peve_00017378	0	2
Porites_evermani_scaffold_2398	52275	53082	gene-Peve_00017379	2	5
Porites_evermani_scaffold_2398	70584	72363	gene-Peve_00017381	0	50
Porites_evermani_scaffold_2399	10399	15023	gene-Peve_00017384	0.4067343366	101
Porites_evermani_scaffold_2399	23051	24447	gene-Peve_00017388	0	22
Porites_evermani_scaffold_2399	28396	29191	gene-Peve_00017389	1.5151515	6
Porites_evermani_scaffold_2399	45401	49862	gene-Peve_00017385	53.61483757	14
Porites_evermani_scaffold_2399	51996	52872	gene-Peve_00017386	.	0
Porites_evermani_scaffold_2399	53524	75370	gene-Peve_00017387	1.824237723	148
Porites_evermani_scaffold_24	256	2227	gene-Peve_00017390	0.132626	58
Porites_evermani_scaffold_24	6786	9790	gene-Peve_00017456	0.2310231089	101
Porites_evermani_scaffold_24	20856	37041	gene-Peve_00017477	47.88919823	213
Porites_evermani_scaffold_24	41817	45304	gene-Peve_00017396	40.8548203	81
Porites_evermani_scaffold_24	45569	53876	gene-Peve_00017403	34.2512452	139
Porites_evermani_scaffold_24	56743	63791	gene-Peve_00017410	0.5292016	240
Porites_evermani_scaffold_24	65237	65705	gene-Peve_00017420	0	15
Porites_evermani_scaffold_24	71458	83747	gene-Peve_00017430	48.39887466	95
Porites_evermani_scaffold_24	87404	92885	gene-Peve_00017448	37.57261222	37
Porites_evermani_scaffold_24	106083	113381	gene-Peve_00017454	21.85107934	88
Porites_evermani_scaffold_24	117183	118583	gene-Peve_00017455	12.48868782	17
Porites_evermani_scaffold_24	121807	141012	gene-Peve_00017457	14.04838083	354
Porites_evermani_scaffold_24	141299	148373	gene-Peve_00017458	37.17812733	82
Porites_evermani_scaffold_24	152244	160531	gene-Peve_00017459	70.54042241	171
Porites_evermani_scaffold_24	163928	171634	gene-Peve_00017460	67.02089985	91
Porites_evermani_scaffold_24	172079	179475	gene-Peve_00017461	34.04494158	154
Porites_evermani_scaffold_24	181573	186988	gene-Peve_00017462	67.74469884	58
Porites_evermani_scaffold_24	189613	190525	gene-Peve_00017463	78.030303	2
Porites_evermani_scaffold_24	201312	206534	gene-Peve_00017465	0.06887052273	132
Porites_evermani_scaffold_24	207062	208519	gene-Peve_00017466	0.3576248246	57
Porites_evermani_scaffold_24	217105	218050	gene-Peve_00017467	0	12
Porites_evermani_scaffold_24	227733	231616	gene-Peve_00017468	0.5208333333	72
Porites_evermani_scaffold_24	235758	236607	gene-Peve_00017469	0	4
Porites_evermani_scaffold_24	235926	236346	gene-Peve_00017470	.	0
Porites_evermani_scaffold_24	243135	250981	gene-Peve_00017471	0.4103703784	185
Porites_evermani_scaffold_24	251613	251938	gene-Peve_00017473	0	11
Porites_evermani_scaffold_24	253388	253889	gene-Peve_00017474	0	13
Porites_evermani_scaffold_24	254257	258404	gene-Peve_00017472	1.171293716	81
Porites_evermani_scaffold_24	262200	266911	gene-Peve_00017475	0.1839826883	77
Porites_evermani_scaffold_24	268929	271803	gene-Peve_00017476	0.7400187778	81
Porites_evermani_scaffold_24	281731	283407	gene-Peve_00017478	0.3312211935	62
Porites_evermani_scaffold_24	283771	284563	gene-Peve_00017479	2.072475452	42
Porites_evermani_scaffold_24	290149	291712	gene-Peve_00017480	0.4286735	26
Porites_evermani_scaffold_24	295975	340083	gene-Peve_00017391	3.428114491	1065
Porites_evermani_scaffold_24	301195	330117	gene-Peve_00017392	4.561114784	704
Porites_evermani_scaffold_24	318239	323869	gene-Peve_00017393	32.70733649	88
Porites_evermani_scaffold_24	348980	360829	gene-Peve_00017394	0.5647504498	289
Porites_evermani_scaffold_24	360053	360326	gene-Peve_00017395	0	6
Porites_evermani_scaffold_24	373886	397993	gene-Peve_00017397	3.149556881	429
Porites_evermani_scaffold_24	375791	377026	gene-Peve_00017398	40.67044067	6
Porites_evermani_scaffold_24	405984	408205	gene-Peve_00017399	0.295858	26
Porites_evermani_scaffold_24	408994	424163	gene-Peve_00017401	1.304420215	441
Porites_evermani_scaffold_24	426334	438193	gene-Peve_00017402	1.12218877	317
Porites_evermani_scaffold_24	441562	442657	gene-Peve_00017404	5.991432818	33
Porites_evermani_scaffold_24	447207	452596	gene-Peve_00017405	77.31173275	109
Porites_evermani_scaffold_24	452781	463132	gene-Peve_00017406	38.5735863	164
Porites_evermani_scaffold_24	463972	473907	gene-Peve_00017407	0.4950015191	262
Porites_evermani_scaffold_24	476339	476866	gene-Peve_00017408	0	6
Porites_evermani_scaffold_24	483715	493791	gene-Peve_00017409	28.8164835	131
Porites_evermani_scaffold_24	494804	523271	gene-Peve_00017411	49.70446226	292
Porites_evermani_scaffold_24	526991	534866	gene-Peve_00017412	0.3500614603	189
Porites_evermani_scaffold_24	538120	539071	gene-Peve_00017413	0.3225806452	31
Porites_evermani_scaffold_24	541349	551472	gene-Peve_00017414	0.5050375755	278
Porites_evermani_scaffold_24	557997	562230	gene-Peve_00017415	24.29111774	80
Porites_evermani_scaffold_24	563371	583170	gene-Peve_00017416	68.04038384	274
Porites_evermani_scaffold_24	580975	581878	gene-Peve_00017418	69.81921012	42
Porites_evermani_scaffold_24	586905	600839	gene-Peve_00017419	5.553461119	335
Porites_evermani_scaffold_24	626336	639185	gene-Peve_00017421	1.448613576	377
Porites_evermani_scaffold_24	637326	643729	gene-Peve_00017422	1.871207991	115
Porites_evermani_scaffold_24	658235	658880	gene-Peve_00017423	0	24
Porites_evermani_scaffold_24	664006	664603	gene-Peve_00017425	2.79860136	25
Porites_evermani_scaffold_24	675142	681539	gene-Peve_00017426	0.6437253736	182
Porites_evermani_scaffold_24	684777	685671	gene-Peve_00017427	4.931507864	22
Porites_evermani_scaffold_24	690809	691598	gene-Peve_00017428	1.754307794	34
Porites_evermani_scaffold_24	699222	701599	gene-Peve_00017429	2.118010192	26
Porites_evermani_scaffold_24	708612	709530	gene-Peve_00017431	0	21
Porites_evermani_scaffold_24	719076	726860	gene-Peve_00017432	3.591339766	154
Porites_evermani_scaffold_24	729840	732778	gene-Peve_00017433	88.75	4
Porites_evermani_scaffold_24	735820	736885	gene-Peve_00017434	0	13
Porites_evermani_scaffold_24	739828	746831	gene-Peve_00017435	12.27792164	66
Porites_evermani_scaffold_24	751081	756138	gene-Peve_00017437	1.003785865	111
Porites_evermani_scaffold_24	764032	768952	gene-Peve_00017439	0.198019802	101
Porites_evermani_scaffold_24	770853	771222	gene-Peve_00017441	0	14
Porites_evermani_scaffold_24	776195	781452	gene-Peve_00017440	0.42989975	132
Porites_evermani_scaffold_24	785015	789761	gene-Peve_00017442	0	72
Porites_evermani_scaffold_24	792157	792400	gene-Peve_00017443	0.4761904667	15
Porites_evermani_scaffold_24	793302	793797	gene-Peve_00017444	0	1
Porites_evermani_scaffold_24	795387	801250	gene-Peve_00017445	0.2987012971	175
Porites_evermani_scaffold_24	803610	816829	gene-Peve_00017446	10.49960459	217
Porites_evermani_scaffold_24	817267	839066	gene-Peve_00017447	1.329116716	423
Porites_evermani_scaffold_24	841737	861963	gene-Peve_00017449	0.6583234179	414
Porites_evermani_scaffold_24	880578	887873	gene-Peve_00017451	7.04809422	41
Porites_evermani_scaffold_24	892632	903438	gene-Peve_00017450	0.1995908378	111
Porites_evermani_scaffold_24	916013	924224	gene-Peve_00017452	22.13551184	176
Porites_evermani_scaffold_240	1510	1819	gene-Peve_00017481	.	0
Porites_evermani_scaffold_240	14171	29751	gene-Peve_00017490	9.36474295	161
Porites_evermani_scaffold_240	35534	40969	gene-Peve_00017507	.	0
Porites_evermani_scaffold_240	45249	62050	gene-Peve_00017482	12.7006947	94
Porites_evermani_scaffold_240	69480	72078	gene-Peve_00017483	0.1438127077	65
Porites_evermani_scaffold_240	73587	82508	gene-Peve_00017484	24.39470383	187
Porites_evermani_scaffold_240	86999	87809	gene-Peve_00017485	0.8950853182	22
Porites_evermani_scaffold_240	89004	91273	gene-Peve_00017486	0.1876172683	41
Porites_evermani_scaffold_240	94606	101383	gene-Peve_00017487	1.086446153	170
Porites_evermani_scaffold_240	104846	107725	gene-Peve_00017488	0.3022076	75
Porites_evermani_scaffold_240	110492	119314	gene-Peve_00017489	1.987901777	242
Porites_evermani_scaffold_240	127917	143178	gene-Peve_00017491	76.34043928	96
Porites_evermani_scaffold_240	143264	146511	gene-Peve_00017492	56.41370481	43
Porites_evermani_scaffold_240	147273	160320	gene-Peve_00017493	73.14800589	143
Porites_evermani_scaffold_240	164428	169917	gene-Peve_00017494	64.33884985	55
Porites_evermani_scaffold_240	174074	181735	gene-Peve_00017495	57.66286076	90
Porites_evermani_scaffold_240	182817	193276	gene-Peve_00017496	0.6748525654	283
Porites_evermani_scaffold_240	194692	199942	gene-Peve_00017497	0.2032097348	132
Porites_evermani_scaffold_240	216838	219019	gene-Peve_00017498	0.1461988246	57
Porites_evermani_scaffold_240	224629	228763	gene-Peve_00017499	1.56942975	120
Porites_evermani_scaffold_240	236785	241115	gene-Peve_00017500	0.06105005983	117
Porites_evermani_scaffold_240	245389	248370	gene-Peve_00017501	43.84058139	44
Porites_evermani_scaffold_240	263972	275359	gene-Peve_00017502	20.59271325	187
Porites_evermani_scaffold_240	276987	285239	gene-Peve_00017503	24.97819176	51
Porites_evermani_scaffold_240	288485	291025	gene-Peve_00017504	91.85457816	19
Porites_evermani_scaffold_240	292272	298848	gene-Peve_00017505	63.66645758	50
Porites_evermani_scaffold_240	299017	301021	gene-Peve_00017506	58.26754388	8
Porites_evermani_scaffold_240	302900	312210	gene-Peve_00017508	67.55353149	109
Porites_evermani_scaffold_240	316697	329473	gene-Peve_00017509	54.22281266	229
Porites_evermani_scaffold_240	331369	335363	gene-Peve_00017512	0.4054054054	37
Porites_evermani_scaffold_240	335393	343535	gene-Peve_00017510	0.1831501852	81
Porites_evermani_scaffold_240	337615	338871	gene-Peve_00017511	0	3
Porites_evermani_scaffold_2400	1875	4897	gene-Peve_00017513	39.39641288	32
Porites_evermani_scaffold_2400	8905	15971	gene-Peve_00017516	37.31444856	59
Porites_evermani_scaffold_2400	18333	26644	gene-Peve_00017517	0.4236610088	113
Porites_evermani_scaffold_2400	27679	36589	gene-Peve_00017518	0.1900972644	174
Porites_evermani_scaffold_2400	40469	51011	gene-Peve_00017519	0.3719197528	178
Porites_evermani_scaffold_2400	53318	57524	gene-Peve_00017514	0.1594896316	57
Porites_evermani_scaffold_2400	59517	67371	gene-Peve_00017515	0.5038567886	246
Porites_evermani_scaffold_2401	9581	74570	gene-Peve_00017520	8.038720556	18
Porites_evermani_scaffold_2402	10	4496	gene-Peve_00017522	81.08938343	30
Porites_evermani_scaffold_2402	6396	17859	gene-Peve_00017525	71.56594836	36
Porites_evermani_scaffold_2402	11583	13317	gene-Peve_00017530	.	0
Porites_evermani_scaffold_2402	18137	25628	gene-Peve_00017531	19.75299325	85
Porites_evermani_scaffold_2402	28498	29311	gene-Peve_00017532	0.35714285	20
Porites_evermani_scaffold_2402	35600	36935	gene-Peve_00017523	19.940476	4
Porites_evermani_scaffold_2402	41747	45943	gene-Peve_00017524	2.16363636	25
Porites_evermani_scaffold_2402	56248	58492	gene-Peve_00017526	0.6548105536	56
Porites_evermani_scaffold_2402	64480	66061	gene-Peve_00017527	0	2
Porites_evermani_scaffold_2402	66334	66724	gene-Peve_00017528	0	14
Porites_evermani_scaffold_2402	70782	71532	gene-Peve_00017529	0	6
Porites_evermani_scaffold_2403	2282	10760	gene-Peve_00017534	40.59959403	60
Porites_evermani_scaffold_2403	12580	28981	gene-Peve_00017535	43.6569518	179
Porites_evermani_scaffold_2403	32372	39874	gene-Peve_00017536	87.47227078	59
Porites_evermani_scaffold_2403	41495	53165	gene-Peve_00017537	4.14451	236
Porites_evermani_scaffold_2403	66276	70719	gene-Peve_00017533	1.729082316	76
Porites_evermani_scaffold_2404	14775	21712	gene-Peve_00017540	74.64218212	74
Porites_evermani_scaffold_2404	25582	34109	gene-Peve_00017541	7.781313333	81
Porites_evermani_scaffold_2404	40862	55851	gene-Peve_00017538	35.79914867	49
Porites_evermani_scaffold_2404	56013	75427	gene-Peve_00017539	8.407866855	179
Porites_evermani_scaffold_2405	1471	3872	gene-Peve_00017542	0.2514367759	58
Porites_evermani_scaffold_2405	4818	5248	gene-Peve_00017547	0	5
Porites_evermani_scaffold_2405	5387	6309	gene-Peve_00017548	0.5467571538	26
Porites_evermani_scaffold_2405	39974	47223	gene-Peve_00017545	0.9979718238	193
Porites_evermani_scaffold_2405	49954	51575	gene-Peve_00017546	1.659451656	32
Porites_evermani_scaffold_2405	59090	66489	gene-Peve_00017544	0.3571428571	14
Porites_evermani_scaffold_2406	6316	9916	gene-Peve_00017551	0.3949593636	99
Porites_evermani_scaffold_2406	17961	18570	gene-Peve_00017558	.	0
Porites_evermani_scaffold_2406	20508	21117	gene-Peve_00017559	.	0
Porites_evermani_scaffold_2406	29034	30408	gene-Peve_00017552	0.3448275862	29
Porites_evermani_scaffold_2406	31016	31595	gene-Peve_00017553	0	4
Porites_evermani_scaffold_2406	40306	40642	gene-Peve_00017554	0	16
Porites_evermani_scaffold_2406	50809	51906	gene-Peve_00017555	0.3926482889	45
Porites_evermani_scaffold_2406	56597	57176	gene-Peve_00017556	0	19
Porites_evermani_scaffold_2406	63369	71239	gene-Peve_00017557	0.1443001429	63
Porites_evermani_scaffold_2407	17812	21739	gene-Peve_00017562	.	0
Porites_evermani_scaffold_2407	37799	38120	gene-Peve_00017561	45.00785133	6
Porites_evermani_scaffold_2408	5430	10566	gene-Peve_00017566	0.6563928967	184
Porites_evermani_scaffold_2408	10965	13328	gene-Peve_00017571	6.794608816	103
Porites_evermani_scaffold_2408	16925	17234	gene-Peve_00017563	9.121134529	17
Porites_evermani_scaffold_2408	33792	34815	gene-Peve_00017564	0	13
Porites_evermani_scaffold_2408	44710	49585	gene-Peve_00017567	0.436763	68
Porites_evermani_scaffold_2408	50485	51366	gene-Peve_00017568	.	0
Porites_evermani_scaffold_2408	68331	75122	gene-Peve_00017570	0.2204941494	87
Porites_evermani_scaffold_2409	33267	34092	gene-Peve_00017573	.	0
Porites_evermani_scaffold_2409	52693	67089	gene-Peve_00017575	9.6017683	10
Porites_evermani_scaffold_241	623	11679	gene-Peve_00017576	51.95315817	100
Porites_evermani_scaffold_241	14986	23913	gene-Peve_00017586	15.72010486	49
Porites_evermani_scaffold_241	25648	26633	gene-Peve_00017589	.	0
Porites_evermani_scaffold_241	31853	32486	gene-Peve_00017592	.	0
Porites_evermani_scaffold_241	35777	36410	gene-Peve_00017601	.	0
Porites_evermani_scaffold_241	38411	39401	gene-Peve_00017603	.	0
Porites_evermani_scaffold_241	41689	45081	gene-Peve_00017604	27.67643538	26
Porites_evermani_scaffold_241	51133	52165	gene-Peve_00017580	0.7371795	24
Porites_evermani_scaffold_241	55780	56879	gene-Peve_00017583	17.64333865	40
Porites_evermani_scaffold_241	64085	65117	gene-Peve_00017585	0	13
Porites_evermani_scaffold_241	74731	75766	gene-Peve_00017587	0.6455083462	26
Porites_evermani_scaffold_241	83748	113490	gene-Peve_00017588	17.72189691	579
Porites_evermani_scaffold_241	124647	125207	gene-Peve_00017590	1.020408143	7
Porites_evermani_scaffold_241	133247	144513	gene-Peve_00017591	1.925450768	267
Porites_evermani_scaffold_241	139505	140199	gene-Peve_00017593	0	12
Porites_evermani_scaffold_241	147000	148307	gene-Peve_00017594	0	3
Porites_evermani_scaffold_241	149486	153130	gene-Peve_00017595	1.057881417	115
Porites_evermani_scaffold_241	162964	174725	gene-Peve_00017596	0.6510205927	410
Porites_evermani_scaffold_241	185879	186701	gene-Peve_00017597	1.25	15
Porites_evermani_scaffold_241	192834	193662	gene-Peve_00017598	2.153876722	18
Porites_evermani_scaffold_241	195195	199158	gene-Peve_00017599	0.1818034904	104
Porites_evermani_scaffold_241	201415	218998	gene-Peve_00017600	35.76169658	175
Porites_evermani_scaffold_241	225077	235334	gene-Peve_00017602	57.64223845	253
Porites_evermani_scaffold_241	236232	240860	gene-Peve_00017605	87.762238	2
Porites_evermani_scaffold_241	241044	247280	gene-Peve_00017606	.	0
Porites_evermani_scaffold_241	249146	275250	gene-Peve_00017607	82.45832545	188
Porites_evermani_scaffold_241	283777	287273	gene-Peve_00017609	20.04912025	89
Porites_evermani_scaffold_241	289975	292821	gene-Peve_00017577	0.295858	52
Porites_evermani_scaffold_241	295558	318214	gene-Peve_00017578	21.69477715	372
Porites_evermani_scaffold_241	325700	326870	gene-Peve_00017579	0	20
Porites_evermani_scaffold_241	330222	334802	gene-Peve_00017581	1.422413422	83
Porites_evermani_scaffold_241	337151	340089	gene-Peve_00017582	0.09803921667	60
Porites_evermani_scaffold_2410	33623	48003	gene-Peve_00017610	3.492200794	228
Porites_evermani_scaffold_2410	59109	69416	gene-Peve_00017611	7.868057873	63
Porites_evermani_scaffold_2410	69634	76198	gene-Peve_00017612	70.35207989	65
Porites_evermani_scaffold_2411	8156	8759	gene-Peve_00017616	.	0
Porites_evermani_scaffold_2411	16778	29308	gene-Peve_00017615	55.90940898	157
Porites_evermani_scaffold_2411	34978	39651	gene-Peve_00017617	0.1388888889	72
Porites_evermani_scaffold_2411	50444	62003	gene-Peve_00017613	8.352611291	110
Porites_evermani_scaffold_2411	63215	70746	gene-Peve_00017614	.	0
Porites_evermani_scaffold_2412	13690	16618	gene-Peve_00017618	.	0
Porites_evermani_scaffold_2412	21925	75546	gene-Peve_00017620	5.652919658	243
Porites_evermani_scaffold_2413	14263	38616	gene-Peve_00017622	1.122029018	224
Porites_evermani_scaffold_2413	47445	54031	gene-Peve_00017623	0	3
Porites_evermani_scaffold_2413	69122	70529	gene-Peve_00017621	0	13
Porites_evermani_scaffold_2413	71646	72624	gene-Peve_00017624	.	0
Porites_evermani_scaffold_2413	73814	75222	gene-Peve_00017625	.	0
Porites_evermani_scaffold_2414	5807	6212	gene-Peve_00017628	0	3
Porites_evermani_scaffold_2414	8481	20994	gene-Peve_00017629	0.4541362627	236
Porites_evermani_scaffold_2414	25468	26053	gene-Peve_00017630	.	0
Porites_evermani_scaffold_2414	34358	38247	gene-Peve_00017631	0.6757424	60
Porites_evermani_scaffold_2414	48059	55873	gene-Peve_00017626	0	24
Porites_evermani_scaffold_2414	69592	72006	gene-Peve_00017627	0.5321869556	45
Porites_evermani_scaffold_2415	867	8332	gene-Peve_00017632	9.103106812	16
Porites_evermani_scaffold_2415	14639	16547	gene-Peve_00017636	.	0
Porites_evermani_scaffold_2415	24006	25589	gene-Peve_00017637	0	5
Porites_evermani_scaffold_2415	33998	36317	gene-Peve_00017633	.	0
Porites_evermani_scaffold_2415	41852	44644	gene-Peve_00017634	0.4048583158	19
Porites_evermani_scaffold_2415	59493	59847	gene-Peve_00017635	0	15
Porites_evermani_scaffold_2416	31076	37004	gene-Peve_00017638	88.08857811	9
Porites_evermani_scaffold_2416	39706	41343	gene-Peve_00017639	50	4
Porites_evermani_scaffold_2416	41747	42401	gene-Peve_00017640	.	0
Porites_evermani_scaffold_2416	45889	48975	gene-Peve_00017641	0.7730364762	21
Porites_evermani_scaffold_2416	51509	52346	gene-Peve_00017642	.	0
Porites_evermani_scaffold_2416	56607	57444	gene-Peve_00017643	.	0
Porites_evermani_scaffold_2416	62314	62884	gene-Peve_00017644	.	0
Porites_evermani_scaffold_2417	9626	10973	gene-Peve_00017650	1.709401667	9
Porites_evermani_scaffold_2417	11074	22572	gene-Peve_00017651	6.496684759	224
Porites_evermani_scaffold_2417	24675	25872	gene-Peve_00017652	0.1418439787	47
Porites_evermani_scaffold_2417	29093	34601	gene-Peve_00017645	0.5011678254	126
Porites_evermani_scaffold_2417	37648	38569	gene-Peve_00017653	1.3612578	35
Porites_evermani_scaffold_2417	45480	47058	gene-Peve_00017646	0	31
Porites_evermani_scaffold_2417	58625	60197	gene-Peve_00017648	.	0
Porites_evermani_scaffold_2417	62808	63801	gene-Peve_00017647	0.1754386053	38
Porites_evermani_scaffold_2417	73812	75390	gene-Peve_00017649	5.92948725	4
Porites_evermani_scaffold_2418	4477	7403	gene-Peve_00017654	0.6852175778	90
Porites_evermani_scaffold_2418	19437	31038	gene-Peve_00017661	47.30704559	157
Porites_evermani_scaffold_2418	31625	47132	gene-Peve_00017655	56.29390499	175
Porites_evermani_scaffold_2418	47437	48081	gene-Peve_00017656	.	0
Porites_evermani_scaffold_2418	51812	59775	gene-Peve_00017657	56.01468761	38
Porites_evermani_scaffold_2418	63399	66073	gene-Peve_00017658	1.589283119	59
Porites_evermani_scaffold_2418	67981	68911	gene-Peve_00017659	0.1422475135	37
Porites_evermani_scaffold_2418	71385	72294	gene-Peve_00017660	0.4649762353	34
Porites_evermani_scaffold_2419	10035	12906	gene-Peve_00017664	0.892857125	8
Porites_evermani_scaffold_2419	22612	37015	gene-Peve_00017665	53.11305921	89
Porites_evermani_scaffold_2419	23853	24159	gene-Peve_00017666	100	14
Porites_evermani_scaffold_2419	38277	43563	gene-Peve_00017667	0	28
Porites_evermani_scaffold_2419	49554	60278	gene-Peve_00017668	73.08356592	63
Porites_evermani_scaffold_2419	61724	64308	gene-Peve_00017662	41.92744504	26
Porites_evermani_scaffold_2419	64428	73708	gene-Peve_00017663	79.4065053	90
Porites_evermani_scaffold_242	1670	5840	gene-Peve_00017675	0.4830917778	9
Porites_evermani_scaffold_242	39226	42506	gene-Peve_00017669	.	0
Porites_evermani_scaffold_242	69448	69784	gene-Peve_00017670	.	0
Porites_evermani_scaffold_242	84178	84862	gene-Peve_00017671	.	0
Porites_evermani_scaffold_242	114944	116477	gene-Peve_00017673	.	0
Porites_evermani_scaffold_242	117505	118680	gene-Peve_00017674	.	0
Porites_evermani_scaffold_242	121676	126006	gene-Peve_00017676	.	0
Porites_evermani_scaffold_242	133552	134991	gene-Peve_00017677	0	10
Porites_evermani_scaffold_242	134974	135925	gene-Peve_00017678	0	10
Porites_evermani_scaffold_242	139018	158969	gene-Peve_00017679	13.34786604	266
Porites_evermani_scaffold_242	182435	186693	gene-Peve_00017682	0.1730103824	34
Porites_evermani_scaffold_242	207693	208818	gene-Peve_00017683	.	0
Porites_evermani_scaffold_242	217757	218732	gene-Peve_00017684	0	2
Porites_evermani_scaffold_242	221503	221944	gene-Peve_00017686	.	0
Porites_evermani_scaffold_242	222724	223682	gene-Peve_00017685	.	0
Porites_evermani_scaffold_242	232400	247530	gene-Peve_00017687	.	0
Porites_evermani_scaffold_242	275640	276096	gene-Peve_00017692	.	0
Porites_evermani_scaffold_242	279405	280005	gene-Peve_00017690	.	0
Porites_evermani_scaffold_242	296501	297131	gene-Peve_00017694	.	0
Porites_evermani_scaffold_242	312064	325279	gene-Peve_00017697	2.564102667	3
Porites_evermani_scaffold_242	333970	343605	gene-Peve_00017698	3.349240583	211
Porites_evermani_scaffold_2420	860	1193	gene-Peve_00017699	.	0
Porites_evermani_scaffold_2420	5649	10462	gene-Peve_00017703	0.6944444583	24
Porites_evermani_scaffold_2420	11004	45258	gene-Peve_00017702	0.7977690411	609
Porites_evermani_scaffold_2420	46417	47066	gene-Peve_00017700	0	3
Porites_evermani_scaffold_2420	53696	72542	gene-Peve_00017701	0.4104502899	514
Porites_evermani_scaffold_2421	466	1433	gene-Peve_00017704	2.76170496	25
Porites_evermani_scaffold_2421	5285	15091	gene-Peve_00017708	13.86005952	211
Porites_evermani_scaffold_2421	17667	20042	gene-Peve_00017710	0.42222224	50
Porites_evermani_scaffold_2421	21408	31972	gene-Peve_00017711	0.1007326032	126
Porites_evermani_scaffold_2421	39581	48654	gene-Peve_00017705	0.3213801352	244
Porites_evermani_scaffold_2421	56596	58431	gene-Peve_00017706	0	3
Porites_evermani_scaffold_2421	69182	69734	gene-Peve_00017709	.	0
Porites_evermani_scaffold_2422	3556	13063	gene-Peve_00017712	50.47237122	91
Porites_evermani_scaffold_2422	14116	19708	gene-Peve_00017713	53.5922392	81
Porites_evermani_scaffold_2422	22152	26432	gene-Peve_00017714	0	16
Porites_evermani_scaffold_2422	27134	56637	gene-Peve_00017715	0.4933565459	665
Porites_evermani_scaffold_2423	761	8583	gene-Peve_00017716	0.512731542	131
Porites_evermani_scaffold_2423	13465	13951	gene-Peve_00017720	0	8
Porites_evermani_scaffold_2423	16962	25269	gene-Peve_00017721	3.451676538	26
Porites_evermani_scaffold_2423	68242	68746	gene-Peve_00017719	.	0
Porites_evermani_scaffold_2424	12228	27165	gene-Peve_00017722	70.26774537	186
Porites_evermani_scaffold_2424	32748	43278	gene-Peve_00017723	21.04011411	168
Porites_evermani_scaffold_2424	43847	67513	gene-Peve_00017724	31.52418909	375
Porites_evermani_scaffold_2425	460	35042	gene-Peve_00017725	0.6925433954	951
Porites_evermani_scaffold_2425	68710	75622	gene-Peve_00017726	0.9234241935	155
Porites_evermani_scaffold_2426	2961	23543	gene-Peve_00017727	0.3688053036	168
Porites_evermani_scaffold_2426	38903	40028	gene-Peve_00017731	.	0
Porites_evermani_scaffold_2426	45484	47837	gene-Peve_00017732	7.125588818	22
Porites_evermani_scaffold_2426	56604	57370	gene-Peve_00017728	0.49566436	25
Porites_evermani_scaffold_2426	73446	74013	gene-Peve_00017729	0	23
Porites_evermani_scaffold_2427	3698	21011	gene-Peve_00017733	0.4827722484	455
Porites_evermani_scaffold_2427	32087	35889	gene-Peve_00017737	0.1160464202	119
Porites_evermani_scaffold_2427	42222	47200	gene-Peve_00017738	0.412878112	125
Porites_evermani_scaffold_2427	53461	57877	gene-Peve_00017734	0.7592592556	90
Porites_evermani_scaffold_2427	65929	67810	gene-Peve_00017735	0.3348180423	71
Porites_evermani_scaffold_2427	68520	69630	gene-Peve_00017736	0.6785804595	37
Porites_evermani_scaffold_2428	1696	2113	gene-Peve_00017744	18.181818	1
Porites_evermani_scaffold_2428	5161	8909	gene-Peve_00017749	36.39129985	20
Porites_evermani_scaffold_2428	17683	18100	gene-Peve_00017739	.	0
Porites_evermani_scaffold_2428	20658	22378	gene-Peve_00017740	0	5
Porites_evermani_scaffold_2428	26794	27247	gene-Peve_00017741	24.9868422	5
Porites_evermani_scaffold_2428	41497	42062	gene-Peve_00017745	0	2
Porites_evermani_scaffold_2428	48506	48842	gene-Peve_00017746	73.13131317	6
Porites_evermani_scaffold_2429	8762	24342	gene-Peve_00017751	0.2033598621	87
Porites_evermani_scaffold_2429	28644	31652	gene-Peve_00017755	43.109557	10
Porites_evermani_scaffold_2429	34239	37719	gene-Peve_00017757	10.05347591	34
Porites_evermani_scaffold_2429	38104	48007	gene-Peve_00017752	62.2271181	81
Porites_evermani_scaffold_2429	51383	65481	gene-Peve_00017753	69.20740043	99
Porites_evermani_scaffold_2429	68333	70064	gene-Peve_00017754	55.37878782	17
Porites_evermani_scaffold_2429	71575	73220	gene-Peve_00017756	0.4507557385	65
Porites_evermani_scaffold_243	16670	23451	gene-Peve_00017758	0.4027677299	174
Porites_evermani_scaffold_243	27474	33309	gene-Peve_00017771	0.4387271908	131
Porites_evermani_scaffold_243	38149	39232	gene-Peve_00017778	0.9549274118	17
Porites_evermani_scaffold_243	41959	42746	gene-Peve_00017782	.	0
Porites_evermani_scaffold_243	44419	51264	gene-Peve_00017759	28.12514634	70
Porites_evermani_scaffold_243	56009	68560	gene-Peve_00017760	30.62032817	41
Porites_evermani_scaffold_243	69374	72729	gene-Peve_00017761	48.99353878	46
Porites_evermani_scaffold_243	75742	85500	gene-Peve_00017762	19.14733169	71
Porites_evermani_scaffold_243	90146	112591	gene-Peve_00017763	35.11904764	14
Porites_evermani_scaffold_243	112970	133781	gene-Peve_00017765	3.412097754	317
Porites_evermani_scaffold_243	143330	151074	gene-Peve_00017766	89.21970251	84
Porites_evermani_scaffold_243	153672	156189	gene-Peve_00017767	37.34326651	41
Porites_evermani_scaffold_243	160318	174373	gene-Peve_00017768	61.06205336	126
Porites_evermani_scaffold_243	176085	183150	gene-Peve_00017769	21.77967983	155
Porites_evermani_scaffold_243	188262	197201	gene-Peve_00017770	24.78603343	155
Porites_evermani_scaffold_243	209003	218333	gene-Peve_00017772	0.5845089309	275
Porites_evermani_scaffold_243	222834	223278	gene-Peve_00017773	0	18
Porites_evermani_scaffold_243	231109	232015	gene-Peve_00017774	0.35714285	20
Porites_evermani_scaffold_243	237445	243752	gene-Peve_00017775	73.87781933	63
Porites_evermani_scaffold_243	248595	267965	gene-Peve_00017776	80.41146661	287
Porites_evermani_scaffold_243	273041	284315	gene-Peve_00017777	34.98048456	222
Porites_evermani_scaffold_243	289755	306782	gene-Peve_00017779	0.6539113525	383
Porites_evermani_scaffold_243	309980	312026	gene-Peve_00017780	1.039562278	36
Porites_evermani_scaffold_243	314573	321051	gene-Peve_00017781	0.08666547337	169
Porites_evermani_scaffold_243	323558	332503	gene-Peve_00017783	39.46357889	132
Porites_evermani_scaffold_243	341045	343045	gene-Peve_00017784	51.57822268	19
Porites_evermani_scaffold_2430	8386	10725	gene-Peve_00017788	0	6
Porites_evermani_scaffold_2430	15801	16709	gene-Peve_00017791	.	0
Porites_evermani_scaffold_2430	23085	34291	gene-Peve_00017792	4.855914583	84
Porites_evermani_scaffold_2430	34889	36560	gene-Peve_00017793	.	0
Porites_evermani_scaffold_2430	39359	41991	gene-Peve_00017785	0	8
Porites_evermani_scaffold_2430	46871	49030	gene-Peve_00017786	.	0
Porites_evermani_scaffold_2430	55281	55740	gene-Peve_00017787	.	0
Porites_evermani_scaffold_2430	56852	57806	gene-Peve_00017789	.	0
Porites_evermani_scaffold_2430	62985	63327	gene-Peve_00017790	.	0
Porites_evermani_scaffold_2431	2437	22337	gene-Peve_00017794	0.6315858146	453
Porites_evermani_scaffold_2431	26674	28953	gene-Peve_00017796	0.1400560196	51
Porites_evermani_scaffold_2431	44031	49304	gene-Peve_00017797	0.306549712	125
Porites_evermani_scaffold_2431	56000	57152	gene-Peve_00017795	0.1388888889	45
Porites_evermani_scaffold_2432	14613	14925	gene-Peve_00017801	.	0
Porites_evermani_scaffold_2432	16693	18697	gene-Peve_00017802	0.189568	32
Porites_evermani_scaffold_2432	19200	22574	gene-Peve_00017803	0.2318032521	119
Porites_evermani_scaffold_2432	41925	57766	gene-Peve_00017799	3.933532286	196
Porites_evermani_scaffold_2432	58908	65200	gene-Peve_00017800	.	0
Porites_evermani_scaffold_2433	13759	20847	gene-Peve_00017809	48.25829605	42
Porites_evermani_scaffold_2433	53113	57852	gene-Peve_00017806	63.84081005	37
Porites_evermani_scaffold_2433	58114	74661	gene-Peve_00017807	49.38680393	30
Porites_evermani_scaffold_2434	11158	12523	gene-Peve_00017814	0.2020202	45
Porites_evermani_scaffold_2434	25198	33224	gene-Peve_00017815	0.2981946094	256
Porites_evermani_scaffold_2434	43144	45832	gene-Peve_00017811	45.04681116	43
Porites_evermani_scaffold_2434	48705	51999	gene-Peve_00017812	1.260165127	55
Porites_evermani_scaffold_2434	60911	68545	gene-Peve_00017813	.	0
Porites_evermani_scaffold_2435	30438	34586	gene-Peve_00017822	.	0
Porites_evermani_scaffold_2435	32178	33635	gene-Peve_00017823	.	0
Porites_evermani_scaffold_2435	39643	54743	gene-Peve_00017816	43.20762122	45
Porites_evermani_scaffold_2435	54645	62035	gene-Peve_00017817	22.11873605	100
Porites_evermani_scaffold_2435	64300	65044	gene-Peve_00017818	0	14
Porites_evermani_scaffold_2435	66052	70913	gene-Peve_00017819	1.77935225	40
Porites_evermani_scaffold_2435	72443	72875	gene-Peve_00017820	0	2
Porites_evermani_scaffold_2436	422	10300	gene-Peve_00017824	2.977703276	239
Porites_evermani_scaffold_2436	22797	25011	gene-Peve_00017828	0.09803921667	60
Porites_evermani_scaffold_2436	33408	34966	gene-Peve_00017829	0.7407407407	27
Porites_evermani_scaffold_2436	50827	51885	gene-Peve_00017825	0	35
Porites_evermani_scaffold_2436	58085	71942	gene-Peve_00017826	49.75618145	58
Porites_evermani_scaffold_2437	1757	3299	gene-Peve_00017830	.	0
Porites_evermani_scaffold_2437	74633	75176	gene-Peve_00017832	.	0
Porites_evermani_scaffold_2438	4740	19094	gene-Peve_00017834	0.9652252129	202
Porites_evermani_scaffold_2438	42952	48952	gene-Peve_00017835	2.26008034	47
Porites_evermani_scaffold_2438	65383	66784	gene-Peve_00017836	10	1
Porites_evermani_scaffold_2438	67775	68669	gene-Peve_00017837	.	0
Porites_evermani_scaffold_2439	2185	3762	gene-Peve_00017838	.	0
Porites_evermani_scaffold_2439	6393	7689	gene-Peve_00017840	.	0
Porites_evermani_scaffold_2439	8618	15833	gene-Peve_00017841	0	12
Porites_evermani_scaffold_2439	17109	30221	gene-Peve_00017842	0	8
Porites_evermani_scaffold_2439	33863	35270	gene-Peve_00017843	.	0
Porites_evermani_scaffold_2439	66401	68108	gene-Peve_00017839	0	4
Porites_evermani_scaffold_244	293	6115	gene-Peve_00017844	.	0
Porites_evermani_scaffold_244	8409	12526	gene-Peve_00017847	.	0
Porites_evermani_scaffold_244	66890	67430	gene-Peve_00017859	1.666666667	6
Porites_evermani_scaffold_244	70200	71637	gene-Peve_00017845	2.147435938	16
Porites_evermani_scaffold_244	71820	73865	gene-Peve_00017863	0.5681818125	16
Porites_evermani_scaffold_244	86851	87829	gene-Peve_00017846	30.57920612	16
Porites_evermani_scaffold_244	111943	136901	gene-Peve_00017848	11.29550242	378
Porites_evermani_scaffold_244	146625	147385	gene-Peve_00017849	1.218081435	23
Porites_evermani_scaffold_244	186423	197339	gene-Peve_00017852	19.81884702	295
Porites_evermani_scaffold_244	197430	208569	gene-Peve_00017853	48.80030811	184
Porites_evermani_scaffold_244	209610	212005	gene-Peve_00017854	0.7934738406	69
Porites_evermani_scaffold_244	217855	227016	gene-Peve_00017855	72.14469071	80
Porites_evermani_scaffold_244	228795	242471	gene-Peve_00017856	3.339268508	250
Porites_evermani_scaffold_244	251144	251453	gene-Peve_00017857	0	7
Porites_evermani_scaffold_244	253622	272457	gene-Peve_00017858	49.93067062	140
Porites_evermani_scaffold_244	296580	315561	gene-Peve_00017861	0.03429355556	54
Porites_evermani_scaffold_244	320509	326454	gene-Peve_00017860	0.9031236111	54
Porites_evermani_scaffold_2440	2	16198	gene-Peve_00017864	8.216150889	135
Porites_evermani_scaffold_2440	27667	28779	gene-Peve_00017868	0.2100840294	34
Porites_evermani_scaffold_2440	31313	35211	gene-Peve_00017867	48.51592108	26
Porites_evermani_scaffold_2440	37838	39845	gene-Peve_00017869	93.68366932	22
Porites_evermani_scaffold_2440	41598	55453	gene-Peve_00017870	86.73791057	146
Porites_evermani_scaffold_2440	60065	67755	gene-Peve_00017865	47.21699766	74
Porites_evermani_scaffold_2440	68657	69530	gene-Peve_00017866	0	10
Porites_evermani_scaffold_2441	5380	9005	gene-Peve_00017880	15.32467535	23
Porites_evermani_scaffold_2441	15339	17333	gene-Peve_00017881	0	12
Porites_evermani_scaffold_2441	17885	19355	gene-Peve_00017871	1.692307733	15
Porites_evermani_scaffold_2441	24612	36829	gene-Peve_00017872	0.4670188556	277
Porites_evermani_scaffold_2441	38774	45331	gene-Peve_00017873	0.5754524615	39
Porites_evermani_scaffold_2441	49415	51485	gene-Peve_00017874	0	1
Porites_evermani_scaffold_2441	52440	52776	gene-Peve_00017875	.	0
Porites_evermani_scaffold_2441	58248	59646	gene-Peve_00017876	0	1
Porites_evermani_scaffold_2441	63867	64656	gene-Peve_00017877	13.47726462	8
Porites_evermani_scaffold_2441	66860	69630	gene-Peve_00017878	0	20
Porites_evermani_scaffold_2441	71645	73696	gene-Peve_00017879	1.346153846	39
Porites_evermani_scaffold_2442	772	8887	gene-Peve_00017882	0.1409774421	95
Porites_evermani_scaffold_2442	26551	31009	gene-Peve_00017883	1.164704036	83
Porites_evermani_scaffold_2442	33063	53022	gene-Peve_00017884	0.3494816581	427
Porites_evermani_scaffold_2442	61877	65898	gene-Peve_00017885	1.113968286	91
Porites_evermani_scaffold_2442	68964	75146	gene-Peve_00017886	0.2605237444	223
Porites_evermani_scaffold_2443	7521	8391	gene-Peve_00017887	0	10
Porites_evermani_scaffold_2443	39327	40140	gene-Peve_00017890	0	11
Porites_evermani_scaffold_2443	43776	45919	gene-Peve_00017891	.	0
Porites_evermani_scaffold_2443	57609	61293	gene-Peve_00017888	0.8241141481	81
Porites_evermani_scaffold_2443	65168	66000	gene-Peve_00017889	.	0
Porites_evermani_scaffold_2444	4490	17044	gene-Peve_00017892	6.636269786	117
Porites_evermani_scaffold_2444	20797	24727	gene-Peve_00017898	1.471326548	115
Porites_evermani_scaffold_2444	31382	44696	gene-Peve_00017893	0.4099679948	194
Porites_evermani_scaffold_2444	36936	40896	gene-Peve_00017894	0.2137527816	87
Porites_evermani_scaffold_2444	47486	54034	gene-Peve_00017895	10.17020855	22
Porites_evermani_scaffold_2444	54752	56207	gene-Peve_00017896	.	0
Porites_evermani_scaffold_2444	62540	66336	gene-Peve_00017897	6.02134978	109
Porites_evermani_scaffold_2445	4507	5634	gene-Peve_00017900	.	0
Porites_evermani_scaffold_2445	11895	23186	gene-Peve_00017902	.	0
Porites_evermani_scaffold_2445	39931	74389	gene-Peve_00017903	24.4249438	193
Porites_evermani_scaffold_2446	31597	32020	gene-Peve_00017904	0	14
Porites_evermani_scaffold_2446	47569	48036	gene-Peve_00017905	0.357142875	8
Porites_evermani_scaffold_2447	3272	14909	gene-Peve_00017908	2.235037682	88
Porites_evermani_scaffold_2447	32153	32927	gene-Peve_00017909	0	3
Porites_evermani_scaffold_2447	48907	57374	gene-Peve_00017910	0.3982156535	101
Porites_evermani_scaffold_2447	58760	59203	gene-Peve_00017907	0	7
Porites_evermani_scaffold_2448	13703	50507	gene-Peve_00017911	4.404643448	585
Porites_evermani_scaffold_2448	56702	63399	gene-Peve_00017912	1.676376709	182
Porites_evermani_scaffold_2449	16673	48057	gene-Peve_00017913	3.790628249	764
Porites_evermani_scaffold_2449	50290	52599	gene-Peve_00017916	.	0
Porites_evermani_scaffold_2449	56858	65865	gene-Peve_00017917	.	0
Porites_evermani_scaffold_2449	69981	71072	gene-Peve_00017918	.	0
Porites_evermani_scaffold_2449	72991	74188	gene-Peve_00017919	.	0
Porites_evermani_scaffold_245	5093	5627	gene-Peve_00017922	0.366300381	21
Porites_evermani_scaffold_245	7748	8132	gene-Peve_00017925	0	4
Porites_evermani_scaffold_245	15714	21690	gene-Peve_00017931	0.4006392899	138
Porites_evermani_scaffold_245	53479	53794	gene-Peve_00017921	0	5
Porites_evermani_scaffold_245	70706	76347	gene-Peve_00017924	38.45440979	62
Porites_evermani_scaffold_245	79133	88969	gene-Peve_00017923	0.5409590385	130
Porites_evermani_scaffold_245	90340	109287	gene-Peve_00017926	15.12334164	239
Porites_evermani_scaffold_245	113811	127558	gene-Peve_00017927	66.43747009	170
Porites_evermani_scaffold_245	127773	138577	gene-Peve_00017929	53.38939695	146
Porites_evermani_scaffold_245	140106	142816	gene-Peve_00017930	0.5174851944	108
Porites_evermani_scaffold_245	150136	158223	gene-Peve_00017932	74.06595563	152
Porites_evermani_scaffold_245	164134	168006	gene-Peve_00017933	0.4445130064	156
Porites_evermani_scaffold_245	174561	179406	gene-Peve_00017934	2.204410542	118
Porites_evermani_scaffold_245	185080	211713	gene-Peve_00017935	30.35456567	217
Porites_evermani_scaffold_245	212893	213763	gene-Peve_00017936	0	13
Porites_evermani_scaffold_245	214650	218211	gene-Peve_00017937	.	0
Porites_evermani_scaffold_245	220338	221376	gene-Peve_00017938	1.398601417	12
Porites_evermani_scaffold_245	262317	267919	gene-Peve_00017940	1.120074367	60
Porites_evermani_scaffold_245	271569	271964	gene-Peve_00017941	30	1
Porites_evermani_scaffold_245	282600	294772	gene-Peve_00017943	5.442433353	17
Porites_evermani_scaffold_245	301864	325363	gene-Peve_00017944	0.6854256825	63
Porites_evermani_scaffold_245	303375	305395	gene-Peve_00017945	.	0
Porites_evermani_scaffold_245	328580	337737	gene-Peve_00017946	0.8077392821	39
Porites_evermani_scaffold_2450	5857	6172	gene-Peve_00017947	.	0
Porites_evermani_scaffold_2450	10645	10978	gene-Peve_00017953	.	0
Porites_evermani_scaffold_2450	11730	13061	gene-Peve_00017954	.	0
Porites_evermani_scaffold_2450	31672	33360	gene-Peve_00017955	.	0
Porites_evermani_scaffold_2450	34224	34680	gene-Peve_00017956	.	0
Porites_evermani_scaffold_2450	38033	39406	gene-Peve_00017948	.	0
Porites_evermani_scaffold_2450	45111	45773	gene-Peve_00017949	.	0
Porites_evermani_scaffold_2450	68399	73126	gene-Peve_00017951	75.17185468	31
Porites_evermani_scaffold_2451	14261	27936	gene-Peve_00017958	0.9744399786	187
Porites_evermani_scaffold_2451	37083	41583	gene-Peve_00017959	0.3798052937	126
Porites_evermani_scaffold_2451	60810	64696	gene-Peve_00017960	.	0
Porites_evermani_scaffold_2451	65078	68937	gene-Peve_00017957	.	0
Porites_evermani_scaffold_2452	4788	11654	gene-Peve_00017961	.	0
Porites_evermani_scaffold_2452	16109	16661	gene-Peve_00017967	.	0
Porites_evermani_scaffold_2452	17132	17654	gene-Peve_00017968	.	0
Porites_evermani_scaffold_2452	20130	32237	gene-Peve_00017962	11.32154883	18
Porites_evermani_scaffold_2452	42445	45290	gene-Peve_00017963	.	0
Porites_evermani_scaffold_2452	48163	68361	gene-Peve_00017964	2.959186298	57
Porites_evermani_scaffold_2452	68410	69866	gene-Peve_00017965	.	0
Porites_evermani_scaffold_2452	73253	74042	gene-Peve_00017966	.	0
Porites_evermani_scaffold_2453	10905	14967	gene-Peve_00017969	0.8040633523	88
Porites_evermani_scaffold_2453	17262	20410	gene-Peve_00017972	0.9395272366	93
Porites_evermani_scaffold_2453	25252	65845	gene-Peve_00017973	2.53593522	624
Porites_evermani_scaffold_2453	38594	39945	gene-Peve_00017970	.	0
Porites_evermani_scaffold_2453	40942	41529	gene-Peve_00017971	.	0
Porites_evermani_scaffold_2454	465	2557	gene-Peve_00017974	0.1785714286	28
Porites_evermani_scaffold_2454	2906	14571	gene-Peve_00017975	0.3827242414	116
Porites_evermani_scaffold_2454	22162	28935	gene-Peve_00017978	0.5213771088	147
Porites_evermani_scaffold_2454	35330	54654	gene-Peve_00017976	0.4589114379	306
Porites_evermani_scaffold_2454	49042	64753	gene-Peve_00017977	0.6883883948	271
Porites_evermani_scaffold_2455	5724	6159	gene-Peve_00017988	40.18379286	7
Porites_evermani_scaffold_2455	13271	13775	gene-Peve_00017990	42.84827432	22
Porites_evermani_scaffold_2455	25930	27046	gene-Peve_00017979	69.2941176	10
Porites_evermani_scaffold_2455	39339	39958	gene-Peve_00017980	19.70810136	14
Porites_evermani_scaffold_2455	49518	49920	gene-Peve_00017982	30.08403357	7
Porites_evermani_scaffold_2455	50156	50801	gene-Peve_00017983	15.69368133	6
Porites_evermani_scaffold_2455	58685	60468	gene-Peve_00017984	15.35714275	4
Porites_evermani_scaffold_2455	62858	63243	gene-Peve_00017985	28.065268	8
Porites_evermani_scaffold_2455	66765	67182	gene-Peve_00017987	22.142857	2
Porites_evermani_scaffold_2455	67252	67974	gene-Peve_00017986	58.21168424	17
Porites_evermani_scaffold_2456	1330	3682	gene-Peve_00017992	0	3
Porites_evermani_scaffold_2456	15246	22382	gene-Peve_00017991	0.9453657879	99
Porites_evermani_scaffold_2456	34739	35369	gene-Peve_00017993	0	4
Porites_evermani_scaffold_2457	5392	17487	gene-Peve_00017995	50.74804596	150
Porites_evermani_scaffold_2457	16506	21371	gene-Peve_00017996	0.5292385164	122
Porites_evermani_scaffold_2457	23942	47000	gene-Peve_00017997	30.27689096	236
Porites_evermani_scaffold_2457	50509	55186	gene-Peve_00017998	38.43794934	32
Porites_evermani_scaffold_2457	66619	74723	gene-Peve_00017994	33.36212084	107
Porites_evermani_scaffold_2458	307	3493	gene-Peve_00017999	0.63030304	25
Porites_evermani_scaffold_2458	6279	8945	gene-Peve_00018002	40.17417517	48
Porites_evermani_scaffold_2458	14100	15306	gene-Peve_00018003	0.3729603778	45
Porites_evermani_scaffold_2458	17695	27810	gene-Peve_00018004	74.57592127	111
Porites_evermani_scaffold_2458	29670	34113	gene-Peve_00018005	39.3088048	46
Porites_evermani_scaffold_2458	34482	45155	gene-Peve_00018006	43.68014987	135
Porites_evermani_scaffold_2458	47970	70296	gene-Peve_00018000	25.47635479	345
Porites_evermani_scaffold_2458	74214	74658	gene-Peve_00018001	0	11
Porites_evermani_scaffold_2459	8071	13290	gene-Peve_00018007	0.6793847253	91
Porites_evermani_scaffold_2459	22706	26615	gene-Peve_00018008	0.304414	73
Porites_evermani_scaffold_2459	26913	64864	gene-Peve_00018009	1.442368781	740
Porites_evermani_scaffold_246	50900	73688	gene-Peve_00018026	5.555555333	3
Porites_evermani_scaffold_246	72139	73688	gene-Peve_00018034	.	0
Porites_evermani_scaffold_246	106408	110612	gene-Peve_00018011	1.59613205	101
Porites_evermani_scaffold_246	122615	123428	gene-Peve_00018012	2.85998476	25
Porites_evermani_scaffold_246	177368	181217	gene-Peve_00018016	1.33243181	100
Porites_evermani_scaffold_246	188851	189364	gene-Peve_00018017	.	0
Porites_evermani_scaffold_246	191781	192501	gene-Peve_00018018	18.57142867	3
Porites_evermani_scaffold_246	203103	206612	gene-Peve_00018020	0	72
Porites_evermani_scaffold_246	227759	228779	gene-Peve_00018021	0.293255129	31
Porites_evermani_scaffold_246	250474	269787	gene-Peve_00018022	45.18023772	200
Porites_evermani_scaffold_246	264384	264965	gene-Peve_00018023	82.08513714	7
Porites_evermani_scaffold_246	265121	265911	gene-Peve_00018024	80.037879	4
Porites_evermani_scaffold_246	270008	278238	gene-Peve_00018025	11.42721123	189
Porites_evermani_scaffold_246	280528	285777	gene-Peve_00018027	71.87659375	72
Porites_evermani_scaffold_246	293627	294188	gene-Peve_00018028	0.7792861176	17
Porites_evermani_scaffold_246	294471	303067	gene-Peve_00018029	8.409654207	208
Porites_evermani_scaffold_246	297839	298698	gene-Peve_00018030	.	0
Porites_evermani_scaffold_246	305657	310565	gene-Peve_00018031	77.63334292	59
Porites_evermani_scaffold_246	310766	335236	gene-Peve_00018032	17.86885536	494
Porites_evermani_scaffold_246	336215	339273	gene-Peve_00018033	82.13910521	29
Porites_evermani_scaffold_2460	4884	24875	gene-Peve_00018035	0.7803790278	503
Porites_evermani_scaffold_2460	33035	41764	gene-Peve_00018036	4.276599933	150
Porites_evermani_scaffold_2460	55226	74679	gene-Peve_00018037	38.88454863	93
Porites_evermani_scaffold_2461	1	20128	gene-Peve_00018038	45.59967568	284
Porites_evermani_scaffold_2461	42111	49422	gene-Peve_00018039	97.91666675	4
Porites_evermani_scaffold_2461	49525	56799	gene-Peve_00018040	93.6165918	10
Porites_evermani_scaffold_2461	59209	59827	gene-Peve_00018041	.	0
Porites_evermani_scaffold_2462	9099	25448	gene-Peve_00018042	16.06185479	301
Porites_evermani_scaffold_2462	12401	26305	gene-Peve_00018043	22.29184883	212
Porites_evermani_scaffold_2462	33507	48408	gene-Peve_00018044	63.20923169	186
Porites_evermani_scaffold_2462	51096	69392	gene-Peve_00018045	1.004650133	165
Porites_evermani_scaffold_2463	67	18526	gene-Peve_00018046	78.88097599	80
Porites_evermani_scaffold_2463	4327	5649	gene-Peve_00018049	65.89344096	28
Porites_evermani_scaffold_2463	25289	32215	gene-Peve_00018050	0.1388888889	72
Porites_evermani_scaffold_2463	36106	52018	gene-Peve_00018047	0.7348990625	112
Porites_evermani_scaffold_2463	66501	70045	gene-Peve_00018048	80.72398866	29
Porites_evermani_scaffold_2464	6167	42356	gene-Peve_00018051	14.85585532	415
Porites_evermani_scaffold_2464	45047	74489	gene-Peve_00018052	11.71311661	418
Porites_evermani_scaffold_2465	3030	11436	gene-Peve_00018053	1.283667013	232
Porites_evermani_scaffold_2465	13790	21683	gene-Peve_00018054	0.7623586239	234
Porites_evermani_scaffold_2465	38768	56176	gene-Peve_00018055	25.8780329	356
Porites_evermani_scaffold_2465	62855	68746	gene-Peve_00018056	75.29901946	96
Porites_evermani_scaffold_2466	4885	12410	gene-Peve_00018057	8.45165975	44
Porites_evermani_scaffold_2466	13240	27324	gene-Peve_00018060	23.69251712	263
Porites_evermani_scaffold_2466	43669	44848	gene-Peve_00018061	0.1572326981	53
Porites_evermani_scaffold_2466	50523	67172	gene-Peve_00018058	5.587017098	305
Porites_evermani_scaffold_2466	71164	74153	gene-Peve_00018059	49.8358255	16
Porites_evermani_scaffold_2467	13250	49045	gene-Peve_00018062	0.3945670152	591
Porites_evermani_scaffold_2467	57634	60564	gene-Peve_00018063	43.15864659	22
Porites_evermani_scaffold_2467	64709	66666	gene-Peve_00018064	.	0
Porites_evermani_scaffold_2467	71369	72031	gene-Peve_00018065	.	0
Porites_evermani_scaffold_2468	8952	9441	gene-Peve_00018066	16.6808109	20
Porites_evermani_scaffold_2468	9819	13034	gene-Peve_00018069	72.81251583	24
Porites_evermani_scaffold_2468	17948	25391	gene-Peve_00018070	0.503656754	248
Porites_evermani_scaffold_2468	38669	60855	gene-Peve_00018071	0.5753285491	601
Porites_evermani_scaffold_2469	1763	2867	gene-Peve_00018072	.	0
Porites_evermani_scaffold_2469	9124	18765	gene-Peve_00018077	25.70128201	165
Porites_evermani_scaffold_2469	23172	36177	gene-Peve_00018075	4.90956047	266
Porites_evermani_scaffold_2469	38191	43019	gene-Peve_00018076	1.298701286	7
Porites_evermani_scaffold_2469	48449	53538	gene-Peve_00018079	0.1265822785	79
Porites_evermani_scaffold_2469	52119	58189	gene-Peve_00018078	0.4611014586	133
Porites_evermani_scaffold_2469	72340	73201	gene-Peve_00018074	1.417690742	31
Porites_evermani_scaffold_247	5821	6716	gene-Peve_00018083	1.144317824	17
Porites_evermani_scaffold_247	16105	16474	gene-Peve_00018089	.	0
Porites_evermani_scaffold_247	16863	17265	gene-Peve_00018090	.	0
Porites_evermani_scaffold_247	18192	19908	gene-Peve_00018095	9.87894725	24
Porites_evermani_scaffold_247	22162	24620	gene-Peve_00018080	0.5128205333	15
Porites_evermani_scaffold_247	37314	42353	gene-Peve_00018081	0.1967150568	88
Porites_evermani_scaffold_247	47207	50150	gene-Peve_00018082	0.2463054138	29
Porites_evermani_scaffold_247	60688	69326	gene-Peve_00018084	11.98294335	153
Porites_evermani_scaffold_247	98051	98486	gene-Peve_00018086	4.831649889	9
Porites_evermani_scaffold_247	104295	112535	gene-Peve_00018087	2.139663798	109
Porites_evermani_scaffold_247	120254	124917	gene-Peve_00018088	1.6233766	10
Porites_evermani_scaffold_247	157938	161786	gene-Peve_00018091	0.1512096667	42
Porites_evermani_scaffold_247	164205	166048	gene-Peve_00018092	0	3
Porites_evermani_scaffold_247	200062	200536	gene-Peve_00018094	.	0
Porites_evermani_scaffold_247	218655	223632	gene-Peve_00018096	0	11
Porites_evermani_scaffold_247	292425	312230	gene-Peve_00018098	16.43685752	129
Porites_evermani_scaffold_247	312338	318458	gene-Peve_00018099	74.30866111	88
Porites_evermani_scaffold_247	324747	336291	gene-Peve_00018100	0.5339945414	290
Porites_evermani_scaffold_2470	16	3275	gene-Peve_00018101	.	0
Porites_evermani_scaffold_2470	22719	29374	gene-Peve_00018103	0.7970941321	53
Porites_evermani_scaffold_2470	44075	45219	gene-Peve_00018104	30.40555028	36
Porites_evermani_scaffold_2470	46158	48683	gene-Peve_00018105	0	56
Porites_evermani_scaffold_2470	66856	69404	gene-Peve_00018106	0.2514903115	61
Porites_evermani_scaffold_2470	73657	74356	gene-Peve_00018107	0.6832287647	34
Porites_evermani_scaffold_2471	21108	24046	gene-Peve_00018109	9.9667721	20
Porites_evermani_scaffold_2471	26650	29263	gene-Peve_00018110	3.650405158	19
Porites_evermani_scaffold_2471	30561	34044	gene-Peve_00018111	0.3582392626	99
Porites_evermani_scaffold_2471	35899	36337	gene-Peve_00018112	0	1
Porites_evermani_scaffold_2471	41012	59953	gene-Peve_00018113	30.94470885	232
Porites_evermani_scaffold_2471	64833	66174	gene-Peve_00018114	0.2353930328	61
Porites_evermani_scaffold_2471	68305	69024	gene-Peve_00018115	0	10
Porites_evermani_scaffold_2472	328	2213	gene-Peve_00018116	0.5813032353	51
Porites_evermani_scaffold_2472	5283	22895	gene-Peve_00018121	1.841458115	139
Porites_evermani_scaffold_2472	23085	24495	gene-Peve_00018117	4.835007294	17
Porites_evermani_scaffold_2472	26650	37177	gene-Peve_00018118	0.2295294659	88
Porites_evermani_scaffold_2472	38788	39615	gene-Peve_00018119	0	3
Porites_evermani_scaffold_2472	43800	45969	gene-Peve_00018120	0	13
Porites_evermani_scaffold_2472	48296	71854	gene-Peve_00018122	16.46822855	71
Porites_evermani_scaffold_2473	15846	31314	gene-Peve_00018125	0.4166666667	72
Porites_evermani_scaffold_2473	37664	44033	gene-Peve_00018126	0.5882310108	185
Porites_evermani_scaffold_2473	71295	72871	gene-Peve_00018124	3.156054421	19
Porites_evermani_scaffold_2474	53619	66718	gene-Peve_00018127	0.1923076923	52
Porites_evermani_scaffold_2475	45803	46704	gene-Peve_00018130	.	0
Porites_evermani_scaffold_2475	47501	58671	gene-Peve_00018131	22.77959959	217
Porites_evermani_scaffold_2475	61418	61910	gene-Peve_00018132	10.59415919	16
Porites_evermani_scaffold_2475	62090	63964	gene-Peve_00018128	43.11505105	22
Porites_evermani_scaffold_2475	69285	70734	gene-Peve_00018129	18.54342325	36
Porites_evermani_scaffold_2476	1	4800	gene-Peve_00018133	46.35520725	12
Porites_evermani_scaffold_2476	8058	17375	gene-Peve_00018135	0.8856384903	155
Porites_evermani_scaffold_2476	30550	55383	gene-Peve_00018136	8.513474245	538
Porites_evermani_scaffold_2476	56756	65271	gene-Peve_00018134	19.54545455	20
Porites_evermani_scaffold_2477	30432	31050	gene-Peve_00018137	0	4
Porites_evermani_scaffold_2478	1391	1811	gene-Peve_00018138	0.4761905	10
Porites_evermani_scaffold_2478	8953	10871	gene-Peve_00018141	.	0
Porites_evermani_scaffold_2478	13258	14366	gene-Peve_00018142	.	0
Porites_evermani_scaffold_2478	54627	56331	gene-Peve_00018144	.	0
Porites_evermani_scaffold_2478	63396	65034	gene-Peve_00018139	.	0
Porites_evermani_scaffold_2479	4452	12812	gene-Peve_00018146	0.4304609804	306
Porites_evermani_scaffold_2479	15739	37295	gene-Peve_00018147	19.0637453	92
Porites_evermani_scaffold_2479	37540	43114	gene-Peve_00018148	.	0
Porites_evermani_scaffold_2479	44102	48942	gene-Peve_00018149	7.552447538	13
Porites_evermani_scaffold_2479	50477	56642	gene-Peve_00018150	0.4595289724	145
Porites_evermani_scaffold_2479	56747	63567	gene-Peve_00018151	85.04430367	51
Porites_evermani_scaffold_2479	63608	68295	gene-Peve_00018152	43.17286852	27
Porites_evermani_scaffold_2479	70523	71886	gene-Peve_00018153	0.8520465	46
Porites_evermani_scaffold_248	2640	4595	gene-Peve_00018154	36.8409091	10
Porites_evermani_scaffold_248	4711	11437	gene-Peve_00018162	28.90453958	96
Porites_evermani_scaffold_248	15927	23947	gene-Peve_00018175	76.56094612	33
Porites_evermani_scaffold_248	26044	27091	gene-Peve_00018191	0	3
Porites_evermani_scaffold_248	30122	40392	gene-Peve_00018192	0.4381669022	92
Porites_evermani_scaffold_248	41045	42941	gene-Peve_00018193	0	2
Porites_evermani_scaffold_248	49566	60009	gene-Peve_00018155	0.3584672967	209
Porites_evermani_scaffold_248	66466	79436	gene-Peve_00018156	0.5867116245	245
Porites_evermani_scaffold_248	91762	94927	gene-Peve_00018157	26.15967755	44
Porites_evermani_scaffold_248	95222	106606	gene-Peve_00018158	1.041112889	72
Porites_evermani_scaffold_248	108050	111630	gene-Peve_00018159	13.28671333	6
Porites_evermani_scaffold_248	118007	123618	gene-Peve_00018160	9.801966211	19
Porites_evermani_scaffold_248	128093	143231	gene-Peve_00018161	0.8527036642	137
Porites_evermani_scaffold_248	144922	148759	gene-Peve_00018163	0.1470588235	34
Porites_evermani_scaffold_248	150627	152370	gene-Peve_00018164	75.2564104	5
Porites_evermani_scaffold_248	156175	159168	gene-Peve_00018165	29.09090909	22
Porites_evermani_scaffold_248	160360	162943	gene-Peve_00018166	0.5808485556	72
Porites_evermani_scaffold_248	166699	169618	gene-Peve_00018167	0	44
Porites_evermani_scaffold_248	170148	172885	gene-Peve_00018168	0	9
Porites_evermani_scaffold_248	175639	177929	gene-Peve_00018169	0.2801724138	58
Porites_evermani_scaffold_248	179248	181521	gene-Peve_00018170	0.3030936522	46
Porites_evermani_scaffold_248	181879	189073	gene-Peve_00018171	15.23094403	145
Porites_evermani_scaffold_248	189557	201573	gene-Peve_00018172	3.388881945	200
Porites_evermani_scaffold_248	202956	203934	gene-Peve_00018173	0.8123249412	17
Porites_evermani_scaffold_248	212775	222238	gene-Peve_00018174	0.7077591154	130
Porites_evermani_scaffold_248	228671	232978	gene-Peve_00018176	42.07936513	15
Porites_evermani_scaffold_248	240409	244314	gene-Peve_00018177	0.3268398273	110
Porites_evermani_scaffold_248	246904	250391	gene-Peve_00018178	45.85657876	21
Porites_evermani_scaffold_248	250568	256196	gene-Peve_00018179	71.88916436	105
Porites_evermani_scaffold_248	256384	259520	gene-Peve_00018180	27.97448163	19
Porites_evermani_scaffold_248	259694	264964	gene-Peve_00018181	59.71265423	31
Porites_evermani_scaffold_248	267020	268130	gene-Peve_00018182	2.418414923	26
Porites_evermani_scaffold_248	272475	273645	gene-Peve_00018183	0.2217294878	41
Porites_evermani_scaffold_248	275649	282795	gene-Peve_00018184	40.77523879	112
Porites_evermani_scaffold_248	286780	300847	gene-Peve_00018185	80.19742794	81
Porites_evermani_scaffold_248	302394	304262	gene-Peve_00018186	21.7691622	15
Porites_evermani_scaffold_248	304437	307037	gene-Peve_00018188	34.37971754	24
Porites_evermani_scaffold_248	309029	309770	gene-Peve_00018189	2.5	8
Porites_evermani_scaffold_248	310594	326001	gene-Peve_00018187	11.18822817	236
Porites_evermani_scaffold_248	327077	327381	gene-Peve_00018190	.	0
Porites_evermani_scaffold_2480	15378	26784	gene-Peve_00018194	14.11326786	174
Porites_evermani_scaffold_2480	29796	52601	gene-Peve_00018196	0.3411830711	619
Porites_evermani_scaffold_2480	56642	73437	gene-Peve_00018195	0.7092678494	385
Porites_evermani_scaffold_2481	5698	16798	gene-Peve_00018203	.	0
Porites_evermani_scaffold_2481	47472	48039	gene-Peve_00018199	2.068618571	14
Porites_evermani_scaffold_2481	63235	74127	gene-Peve_00018201	0.2250190725	69
Porites_evermani_scaffold_2482	240	636	gene-Peve_00018204	.	0
Porites_evermani_scaffold_2482	7032	17189	gene-Peve_00018207	49.8822844	10
Porites_evermani_scaffold_2482	19570	20590	gene-Peve_00018208	.	0
Porites_evermani_scaffold_2482	24676	27985	gene-Peve_00018209	90.4545455	2
Porites_evermani_scaffold_2482	28666	32293	gene-Peve_00018210	60.72546786	36
Porites_evermani_scaffold_2482	32545	43152	gene-Peve_00018211	73.66188794	49
Porites_evermani_scaffold_2482	43647	66183	gene-Peve_00018205	54.32516854	127
Porites_evermani_scaffold_2482	69643	71224	gene-Peve_00018206	78.78787867	3
Porites_evermani_scaffold_2483	8204	10984	gene-Peve_00018212	0.4195804154	65
Porites_evermani_scaffold_2483	35192	36005	gene-Peve_00018213	1.300612963	27
Porites_evermani_scaffold_2484	3530	17622	gene-Peve_00018215	45.72199961	126
Porites_evermani_scaffold_2484	28347	34389	gene-Peve_00018216	30.38736764	39
Porites_evermani_scaffold_2484	47874	51024	gene-Peve_00018218	2.1009257	40
Porites_evermani_scaffold_2484	58016	61277	gene-Peve_00018217	87.49660071	24
Porites_evermani_scaffold_2484	64083	72163	gene-Peve_00018214	52.208318	19
Porites_evermani_scaffold_2485	1353	4357	gene-Peve_00018220	47.0727697	27
Porites_evermani_scaffold_2485	8610	9369	gene-Peve_00018221	0.9872480588	17
Porites_evermani_scaffold_2485	13509	59430	gene-Peve_00018219	10.11317428	780
Porites_evermani_scaffold_2485	66076	72406	gene-Peve_00018222	0.2032520366	82
Porites_evermani_scaffold_2486	9736	13673	gene-Peve_00018223	17.61446888	16
Porites_evermani_scaffold_2486	17061	20672	gene-Peve_00018227	41.69635085	41
Porites_evermani_scaffold_2486	28701	29804	gene-Peve_00018224	0.2262443529	34
Porites_evermani_scaffold_2486	43872	49512	gene-Peve_00018225	0.4583081024	127
Porites_evermani_scaffold_2486	55282	62907	gene-Peve_00018226	0.4431665833	72
Porites_evermani_scaffold_2487	821	6779	gene-Peve_00018228	0	6
Porites_evermani_scaffold_2487	9681	15085	gene-Peve_00018229	3.444976053	19
Porites_evermani_scaffold_2487	32783	41667	gene-Peve_00018230	70.61874597	62
Porites_evermani_scaffold_2487	44280	51819	gene-Peve_00018231	0	18
Porites_evermani_scaffold_2487	51932	61832	gene-Peve_00018232	25.37878792	12
Porites_evermani_scaffold_2487	65123	71189	gene-Peve_00018233	0	2
Porites_evermani_scaffold_2488	12525	16208	gene-Peve_00018239	0.1481481444	90
Porites_evermani_scaffold_2488	42614	43631	gene-Peve_00018234	0	32
Porites_evermani_scaffold_2488	51622	52999	gene-Peve_00018236	0	4
Porites_evermani_scaffold_2488	54840	56399	gene-Peve_00018237	0.2108135	56
Porites_evermani_scaffold_2488	63398	67286	gene-Peve_00018238	0	92
Porites_evermani_scaffold_2489	1948	2962	gene-Peve_00018242	0.293255129	31
Porites_evermani_scaffold_2489	4470	20907	gene-Peve_00018243	0.638646214	257
Porites_evermani_scaffold_2489	36020	63220	gene-Peve_00018244	2.615440866	374
Porites_evermani_scaffold_2489	67441	73240	gene-Peve_00018245	1.428571429	7
Porites_evermani_scaffold_249	230	590	gene-Peve_00018246	.	0
Porites_evermani_scaffold_249	1907	2252	gene-Peve_00018272	.	0
Porites_evermani_scaffold_249	2300	2660	gene-Peve_00018270	.	0
Porites_evermani_scaffold_249	3800	4963	gene-Peve_00018275	1.448472231	39
Porites_evermani_scaffold_249	13169	15326	gene-Peve_00018247	.	0
Porites_evermani_scaffold_249	15596	16633	gene-Peve_00018251	.	0
Porites_evermani_scaffold_249	21771	24994	gene-Peve_00018261	0.5952381429	7
Porites_evermani_scaffold_249	25651	27377	gene-Peve_00018271	.	0
Porites_evermani_scaffold_249	46197	50868	gene-Peve_00018273	.	0
Porites_evermani_scaffold_249	63315	64289	gene-Peve_00018274	48.6841493	10
Porites_evermani_scaffold_249	70816	71904	gene-Peve_00018276	43.3890935	24
Porites_evermani_scaffold_249	77004	78276	gene-Peve_00018277	.	0
Porites_evermani_scaffold_249	82916	83261	gene-Peve_00018278	50.27954383	12
Porites_evermani_scaffold_249	87501	90640	gene-Peve_00018279	.	0
Porites_evermani_scaffold_249	97784	98935	gene-Peve_00018280	.	0
Porites_evermani_scaffold_249	99557	100211	gene-Peve_00018281	.	0
Porites_evermani_scaffold_249	102477	103717	gene-Peve_00018282	83.33985868	28
Porites_evermani_scaffold_249	105156	105576	gene-Peve_00018283	32.46005625	4
Porites_evermani_scaffold_249	133310	133948	gene-Peve_00018286	61.91813085	13
Porites_evermani_scaffold_249	135315	137252	gene-Peve_00018287	58.26157695	85
Porites_evermani_scaffold_249	156205	156517	gene-Peve_00018248	37.7374738	10
Porites_evermani_scaffold_249	184317	185082	gene-Peve_00018249	53.67036768	19
Porites_evermani_scaffold_249	207558	208549	gene-Peve_00018252	63.6754076	20
Porites_evermani_scaffold_249	225726	226937	gene-Peve_00018253	63.43369416	31
Porites_evermani_scaffold_249	239485	242134	gene-Peve_00018255	34.40510062	26
Porites_evermani_scaffold_249	255349	256089	gene-Peve_00018256	60.69711537	8
Porites_evermani_scaffold_249	262413	265085	gene-Peve_00018257	68.49706027	44
Porites_evermani_scaffold_249	269447	270077	gene-Peve_00018258	50	3
Porites_evermani_scaffold_249	284306	284849	gene-Peve_00018262	76.30135383	12
Porites_evermani_scaffold_249	286459	286867	gene-Peve_00018263	69.7386425	10
Porites_evermani_scaffold_249	312037	312388	gene-Peve_00018265	.	0
Porites_evermani_scaffold_249	320805	323058	gene-Peve_00018266	86.1818182	5
Porites_evermani_scaffold_249	327201	329068	gene-Peve_00018267	44.29010382	11
Porites_evermani_scaffold_249	331766	332186	gene-Peve_00018268	.	0
Porites_evermani_scaffold_249	334789	335101	gene-Peve_00018269	39.8809525	4
Porites_evermani_scaffold_2490	628	4475	gene-Peve_00018288	0.5827466081	74
Porites_evermani_scaffold_2490	7772	9838	gene-Peve_00018294	0	10
Porites_evermani_scaffold_2490	14949	35537	gene-Peve_00018289	16.73560791	344
Porites_evermani_scaffold_2490	38233	52005	gene-Peve_00018290	12.06910738	294
Porites_evermani_scaffold_2490	52075	53386	gene-Peve_00018291	8.180343615	26
Porites_evermani_scaffold_2490	53908	59186	gene-Peve_00018292	73.3472302	15
Porites_evermani_scaffold_2490	61519	73335	gene-Peve_00018293	65.74637176	34
Porites_evermani_scaffold_2491	336	8533	gene-Peve_00018295	0.345453881	294
Porites_evermani_scaffold_2491	13636	13942	gene-Peve_00018297	.	0
Porites_evermani_scaffold_2491	15291	47654	gene-Peve_00018298	1.045657643	328
Porites_evermani_scaffold_2491	55555	73163	gene-Peve_00018296	0.4273504615	13
Porites_evermani_scaffold_2492	2068	6258	gene-Peve_00018299	2.007168462	93
Porites_evermani_scaffold_2492	12380	18621	gene-Peve_00018300	0.1994675826	230
Porites_evermani_scaffold_2492	26250	30801	gene-Peve_00018301	0.683771	121
Porites_evermani_scaffold_2492	34974	39935	gene-Peve_00018302	0.09226190714	140
Porites_evermani_scaffold_2492	43739	70816	gene-Peve_00018303	52.31671676	396
Porites_evermani_scaffold_2493	7679	35841	gene-Peve_00018304	1.144688312	343
Porites_evermani_scaffold_2493	40940	67411	gene-Peve_00018305	0.9175878314	427
Porites_evermani_scaffold_2494	2943	31318	gene-Peve_00018306	22.51363991	211
Porites_evermani_scaffold_2494	58608	61152	gene-Peve_00018308	10	1
Porites_evermani_scaffold_2495	3196	11030	gene-Peve_00018309	24.31922633	39
Porites_evermani_scaffold_2495	16519	19299	gene-Peve_00018312	0	4
Porites_evermani_scaffold_2495	20426	21011	gene-Peve_00018313	0.390625	8
Porites_evermani_scaffold_2495	26028	26634	gene-Peve_00018314	.	0
Porites_evermani_scaffold_2495	27777	28506	gene-Peve_00018315	.	0
Porites_evermani_scaffold_2495	30887	44755	gene-Peve_00018316	12.10833162	105
Porites_evermani_scaffold_2495	44429	46707	gene-Peve_00018310	0	6
Porites_evermani_scaffold_2495	50102	70259	gene-Peve_00018311	0.7962117007	401
Porites_evermani_scaffold_2496	16892	17677	gene-Peve_00018323	0	5
Porites_evermani_scaffold_2496	22039	24204	gene-Peve_00018325	0.9426847647	17
Porites_evermani_scaffold_2496	39427	41333	gene-Peve_00018322	0.3549608636	22
Porites_evermani_scaffold_2496	66372	67361	gene-Peve_00018324	0.1552795	28
Porites_evermani_scaffold_2497	5003	6108	gene-Peve_00018326	0.4225528	45
Porites_evermani_scaffold_2497	18783	19723	gene-Peve_00018334	0.367100561	41
Porites_evermani_scaffold_2497	29796	30687	gene-Peve_00018327	0	17
Porites_evermani_scaffold_2497	35922	39267	gene-Peve_00018329	0.2305507477	111
Porites_evermani_scaffold_2497	41713	42667	gene-Peve_00018330	0	15
Porites_evermani_scaffold_2497	49630	49945	gene-Peve_00018331	0	12
Porites_evermani_scaffold_2497	50191	50515	gene-Peve_00018332	0	7
Porites_evermani_scaffold_2497	71090	72627	gene-Peve_00018333	1.457912444	45
Porites_evermani_scaffold_2498	24412	25027	gene-Peve_00018335	.	0
Porites_evermani_scaffold_2498	38546	55292	gene-Peve_00018336	15.70638522	233
Porites_evermani_scaffold_2498	68754	72213	gene-Peve_00018338	21.47641573	26
Porites_evermani_scaffold_2499	12108	13380	gene-Peve_00018346	69.86453865	48
Porites_evermani_scaffold_2499	15130	21635	gene-Peve_00018339	46.19151913	82
Porites_evermani_scaffold_2499	23629	24037	gene-Peve_00018340	.	0
Porites_evermani_scaffold_2499	45958	46276	gene-Peve_00018341	.	0
Porites_evermani_scaffold_2499	51627	52494	gene-Peve_00018342	.	0
Porites_evermani_scaffold_2499	59094	59544	gene-Peve_00018343	19.3085145	8
Porites_evermani_scaffold_2499	64509	65607	gene-Peve_00018344	30.564559	33
Porites_evermani_scaffold_2499	72231	73474	gene-Peve_00018345	46.66666667	3
Porites_evermani_scaffold_25	701	9493	gene-Peve_00018347	100	1
Porites_evermani_scaffold_25	10268	11111	gene-Peve_00018401	0	35
Porites_evermani_scaffold_25	19922	25490	gene-Peve_00018407	0.7081923651	63
Porites_evermani_scaffold_25	25982	26541	gene-Peve_00018418	0	11
Porites_evermani_scaffold_25	28503	37115	gene-Peve_00018419	48.18945044	41
Porites_evermani_scaffold_25	39407	57337	gene-Peve_00018424	81.88958937	98
Porites_evermani_scaffold_25	61022	68768	gene-Peve_00018354	69.07887193	67
Porites_evermani_scaffold_25	70881	72469	gene-Peve_00018356	48.50855877	26
Porites_evermani_scaffold_25	72956	73925	gene-Peve_00018359	0	6
Porites_evermani_scaffold_25	77298	88071	gene-Peve_00018360	51.44960025	104
Porites_evermani_scaffold_25	100232	110126	gene-Peve_00018382	20.92754789	159
Porites_evermani_scaffold_25	117213	118386	gene-Peve_00018399	0	22
Porites_evermani_scaffold_25	120300	123526	gene-Peve_00018400	47.55350272	50
Porites_evermani_scaffold_25	130179	146694	gene-Peve_00018402	62.50218907	184
Porites_evermani_scaffold_25	151878	171191	gene-Peve_00018403	1.378361702	198
Porites_evermani_scaffold_25	177386	180008	gene-Peve_00018404	14.83585867	3
Porites_evermani_scaffold_25	180011	181873	gene-Peve_00018405	13.32855783	36
Porites_evermani_scaffold_25	182896	184425	gene-Peve_00018406	0	17
Porites_evermani_scaffold_25	211839	212946	gene-Peve_00018409	.	0
Porites_evermani_scaffold_25	234143	235316	gene-Peve_00018410	0	32
Porites_evermani_scaffold_25	238335	251759	gene-Peve_00018411	0.1814668162	272
Porites_evermani_scaffold_25	256730	257693	gene-Peve_00018412	0.8865892222	27
Porites_evermani_scaffold_25	265726	266743	gene-Peve_00018414	0.1307189556	45
Porites_evermani_scaffold_25	273036	274014	gene-Peve_00018415	0	41
Porites_evermani_scaffold_25	286919	296282	gene-Peve_00018417	0.6610338325	197
Porites_evermani_scaffold_25	298041	298992	gene-Peve_00018420	0	14
Porites_evermani_scaffold_25	302590	303661	gene-Peve_00018421	0	37
Porites_evermani_scaffold_25	310494	311760	gene-Peve_00018422	0.3315427297	37
Porites_evermani_scaffold_25	315930	323093	gene-Peve_00018423	33.80989317	94
Porites_evermani_scaffold_25	333399	335180	gene-Peve_00018425	0.395256913	46
Porites_evermani_scaffold_25	339113	360570	gene-Peve_00018426	3.486863076	474
Porites_evermani_scaffold_25	363183	363628	gene-Peve_00018427	0.5952380714	14
Porites_evermani_scaffold_25	366536	371993	gene-Peve_00018348	1.853393478	159
Porites_evermani_scaffold_25	377168	380422	gene-Peve_00018349	0	80
Porites_evermani_scaffold_25	383618	385145	gene-Peve_00018350	0.2557544783	46
Porites_evermani_scaffold_25	398779	399216	gene-Peve_00018351	0	16
Porites_evermani_scaffold_25	413400	414380	gene-Peve_00018352	.	0
Porites_evermani_scaffold_25	421428	441042	gene-Peve_00018353	6.482379654	133
Porites_evermani_scaffold_25	444133	445327	gene-Peve_00018357	.	0
Porites_evermani_scaffold_25	454786	475913	gene-Peve_00018358	11.40769257	338
Porites_evermani_scaffold_25	492625	503646	gene-Peve_00018362	1.097843104	182
Porites_evermani_scaffold_25	504705	505227	gene-Peve_00018363	.	0
Porites_evermani_scaffold_25	513435	520533	gene-Peve_00018361	0.2016964537	108
Porites_evermani_scaffold_25	527251	533944	gene-Peve_00018365	0.08097166316	95
Porites_evermani_scaffold_25	536953	537396	gene-Peve_00018366	0	6
Porites_evermani_scaffold_25	540154	545645	gene-Peve_00018368	56.30199523	47
Porites_evermani_scaffold_25	547880	550417	gene-Peve_00018369	57.82234063	19
Porites_evermani_scaffold_25	551550	561318	gene-Peve_00018370	16.4352243	159
Porites_evermani_scaffold_25	567427	571007	gene-Peve_00018371	58.491742	27
Porites_evermani_scaffold_25	572324	584322	gene-Peve_00018372	21.83187206	116
Porites_evermani_scaffold_25	588171	597363	gene-Peve_00018373	47.37131109	45
Porites_evermani_scaffold_25	611810	625495	gene-Peve_00018374	0.2902074171	211
Porites_evermani_scaffold_25	632966	633614	gene-Peve_00018375	1.052855913	23
Porites_evermani_scaffold_25	634466	649275	gene-Peve_00018376	30.84269776	241
Porites_evermani_scaffold_25	649456	658237	gene-Peve_00018377	30.93262116	164
Porites_evermani_scaffold_25	662667	670410	gene-Peve_00018378	0.5350003053	190
Porites_evermani_scaffold_25	671614	672538	gene-Peve_00018379	.	0
Porites_evermani_scaffold_25	684729	688217	gene-Peve_00018381	28.94663547	68
Porites_evermani_scaffold_25	688734	689571	gene-Peve_00018383	0	15
Porites_evermani_scaffold_25	696092	712678	gene-Peve_00018384	66.88943472	134
Porites_evermani_scaffold_25	716904	720612	gene-Peve_00018385	40.67072393	56
Porites_evermani_scaffold_25	723233	736241	gene-Peve_00018386	0.4646890117	256
Porites_evermani_scaffold_25	740684	751216	gene-Peve_00018388	49.44015375	92
Porites_evermani_scaffold_25	751738	755092	gene-Peve_00018389	78.17204743	44
Porites_evermani_scaffold_25	757592	773940	gene-Peve_00018390	34.70604027	220
Porites_evermani_scaffold_25	780964	786971	gene-Peve_00018391	63.15318235	51
Porites_evermani_scaffold_25	789868	802813	gene-Peve_00018392	0.1974587078	332
Porites_evermani_scaffold_25	813884	814782	gene-Peve_00018393	0	32
Porites_evermani_scaffold_25	816962	829980	gene-Peve_00018394	22.62251285	238
Porites_evermani_scaffold_25	830279	838593	gene-Peve_00018395	55.06943735	78
Porites_evermani_scaffold_25	841418	858522	gene-Peve_00018396	45.08886641	173
Porites_evermani_scaffold_25	865047	882064	gene-Peve_00018397	0.4830352329	425
Porites_evermani_scaffold_25	893905	902681	gene-Peve_00018398	0.5780266051	276
Porites_evermani_scaffold_250	19805	22332	gene-Peve_00018428	0	5
Porites_evermani_scaffold_250	23591	24516	gene-Peve_00018434	0	30
Porites_evermani_scaffold_250	24475	25347	gene-Peve_00018437	1.334383846	26
Porites_evermani_scaffold_250	27320	28766	gene-Peve_00018444	.	0
Porites_evermani_scaffold_250	54000	62341	gene-Peve_00018429	0.3844154219	192
Porites_evermani_scaffold_250	68718	70453	gene-Peve_00018430	.	0
Porites_evermani_scaffold_250	74821	77613	gene-Peve_00018431	0.08403361429	70
Porites_evermani_scaffold_250	81455	83024	gene-Peve_00018432	4.070635186	43
Porites_evermani_scaffold_250	87880	93859	gene-Peve_00018433	54.32826253	66
Porites_evermani_scaffold_250	97908	98814	gene-Peve_00018435	0.5681818148	27
Porites_evermani_scaffold_250	104663	141357	gene-Peve_00018436	0.4922584046	304
Porites_evermani_scaffold_250	123131	127246	gene-Peve_00018438	1.030416947	57
Porites_evermani_scaffold_250	146909	151230	gene-Peve_00018440	.	0
Porites_evermani_scaffold_250	164762	171036	gene-Peve_00018441	0.179870128	125
Porites_evermani_scaffold_250	179476	185202	gene-Peve_00018442	30.15284647	104
Porites_evermani_scaffold_250	185838	196888	gene-Peve_00018443	18.96056808	132
Porites_evermani_scaffold_250	218414	234775	gene-Peve_00018446	1.108176065	153
Porites_evermani_scaffold_250	223300	224638	gene-Peve_00018448	.	0
Porites_evermani_scaffold_250	246685	257229	gene-Peve_00018449	0.918779902	245
Porites_evermani_scaffold_250	286046	289471	gene-Peve_00018452	0.384529098	51
Porites_evermani_scaffold_250	297525	298971	gene-Peve_00018453	0	36
Porites_evermani_scaffold_250	306001	306985	gene-Peve_00018455	0.4563175909	44
Porites_evermani_scaffold_250	312405	334815	gene-Peve_00018456	0.4914974517	507
Porites_evermani_scaffold_250	325189	325846	gene-Peve_00018457	0	9
Porites_evermani_scaffold_2500	185	5893	gene-Peve_00018458	.	0
Porites_evermani_scaffold_2500	22134	23690	gene-Peve_00018462	1.963681452	31
Porites_evermani_scaffold_2500	24426	28981	gene-Peve_00018463	2.342935617	47
Porites_evermani_scaffold_2500	35746	36187	gene-Peve_00018464	13.14595818	22
Porites_evermani_scaffold_2500	36582	37467	gene-Peve_00018465	62.34819239	23
Porites_evermani_scaffold_2500	40100	40356	gene-Peve_00018466	3.076923077	13
Porites_evermani_scaffold_2500	44645	51211	gene-Peve_00018459	0.7936508571	7
Porites_evermani_scaffold_2500	61564	62685	gene-Peve_00018460	.	0
Porites_evermani_scaffold_2500	64708	68840	gene-Peve_00018461	1.5151515	6
Porites_evermani_scaffold_2501	4092	4308	gene-Peve_00018470	79.761905	2
Porites_evermani_scaffold_2501	5087	9454	gene-Peve_00018469	39.67069446	54
Porites_evermani_scaffold_2501	14079	14745	gene-Peve_00018471	62.31043469	13
Porites_evermani_scaffold_2501	20944	21417	gene-Peve_00018472	0	4
Porites_evermani_scaffold_2501	37151	38887	gene-Peve_00018467	30.84295559	17
Porites_evermani_scaffold_2501	40904	54133	gene-Peve_00018468	11.05632195	41
Porites_evermani_scaffold_2502	1070	14750	gene-Peve_00018473	0.8002882904	489
Porites_evermani_scaffold_2502	41688	46483	gene-Peve_00018475	0.5933413141	156
Porites_evermani_scaffold_2502	52303	54259	gene-Peve_00018476	45.21535762	32
Porites_evermani_scaffold_2502	62645	64409	gene-Peve_00018474	4.534450609	23
Porites_evermani_scaffold_2503	2829	7500	gene-Peve_00018478	0.7342657308	26
Porites_evermani_scaffold_2503	21054	23300	gene-Peve_00018481	0	31
Porites_evermani_scaffold_2503	26562	51000	gene-Peve_00018482	1.447210103	165
Porites_evermani_scaffold_2503	37463	55074	gene-Peve_00018479	0.31008675	84
Porites_evermani_scaffold_2504	7575	7929	gene-Peve_00018486	.	0
Porites_evermani_scaffold_2504	12726	22845	gene-Peve_00018487	0.6320006968	188
Porites_evermani_scaffold_2504	27111	28044	gene-Peve_00018488	0.5131964583	24
Porites_evermani_scaffold_2504	28801	29113	gene-Peve_00018489	0.7272727273	11
Porites_evermani_scaffold_2504	43119	45747	gene-Peve_00018490	0.4750368932	103
Porites_evermani_scaffold_2504	52489	53802	gene-Peve_00018483	0.4713389583	48
Porites_evermani_scaffold_2505	37551	44630	gene-Peve_00018493	1.448131579	57
Porites_evermani_scaffold_2505	56007	71012	gene-Peve_00018491	2.648689837	43
Porites_evermani_scaffold_2506	24153	28731	gene-Peve_00018498	.	0
Porites_evermani_scaffold_2506	34999	36751	gene-Peve_00018494	1.253148322	59
Porites_evermani_scaffold_2506	36766	37424	gene-Peve_00018495	0.1724138	20
Porites_evermani_scaffold_2506	41847	63074	gene-Peve_00018496	0.6958426154	169
Porites_evermani_scaffold_2506	58627	59254	gene-Peve_00018497	.	0
Porites_evermani_scaffold_2507	3268	29303	gene-Peve_00018499	14.45151488	169
Porites_evermani_scaffold_2507	43075	44659	gene-Peve_00018503	2.4090909	20
Porites_evermani_scaffold_2507	52337	54991	gene-Peve_00018504	0.433265663	92
Porites_evermani_scaffold_2507	55917	64000	gene-Peve_00018500	0.3253463296	179
Porites_evermani_scaffold_2507	69569	70124	gene-Peve_00018501	.	0
Porites_evermani_scaffold_2508	501	12665	gene-Peve_00018505	75.05782367	116
Porites_evermani_scaffold_2508	33519	43481	gene-Peve_00018506	63.42574918	77
Porites_evermani_scaffold_2508	43735	50216	gene-Peve_00018507	61.78607282	60
Porites_evermani_scaffold_2508	50908	62127	gene-Peve_00018508	78.01516807	61
Porites_evermani_scaffold_2508	63400	72931	gene-Peve_00018509	8.315295667	6
Porites_evermani_scaffold_2509	3289	23896	gene-Peve_00018510	0.4113044041	386
Porites_evermani_scaffold_2509	30752	31220	gene-Peve_00018511	.	0
Porites_evermani_scaffold_2509	32430	49720	gene-Peve_00018513	0.503468517	383
Porites_evermani_scaffold_2509	50799	58680	gene-Peve_00018512	0.1652892545	55
Porites_evermani_scaffold_2509	61909	62599	gene-Peve_00018514	.	0
Porites_evermani_scaffold_251	660	10145	gene-Peve_00018515	59.84115994	104
Porites_evermani_scaffold_251	14585	16594	gene-Peve_00018523	62.1212485	26
Porites_evermani_scaffold_251	21015	34005	gene-Peve_00018524	12.50226657	329
Porites_evermani_scaffold_251	39509	45936	gene-Peve_00018519	23.5582234	58
Porites_evermani_scaffold_251	47001	65895	gene-Peve_00018520	44.12106818	192
Porites_evermani_scaffold_251	66054	82397	gene-Peve_00018521	53.69990847	156
Porites_evermani_scaffold_251	111521	117883	gene-Peve_00018522	0.2483701845	168
Porites_evermani_scaffold_251	124753	126457	gene-Peve_00018525	0.1201923125	64
Porites_evermani_scaffold_251	137478	145462	gene-Peve_00018526	41.29794295	59
Porites_evermani_scaffold_251	147701	148436	gene-Peve_00018527	0	22
Porites_evermani_scaffold_251	153518	155426	gene-Peve_00018528	1.449400557	61
Porites_evermani_scaffold_251	156831	161551	gene-Peve_00018529	0.2049180246	122
Porites_evermani_scaffold_251	163707	173424	gene-Peve_00018530	0.4228610526	209
Porites_evermani_scaffold_251	176775	179748	gene-Peve_00018531	0.6964732561	82
Porites_evermani_scaffold_251	181956	185519	gene-Peve_00018532	0.4560784815	54
Porites_evermani_scaffold_251	189981	195993	gene-Peve_00018533	0.8589977734	128
Porites_evermani_scaffold_251	198106	202282	gene-Peve_00018534	1.128409064	109
Porites_evermani_scaffold_251	206119	218827	gene-Peve_00018535	0.231972815	346
Porites_evermani_scaffold_251	225057	226029	gene-Peve_00018536	0.4761904667	30
Porites_evermani_scaffold_251	247668	248247	gene-Peve_00018537	1.3516635	28
Porites_evermani_scaffold_251	251684	255355	gene-Peve_00018538	85.16788328	39
Porites_evermani_scaffold_251	259425	261145	gene-Peve_00018539	2.14019075	20
Porites_evermani_scaffold_251	264379	277641	gene-Peve_00018540	32.7124184	262
Porites_evermani_scaffold_251	277703	282628	gene-Peve_00018541	31.45073523	64
Porites_evermani_scaffold_251	284042	284861	gene-Peve_00018542	0	10
Porites_evermani_scaffold_251	295697	296564	gene-Peve_00018516	0	17
Porites_evermani_scaffold_251	304693	313932	gene-Peve_00018518	8.138056305	95
Porites_evermani_scaffold_2510	17	3787	gene-Peve_00018543	3.2467532	10
Porites_evermani_scaffold_2510	7021	15867	gene-Peve_00018544	16.48504271	24
Porites_evermani_scaffold_2510	17583	25449	gene-Peve_00018545	0.4698426538	52
Porites_evermani_scaffold_2510	30349	49916	gene-Peve_00018546	1.199185405	227
Porites_evermani_scaffold_2510	53202	66506	gene-Peve_00018547	73.18360515	27
Porites_evermani_scaffold_2511	11234	56341	gene-Peve_00018548	2.376075303	66
Porites_evermani_scaffold_2512	35612	38123	gene-Peve_00018549	0.1058201111	63
Porites_evermani_scaffold_2513	278	6996	gene-Peve_00018550	0.6026822222	153
Porites_evermani_scaffold_2513	19424	36905	gene-Peve_00018554	1.023591112	438
Porites_evermani_scaffold_2513	60093	69497	gene-Peve_00018552	18.02439392	60
Porites_evermani_scaffold_2513	71198	72135	gene-Peve_00018553	68.86276571	7
Porites_evermani_scaffold_2514	2543	8495	gene-Peve_00018555	50	3
Porites_evermani_scaffold_2514	15109	16709	gene-Peve_00018556	.	0
Porites_evermani_scaffold_2514	17097	18429	gene-Peve_00018557	.	0
Porites_evermani_scaffold_2514	23482	24761	gene-Peve_00018560	0	3
Porites_evermani_scaffold_2514	24767	27290	gene-Peve_00018558	0	14
Porites_evermani_scaffold_2514	31882	35908	gene-Peve_00018559	.	0
Porites_evermani_scaffold_2514	39053	43704	gene-Peve_00018561	.	0
Porites_evermani_scaffold_2514	47359	58784	gene-Peve_00018562	72.68472278	18
Porites_evermani_scaffold_2515	26695	32035	gene-Peve_00018565	13.31891883	18
Porites_evermani_scaffold_2515	43768	44089	gene-Peve_00018566	.	0
Porites_evermani_scaffold_2515	47609	49543	gene-Peve_00018567	.	0
Porites_evermani_scaffold_2516	8852	17738	gene-Peve_00018569	30.34131976	92
Porites_evermani_scaffold_2516	18192	33513	gene-Peve_00018570	57.7598455	103
Porites_evermani_scaffold_2516	36196	40774	gene-Peve_00018571	68.70129871	7
Porites_evermani_scaffold_2516	41669	44772	gene-Peve_00018572	31.37058411	27
Porites_evermani_scaffold_2516	47223	52287	gene-Peve_00018573	25.09104833	86
Porites_evermani_scaffold_2516	54542	71200	gene-Peve_00018574	1.551406669	456
Porites_evermani_scaffold_2517	36539	37355	gene-Peve_00018575	.	0
Porites_evermani_scaffold_2517	49322	50036	gene-Peve_00018576	.	0
Porites_evermani_scaffold_2517	54051	54697	gene-Peve_00018577	.	0
Porites_evermani_scaffold_2517	57492	61757	gene-Peve_00018578	9.3257891	20
Porites_evermani_scaffold_2517	63653	64010	gene-Peve_00018579	.	0
Porites_evermani_scaffold_2517	69236	69858	gene-Peve_00018580	.	0
Porites_evermani_scaffold_2518	2120	3881	gene-Peve_00018588	34.66094836	14
Porites_evermani_scaffold_2518	10911	12966	gene-Peve_00018589	13.97926632	19
Porites_evermani_scaffold_2518	19821	21108	gene-Peve_00018582	55.46398067	3
Porites_evermani_scaffold_2518	22657	25387	gene-Peve_00018583	85.31853512	26
Porites_evermani_scaffold_2518	28485	34717	gene-Peve_00018584	76.30168859	37
Porites_evermani_scaffold_2518	40368	40725	gene-Peve_00018585	.	0
Porites_evermani_scaffold_2518	46359	51318	gene-Peve_00018586	30.89786756	27
Porites_evermani_scaffold_2518	53175	72675	gene-Peve_00018587	9.428018858	332
Porites_evermani_scaffold_2519	2451	3489	gene-Peve_00018595	3.360067355	31
Porites_evermani_scaffold_2519	14443	19560	gene-Peve_00018597	1.176207092	173
Porites_evermani_scaffold_2519	20557	23841	gene-Peve_00018598	5.207309027	73
Porites_evermani_scaffold_2519	25803	26763	gene-Peve_00018590	9.944953857	21
Porites_evermani_scaffold_2519	32741	33644	gene-Peve_00018591	6.666666667	9
Porites_evermani_scaffold_2519	36432	37290	gene-Peve_00018592	.	0
Porites_evermani_scaffold_2519	60241	66350	gene-Peve_00018594	0.4132231364	22
Porites_evermani_scaffold_2519	71473	72322	gene-Peve_00018596	.	0
Porites_evermani_scaffold_252	31060	35721	gene-Peve_00018607	0	16
Porites_evermani_scaffold_252	50139	61165	gene-Peve_00018609	0.07843137647	85
Porites_evermani_scaffold_252	61835	85502	gene-Peve_00018618	0.9309440641	78
Porites_evermani_scaffold_252	90162	115072	gene-Peve_00018599	76.06341192	36
Porites_evermani_scaffold_252	115259	122388	gene-Peve_00018600	0.7142857143	28
Porites_evermani_scaffold_252	127693	129976	gene-Peve_00018601	.	0
Porites_evermani_scaffold_252	142340	146615	gene-Peve_00018602	92.63636367	15
Porites_evermani_scaffold_252	157485	158773	gene-Peve_00018603	.	0
Porites_evermani_scaffold_252	162781	169048	gene-Peve_00018604	0.7807981579	19
Porites_evermani_scaffold_252	169261	173336	gene-Peve_00018605	22.7272725	2
Porites_evermani_scaffold_252	177108	184677	gene-Peve_00018606	0	2
Porites_evermani_scaffold_252	187908	190152	gene-Peve_00018608	.	0
Porites_evermani_scaffold_252	191822	207703	gene-Peve_00018610	.	0
Porites_evermani_scaffold_252	208658	213727	gene-Peve_00018611	0	1
Porites_evermani_scaffold_252	213930	218430	gene-Peve_00018612	69.80190844	73
Porites_evermani_scaffold_252	221260	221974	gene-Peve_00018613	0	15
Porites_evermani_scaffold_252	231511	240597	gene-Peve_00018614	0	14
Porites_evermani_scaffold_252	251764	254878	gene-Peve_00018615	.	0
Porites_evermani_scaffold_252	258147	267214	gene-Peve_00018616	.	0
Porites_evermani_scaffold_252	268934	270972	gene-Peve_00018617	.	0
Porites_evermani_scaffold_252	279454	292847	gene-Peve_00018619	1.818181818	11
Porites_evermani_scaffold_252	294856	296167	gene-Peve_00018620	.	0
Porites_evermani_scaffold_252	319092	320844	gene-Peve_00018621	0.6374298125	48
Porites_evermani_scaffold_2520	550	22561	gene-Peve_00018624	38.22743071	101
Porites_evermani_scaffold_2520	5426	6881	gene-Peve_00018625	3.521296	13
Porites_evermani_scaffold_2520	31067	41906	gene-Peve_00018622	42.7692308	15
Porites_evermani_scaffold_2520	41915	60969	gene-Peve_00018623	77.31306816	184
Porites_evermani_scaffold_2521	8173	32011	gene-Peve_00018632	5.999409578	353
Porites_evermani_scaffold_2521	34277	44661	gene-Peve_00018633	1.431919328	186
Porites_evermani_scaffold_2521	46937	48095	gene-Peve_00018628	0	38
Porites_evermani_scaffold_2521	54939	56513	gene-Peve_00018629	.	0
Porites_evermani_scaffold_2521	57232	58703	gene-Peve_00018630	.	0
Porites_evermani_scaffold_2521	69927	72105	gene-Peve_00018631	5.90334	24
Porites_evermani_scaffold_2522	6832	10252	gene-Peve_00018634	0.09718173469	49
Porites_evermani_scaffold_2522	27767	35013	gene-Peve_00018638	0	2
Porites_evermani_scaffold_2522	49083	52275	gene-Peve_00018635	3.843916296	54
Porites_evermani_scaffold_2522	52691	53651	gene-Peve_00018636	0	17
Porites_evermani_scaffold_2522	60262	66026	gene-Peve_00018637	20.36850074	23
Porites_evermani_scaffold_2523	18531	32448	gene-Peve_00018649	38.74826121	198
Porites_evermani_scaffold_2523	31684	36426	gene-Peve_00018640	69.46959224	76
Porites_evermani_scaffold_2523	38247	42382	gene-Peve_00018641	58.12262671	49
Porites_evermani_scaffold_2523	40578	40924	gene-Peve_00018642	92.037594	5
Porites_evermani_scaffold_2523	42542	45488	gene-Peve_00018643	36.1587395	54
Porites_evermani_scaffold_2523	52245	64966	gene-Peve_00018645	0.293255129	31
Porites_evermani_scaffold_2524	18571	37379	gene-Peve_00018650	0.9021757803	132
Porites_evermani_scaffold_2524	55658	69089	gene-Peve_00018651	53.84615385	13
Porites_evermani_scaffold_2525	6356	9433	gene-Peve_00018655	.	0
Porites_evermani_scaffold_2525	11231	12561	gene-Peve_00018658	.	0
Porites_evermani_scaffold_2525	14008	15112	gene-Peve_00018659	.	0
Porites_evermani_scaffold_2525	19501	20591	gene-Peve_00018653	0	36
Porites_evermani_scaffold_2525	21525	29536	gene-Peve_00018652	25.50930335	46
Porites_evermani_scaffold_2525	29630	35304	gene-Peve_00018654	1.411435792	48
Porites_evermani_scaffold_2525	44210	46983	gene-Peve_00018656	5.575290344	61
Porites_evermani_scaffold_2525	58914	65136	gene-Peve_00018657	0.5234933596	89
Porites_evermani_scaffold_2526	13451	14480	gene-Peve_00018660	.	0
Porites_evermani_scaffold_2526	25088	57988	gene-Peve_00018661	2.250273617	763
Porites_evermani_scaffold_2526	65494	66417	gene-Peve_00018663	22.59094562	8
Porites_evermani_scaffold_2527	1923	4087	gene-Peve_00018666	.	0
Porites_evermani_scaffold_2527	4094	9028	gene-Peve_00018664	0	7
Porites_evermani_scaffold_2527	12355	15170	gene-Peve_00018665	0.2262888571	77
Porites_evermani_scaffold_2527	23942	26484	gene-Peve_00018670	0	28
Porites_evermani_scaffold_2527	28282	30785	gene-Peve_00018671	0.6263204259	54
Porites_evermani_scaffold_2527	50047	58560	gene-Peve_00018667	0.3125	32
Porites_evermani_scaffold_2527	61171	63359	gene-Peve_00018668	0	7
Porites_evermani_scaffold_2528	13042	18028	gene-Peve_00018674	0.5123745581	86
Porites_evermani_scaffold_2528	30747	33239	gene-Peve_00018672	.	0
Porites_evermani_scaffold_2528	43219	64715	gene-Peve_00018675	0.9338152595	555
Porites_evermani_scaffold_2529	108	15003	gene-Peve_00018676	34.7217763	76
Porites_evermani_scaffold_2529	16128	20195	gene-Peve_00018681	0	1
Porites_evermani_scaffold_2529	26065	33846	gene-Peve_00018683	24.91582489	9
Porites_evermani_scaffold_2529	34981	37826	gene-Peve_00018684	31.9257258	44
Porites_evermani_scaffold_2529	38095	47047	gene-Peve_00018685	77.20610879	99
Porites_evermani_scaffold_2529	50870	52132	gene-Peve_00018677	0.1508295686	51
Porites_evermani_scaffold_2529	54431	56636	gene-Peve_00018678	21.0084977	27
Porites_evermani_scaffold_2529	58105	59734	gene-Peve_00018679	0.2910052857	63
Porites_evermani_scaffold_2529	62119	65353	gene-Peve_00018680	0.3960359569	116
Porites_evermani_scaffold_2529	70005	70380	gene-Peve_00018682	0	12
Porites_evermani_scaffold_253	2177	3975	gene-Peve_00018686	61.90692333	9
Porites_evermani_scaffold_253	6539	35563	gene-Peve_00018697	34.50905346	93
Porites_evermani_scaffold_253	40132	43360	gene-Peve_00018704	0	10
Porites_evermani_scaffold_253	52573	56320	gene-Peve_00018706	.	0
Porites_evermani_scaffold_253	66467	79793	gene-Peve_00018687	91.16228067	3
Porites_evermani_scaffold_253	80226	93172	gene-Peve_00018688	.	0
Porites_evermani_scaffold_253	96080	97025	gene-Peve_00018689	.	0
Porites_evermani_scaffold_253	107438	108377	gene-Peve_00018690	.	0
Porites_evermani_scaffold_253	111294	111603	gene-Peve_00018691	.	0
Porites_evermani_scaffold_253	128523	134403	gene-Peve_00018693	33.85381483	70
Porites_evermani_scaffold_253	142403	174822	gene-Peve_00018695	0.5665176973	641
Porites_evermani_scaffold_253	174748	183826	gene-Peve_00018694	55.93492343	115
Porites_evermani_scaffold_253	184194	221796	gene-Peve_00018698	5.58914756	993
Porites_evermani_scaffold_253	224891	225443	gene-Peve_00018699	0.4524887059	17
Porites_evermani_scaffold_253	230234	243371	gene-Peve_00018700	0.6365673743	342
Porites_evermani_scaffold_253	249628	253951	gene-Peve_00018701	0.2113095286	140
Porites_evermani_scaffold_253	264514	271856	gene-Peve_00018702	0.5071325153	163
Porites_evermani_scaffold_253	315071	334332	gene-Peve_00018703	1.393489405	341
Porites_evermani_scaffold_2530	2259	2477	gene-Peve_00018707	0	1
Porites_evermani_scaffold_2530	3917	7497	gene-Peve_00018710	46.32726538	42
Porites_evermani_scaffold_2530	10056	10738	gene-Peve_00018715	37.4069504	10
Porites_evermani_scaffold_2530	26093	27165	gene-Peve_00018718	60.24647879	29
Porites_evermani_scaffold_2530	28203	29295	gene-Peve_00018708	47.79249067	30
Porites_evermani_scaffold_2530	38869	39793	gene-Peve_00018709	.	0
Porites_evermani_scaffold_2530	43519	44735	gene-Peve_00018711	76.73647704	24
Porites_evermani_scaffold_2530	56150	57313	gene-Peve_00018714	73.83569106	18
Porites_evermani_scaffold_2530	66680	67001	gene-Peve_00018716	50.32051267	3
Porites_evermani_scaffold_2530	71454	71805	gene-Peve_00018717	80.58460286	7
Porites_evermani_scaffold_2531	1	9222	gene-Peve_00018719	28.66988465	91
Porites_evermani_scaffold_2531	24772	58037	gene-Peve_00018721	0.3383190972	72
Porites_evermani_scaffold_2531	48068	49977	gene-Peve_00018720	0.3787878864	44
Porites_evermani_scaffold_2532	14277	14829	gene-Peve_00018722	0.295858	26
Porites_evermani_scaffold_2532	20495	27325	gene-Peve_00018726	0.9418509189	37
Porites_evermani_scaffold_2532	31867	33988	gene-Peve_00018728	51.14219123	13
Porites_evermani_scaffold_2532	39596	50812	gene-Peve_00018727	24.57884375	113
Porites_evermani_scaffold_2532	50807	60914	gene-Peve_00018723	71.09967305	65
Porites_evermani_scaffold_2532	64076	68094	gene-Peve_00018724	83.67403973	41
Porites_evermani_scaffold_2532	68961	71835	gene-Peve_00018725	38.16017318	28
Porites_evermani_scaffold_2533	4460	16596	gene-Peve_00018729	0	7
Porites_evermani_scaffold_2533	10331	12078	gene-Peve_00018734	.	0
Porites_evermani_scaffold_2533	26894	28178	gene-Peve_00018730	.	0
Porites_evermani_scaffold_2533	38844	39726	gene-Peve_00018731	0	9
Porites_evermani_scaffold_2533	48733	49915	gene-Peve_00018733	.	0
Porites_evermani_scaffold_2534	7270	7895	gene-Peve_00018735	.	0
Porites_evermani_scaffold_2534	17421	17988	gene-Peve_00018740	.	0
Porites_evermani_scaffold_2534	22958	25317	gene-Peve_00018741	69.05934714	28
Porites_evermani_scaffold_2534	28160	28481	gene-Peve_00018736	58.44380033	6
Porites_evermani_scaffold_2534	54959	57121	gene-Peve_00018738	74.91822445	51
Porites_evermani_scaffold_2535	2098	63315	gene-Peve_00018742	10.50691339	519
Porites_evermani_scaffold_2535	65592	65949	gene-Peve_00018743	0	8
Porites_evermani_scaffold_2536	2613	3783	gene-Peve_00018744	0.6993007273	22
Porites_evermani_scaffold_2536	6908	26275	gene-Peve_00018745	1.939978658	158
Porites_evermani_scaffold_2536	29758	49645	gene-Peve_00018746	45.43150465	188
Porites_evermani_scaffold_2536	54712	56002	gene-Peve_00018747	0	37
Porites_evermani_scaffold_2537	2030	2477	gene-Peve_00018751	.	0
Porites_evermani_scaffold_2537	8200	12688	gene-Peve_00018752	0.2441282254	142
Porites_evermani_scaffold_2537	13362	14439	gene-Peve_00018753	6.277793455	11
Porites_evermani_scaffold_2537	17590	18528	gene-Peve_00018754	0	3
Porites_evermani_scaffold_2537	34944	47283	gene-Peve_00018748	11.34493788	130
Porites_evermani_scaffold_2537	54206	56144	gene-Peve_00018749	40.40144698	50
Porites_evermani_scaffold_2537	58618	69527	gene-Peve_00018750	80.09834085	71
Porites_evermani_scaffold_2538	2886	7566	gene-Peve_00018755	0	4
Porites_evermani_scaffold_2538	20640	26198	gene-Peve_00018756	48.2727272	5
Porites_evermani_scaffold_2539	2427	11646	gene-Peve_00018761	0.7708514171	211
Porites_evermani_scaffold_2539	24918	26466	gene-Peve_00018762	0	5
Porites_evermani_scaffold_2539	26788	28540	gene-Peve_00018758	.	0
Porites_evermani_scaffold_2539	36573	44176	gene-Peve_00018759	1.71451563	138
Porites_evermani_scaffold_2539	48820	63067	gene-Peve_00018760	0.1510208558	208
Porites_evermani_scaffold_254	419	1379	gene-Peve_00018763	0	7
Porites_evermani_scaffold_254	9111	10221	gene-Peve_00018776	0.3968253889	18
Porites_evermani_scaffold_254	13192	13810	gene-Peve_00018780	0	2
Porites_evermani_scaffold_254	17730	19135	gene-Peve_00018781	0.1879699211	38
Porites_evermani_scaffold_254	20511	21102	gene-Peve_00018782	0	15
Porites_evermani_scaffold_254	28601	29558	gene-Peve_00018764	2.382346182	22
Porites_evermani_scaffold_254	37750	44147	gene-Peve_00018766	54.36002212	91
Porites_evermani_scaffold_254	69930	72149	gene-Peve_00018767	3.564317846	65
Porites_evermani_scaffold_254	99167	100085	gene-Peve_00018768	0.4784688947	19
Porites_evermani_scaffold_254	105944	137366	gene-Peve_00018769	8.675922285	747
Porites_evermani_scaffold_254	151835	153937	gene-Peve_00018771	0.1587301587	63
Porites_evermani_scaffold_254	177280	179311	gene-Peve_00018772	0.33333332	25
Porites_evermani_scaffold_254	181928	211438	gene-Peve_00018773	1.77178491	592
Porites_evermani_scaffold_254	222916	232726	gene-Peve_00018774	25.004931	26
Porites_evermani_scaffold_254	239944	264752	gene-Peve_00018775	6.758064412	565
Porites_evermani_scaffold_254	269428	269770	gene-Peve_00018777	0.390625	16
Porites_evermani_scaffold_254	270142	298407	gene-Peve_00018778	25.4092123	268
Porites_evermani_scaffold_254	302220	309561	gene-Peve_00018779	0.2025036804	97
Porites_evermani_scaffold_2540	18332	22449	gene-Peve_00018785	0.3296703333	45
Porites_evermani_scaffold_2540	45648	63095	gene-Peve_00018784	0	9
Porites_evermani_scaffold_2541	1501	10130	gene-Peve_00018786	0	11
Porites_evermani_scaffold_2541	14575	16033	gene-Peve_00018787	0.1488095208	48
Porites_evermani_scaffold_2541	29356	29728	gene-Peve_00018788	.	0
Porites_evermani_scaffold_2541	32760	53000	gene-Peve_00018789	5.247154814	102
Porites_evermani_scaffold_2541	55476	55887	gene-Peve_00018791	0.9090909	10
Porites_evermani_scaffold_2541	56398	58517	gene-Peve_00018792	0	69
Porites_evermani_scaffold_2541	63702	68996	gene-Peve_00018793	2.765131917	48
Porites_evermani_scaffold_2542	734	10710	gene-Peve_00018794	11.77696287	82
Porites_evermani_scaffold_2542	11643	16230	gene-Peve_00018800	1.251958305	105
Porites_evermani_scaffold_2542	23647	37834	gene-Peve_00018795	34.06452065	158
Porites_evermani_scaffold_2542	41243	53883	gene-Peve_00018796	0.4202251884	361
Porites_evermani_scaffold_2542	54274	56625	gene-Peve_00018797	0	56
Porites_evermani_scaffold_2542	57808	62579	gene-Peve_00018798	52.25613525	64
Porites_evermani_scaffold_2542	63063	71673	gene-Peve_00018799	26.37931419	78
Porites_evermani_scaffold_2543	18838	33627	gene-Peve_00018803	2.251666658	462
Porites_evermani_scaffold_2543	47408	70949	gene-Peve_00018801	0.3309601927	109
Porites_evermani_scaffold_2543	56575	59312	gene-Peve_00018802	0	11
Porites_evermani_scaffold_2544	643	3995	gene-Peve_00018804	0	2
Porites_evermani_scaffold_2544	9111	11604	gene-Peve_00018805	.	0
Porites_evermani_scaffold_2544	17618	57079	gene-Peve_00018806	0.4826533603	816
Porites_evermani_scaffold_2545	3456	6205	gene-Peve_00018808	2.167451039	76
Porites_evermani_scaffold_2545	32332	34001	gene-Peve_00018810	.	0
Porites_evermani_scaffold_2545	59866	69892	gene-Peve_00018809	0.2211632419	124
Porites_evermani_scaffold_2546	2164	2623	gene-Peve_00018813	80.66027591	11
Porites_evermani_scaffold_2546	19901	21239	gene-Peve_00018812	.	0
Porites_evermani_scaffold_2546	22528	23536	gene-Peve_00018814	48.0663699	20
Porites_evermani_scaffold_2546	37446	38971	gene-Peve_00018815	40.35224044	9
Porites_evermani_scaffold_2546	39658	40339	gene-Peve_00018816	.	0
Porites_evermani_scaffold_2546	62259	67676	gene-Peve_00018817	40.69477963	169
Porites_evermani_scaffold_2547	3787	4780	gene-Peve_00018818	0	3
Porites_evermani_scaffold_2547	15625	20303	gene-Peve_00018821	59.84288839	33
Porites_evermani_scaffold_2547	20405	24137	gene-Peve_00018822	40.91006618	33
Porites_evermani_scaffold_2547	24681	26404	gene-Peve_00018823	.	0
Porites_evermani_scaffold_2547	28197	35006	gene-Peve_00018824	28.67517992	93
Porites_evermani_scaffold_2547	40931	42623	gene-Peve_00018825	0.2124451719	64
Porites_evermani_scaffold_2547	52531	63247	gene-Peve_00018819	0	32
Porites_evermani_scaffold_2547	69993	70457	gene-Peve_00018820	0	4
Porites_evermani_scaffold_2548	601	11468	gene-Peve_00018827	1.4025974	35
Porites_evermani_scaffold_2548	11687	24429	gene-Peve_00018826	1.689171969	97
Porites_evermani_scaffold_2548	42242	59194	gene-Peve_00018828	0	15
Porites_evermani_scaffold_2549	93	69888	gene-Peve_00018829	10.6465157	1303
Porites_evermani_scaffold_255	19818	22661	gene-Peve_00018837	0.2705449468	94
Porites_evermani_scaffold_255	23063	30680	gene-Peve_00018840	1.619989994	164
Porites_evermani_scaffold_255	47968	49364	gene-Peve_00018830	.	0
Porites_evermani_scaffold_255	50986	52327	gene-Peve_00018831	.	0
Porites_evermani_scaffold_255	79785	121907	gene-Peve_00018832	10.77798644	98
Porites_evermani_scaffold_255	130069	165193	gene-Peve_00018834	5.913965698	744
Porites_evermani_scaffold_255	165335	166754	gene-Peve_00018835	52.000724	28
Porites_evermani_scaffold_255	173378	177342	gene-Peve_00018836	46.59178451	39
Porites_evermani_scaffold_255	195229	211074	gene-Peve_00018839	16.8643645	311
Porites_evermani_scaffold_255	214284	222367	gene-Peve_00018841	68.3639977	77
Porites_evermani_scaffold_255	222474	228862	gene-Peve_00018842	25.73838535	150
Porites_evermani_scaffold_255	231604	257113	gene-Peve_00018843	31.79954062	297
Porites_evermani_scaffold_255	267814	284386	gene-Peve_00018844	1.041252846	285
Porites_evermani_scaffold_255	287003	299628	gene-Peve_00018845	16.03280463	124
Porites_evermani_scaffold_255	301927	303601	gene-Peve_00018846	34.74702381	16
Porites_evermani_scaffold_255	306906	334726	gene-Peve_00018847	0.6067301894	132
Porites_evermani_scaffold_2550	2286	21846	gene-Peve_00018849	0.5395103072	511
Porites_evermani_scaffold_2551	10657	13720	gene-Peve_00018851	0	5
Porites_evermani_scaffold_2551	19360	22045	gene-Peve_00018857	0	2
Porites_evermani_scaffold_2551	22416	26921	gene-Peve_00018852	0	20
Porites_evermani_scaffold_2551	40080	52830	gene-Peve_00018854	66.31881537	59
Porites_evermani_scaffold_2551	53897	55527	gene-Peve_00018855	0	3
Porites_evermani_scaffold_2551	58034	67355	gene-Peve_00018856	83.40617715	13
Porites_evermani_scaffold_2552	1354	15717	gene-Peve_00018858	0.8968030674	89
Porites_evermani_scaffold_2552	20378	20840	gene-Peve_00018863	.	0
Porites_evermani_scaffold_2552	21567	27296	gene-Peve_00018864	10.90909086	7
Porites_evermani_scaffold_2552	29630	31167	gene-Peve_00018865	1.041666667	6
Porites_evermani_scaffold_2552	41140	56389	gene-Peve_00018859	7.1382364	15
Porites_evermani_scaffold_2552	64768	65071	gene-Peve_00018860	.	0
Porites_evermani_scaffold_2552	65439	65802	gene-Peve_00018861	.	0
Porites_evermani_scaffold_2553	13701	24885	gene-Peve_00018867	0.9856372442	258
Porites_evermani_scaffold_2553	34515	60205	gene-Peve_00018868	0.4685008611	180
Porites_evermani_scaffold_2553	66116	69888	gene-Peve_00018866	0	49
Porites_evermani_scaffold_2554	761	1097	gene-Peve_00018869	0	6
Porites_evermani_scaffold_2554	14958	26062	gene-Peve_00018872	0.29541147	200
Porites_evermani_scaffold_2554	32578	45308	gene-Peve_00018873	23.7155093	43
Porites_evermani_scaffold_2554	45406	49527	gene-Peve_00018874	78.4848485	6
Porites_evermani_scaffold_2554	51323	55658	gene-Peve_00018870	1.6666666	5
Porites_evermani_scaffold_2554	57486	59811	gene-Peve_00018871	0	1
Porites_evermani_scaffold_2555	6107	19122	gene-Peve_00018875	81.3631947	43
Porites_evermani_scaffold_2555	19833	33836	gene-Peve_00018876	65.38607237	8
Porites_evermani_scaffold_2555	40233	40605	gene-Peve_00018877	.	0
Porites_evermani_scaffold_2555	41029	60015	gene-Peve_00018878	2.359259655	84
Porites_evermani_scaffold_2556	22499	28538	gene-Peve_00018879	0.1367279604	101
Porites_evermani_scaffold_2556	34166	37584	gene-Peve_00018880	0	20
Porites_evermani_scaffold_2556	42636	42957	gene-Peve_00018881	.	0
Porites_evermani_scaffold_2556	48600	70237	gene-Peve_00018882	0.5575351901	284
Porites_evermani_scaffold_2557	3054	10698	gene-Peve_00018883	2.040581395	233
Porites_evermani_scaffold_2557	21656	22086	gene-Peve_00018884	0	13
Porites_evermani_scaffold_2557	64116	67908	gene-Peve_00018885	17.48954373	22
Porites_evermani_scaffold_2558	1872	3967	gene-Peve_00018886	11.17484141	41
Porites_evermani_scaffold_2558	5346	6929	gene-Peve_00018889	0.892494931	29
Porites_evermani_scaffold_2558	22009	30578	gene-Peve_00018890	1.346525095	148
Porites_evermani_scaffold_2558	33069	33480	gene-Peve_00018887	28.71794867	3
Porites_evermani_scaffold_2558	52697	66518	gene-Peve_00018888	0.2794968096	394
Porites_evermani_scaffold_2559	127	45001	gene-Peve_00018891	0.9704492769	661
Porites_evermani_scaffold_256	142	70427	gene-Peve_00018892	29.9999494	350
Porites_evermani_scaffold_256	27820	28204	gene-Peve_00018898	.	0
Porites_evermani_scaffold_256	70634	82278	gene-Peve_00018904	64.91877072	47
Porites_evermani_scaffold_256	87199	88666	gene-Peve_00018908	10.9090908	5
Porites_evermani_scaffold_256	92188	92497	gene-Peve_00018909	0	9
Porites_evermani_scaffold_256	106346	107741	gene-Peve_00018910	.	0
Porites_evermani_scaffold_256	117730	126454	gene-Peve_00018893	6.203479875	72
Porites_evermani_scaffold_256	126612	135358	gene-Peve_00018894	46.49545252	67
Porites_evermani_scaffold_256	141210	142305	gene-Peve_00018895	0	13
Porites_evermani_scaffold_256	143540	144048	gene-Peve_00018896	2.480068923	13
Porites_evermani_scaffold_256	152880	153303	gene-Peve_00018897	1.475796909	11
Porites_evermani_scaffold_256	160304	161399	gene-Peve_00018899	0.5114638333	54
Porites_evermani_scaffold_256	183425	203131	gene-Peve_00018900	2.356585694	186
Porites_evermani_scaffold_256	204805	214203	gene-Peve_00018901	21.44685775	55
Porites_evermani_scaffold_256	217734	238408	gene-Peve_00018902	14.01470837	166
Porites_evermani_scaffold_256	245265	267949	gene-Peve_00018903	4.606534098	315
Porites_evermani_scaffold_256	269326	273168	gene-Peve_00018905	78.66108732	69
Porites_evermani_scaffold_256	284282	286677	gene-Peve_00018906	0	56
Porites_evermani_scaffold_256	288708	327627	gene-Peve_00018907	18.09358195	225
Porites_evermani_scaffold_2560	4156	4519	gene-Peve_00018914	0	6
Porites_evermani_scaffold_2560	12115	30294	gene-Peve_00018915	1.16123336	278
Porites_evermani_scaffold_2560	48761	49099	gene-Peve_00018911	.	0
Porites_evermani_scaffold_2560	52872	56474	gene-Peve_00018912	0.334513961	77
Porites_evermani_scaffold_2560	60565	68398	gene-Peve_00018913	0.3453312097	62
Porites_evermani_scaffold_2561	2650	3379	gene-Peve_00018917	26.0798026	5
Porites_evermani_scaffold_2561	4222	6963	gene-Peve_00018924	33.20233489	18
Porites_evermani_scaffold_2561	21044	21410	gene-Peve_00018920	34.1195118	5
Porites_evermani_scaffold_2561	23190	24127	gene-Peve_00018922	44.73417213	8
Porites_evermani_scaffold_2561	25997	28732	gene-Peve_00018923	80.13797313	15
Porites_evermani_scaffold_2561	29092	34393	gene-Peve_00018925	92.19090167	66
Porites_evermani_scaffold_2561	37607	48459	gene-Peve_00018926	2.349336794	34
Porites_evermani_scaffold_2561	68784	70596	gene-Peve_00018927	0.1742919444	72
Porites_evermani_scaffold_2562	3882	6196	gene-Peve_00018929	87.37320588	33
Porites_evermani_scaffold_2562	12504	23625	gene-Peve_00018931	0.2040816327	49
Porites_evermani_scaffold_2562	16607	18325	gene-Peve_00018933	1.428571429	7
Porites_evermani_scaffold_2562	27388	29767	gene-Peve_00018934	.	0
Porites_evermani_scaffold_2562	38735	41306	gene-Peve_00018930	0	4
Porites_evermani_scaffold_2562	65664	70460	gene-Peve_00018932	1.939394	5
Porites_evermani_scaffold_2563	16525	17820	gene-Peve_00018936	.	0
Porites_evermani_scaffold_2563	28740	56555	gene-Peve_00018937	4.977178236	174
Porites_evermani_scaffold_2563	62434	65878	gene-Peve_00018935	0.6792572734	139
Porites_evermani_scaffold_2564	9470	23537	gene-Peve_00018938	0.3996907467	300
Porites_evermani_scaffold_2564	33029	33341	gene-Peve_00018939	.	0
Porites_evermani_scaffold_2564	46317	53375	gene-Peve_00018940	70.01803592	118
Porites_evermani_scaffold_2564	58622	70051	gene-Peve_00018941	6.908954498	215
Porites_evermani_scaffold_2565	1737	13854	gene-Peve_00018942	83.36848333	9
Porites_evermani_scaffold_2565	14653	15902	gene-Peve_00018943	.	0
Porites_evermani_scaffold_2565	16818	23948	gene-Peve_00018944	26.18787884	25
Porites_evermani_scaffold_2565	26234	39097	gene-Peve_00018945	53.67175207	61
Porites_evermani_scaffold_2565	41170	66185	gene-Peve_00018946	38.04903649	366
Porites_evermani_scaffold_2566	1199	2734	gene-Peve_00018947	0	2
Porites_evermani_scaffold_2566	6028	6970	gene-Peve_00018948	0	21
Porites_evermani_scaffold_2566	26657	43330	gene-Peve_00018949	0.2747252692	26
Porites_evermani_scaffold_2567	210	64017	gene-Peve_00018950	0.731271969	902
Porites_evermani_scaffold_2567	38537	45242	gene-Peve_00018952	0.3369729744	78
Porites_evermani_scaffold_2567	69225	70002	gene-Peve_00018951	0	10
Porites_evermani_scaffold_2568	11405	20423	gene-Peve_00018953	0	3
Porites_evermani_scaffold_2568	23764	30557	gene-Peve_00018957	65.3445188	45
Porites_evermani_scaffold_2568	38495	39137	gene-Peve_00018954	0.8641395	24
Porites_evermani_scaffold_2568	40767	70178	gene-Peve_00018955	15.26407962	120
Porites_evermani_scaffold_2568	55425	59174	gene-Peve_00018956	0	11
Porites_evermani_scaffold_2569	790	2099	gene-Peve_00018958	0.1730103824	34
Porites_evermani_scaffold_2569	5751	12115	gene-Peve_00018963	0.4103753356	149
Porites_evermani_scaffold_2569	18394	19738	gene-Peve_00018964	0	48
Porites_evermani_scaffold_2569	22453	24469	gene-Peve_00018962	0.449409339	59
Porites_evermani_scaffold_2569	42413	44966	gene-Peve_00018959	0.4941339474	76
Porites_evermani_scaffold_2569	54228	56817	gene-Peve_00018960	0	8
Porites_evermani_scaffold_2569	64686	66684	gene-Peve_00018961	0	2
Porites_evermani_scaffold_257	3	756	gene-Peve_00018965	0	9
Porites_evermani_scaffold_257	2178	12051	gene-Peve_00018968	15.66218062	115
Porites_evermani_scaffold_257	15513	21821	gene-Peve_00018984	0.4781035205	146
Porites_evermani_scaffold_257	28117	33421	gene-Peve_00018988	0.3298159189	148
Porites_evermani_scaffold_257	46246	53495	gene-Peve_00018989	0.3577191991	221
Porites_evermani_scaffold_257	55490	60684	gene-Peve_00018990	0.9859656311	103
Porites_evermani_scaffold_257	62091	117883	gene-Peve_00018966	16.40548982	1122
Porites_evermani_scaffold_257	119203	127128	gene-Peve_00018969	33.56476514	51
Porites_evermani_scaffold_257	128393	133950	gene-Peve_00018971	0	6
Porites_evermani_scaffold_257	133985	155016	gene-Peve_00018970	0.2300469438	249
Porites_evermani_scaffold_257	157558	158569	gene-Peve_00018972	0	1
Porites_evermani_scaffold_257	166040	167051	gene-Peve_00018974	.	0
Porites_evermani_scaffold_257	173845	182300	gene-Peve_00018973	0	8
Porites_evermani_scaffold_257	186184	190289	gene-Peve_00018975	0.243902439	41
Porites_evermani_scaffold_257	192531	199385	gene-Peve_00018976	0	22
Porites_evermani_scaffold_257	203277	227100	gene-Peve_00018977	0.4872611452	420
Porites_evermani_scaffold_257	230262	233377	gene-Peve_00018978	0	51
Porites_evermani_scaffold_257	235205	236309	gene-Peve_00018979	2.861027833	30
Porites_evermani_scaffold_257	241660	273816	gene-Peve_00018980	10.20307678	423
Porites_evermani_scaffold_257	244663	246702	gene-Peve_00018981	36.17834486	51
Porites_evermani_scaffold_257	246840	251640	gene-Peve_00018982	45.09832602	47
Porites_evermani_scaffold_257	304718	305479	gene-Peve_00018983	.	0
Porites_evermani_scaffold_257	316701	317465	gene-Peve_00018985	0	1
Porites_evermani_scaffold_257	318885	327172	gene-Peve_00018986	0	3
Porites_evermani_scaffold_257	329810	330623	gene-Peve_00018987	.	0
Porites_evermani_scaffold_2570	1032	3675	gene-Peve_00018991	0.3438984286	77
Porites_evermani_scaffold_2570	6341	33636	gene-Peve_00018992	0.2439332447	237
Porites_evermani_scaffold_2570	35321	70023	gene-Peve_00018993	0.6517965985	949
Porites_evermani_scaffold_2571	2840	3413	gene-Peve_00018994	0.1949317778	27
Porites_evermani_scaffold_2571	7733	10569	gene-Peve_00018998	0.4933383667	60
Porites_evermani_scaffold_2571	12241	13069	gene-Peve_00018999	3.232780353	17
Porites_evermani_scaffold_2571	19123	29652	gene-Peve_00018995	1.886550349	235
Porites_evermani_scaffold_2571	40114	68759	gene-Peve_00018996	23.0033772	378
Porites_evermani_scaffold_2572	1	16039	gene-Peve_00019000	15.612153	44
Porites_evermani_scaffold_2572	16417	25930	gene-Peve_00019002	0.5767466245	237
Porites_evermani_scaffold_2572	27505	34355	gene-Peve_00019003	1.353620359	64
Porites_evermani_scaffold_2572	41617	43995	gene-Peve_00019004	4.000086615	13
Porites_evermani_scaffold_2572	46521	52731	gene-Peve_00019005	0	9
Porites_evermani_scaffold_2572	60063	70233	gene-Peve_00019001	0	2
Porites_evermani_scaffold_2573	2219	2699	gene-Peve_00019006	0	12
Porites_evermani_scaffold_2573	11406	11784	gene-Peve_00019008	0	3
Porites_evermani_scaffold_2573	17405	21693	gene-Peve_00019009	0.8070500909	77
Porites_evermani_scaffold_2573	23423	23927	gene-Peve_00019010	0	8
Porites_evermani_scaffold_2573	26108	29803	gene-Peve_00019011	0.2178485625	64
Porites_evermani_scaffold_2573	35949	37799	gene-Peve_00019012	8.333333333	6
Porites_evermani_scaffold_2574	8977	10216	gene-Peve_00019019	0	17
Porites_evermani_scaffold_2574	24138	30060	gene-Peve_00019022	6.20256159	100
Porites_evermani_scaffold_2574	26265	27615	gene-Peve_00019023	10.14823	12
Porites_evermani_scaffold_2574	37982	38810	gene-Peve_00019016	48.71857319	27
Porites_evermani_scaffold_2574	42570	43847	gene-Peve_00019017	0.2976190476	21
Porites_evermani_scaffold_2574	49457	49925	gene-Peve_00019018	7.080961625	8
Porites_evermani_scaffold_2574	52520	53971	gene-Peve_00019020	12.46683033	15
Porites_evermani_scaffold_2574	56821	59498	gene-Peve_00019021	4.299766694	49
Porites_evermani_scaffold_2575	18714	19200	gene-Peve_00019024	.	0
Porites_evermani_scaffold_2575	20272	20670	gene-Peve_00019025	.	0
Porites_evermani_scaffold_2575	43510	44541	gene-Peve_00019026	.	0
Porites_evermani_scaffold_2575	58776	59763	gene-Peve_00019029	.	0
Porites_evermani_scaffold_2576	812	6690	gene-Peve_00019031	51.09181698	43
Porites_evermani_scaffold_2576	8898	20828	gene-Peve_00019035	33.48356852	140
Porites_evermani_scaffold_2576	20689	29778	gene-Peve_00019036	0.4134048599	207
Porites_evermani_scaffold_2576	34017	37050	gene-Peve_00019032	0.1807160244	82
Porites_evermani_scaffold_2576	58551	69470	gene-Peve_00019033	0.76311237	273
Porites_evermani_scaffold_2576	61570	63855	gene-Peve_00019034	0	26
Porites_evermani_scaffold_2577	230	2085	gene-Peve_00019037	0	4
Porites_evermani_scaffold_2577	5944	7144	gene-Peve_00019041	.	0
Porites_evermani_scaffold_2577	15957	23901	gene-Peve_00019042	0	14
Porites_evermani_scaffold_2577	48792	51851	gene-Peve_00019043	0.243235029	69
Porites_evermani_scaffold_2577	55918	59483	gene-Peve_00019038	0	29
Porites_evermani_scaffold_2577	63875	68171	gene-Peve_00019039	1.739130435	23
Porites_evermani_scaffold_2578	548	6392	gene-Peve_00019044	78.1818182	5
Porites_evermani_scaffold_2578	6661	22362	gene-Peve_00019046	73.50431051	45
Porites_evermani_scaffold_2578	59448	60410	gene-Peve_00019045	0	13
Porites_evermani_scaffold_2579	56	7635	gene-Peve_00019047	1.048418948	97
Porites_evermani_scaffold_2579	24401	36609	gene-Peve_00019049	0.4170372761	373
Porites_evermani_scaffold_2579	54088	61002	gene-Peve_00019048	0.7407407778	9
Porites_evermani_scaffold_258	34784	46535	gene-Peve_00019050	4.473075673	110
Porites_evermani_scaffold_258	59959	62993	gene-Peve_00019070	4.285714286	7
Porites_evermani_scaffold_258	77841	78642	gene-Peve_00019053	.	0
Porites_evermani_scaffold_258	81601	82962	gene-Peve_00019054	0	1
Porites_evermani_scaffold_258	92466	97829	gene-Peve_00019055	2.718360029	34
Porites_evermani_scaffold_258	99682	102696	gene-Peve_00019056	1.337941854	48
Porites_evermani_scaffold_258	104564	105473	gene-Peve_00019057	.	0
Porites_evermani_scaffold_258	111565	112028	gene-Peve_00019059	0	3
Porites_evermani_scaffold_258	124945	127210	gene-Peve_00019060	10.6169467	10
Porites_evermani_scaffold_258	131854	133133	gene-Peve_00019061	0	11
Porites_evermani_scaffold_258	184124	208975	gene-Peve_00019063	4.614666706	187
Porites_evermani_scaffold_258	192711	194357	gene-Peve_00019064	31.3708951	10
Porites_evermani_scaffold_258	214882	217645	gene-Peve_00019065	3.905677643	28
Porites_evermani_scaffold_258	244124	245486	gene-Peve_00019066	.	0
Porites_evermani_scaffold_258	248652	249081	gene-Peve_00019067	0	13
Porites_evermani_scaffold_258	251136	253390	gene-Peve_00019069	0.9801566744	86
Porites_evermani_scaffold_258	254705	266826	gene-Peve_00019068	0.3581904479	192
Porites_evermani_scaffold_258	315427	318889	gene-Peve_00019071	0	11
Porites_evermani_scaffold_258	323494	328809	gene-Peve_00019072	0	14
Porites_evermani_scaffold_258	327311	328576	gene-Peve_00019073	.	0
Porites_evermani_scaffold_258	328957	330210	gene-Peve_00019051	.	0
Porites_evermani_scaffold_2580	4539	15074	gene-Peve_00019075	1.202591962	53
Porites_evermani_scaffold_2580	19831	20302	gene-Peve_00019079	.	0
Porites_evermani_scaffold_2580	20596	21349	gene-Peve_00019080	.	0
Porites_evermani_scaffold_2580	23294	41160	gene-Peve_00019081	7.536758115	26
Porites_evermani_scaffold_2580	46946	47559	gene-Peve_00019074	.	0
Porites_evermani_scaffold_2580	54381	56249	gene-Peve_00019076	.	0
Porites_evermani_scaffold_2580	66457	69684	gene-Peve_00019078	0	74
Porites_evermani_scaffold_2581	6432	11071	gene-Peve_00019082	1.522435875	16
Porites_evermani_scaffold_2581	49700	69692	gene-Peve_00019083	0.9649360096	104
Porites_evermani_scaffold_2582	12107	13394	gene-Peve_00019085	.	0
Porites_evermani_scaffold_2582	39263	44714	gene-Peve_00019086	0.2363866602	103
Porites_evermani_scaffold_2582	59084	62032	gene-Peve_00019084	5.92948725	4
Porites_evermani_scaffold_2583	44545	47404	gene-Peve_00019087	36.78683567	15
Porites_evermani_scaffold_2583	69808	70177	gene-Peve_00019088	0	6
Porites_evermani_scaffold_2584	2103	10773	gene-Peve_00019089	58.74671972	50
Porites_evermani_scaffold_2584	13799	46047	gene-Peve_00019093	16.87945108	426
Porites_evermani_scaffold_2584	56990	58685	gene-Peve_00019090	24.25571505	22
Porites_evermani_scaffold_2584	59287	61745	gene-Peve_00019091	45.04039951	53
Porites_evermani_scaffold_2585	23	332	gene-Peve_00019094	0	1
Porites_evermani_scaffold_2585	3593	4994	gene-Peve_00019098	0	3
Porites_evermani_scaffold_2585	7202	8606	gene-Peve_00019099	0	9
Porites_evermani_scaffold_2585	9155	21855	gene-Peve_00019100	1.442863121	214
Porites_evermani_scaffold_2585	22773	24028	gene-Peve_00019101	.	0
Porites_evermani_scaffold_2585	23980	25226	gene-Peve_00019102	.	0
Porites_evermani_scaffold_2585	27718	29043	gene-Peve_00019095	1.363636364	11
Porites_evermani_scaffold_2585	30904	33305	gene-Peve_00019096	1.056922709	55
Porites_evermani_scaffold_2586	17176	20290	gene-Peve_00019105	26.72270914	44
Porites_evermani_scaffold_2586	22735	31612	gene-Peve_00019106	45.98735369	71
Porites_evermani_scaffold_2586	33918	36597	gene-Peve_00019107	0.4743234667	60
Porites_evermani_scaffold_2586	41063	41390	gene-Peve_00019103	0	15
Porites_evermani_scaffold_2586	52538	53756	gene-Peve_00019104	0	16
Porites_evermani_scaffold_2587	25	6150	gene-Peve_00019108	0.3940912059	136
Porites_evermani_scaffold_2587	21133	22855	gene-Peve_00019110	0.2079002162	37
Porites_evermani_scaffold_2587	26874	34567	gene-Peve_00019111	0.6847064017	117
Porites_evermani_scaffold_2587	42487	45977	gene-Peve_00019113	0.4784688947	19
Porites_evermani_scaffold_2587	50712	51789	gene-Peve_00019114	0.5392156875	48
Porites_evermani_scaffold_2587	54340	58964	gene-Peve_00019115	56.85118741	76
Porites_evermani_scaffold_2587	59115	66584	gene-Peve_00019109	25.46425831	89
Porites_evermani_scaffold_2588	4657	9842	gene-Peve_00019121	1.628787875	24
Porites_evermani_scaffold_2588	19155	20082	gene-Peve_00019126	0.2262443529	34
Porites_evermani_scaffold_2588	32907	33435	gene-Peve_00019116	.	0
Porites_evermani_scaffold_2588	34923	35685	gene-Peve_00019117	.	0
Porites_evermani_scaffold_2588	37772	38615	gene-Peve_00019118	.	0
Porites_evermani_scaffold_2588	43022	43427	gene-Peve_00019119	.	0
Porites_evermani_scaffold_2588	44795	46502	gene-Peve_00019120	0	6
Porites_evermani_scaffold_2588	48584	49505	gene-Peve_00019122	.	0
Porites_evermani_scaffold_2588	50226	51279	gene-Peve_00019123	0	2
Porites_evermani_scaffold_2588	64753	65599	gene-Peve_00019124	0	1
Porites_evermani_scaffold_2588	69452	69977	gene-Peve_00019125	.	0
Porites_evermani_scaffold_2589	20206	20590	gene-Peve_00019129	.	0
Porites_evermani_scaffold_2589	44028	44559	gene-Peve_00019130	.	0
Porites_evermani_scaffold_2589	56977	66184	gene-Peve_00019127	6.658011119	42
Porites_evermani_scaffold_259	84	12611	gene-Peve_00019131	61.80905845	121
Porites_evermani_scaffold_259	12692	16790	gene-Peve_00019134	59.63579637	27
Porites_evermani_scaffold_259	21698	22577	gene-Peve_00019145	0.30769232	25
Porites_evermani_scaffold_259	26855	27674	gene-Peve_00019149	0.173611125	32
Porites_evermani_scaffold_259	52252	58417	gene-Peve_00019132	31.915438	47
Porites_evermani_scaffold_259	70772	71495	gene-Peve_00019133	0	23
Porites_evermani_scaffold_259	90152	99256	gene-Peve_00019135	1.077191417	242
Porites_evermani_scaffold_259	150030	153825	gene-Peve_00019136	8.232982491	55
Porites_evermani_scaffold_259	185362	186127	gene-Peve_00019137	0.552884625	32
Porites_evermani_scaffold_259	199416	200127	gene-Peve_00019138	.	0
Porites_evermani_scaffold_259	203376	204069	gene-Peve_00019139	.	0
Porites_evermani_scaffold_259	206637	207348	gene-Peve_00019140	.	0
Porites_evermani_scaffold_259	217502	220096	gene-Peve_00019141	0.3388278352	91
Porites_evermani_scaffold_259	227108	227486	gene-Peve_00019142	9.31818175	4
Porites_evermani_scaffold_259	233218	240571	gene-Peve_00019143	0.09182736364	198
Porites_evermani_scaffold_259	249766	251320	gene-Peve_00019144	0	10
Porites_evermani_scaffold_259	258823	259840	gene-Peve_00019146	0.1302083333	48
Porites_evermani_scaffold_259	280126	291415	gene-Peve_00019147	56.64508257	144
Porites_evermani_scaffold_259	304953	332180	gene-Peve_00019148	52.38936197	248
Porites_evermani_scaffold_2590	17223	18611	gene-Peve_00019150	.	0
Porites_evermani_scaffold_2590	65038	66574	gene-Peve_00019151	45.96938129	31
Porites_evermani_scaffold_2591	14218	15475	gene-Peve_00019154	0	11
Porites_evermani_scaffold_2591	16325	23286	gene-Peve_00019155	0.7400977563	119
Porites_evermani_scaffold_2591	45433	46184	gene-Peve_00019157	1.180122	23
Porites_evermani_scaffold_2591	47284	53408	gene-Peve_00019156	0.03765060241	83
Porites_evermani_scaffold_2591	54908	60053	gene-Peve_00019153	0.5555555556	18
Porites_evermani_scaffold_2592	7309	7843	gene-Peve_00019158	.	0
Porites_evermani_scaffold_2592	18314	21124	gene-Peve_00019159	1.840569533	15
Porites_evermani_scaffold_2592	34654	36734	gene-Peve_00019162	.	0
Porites_evermani_scaffold_2592	37640	38612	gene-Peve_00019161	0	16
Porites_evermani_scaffold_2593	1666	13337	gene-Peve_00019164	11.34667499	142
Porites_evermani_scaffold_2593	14824	18300	gene-Peve_00019165	38.92998613	45
Porites_evermani_scaffold_2593	25149	32107	gene-Peve_00019166	2.432525674	129
Porites_evermani_scaffold_2593	32981	47223	gene-Peve_00019167	0.1869724522	115
Porites_evermani_scaffold_2593	47820	49200	gene-Peve_00019168	0	24
Porites_evermani_scaffold_2593	52898	59075	gene-Peve_00019169	0.176321072	125
Porites_evermani_scaffold_2593	60337	68351	gene-Peve_00019163	7.23219477	178
Porites_evermani_scaffold_2594	2426	6683	gene-Peve_00019179	0	29
Porites_evermani_scaffold_2594	10245	19657	gene-Peve_00019171	9.781427876	97
Porites_evermani_scaffold_2594	21373	26917	gene-Peve_00019170	.	0
Porites_evermani_scaffold_2594	27499	36689	gene-Peve_00019172	66.87617605	40
Porites_evermani_scaffold_2594	42947	44182	gene-Peve_00019173	0	23
Porites_evermani_scaffold_2594	47136	48978	gene-Peve_00019175	0	55
Porites_evermani_scaffold_2594	54926	57035	gene-Peve_00019176	0	37
Porites_evermani_scaffold_2594	59421	64981	gene-Peve_00019177	0.2431994262	61
Porites_evermani_scaffold_2594	69102	69462	gene-Peve_00019178	1.010101	9
Porites_evermani_scaffold_2595	2153	5378	gene-Peve_00019180	0.1057082558	43
Porites_evermani_scaffold_2595	10971	12114	gene-Peve_00019184	0.6114881778	45
Porites_evermani_scaffold_2595	15847	23231	gene-Peve_00019185	61.40132161	88
Porites_evermani_scaffold_2595	33609	51000	gene-Peve_00019181	32.62915515	340
Porites_evermani_scaffold_2595	51525	61286	gene-Peve_00019182	65.18824947	81
Porites_evermani_scaffold_2595	62697	65205	gene-Peve_00019183	52.60603758	36
Porites_evermani_scaffold_2596	26799	45583	gene-Peve_00019191	0.3884731927	301
Porites_evermani_scaffold_2596	39698	41726	gene-Peve_00019187	.	0
Porites_evermani_scaffold_2596	51684	52445	gene-Peve_00019189	3.7776611	10
Porites_evermani_scaffold_2596	53462	64810	gene-Peve_00019192	7.265269769	121
Porites_evermani_scaffold_2596	60846	63523	gene-Peve_00019194	10.79584776	17
Porites_evermani_scaffold_2596	66660	68994	gene-Peve_00019195	14.66778829	24
Porites_evermani_scaffold_2597	22415	67347	gene-Peve_00019199	4.284834451	266
Porites_evermani_scaffold_2597	58114	59056	gene-Peve_00019200	0	4
Porites_evermani_scaffold_2598	13062	65826	gene-Peve_00019201	0.531313901	980
Porites_evermani_scaffold_2599	4125	4962	gene-Peve_00019205	0.3779323556	45
Porites_evermani_scaffold_2599	23150	23993	gene-Peve_00019206	0.3472222222	9
Porites_evermani_scaffold_2599	34409	35740	gene-Peve_00019202	.	0
Porites_evermani_scaffold_2599	47344	69153	gene-Peve_00019203	0.6944757517	298
Porites_evermani_scaffold_26	7214	8439	gene-Peve_00019207	.	0
Porites_evermani_scaffold_26	20136	20502	gene-Peve_00019271	85.19480529	7
Porites_evermani_scaffold_26	28890	94158	gene-Peve_00019209	18.72201536	1016
Porites_evermani_scaffold_26	132116	132866	gene-Peve_00019237	0.28571428	25
Porites_evermani_scaffold_26	139036	149210	gene-Peve_00019246	26.66729552	164
Porites_evermani_scaffold_26	157614	159636	gene-Peve_00019250	36.03659878	18
Porites_evermani_scaffold_26	161959	163260	gene-Peve_00019252	34.11064082	22
Porites_evermani_scaffold_26	165721	179904	gene-Peve_00019253	39.88743205	142
Porites_evermani_scaffold_26	183226	211871	gene-Peve_00019255	19.26583771	581
Porites_evermani_scaffold_26	213414	233486	gene-Peve_00019257	18.56142711	322
Porites_evermani_scaffold_26	238635	239652	gene-Peve_00019258	0	47
Porites_evermani_scaffold_26	244770	246270	gene-Peve_00019259	72.59953833	18
Porites_evermani_scaffold_26	246383	265555	gene-Peve_00019260	28.1046978	377
Porites_evermani_scaffold_26	267661	268606	gene-Peve_00019261	1.443381158	19
Porites_evermani_scaffold_26	273147	277407	gene-Peve_00019262	0.148392281	121
Porites_evermani_scaffold_26	289124	290487	gene-Peve_00019263	2.274562618	55
Porites_evermani_scaffold_26	301942	307619	gene-Peve_00019264	11.30983979	103
Porites_evermani_scaffold_26	307714	310044	gene-Peve_00019265	41.2774358	20
Porites_evermani_scaffold_26	311995	318929	gene-Peve_00019266	43.34779092	95
Porites_evermani_scaffold_26	320919	334434	gene-Peve_00019267	21.82271331	263
Porites_evermani_scaffold_26	336256	371598	gene-Peve_00019268	26.89365203	651
Porites_evermani_scaffold_26	375309	376413	gene-Peve_00019269	0.5050505	36
Porites_evermani_scaffold_26	378057	392680	gene-Peve_00019270	56.33574566	271
Porites_evermani_scaffold_26	394610	400792	gene-Peve_00019272	60.19412127	75
Porites_evermani_scaffold_26	401162	401955	gene-Peve_00019273	93.53422613	8
Porites_evermani_scaffold_26	419012	421865	gene-Peve_00019208	0.6238697848	79
Porites_evermani_scaffold_26	424953	429512	gene-Peve_00019210	90.41224998	41
Porites_evermani_scaffold_26	440164	451843	gene-Peve_00019213	50.32109264	99
Porites_evermani_scaffold_26	452211	460513	gene-Peve_00019214	30.94531189	114
Porites_evermani_scaffold_26	464161	487748	gene-Peve_00019215	11.42153368	382
Porites_evermani_scaffold_26	488440	496798	gene-Peve_00019216	49.34948185	115
Porites_evermani_scaffold_26	500367	522227	gene-Peve_00019217	0.9366139326	549
Porites_evermani_scaffold_26	533407	534421	gene-Peve_00019218	0	28
Porites_evermani_scaffold_26	551094	556224	gene-Peve_00019219	0.1905000991	111
Porites_evermani_scaffold_26	563599	564649	gene-Peve_00019220	0	36
Porites_evermani_scaffold_26	569289	580929	gene-Peve_00019221	0.8338921441	333
Porites_evermani_scaffold_26	585449	586436	gene-Peve_00019222	0.1984126905	42
Porites_evermani_scaffold_26	592407	596685	gene-Peve_00019223	0.2860761367	139
Porites_evermani_scaffold_26	603766	608306	gene-Peve_00019224	0.3589394295	156
Porites_evermani_scaffold_26	612387	624434	gene-Peve_00019225	0.5205946918	318
Porites_evermani_scaffold_26	664120	675138	gene-Peve_00019227	29.05686027	229
Porites_evermani_scaffold_26	675241	705096	gene-Peve_00019228	5.051102953	731
Porites_evermani_scaffold_26	711408	712572	gene-Peve_00019229	0.3658536585	41
Porites_evermani_scaffold_26	723880	724585	gene-Peve_00019230	0	21
Porites_evermani_scaffold_26	734174	744591	gene-Peve_00019232	35.77521555	138
Porites_evermani_scaffold_26	745482	755000	gene-Peve_00019233	0.3174107679	224
Porites_evermani_scaffold_26	759839	772429	gene-Peve_00019234	0.7500102928	345
Porites_evermani_scaffold_26	775167	778497	gene-Peve_00019235	0.3077651538	104
Porites_evermani_scaffold_26	784915	793929	gene-Peve_00019236	0.4696092905	210
Porites_evermani_scaffold_26	798036	799320	gene-Peve_00019238	0.9970190851	47
Porites_evermani_scaffold_26	803992	808713	gene-Peve_00019239	0.3266823169	142
Porites_evermani_scaffold_26	812594	825072	gene-Peve_00019240	18.5555237	194
Porites_evermani_scaffold_26	827463	836625	gene-Peve_00019241	28.82462855	173
Porites_evermani_scaffold_26	841723	847819	gene-Peve_00019242	1.513649374	115
Porites_evermani_scaffold_26	849752	851088	gene-Peve_00019243	0.1048218113	53
Porites_evermani_scaffold_26	855481	864895	gene-Peve_00019244	0.4888639282	195
Porites_evermani_scaffold_26	871522	883228	gene-Peve_00019245	4.11466161	328
Porites_evermani_scaffold_26	886967	891526	gene-Peve_00019247	0.5177094141	99
Porites_evermani_scaffold_26	902050	902947	gene-Peve_00019249	0.9523809333	15
Porites_evermani_scaffold_26	903000	905180	gene-Peve_00019248	1.292087528	36
Porites_evermani_scaffold_26	905297	907172	gene-Peve_00019251	2.597402571	7
Porites_evermani_scaffold_260	12251	13733	gene-Peve_00019276	0.395256913	23
Porites_evermani_scaffold_260	17238	21349	gene-Peve_00019282	0.3412698429	70
Porites_evermani_scaffold_260	21767	85953	gene-Peve_00019283	0.8199786862	1571
Porites_evermani_scaffold_260	91764	93209	gene-Peve_00019274	0	5
Porites_evermani_scaffold_260	106539	109398	gene-Peve_00019275	0	38
Porites_evermani_scaffold_260	119507	122207	gene-Peve_00019278	0	28
Porites_evermani_scaffold_260	138012	141952	gene-Peve_00019279	3.746247625	32
Porites_evermani_scaffold_260	144084	145365	gene-Peve_00019280	17.51396742	19
Porites_evermani_scaffold_260	165369	168162	gene-Peve_00019284	0	46
Porites_evermani_scaffold_260	177295	188584	gene-Peve_00019285	9.829962263	205
Porites_evermani_scaffold_260	192530	236559	gene-Peve_00019286	3.286999142	783
Porites_evermani_scaffold_260	238861	258654	gene-Peve_00019287	10.78514959	391
Porites_evermani_scaffold_260	248905	251638	gene-Peve_00019288	1.145087236	55
Porites_evermani_scaffold_260	264632	268311	gene-Peve_00019289	33.21490192	49
Porites_evermani_scaffold_260	268462	283886	gene-Peve_00019291	24.40363255	322
Porites_evermani_scaffold_260	285282	288386	gene-Peve_00019292	0.5065956909	110
Porites_evermani_scaffold_260	293785	296165	gene-Peve_00019293	0	42
Porites_evermani_scaffold_260	301359	304555	gene-Peve_00019294	3.419431746	63
Porites_evermani_scaffold_260	309663	310839	gene-Peve_00019295	0.2398574583	48
Porites_evermani_scaffold_260	329131	331831	gene-Peve_00019296	0.333476759	83
Porites_evermani_scaffold_2600	14609	21347	gene-Peve_00019299	2.502146558	77
Porites_evermani_scaffold_2600	26025	28556	gene-Peve_00019300	0.5868911842	76
Porites_evermani_scaffold_2600	42294	43517	gene-Peve_00019301	0.4422048636	22
Porites_evermani_scaffold_2600	48398	51180	gene-Peve_00019302	0.6520806757	37
Porites_evermani_scaffold_2600	68513	69287	gene-Peve_00019297	.	0
Porites_evermani_scaffold_2601	5370	10409	gene-Peve_00019303	.	0
Porites_evermani_scaffold_2601	11667	41287	gene-Peve_00019304	0.8404352857	161
Porites_evermani_scaffold_2601	43924	59793	gene-Peve_00019305	0.335238668	247
Porites_evermani_scaffold_2602	14879	46627	gene-Peve_00019306	7.479038761	67
Porites_evermani_scaffold_2602	49604	65551	gene-Peve_00019307	0	11
Porites_evermani_scaffold_2603	1295	5326	gene-Peve_00019308	0.8219010097	103
Porites_evermani_scaffold_2603	20886	22404	gene-Peve_00019309	1	20
Porites_evermani_scaffold_2603	41107	42955	gene-Peve_00019310	95	2
Porites_evermani_scaffold_2603	43637	69495	gene-Peve_00019311	15.90585447	140
Porites_evermani_scaffold_2604	1	283	gene-Peve_00019312	.	0
Porites_evermani_scaffold_2604	26423	27191	gene-Peve_00019315	0	2
Porites_evermani_scaffold_2604	66737	67158	gene-Peve_00019313	2.976190533	15
Porites_evermani_scaffold_2604	69119	69488	gene-Peve_00019314	1.674107125	8
Porites_evermani_scaffold_2605	580	37850	gene-Peve_00019317	0.739887371	62
Porites_evermani_scaffold_2605	53851	69413	gene-Peve_00019318	0.1887077283	184
Porites_evermani_scaffold_2606	10471	22982	gene-Peve_00019320	0.2829133892	388
Porites_evermani_scaffold_2606	26008	56783	gene-Peve_00019319	2.0890495	1005
Porites_evermani_scaffold_2607	8607	21438	gene-Peve_00019324	72.02920691	53
Porites_evermani_scaffold_2607	26555	31364	gene-Peve_00019326	87.30651218	11
Porites_evermani_scaffold_2607	33108	35781	gene-Peve_00019327	67.34189833	24
Porites_evermani_scaffold_2607	36529	38095	gene-Peve_00019328	17.5490196	15
Porites_evermani_scaffold_2607	39468	40700	gene-Peve_00019329	2.830217909	22
Porites_evermani_scaffold_2607	40818	44344	gene-Peve_00019330	2.892593411	73
Porites_evermani_scaffold_2607	45283	46700	gene-Peve_00019321	19.53738569	26
Porites_evermani_scaffold_2607	47028	55671	gene-Peve_00019322	77.10676096	77
Porites_evermani_scaffold_2607	56041	61592	gene-Peve_00019323	81.58000684	98
Porites_evermani_scaffold_2607	63888	67903	gene-Peve_00019325	48.43537419	21
Porites_evermani_scaffold_2608	1651	3702	gene-Peve_00019332	.	0
Porites_evermani_scaffold_2608	16601	17313	gene-Peve_00019333	0	6
Porites_evermani_scaffold_2608	19982	54929	gene-Peve_00019331	2.359666422	116
Porites_evermani_scaffold_2609	12707	13156	gene-Peve_00019337	54.75465824	21
Porites_evermani_scaffold_2609	41492	41903	gene-Peve_00019340	0	17
Porites_evermani_scaffold_2609	45069	55632	gene-Peve_00019334	0.6763025348	187
Porites_evermani_scaffold_2609	56916	65877	gene-Peve_00019335	1.8181818	5
Porites_evermani_scaffold_261	2234	6544	gene-Peve_00019347	4.920399182	148
Porites_evermani_scaffold_261	9033	13049	gene-Peve_00019356	0.2211790189	106
Porites_evermani_scaffold_261	24776	29470	gene-Peve_00019342	0.2270753256	172
Porites_evermani_scaffold_261	33697	38276	gene-Peve_00019343	0.2030090412	97
Porites_evermani_scaffold_261	41404	43850	gene-Peve_00019344	4.469369	55
Porites_evermani_scaffold_261	48289	68638	gene-Peve_00019345	0.774067032	469
Porites_evermani_scaffold_261	76209	77052	gene-Peve_00019348	.	0
Porites_evermani_scaffold_261	84894	99758	gene-Peve_00019346	0.4181920337	267
Porites_evermani_scaffold_261	112984	113926	gene-Peve_00019349	0	4
Porites_evermani_scaffold_261	140663	141191	gene-Peve_00019350	0	2
Porites_evermani_scaffold_261	151796	162294	gene-Peve_00019351	32.38927794	200
Porites_evermani_scaffold_261	167192	168158	gene-Peve_00019353	0.799836625	40
Porites_evermani_scaffold_261	173227	183102	gene-Peve_00019354	15.2908604	204
Porites_evermani_scaffold_261	184365	185114	gene-Peve_00019355	0	5
Porites_evermani_scaffold_261	194883	196205	gene-Peve_00019357	0	22
Porites_evermani_scaffold_261	206124	214260	gene-Peve_00019358	0.244940702	198
Porites_evermani_scaffold_261	217873	219405	gene-Peve_00019359	0	21
Porites_evermani_scaffold_261	221265	229827	gene-Peve_00019360	28.87483897	59
Porites_evermani_scaffold_261	229974	245204	gene-Peve_00019361	35.06111915	206
Porites_evermani_scaffold_261	251107	251554	gene-Peve_00019362	0	16
Porites_evermani_scaffold_261	254468	258162	gene-Peve_00019363	52.64819757	56
Porites_evermani_scaffold_261	262314	264251	gene-Peve_00019364	0	18
Porites_evermani_scaffold_261	273197	274559	gene-Peve_00019365	.	0
Porites_evermani_scaffold_261	288417	294531	gene-Peve_00019366	0.7127257027	111
Porites_evermani_scaffold_261	300844	302209	gene-Peve_00019367	.	0
Porites_evermani_scaffold_2610	6798	7764	gene-Peve_00019368	1.162465	22
Porites_evermani_scaffold_2610	10305	11061	gene-Peve_00019369	.	0
Porites_evermani_scaffold_2610	26595	47395	gene-Peve_00019370	7.5	12
Porites_evermani_scaffold_2611	12416	12836	gene-Peve_00019377	0	11
Porites_evermani_scaffold_2611	19136	20844	gene-Peve_00019378	0	7
Porites_evermani_scaffold_2611	24656	25112	gene-Peve_00019371	0.5681818182	11
Porites_evermani_scaffold_2611	30263	32200	gene-Peve_00019372	0.2164502121	33
Porites_evermani_scaffold_2611	44395	45448	gene-Peve_00019373	1.370907719	32
Porites_evermani_scaffold_2611	49639	61247	gene-Peve_00019374	0.1914983167	120
Porites_evermani_scaffold_2611	65523	68680	gene-Peve_00019375	1.041666667	36
Porites_evermani_scaffold_2612	12	12365	gene-Peve_00019381	1.720745532	62
Porites_evermani_scaffold_2612	50765	64302	gene-Peve_00019380	2.403965438	105
Porites_evermani_scaffold_2613	2998	6847	gene-Peve_00019384	0.08643042697	89
Porites_evermani_scaffold_2613	16669	19883	gene-Peve_00019386	.	0
Porites_evermani_scaffold_2613	20338	22727	gene-Peve_00019387	0	6
Porites_evermani_scaffold_2613	31945	36084	gene-Peve_00019388	0.6648113929	28
Porites_evermani_scaffold_2613	37759	38236	gene-Peve_00019389	0	1
Porites_evermani_scaffold_2613	42410	43061	gene-Peve_00019385	2.69273975	12
Porites_evermani_scaffold_2614	17702	48370	gene-Peve_00019392	0.433120358	528
Porites_evermani_scaffold_2614	54888	64308	gene-Peve_00019390	0.6032259885	262
Porites_evermani_scaffold_2614	67313	68090	gene-Peve_00019391	0	2
Porites_evermani_scaffold_2615	2	3928	gene-Peve_00019393	0	4
Porites_evermani_scaffold_2615	18150	19202	gene-Peve_00019394	0	35
Porites_evermani_scaffold_2615	25925	26684	gene-Peve_00019395	.	0
Porites_evermani_scaffold_2615	27180	34080	gene-Peve_00019396	35.63732567	18
Porites_evermani_scaffold_2615	34142	67641	gene-Peve_00019397	52.05923219	173
Porites_evermani_scaffold_2616	3965	21670	gene-Peve_00019401	0.3367652724	312
Porites_evermani_scaffold_2616	27324	28446	gene-Peve_00019402	1.199346425	40
Porites_evermani_scaffold_2616	34406	38263	gene-Peve_00019398	0.1683501724	87
Porites_evermani_scaffold_2616	39218	50500	gene-Peve_00019399	38.6823753	99
Porites_evermani_scaffold_2616	54603	68974	gene-Peve_00019400	45.47844119	98
Porites_evermani_scaffold_2617	392	11988	gene-Peve_00019403	86.46527532	118
Porites_evermani_scaffold_2617	31496	56150	gene-Peve_00019404	50.42191644	135
Porites_evermani_scaffold_2617	63325	65077	gene-Peve_00019405	.	0
Porites_evermani_scaffold_2618	13074	24742	gene-Peve_00019406	17.27668839	142
Porites_evermani_scaffold_2618	46435	58702	gene-Peve_00019407	4.960541783	46
Porites_evermani_scaffold_2618	66676	67540	gene-Peve_00019408	.	0
Porites_evermani_scaffold_2619	1892	2324	gene-Peve_00019409	.	0
Porites_evermani_scaffold_2619	3048	7769	gene-Peve_00019410	0	66
Porites_evermani_scaffold_2619	13085	15880	gene-Peve_00019411	0	42
Porites_evermani_scaffold_2619	17592	37353	gene-Peve_00019412	0.2950080622	241
Porites_evermani_scaffold_2619	42966	57559	gene-Peve_00019413	9.299990787	47
Porites_evermani_scaffold_2619	47802	52268	gene-Peve_00019414	2.5	4
Porites_evermani_scaffold_2619	62599	65746	gene-Peve_00019415	68.33333325	4
Porites_evermani_scaffold_262	9743	15025	gene-Peve_00019418	0	4
Porites_evermani_scaffold_262	17679	21413	gene-Peve_00019424	0.4553769451	91
Porites_evermani_scaffold_262	25569	29600	gene-Peve_00019434	.	0
Porites_evermani_scaffold_262	32435	57787	gene-Peve_00019416	0.2348766468	269
Porites_evermani_scaffold_262	66759	88967	gene-Peve_00019417	0.5478315841	428
Porites_evermani_scaffold_262	104330	109304	gene-Peve_00019419	22.29709541	61
Porites_evermani_scaffold_262	109274	127743	gene-Peve_00019420	70.75203091	178
Porites_evermani_scaffold_262	127882	151067	gene-Peve_00019421	8.033621167	401
Porites_evermani_scaffold_262	156246	157809	gene-Peve_00019422	0	31
Porites_evermani_scaffold_262	164354	167824	gene-Peve_00019423	.	0
Porites_evermani_scaffold_262	173212	174217	gene-Peve_00019425	.	0
Porites_evermani_scaffold_262	180289	198347	gene-Peve_00019426	1.618349081	494
Porites_evermani_scaffold_262	217831	229017	gene-Peve_00019427	0.4095689685	286
Porites_evermani_scaffold_262	242281	272034	gene-Peve_00019429	0.8688839854	756
Porites_evermani_scaffold_262	272530	276644	gene-Peve_00019430	0.1366892885	104
Porites_evermani_scaffold_262	285400	288894	gene-Peve_00019431	0.1388888889	108
Porites_evermani_scaffold_262	295321	300448	gene-Peve_00019432	1.434628308	107
Porites_evermani_scaffold_262	319581	327102	gene-Peve_00019433	0.3465179138	58
Porites_evermani_scaffold_2620	5214	5901	gene-Peve_00019435	.	0
Porites_evermani_scaffold_2620	10106	14287	gene-Peve_00019437	0.8833272105	19
Porites_evermani_scaffold_2620	18041	19646	gene-Peve_00019438	0	18
Porites_evermani_scaffold_2620	25213	36890	gene-Peve_00019439	24.79028398	165
Porites_evermani_scaffold_2620	37728	68379	gene-Peve_00019440	8.051014517	690
Porites_evermani_scaffold_2621	1406	2633	gene-Peve_00019441	0.3125	32
Porites_evermani_scaffold_2621	5079	14806	gene-Peve_00019445	29.01476713	138
Porites_evermani_scaffold_2621	18758	24361	gene-Peve_00019446	51.90225411	44
Porites_evermani_scaffold_2621	30312	41933	gene-Peve_00019447	13.84066919	172
Porites_evermani_scaffold_2621	42169	45950	gene-Peve_00019442	54.99966656	45
Porites_evermani_scaffold_2621	58861	63086	gene-Peve_00019443	57.35215132	37
Porites_evermani_scaffold_2621	66609	68660	gene-Peve_00019444	36.98172194	33
Porites_evermani_scaffold_2622	5831	9895	gene-Peve_00019450	0.6332152727	110
Porites_evermani_scaffold_2622	15124	26917	gene-Peve_00019451	84.66909892	197
Porites_evermani_scaffold_2622	20963	21600	gene-Peve_00019452	94.93345089	37
Porites_evermani_scaffold_2622	38354	59954	gene-Peve_00019448	12.54333807	555
Porites_evermani_scaffold_2622	61601	63435	gene-Peve_00019449	0.4387504324	37
Porites_evermani_scaffold_2623	7762	8000	gene-Peve_00019460	0	1
Porites_evermani_scaffold_2623	24397	25220	gene-Peve_00019454	0	24
Porites_evermani_scaffold_2623	26507	26955	gene-Peve_00019455	.	0
Porites_evermani_scaffold_2623	34201	35154	gene-Peve_00019456	0.2840909091	22
Porites_evermani_scaffold_2623	48654	49086	gene-Peve_00019457	4.0494506	20
Porites_evermani_scaffold_2623	55986	59406	gene-Peve_00019458	2.686309032	31
Porites_evermani_scaffold_2623	66029	68523	gene-Peve_00019459	0.7979930732	82
Porites_evermani_scaffold_2624	30929	31271	gene-Peve_00019461	1.515151455	11
Porites_evermani_scaffold_2624	31828	32356	gene-Peve_00019463	0	2
Porites_evermani_scaffold_2624	63554	64127	gene-Peve_00019462	.	0
Porites_evermani_scaffold_2625	5131	6009	gene-Peve_00019466	0.4347826087	23
Porites_evermani_scaffold_2625	6890	7517	gene-Peve_00019467	0.3030303182	22
Porites_evermani_scaffold_2625	15460	68328	gene-Peve_00019468	0.9648078575	793
Porites_evermani_scaffold_2625	34075	45499	gene-Peve_00019464	0.8944364508	193
Porites_evermani_scaffold_2625	54228	57269	gene-Peve_00019465	0.3173917303	89
Porites_evermani_scaffold_2626	8925	9627	gene-Peve_00019471	0.45454545	20
Porites_evermani_scaffold_2626	19399	47420	gene-Peve_00019472	0.8346613228	663
Porites_evermani_scaffold_2626	56524	68230	gene-Peve_00019470	0.4636709956	226
Porites_evermani_scaffold_2627	1448	16764	gene-Peve_00019473	1.271701562	178
Porites_evermani_scaffold_2627	24802	29333	gene-Peve_00019478	0.9090909	30
Porites_evermani_scaffold_2627	35313	41426	gene-Peve_00019477	0.1670278099	142
Porites_evermani_scaffold_2627	45449	54170	gene-Peve_00019474	12.48337188	181
Porites_evermani_scaffold_2627	54901	64447	gene-Peve_00019475	35.22473914	148
Porites_evermani_scaffold_2627	65735	67671	gene-Peve_00019476	.	0
Porites_evermani_scaffold_2628	9026	10823	gene-Peve_00019479	0	46
Porites_evermani_scaffold_2628	12290	18811	gene-Peve_00019480	63.88328755	83
Porites_evermani_scaffold_2628	20979	23145	gene-Peve_00019481	58.51376248	33
Porites_evermani_scaffold_2628	29760	57206	gene-Peve_00019482	9.188779737	601
Porites_evermani_scaffold_2628	58297	68298	gene-Peve_00019483	91.95731356	16
Porites_evermani_scaffold_2629	4131	5500	gene-Peve_00019484	.	0
Porites_evermani_scaffold_2629	16619	17390	gene-Peve_00019486	54.08651415	39
Porites_evermani_scaffold_2629	18970	21113	gene-Peve_00019489	40.10416311	35
Porites_evermani_scaffold_2629	22135	23846	gene-Peve_00019490	40.27913518	44
Porites_evermani_scaffold_2629	61005	67702	gene-Peve_00019487	0.9677319241	224
Porites_evermani_scaffold_263	857	3317	gene-Peve_00019491	.	0
Porites_evermani_scaffold_263	5320	6853	gene-Peve_00019498	.	0
Porites_evermani_scaffold_263	8627	13853	gene-Peve_00019502	.	0
Porites_evermani_scaffold_263	16943	18821	gene-Peve_00019510	4.888888933	15
Porites_evermani_scaffold_263	23896	26075	gene-Peve_00019514	90.61010662	29
Porites_evermani_scaffold_263	26426	44737	gene-Peve_00019513	51.0762669	176
Porites_evermani_scaffold_263	46077	57535	gene-Peve_00019493	1.648872525	158
Porites_evermani_scaffold_263	60132	71888	gene-Peve_00019495	0.4317854463	298
Porites_evermani_scaffold_263	79483	82029	gene-Peve_00019496	0.13942308	100
Porites_evermani_scaffold_263	83571	108080	gene-Peve_00019497	32.07481635	422
Porites_evermani_scaffold_263	109008	111870	gene-Peve_00019499	29.84365475	52
Porites_evermani_scaffold_263	114269	123829	gene-Peve_00019500	78.2331002	5
Porites_evermani_scaffold_263	124657	141835	gene-Peve_00019501	35.64810192	24
Porites_evermani_scaffold_263	157972	165168	gene-Peve_00019503	57.67556728	110
Porites_evermani_scaffold_263	166956	208141	gene-Peve_00019504	22.05988958	684
Porites_evermani_scaffold_263	215108	220559	gene-Peve_00019505	66.82912568	107
Porites_evermani_scaffold_263	223457	232340	gene-Peve_00019506	0	4
Porites_evermani_scaffold_263	247758	249378	gene-Peve_00019507	.	0
Porites_evermani_scaffold_263	254428	256755	gene-Peve_00019508	1.136363636	22
Porites_evermani_scaffold_263	265586	275212	gene-Peve_00019509	.	0
Porites_evermani_scaffold_263	319588	320436	gene-Peve_00019511	.	0
Porites_evermani_scaffold_263	322754	325409	gene-Peve_00019512	0.4451566944	36
Porites_evermani_scaffold_2630	1528	7523	gene-Peve_00019515	0.2872516508	126
Porites_evermani_scaffold_2630	23375	23643	gene-Peve_00019517	100	2
Porites_evermani_scaffold_2630	35990	67511	gene-Peve_00019518	0.3174021957	460
Porites_evermani_scaffold_2631	1389	5334	gene-Peve_00019519	0.8078902947	95
Porites_evermani_scaffold_2631	5499	8973	gene-Peve_00019523	0.412247475	80
Porites_evermani_scaffold_2631	21597	27682	gene-Peve_00019524	0.5326380205	146
Porites_evermani_scaffold_2631	26918	32103	gene-Peve_00019525	0.7762840855	117
Porites_evermani_scaffold_2631	43530	43905	gene-Peve_00019520	.	0
Porites_evermani_scaffold_2631	46225	61068	gene-Peve_00019526	1.025901584	303
Porites_evermani_scaffold_2631	63862	65447	gene-Peve_00019522	.	0
Porites_evermani_scaffold_2632	18192	18838	gene-Peve_00019527	.	0
Porites_evermani_scaffold_2632	22062	31765	gene-Peve_00019528	2	5
Porites_evermani_scaffold_2632	56602	56947	gene-Peve_00019530	.	0
Porites_evermani_scaffold_2632	57752	58691	gene-Peve_00019531	0	6
Porites_evermani_scaffold_2633	1550	4529	gene-Peve_00019532	0.9091883889	36
Porites_evermani_scaffold_2633	26969	30374	gene-Peve_00019537	0.6711098286	70
Porites_evermani_scaffold_2633	42989	43622	gene-Peve_00019533	12.48473733	3
Porites_evermani_scaffold_2633	63546	64562	gene-Peve_00019535	0.1931075185	27
Porites_evermani_scaffold_2634	4250	23191	gene-Peve_00019540	42.83689206	249
Porites_evermani_scaffold_2634	30181	35362	gene-Peve_00019541	55.0049304	72
Porites_evermani_scaffold_2634	38276	56839	gene-Peve_00019542	67.03855533	198
Porites_evermani_scaffold_2634	61357	61819	gene-Peve_00019538	13.81850177	13
Porites_evermani_scaffold_2634	66264	67375	gene-Peve_00019539	0.8567554231	26
Porites_evermani_scaffold_2635	63370	64530	gene-Peve_00019543	.	0
Porites_evermani_scaffold_2636	12184	46728	gene-Peve_00019544	1.496875626	409
Porites_evermani_scaffold_2636	50286	51834	gene-Peve_00019546	0.1855287551	49
Porites_evermani_scaffold_2637	2915	5608	gene-Peve_00019547	90	1
Porites_evermani_scaffold_2637	10229	28530	gene-Peve_00019548	2.740511326	46
Porites_evermani_scaffold_2637	42495	57677	gene-Peve_00019549	68.43645411	122
Porites_evermani_scaffold_2637	57933	67385	gene-Peve_00019550	66.08412795	55
Porites_evermani_scaffold_2637	61286	61750	gene-Peve_00019551	96.153846	2
Porites_evermani_scaffold_2638	4357	7402	gene-Peve_00019552	.	0
Porites_evermani_scaffold_2638	11708	23704	gene-Peve_00019553	0.3590838478	46
Porites_evermani_scaffold_2638	28663	51243	gene-Peve_00019554	0.4953429159	547
Porites_evermani_scaffold_2638	62288	67400	gene-Peve_00019555	0.08032128916	83
Porites_evermani_scaffold_2639	2926	4633	gene-Peve_00019556	0	23
Porites_evermani_scaffold_2639	5696	6632	gene-Peve_00019561	0.4901960833	12
Porites_evermani_scaffold_2639	17025	18589	gene-Peve_00019557	5	5
Porites_evermani_scaffold_2639	24454	30971	gene-Peve_00019558	51.50487163	71
Porites_evermani_scaffold_2639	31181	58657	gene-Peve_00019559	59.64506956	106
Porites_evermani_scaffold_2639	60845	67330	gene-Peve_00019560	50	1
Porites_evermani_scaffold_264	39	744	gene-Peve_00019567	0	7
Porites_evermani_scaffold_264	3868	21872	gene-Peve_00019569	9.659608835	381
Porites_evermani_scaffold_264	26899	62916	gene-Peve_00019562	10.63940179	743
Porites_evermani_scaffold_264	72195	72647	gene-Peve_00019563	.	0
Porites_evermani_scaffold_264	82077	82529	gene-Peve_00019564	.	0
Porites_evermani_scaffold_264	82527	98211	gene-Peve_00019565	0.8150042927	328
Porites_evermani_scaffold_264	125484	126897	gene-Peve_00019566	0.7677739	30
Porites_evermani_scaffold_264	148960	151609	gene-Peve_00019568	0.5502474932	73
Porites_evermani_scaffold_264	165254	177486	gene-Peve_00019571	0.482221403	263
Porites_evermani_scaffold_264	177604	196541	gene-Peve_00019572	21.30322265	265
Porites_evermani_scaffold_264	199724	200126	gene-Peve_00019573	0	9
Porites_evermani_scaffold_264	200277	200691	gene-Peve_00019574	.	0
Porites_evermani_scaffold_264	204382	219395	gene-Peve_00019575	37.02658562	151
Porites_evermani_scaffold_264	223614	268318	gene-Peve_00019576	4.742214468	693
Porites_evermani_scaffold_264	273772	284317	gene-Peve_00019577	20.3765708	111
Porites_evermani_scaffold_264	286197	292154	gene-Peve_00019578	23.08892587	85
Porites_evermani_scaffold_264	295412	307936	gene-Peve_00019579	1.129082626	326
Porites_evermani_scaffold_264	310159	311098	gene-Peve_00019580	0.154321	27
Porites_evermani_scaffold_264	318804	323772	gene-Peve_00019581	0.3961100698	86
Porites_evermani_scaffold_264	325384	327061	gene-Peve_00019582	0.7086960741	27
Porites_evermani_scaffold_2641	1	13022	gene-Peve_00019584	4.957126179	28
Porites_evermani_scaffold_2641	43136	45680	gene-Peve_00019586	0.2392344545	22
Porites_evermani_scaffold_2641	45833	51537	gene-Peve_00019585	.	0
Porites_evermani_scaffold_2642	4102	9168	gene-Peve_00019588	57.70940248	77
Porites_evermani_scaffold_2642	20033	25034	gene-Peve_00019589	26.49629994	96
Porites_evermani_scaffold_2642	30666	56879	gene-Peve_00019590	3.675229531	175
Porites_evermani_scaffold_2643	5027	54103	gene-Peve_00019592	0.7464892805	82
Porites_evermani_scaffold_2643	43833	48571	gene-Peve_00019595	.	0
Porites_evermani_scaffold_2644	3355	67689	gene-Peve_00019597	0.4715084882	254
Porites_evermani_scaffold_2645	38	26331	gene-Peve_00019598	0.6127312852	582
Porites_evermani_scaffold_2645	30881	33710	gene-Peve_00019601	20	1
Porites_evermani_scaffold_2645	43016	43658	gene-Peve_00019602	0.2976190476	21
Porites_evermani_scaffold_2645	52881	62741	gene-Peve_00019599	0	1
Porites_evermani_scaffold_2645	64422	66930	gene-Peve_00019600	83.56553175	24
Porites_evermani_scaffold_2646	552	936	gene-Peve_00019604	0.3367003333	9
Porites_evermani_scaffold_2646	13852	37346	gene-Peve_00019606	0.6348362513	581
Porites_evermani_scaffold_2646	52951	63884	gene-Peve_00019605	0.6616402155	116
Porites_evermani_scaffold_2647	1692	5757	gene-Peve_00019610	0.7899221324	68
Porites_evermani_scaffold_2647	18068	31293	gene-Peve_00019611	1.263658448	348
Porites_evermani_scaffold_2647	32772	33161	gene-Peve_00019612	0	16
Porites_evermani_scaffold_2647	39346	40245	gene-Peve_00019608	0.154321	36
Porites_evermani_scaffold_2647	41097	45895	gene-Peve_00019607	0.8585212288	118
Porites_evermani_scaffold_2647	50884	63500	gene-Peve_00019609	0.5625691516	343
Porites_evermani_scaffold_2648	39210	40796	gene-Peve_00019613	0	30
Porites_evermani_scaffold_2649	9720	38474	gene-Peve_00019614	1.324850026	390
Porites_evermani_scaffold_2649	46787	50960	gene-Peve_00019615	0.4545454545	22
Porites_evermani_scaffold_265	138	855	gene-Peve_00019637	61.2009785	30
Porites_evermani_scaffold_265	2697	3423	gene-Peve_00019655	40.06973669	16
Porites_evermani_scaffold_265	24901	25265	gene-Peve_00019617	59.465592	13
Porites_evermani_scaffold_265	48839	50429	gene-Peve_00019635	81.03668178	23
Porites_evermani_scaffold_265	51733	54116	gene-Peve_00019636	64.7640195	16
Porites_evermani_scaffold_265	56753	57077	gene-Peve_00019638	50	1
Porites_evermani_scaffold_265	61651	64312	gene-Peve_00019639	71.04940777	22
Porites_evermani_scaffold_265	70360	70610	gene-Peve_00019640	46.153846	1
Porites_evermani_scaffold_265	83893	85303	gene-Peve_00019641	94.02787686	7
Porites_evermani_scaffold_265	85575	94414	gene-Peve_00019642	76.44270884	31
Porites_evermani_scaffold_265	92646	93074	gene-Peve_00019643	65.7142855	2
Porites_evermani_scaffold_265	114022	115297	gene-Peve_00019644	0	4
Porites_evermani_scaffold_265	116107	116632	gene-Peve_00019646	0	5
Porites_evermani_scaffold_265	142285	142810	gene-Peve_00019649	.	0
Porites_evermani_scaffold_265	145285	149776	gene-Peve_00019650	7.302274687	16
Porites_evermani_scaffold_265	150313	151404	gene-Peve_00019651	.	0
Porites_evermani_scaffold_265	151479	156043	gene-Peve_00019652	0	6
Porites_evermani_scaffold_265	157265	157802	gene-Peve_00019653	.	0
Porites_evermani_scaffold_265	158361	158817	gene-Peve_00019654	.	0
Porites_evermani_scaffold_265	161923	162800	gene-Peve_00019656	94.3636364	5
Porites_evermani_scaffold_265	162913	163253	gene-Peve_00019657	100	2
Porites_evermani_scaffold_265	164631	166341	gene-Peve_00019658	82.93471229	7
Porites_evermani_scaffold_265	169801	172749	gene-Peve_00019660	.	0
Porites_evermani_scaffold_265	183553	192854	gene-Peve_00019661	4.018740564	78
Porites_evermani_scaffold_265	227133	236703	gene-Peve_00019616	68.25602906	251
Porites_evermani_scaffold_265	245738	249611	gene-Peve_00019618	58.77155292	71
Porites_evermani_scaffold_265	246429	246971	gene-Peve_00019619	23.728355	7
Porites_evermani_scaffold_265	253163	259581	gene-Peve_00019620	56.82104583	30
Porites_evermani_scaffold_265	265547	266070	gene-Peve_00019621	.	0
Porites_evermani_scaffold_265	266098	266497	gene-Peve_00019622	.	0
Porites_evermani_scaffold_265	269106	269485	gene-Peve_00019623	51.3608744	10
Porites_evermani_scaffold_265	271249	271981	gene-Peve_00019624	74.8891735	22
Porites_evermani_scaffold_265	272289	273092	gene-Peve_00019625	81.25937449	39
Porites_evermani_scaffold_265	279571	279958	gene-Peve_00019626	.	0
Porites_evermani_scaffold_265	292053	292437	gene-Peve_00019629	.	0
Porites_evermani_scaffold_265	293397	295018	gene-Peve_00019630	75.33181754	37
Porites_evermani_scaffold_265	298276	298675	gene-Peve_00019631	60.11315525	12
Porites_evermani_scaffold_265	303913	309414	gene-Peve_00019632	.	0
Porites_evermani_scaffold_265	313655	313988	gene-Peve_00019633	57.38927725	4
Porites_evermani_scaffold_265	323013	324048	gene-Peve_00019634	40.56277057	7
Porites_evermani_scaffold_2650	4970	10252	gene-Peve_00019663	1.259703936	140
Porites_evermani_scaffold_2650	15440	16262	gene-Peve_00019665	0	24
Porites_evermani_scaffold_2650	23205	29894	gene-Peve_00019664	1.248953701	164
Porites_evermani_scaffold_2650	30026	30404	gene-Peve_00019666	3.876288941	17
Porites_evermani_scaffold_2651	10447	10936	gene-Peve_00019668	7.255521	8
Porites_evermani_scaffold_2651	33221	34375	gene-Peve_00019669	.	0
Porites_evermani_scaffold_2652	1582	2227	gene-Peve_00019671	0	1
Porites_evermani_scaffold_2652	8818	16419	gene-Peve_00019675	.	0
Porites_evermani_scaffold_2652	17015	19903	gene-Peve_00019674	.	0
Porites_evermani_scaffold_2652	23189	41093	gene-Peve_00019672	0.2471869375	128
Porites_evermani_scaffold_2652	49678	51172	gene-Peve_00019673	.	0
Porites_evermani_scaffold_2652	57129	61958	gene-Peve_00019676	1.015406143	14
Porites_evermani_scaffold_2653	1700	4083	gene-Peve_00019681	0.07272727273	55
Porites_evermani_scaffold_2653	8174	9784	gene-Peve_00019680	0	2
Porites_evermani_scaffold_2653	13915	18663	gene-Peve_00019682	26.04821063	54
Porites_evermani_scaffold_2653	30092	31863	gene-Peve_00019683	0.4937343421	38
Porites_evermani_scaffold_2653	33776	35495	gene-Peve_00019678	.	0
Porites_evermani_scaffold_2653	36794	54727	gene-Peve_00019684	0.426467124	242
Porites_evermani_scaffold_2653	46284	47343	gene-Peve_00019679	0	1
Porites_evermani_scaffold_2653	56021	64445	gene-Peve_00019685	36.31387365	20
Porites_evermani_scaffold_2654	13292	22625	gene-Peve_00019691	0.5194895583	120
Porites_evermani_scaffold_2654	20639	21575	gene-Peve_00019692	0.5175978611	36
Porites_evermani_scaffold_2654	25653	26133	gene-Peve_00019686	0	13
Porites_evermani_scaffold_2654	34715	35147	gene-Peve_00019687	0	5
Porites_evermani_scaffold_2654	38446	39379	gene-Peve_00019688	1.128103	32
Porites_evermani_scaffold_2654	43165	44029	gene-Peve_00019689	0.546285	34
Porites_evermani_scaffold_2654	47215	64650	gene-Peve_00019690	0	7
Porites_evermani_scaffold_2655	3261	3948	gene-Peve_00019696	0	17
Porites_evermani_scaffold_2655	8210	39967	gene-Peve_00019697	2.861306876	145
Porites_evermani_scaffold_2655	41294	42014	gene-Peve_00019698	.	0
Porites_evermani_scaffold_2655	43494	45318	gene-Peve_00019693	0	13
Porites_evermani_scaffold_2655	56138	57227	gene-Peve_00019694	0	23
Porites_evermani_scaffold_2655	59204	66875	gene-Peve_00019695	78.76563154	48
Porites_evermani_scaffold_2656	5895	6345	gene-Peve_00019701	.	0
Porites_evermani_scaffold_2656	17345	18142	gene-Peve_00019699	.	0
Porites_evermani_scaffold_2656	19930	20817	gene-Peve_00019700	.	0
Porites_evermani_scaffold_2656	24446	26901	gene-Peve_00019702	64.7044622	10
Porites_evermani_scaffold_2656	27541	28255	gene-Peve_00019703	.	0
Porites_evermani_scaffold_2656	32585	33012	gene-Peve_00019704	.	0
Porites_evermani_scaffold_2656	34895	37645	gene-Peve_00019705	.	0
Porites_evermani_scaffold_2656	39771	40507	gene-Peve_00019707	.	0
Porites_evermani_scaffold_2656	52645	53314	gene-Peve_00019709	.	0
Porites_evermani_scaffold_2656	54649	57918	gene-Peve_00019710	57.57575767	3
Porites_evermani_scaffold_2657	926	28577	gene-Peve_00019711	1.380463805	539
Porites_evermani_scaffold_2657	36953	45410	gene-Peve_00019713	0.3159502016	129
Porites_evermani_scaffold_2657	52994	53819	gene-Peve_00019712	0.57315236	25
Porites_evermani_scaffold_2658	13	415	gene-Peve_00019714	100	1
Porites_evermani_scaffold_2658	3122	13978	gene-Peve_00019718	67.45033748	115
Porites_evermani_scaffold_2658	15580	27092	gene-Peve_00019719	0.1538461538	26
Porites_evermani_scaffold_2658	30693	32121	gene-Peve_00019720	0	65
Porites_evermani_scaffold_2658	37060	51150	gene-Peve_00019715	50.4979355	165
Porites_evermani_scaffold_2658	53036	58515	gene-Peve_00019716	0	34
Porites_evermani_scaffold_2659	8768	12106	gene-Peve_00019721	.	0
Porites_evermani_scaffold_2659	31594	32002	gene-Peve_00019723	0	17
Porites_evermani_scaffold_2659	33240	42020	gene-Peve_00019724	34.63237545	122
Porites_evermani_scaffold_2659	42876	65073	gene-Peve_00019725	4.696143087	300
Porites_evermani_scaffold_266	5171	6689	gene-Peve_00019731	33.44178803	30
Porites_evermani_scaffold_266	26219	26710	gene-Peve_00019743	0	13
Porites_evermani_scaffold_266	38308	57939	gene-Peve_00019753	0.7038405952	373
Porites_evermani_scaffold_266	59052	75073	gene-Peve_00019754	0.5707407323	396
Porites_evermani_scaffold_266	77062	77680	gene-Peve_00019726	1.298701286	7
Porites_evermani_scaffold_266	81999	100770	gene-Peve_00019727	1.096725893	422
Porites_evermani_scaffold_266	108931	109224	gene-Peve_00019728	0	8
Porites_evermani_scaffold_266	115329	125596	gene-Peve_00019729	11.21818335	83
Porites_evermani_scaffold_266	132526	135156	gene-Peve_00019730	0.3030302909	55
Porites_evermani_scaffold_266	152285	153266	gene-Peve_00019732	0	3
Porites_evermani_scaffold_266	162380	163346	gene-Peve_00019733	0	4
Porites_evermani_scaffold_266	164327	165308	gene-Peve_00019734	.	0
Porites_evermani_scaffold_266	174332	175298	gene-Peve_00019735	0	8
Porites_evermani_scaffold_266	177448	178327	gene-Peve_00019736	0	10
Porites_evermani_scaffold_266	178718	179639	gene-Peve_00019737	0	25
Porites_evermani_scaffold_266	186749	190613	gene-Peve_00019740	0.6611689896	96
Porites_evermani_scaffold_266	191695	201603	gene-Peve_00019741	0.9290705294	187
Porites_evermani_scaffold_266	202812	240943	gene-Peve_00019742	14.31686337	572
Porites_evermani_scaffold_266	220554	221145	gene-Peve_00019744	0	7
Porites_evermani_scaffold_266	245650	251691	gene-Peve_00019746	0.4466467581	124
Porites_evermani_scaffold_266	254893	259993	gene-Peve_00019747	0.5244506866	67
Porites_evermani_scaffold_266	260035	262020	gene-Peve_00019748	1.353594328	64
Porites_evermani_scaffold_266	264190	271910	gene-Peve_00019749	0.6541853185	135
Porites_evermani_scaffold_266	276161	301302	gene-Peve_00019750	0.2226345065	154
Porites_evermani_scaffold_266	301955	305635	gene-Peve_00019751	0.2972306818	66
Porites_evermani_scaffold_266	312274	327604	gene-Peve_00019752	1.009192667	171
Porites_evermani_scaffold_2660	18849	19695	gene-Peve_00019755	0.0946969697	33
Porites_evermani_scaffold_2660	33388	35588	gene-Peve_00019756	0	27
Porites_evermani_scaffold_2660	38359	42063	gene-Peve_00019757	39.57206383	24
Porites_evermani_scaffold_2660	47975	55179	gene-Peve_00019758	0	28
Porites_evermani_scaffold_2660	61692	66597	gene-Peve_00019759	39.99556005	21
Porites_evermani_scaffold_2661	53389	58936	gene-Peve_00019760	0	18
Porites_evermani_scaffold_2662	6194	8545	gene-Peve_00019763	0.5881678361	61
Porites_evermani_scaffold_2662	12760	13755	gene-Peve_00019764	.	0
Porites_evermani_scaffold_2662	15925	16605	gene-Peve_00019765	0	1
Porites_evermani_scaffold_2662	29611	33010	gene-Peve_00019766	0.5507021212	99
Porites_evermani_scaffold_2662	47592	53067	gene-Peve_00019768	0.3476714468	141
Porites_evermani_scaffold_2662	58946	59957	gene-Peve_00019769	.	0
Porites_evermani_scaffold_2663	10120	11413	gene-Peve_00019777	0	23
Porites_evermani_scaffold_2663	11686	15611	gene-Peve_00019778	0.5965909091	44
Porites_evermani_scaffold_2663	17257	17716	gene-Peve_00019771	0	10
Porites_evermani_scaffold_2663	19632	33879	gene-Peve_00019772	1.042877626	377
Porites_evermani_scaffold_2663	36494	38150	gene-Peve_00019773	0.1388888889	45
Porites_evermani_scaffold_2663	45855	51106	gene-Peve_00019774	.	0
Porites_evermani_scaffold_2663	52870	54675	gene-Peve_00019775	0.3803888462	39
Porites_evermani_scaffold_2663	55840	57240	gene-Peve_00019776	1.273809514	35
Porites_evermani_scaffold_2664	6237	7272	gene-Peve_00019780	0.8297258095	21
Porites_evermani_scaffold_2664	12482	13475	gene-Peve_00019781	0	17
Porites_evermani_scaffold_2664	19528	39926	gene-Peve_00019782	32.41094153	315
Porites_evermani_scaffold_2664	44280	52068	gene-Peve_00019783	7.126068375	24
Porites_evermani_scaffold_2664	56441	59843	gene-Peve_00019779	0.2173913043	46
Porites_evermani_scaffold_2665	1456	7511	gene-Peve_00019785	1.389635982	165
Porites_evermani_scaffold_2665	46452	47265	gene-Peve_00019786	1.58136215	20
Porites_evermani_scaffold_2666	6595	13106	gene-Peve_00019791	59.31519522	40
Porites_evermani_scaffold_2666	21015	29893	gene-Peve_00019792	0.7206110843	166
Porites_evermani_scaffold_2666	36099	51015	gene-Peve_00019788	9.9919089	70
Porites_evermani_scaffold_2666	51020	63887	gene-Peve_00019789	0.8298985762	151
Porites_evermani_scaffold_2667	403	26134	gene-Peve_00019793	13.30752344	246
Porites_evermani_scaffold_2667	32223	53367	gene-Peve_00019794	0.4737219304	115
Porites_evermani_scaffold_2668	290	1727	gene-Peve_00019795	.	0
Porites_evermani_scaffold_2668	5077	6514	gene-Peve_00019799	.	0
Porites_evermani_scaffold_2668	30000	30399	gene-Peve_00019800	.	0
Porites_evermani_scaffold_2668	39724	41358	gene-Peve_00019796	.	0
Porites_evermani_scaffold_2668	46421	47726	gene-Peve_00019797	0.1262626389	36
Porites_evermani_scaffold_2668	49883	54975	gene-Peve_00019798	0	1
Porites_evermani_scaffold_2669	1242	35585	gene-Peve_00019802	1.151554384	159
Porites_evermani_scaffold_2669	56885	57365	gene-Peve_00019805	64.12198933	3
Porites_evermani_scaffold_267	18425	20958	gene-Peve_00019810	0.9523809464	56
Porites_evermani_scaffold_267	36733	44582	gene-Peve_00019821	40.81503037	147
Porites_evermani_scaffold_267	61000	63928	gene-Peve_00019826	2.57772228	50
Porites_evermani_scaffold_267	116619	117543	gene-Peve_00019806	0.243902439	41
Porites_evermani_scaffold_267	122755	138113	gene-Peve_00019807	0.5264497731	357
Porites_evermani_scaffold_267	126246	146953	gene-Peve_00019808	0.6441862751	349
Porites_evermani_scaffold_267	159479	184396	gene-Peve_00019809	27.56027803	407
Porites_evermani_scaffold_267	245689	252057	gene-Peve_00019812	0.07407407778	90
Porites_evermani_scaffold_267	263188	263566	gene-Peve_00019813	0.8403361429	7
Porites_evermani_scaffold_267	287212	296775	gene-Peve_00019817	18.39263617	120
Porites_evermani_scaffold_267	298383	300699	gene-Peve_00019819	0	2
Porites_evermani_scaffold_267	301173	303881	gene-Peve_00019820	0	94
Porites_evermani_scaffold_267	315571	317160	gene-Peve_00019822	0.5454545429	35
Porites_evermani_scaffold_267	318291	319038	gene-Peve_00019823	0	14
Porites_evermani_scaffold_267	326501	326855	gene-Peve_00019825	3.634210231	13
Porites_evermani_scaffold_2670	1097	26621	gene-Peve_00019827	0.3284215804	112
Porites_evermani_scaffold_2670	32161	35108	gene-Peve_00019828	0	23
Porites_evermani_scaffold_2670	38190	43364	gene-Peve_00019829	0.4013768448	58
Porites_evermani_scaffold_2670	50767	51781	gene-Peve_00019830	.	0
Porites_evermani_scaffold_2670	51920	60409	gene-Peve_00019831	0	17
Porites_evermani_scaffold_2671	31456	32084	gene-Peve_00019833	.	0
Porites_evermani_scaffold_2671	46923	49317	gene-Peve_00019835	.	0
Porites_evermani_scaffold_2672	44043	44502	gene-Peve_00019837	0	4
Porites_evermani_scaffold_2673	521	4010	gene-Peve_00019839	73.409091	4
Porites_evermani_scaffold_2673	5701	6721	gene-Peve_00019846	0	6
Porites_evermani_scaffold_2673	8793	20500	gene-Peve_00019847	17.01101932	22
Porites_evermani_scaffold_2673	31177	38160	gene-Peve_00019840	1.235275732	97
Porites_evermani_scaffold_2673	41956	42469	gene-Peve_00019841	0.308642	18
Porites_evermani_scaffold_2673	45170	45785	gene-Peve_00019842	0	30
Porites_evermani_scaffold_2673	49935	50238	gene-Peve_00019843	0	2
Porites_evermani_scaffold_2674	734	1640	gene-Peve_00019848	0.61090225	32
Porites_evermani_scaffold_2674	13782	14901	gene-Peve_00019850	0	35
Porites_evermani_scaffold_2674	18542	48424	gene-Peve_00019851	18.41710141	547
Porites_evermani_scaffold_2674	56347	59664	gene-Peve_00019849	0.1945571064	94
Porites_evermani_scaffold_2675	912	22172	gene-Peve_00019852	1.26872742	452
Porites_evermani_scaffold_2675	24684	50657	gene-Peve_00019853	17.84346869	211
Porites_evermani_scaffold_2675	57245	59371	gene-Peve_00019854	0	14
Porites_evermani_scaffold_2676	12524	45066	gene-Peve_00019855	1.82015201	805
Porites_evermani_scaffold_2676	40530	41459	gene-Peve_00019856	0	5
Porites_evermani_scaffold_2676	54531	63738	gene-Peve_00019857	0.1582125609	230
Porites_evermani_scaffold_2677	286	1288	gene-Peve_00019858	0.2425071628	43
Porites_evermani_scaffold_2677	5301	5607	gene-Peve_00019861	0.735294125	8
Porites_evermani_scaffold_2677	16782	39141	gene-Peve_00019862	0.6570729601	702
Porites_evermani_scaffold_2677	54267	54972	gene-Peve_00019859	0.2976190357	28
Porites_evermani_scaffold_2677	60038	60398	gene-Peve_00019860	0.7843137059	17
Porites_evermani_scaffold_2678	306	6899	gene-Peve_00019864	12.08175502	48
Porites_evermani_scaffold_2678	7151	13898	gene-Peve_00019866	23.52732453	45
Porites_evermani_scaffold_2678	15590	27988	gene-Peve_00019867	33.60024549	104
Porites_evermani_scaffold_2678	34977	37524	gene-Peve_00019868	28.78787883	6
Porites_evermani_scaffold_2678	39653	43399	gene-Peve_00019869	87.824074	9
Porites_evermani_scaffold_2678	44622	45599	gene-Peve_00019870	.	0
Porites_evermani_scaffold_2678	50789	52361	gene-Peve_00019865	5.760183167	12
Porites_evermani_scaffold_2679	18899	19959	gene-Peve_00019872	0	21
Porites_evermani_scaffold_2679	36126	36840	gene-Peve_00019873	0	12
Porites_evermani_scaffold_2679	44224	49613	gene-Peve_00019874	0	10
Porites_evermani_scaffold_2679	58445	64515	gene-Peve_00019871	0	4
Porites_evermani_scaffold_268	5833	20584	gene-Peve_00019875	18.24518028	32
Porites_evermani_scaffold_268	12559	13285	gene-Peve_00019889	.	0
Porites_evermani_scaffold_268	25747	32323	gene-Peve_00019893	33.31268511	125
Porites_evermani_scaffold_268	41768	68220	gene-Peve_00019879	4.667014975	359
Porites_evermani_scaffold_268	68617	69889	gene-Peve_00019880	0.3656997755	49
Porites_evermani_scaffold_268	76354	78837	gene-Peve_00019881	0	50
Porites_evermani_scaffold_268	81774	84089	gene-Peve_00019882	0	30
Porites_evermani_scaffold_268	88730	90148	gene-Peve_00019883	0.1984126944	36
Porites_evermani_scaffold_268	96323	98819	gene-Peve_00019884	0.5746337	60
Porites_evermani_scaffold_268	102713	103064	gene-Peve_00019885	0.8264462727	11
Porites_evermani_scaffold_268	103256	105511	gene-Peve_00019886	0.1201923077	52
Porites_evermani_scaffold_268	109221	111143	gene-Peve_00019887	0	44
Porites_evermani_scaffold_268	123540	130698	gene-Peve_00019888	76.31416003	65
Porites_evermani_scaffold_268	134043	141684	gene-Peve_00019890	89.84602797	95
Porites_evermani_scaffold_268	156101	167989	gene-Peve_00019891	1.11072953	230
Porites_evermani_scaffold_268	172494	188842	gene-Peve_00019894	0.3135885725	393
Porites_evermani_scaffold_268	192550	192960	gene-Peve_00019895	9.082015421	19
Porites_evermani_scaffold_268	194622	196680	gene-Peve_00019896	0.395218807	57
Porites_evermani_scaffold_268	202250	230748	gene-Peve_00019897	0.5707769761	753
Porites_evermani_scaffold_268	239952	243895	gene-Peve_00019898	0.2397997881	118
Porites_evermani_scaffold_268	247368	255069	gene-Peve_00019899	0.2357258738	214
Porites_evermani_scaffold_268	261074	276314	gene-Peve_00019900	0.288297092	402
Porites_evermani_scaffold_268	291316	292066	gene-Peve_00019902	5	4
Porites_evermani_scaffold_268	292852	293944	gene-Peve_00019903	.	0
Porites_evermani_scaffold_268	297742	298276	gene-Peve_00019905	.	0
Porites_evermani_scaffold_268	298817	299794	gene-Peve_00019906	0.625	16
Porites_evermani_scaffold_268	305181	305822	gene-Peve_00019908	.	0
Porites_evermani_scaffold_268	318341	320556	gene-Peve_00019876	27.59207464	33
Porites_evermani_scaffold_268	323331	324716	gene-Peve_00019877	34.56322244	32
Porites_evermani_scaffold_268	325177	326729	gene-Peve_00019878	56.9548738	46
Porites_evermani_scaffold_2680	142	3023	gene-Peve_00019913	0.1915708793	58
Porites_evermani_scaffold_2680	8749	9390	gene-Peve_00019914	21.17346412	17
Porites_evermani_scaffold_2680	13440	14184	gene-Peve_00019915	.	0
Porites_evermani_scaffold_2680	16439	17123	gene-Peve_00019909	0.8053221765	17
Porites_evermani_scaffold_2680	18013	19045	gene-Peve_00019911	0	22
Porites_evermani_scaffold_2680	25335	26472	gene-Peve_00019912	0.2602780286	35
Porites_evermani_scaffold_2681	5003	14669	gene-Peve_00019920	0.6816841716	303
Porites_evermani_scaffold_2681	19220	19844	gene-Peve_00019916	0.4866562	20
Porites_evermani_scaffold_2681	37233	37575	gene-Peve_00019917	0	9
Porites_evermani_scaffold_2681	44346	45969	gene-Peve_00019918	0	18
Porites_evermani_scaffold_2681	55695	56034	gene-Peve_00019919	0	7
Porites_evermani_scaffold_2682	5060	7902	gene-Peve_00019921	52.19696975	8
Porites_evermani_scaffold_2682	10179	11501	gene-Peve_00019927	70	1
Porites_evermani_scaffold_2682	13740	15172	gene-Peve_00019930	.	0
Porites_evermani_scaffold_2682	15274	15616	gene-Peve_00019928	.	0
Porites_evermani_scaffold_2682	15805	16570	gene-Peve_00019929	.	0
Porites_evermani_scaffold_2682	17553	18387	gene-Peve_00019931	.	0
Porites_evermani_scaffold_2682	22177	25547	gene-Peve_00019932	59.469697	14
Porites_evermani_scaffold_2682	35647	43909	gene-Peve_00019922	64.26629294	36
Porites_evermani_scaffold_2682	57236	57629	gene-Peve_00019925	100	1
Porites_evermani_scaffold_2682	62310	62881	gene-Peve_00019926	72.09595967	6
Porites_evermani_scaffold_2683	14815	15145	gene-Peve_00019937	47.53477929	17
Porites_evermani_scaffold_2683	15148	15655	gene-Peve_00019939	48.7878789	10
Porites_evermani_scaffold_2683	29522	32363	gene-Peve_00019933	0	11
Porites_evermani_scaffold_2683	50150	53201	gene-Peve_00019936	0.303030303	66
Porites_evermani_scaffold_2683	60322	63520	gene-Peve_00019938	0.8072065214	117
Porites_evermani_scaffold_2684	1026	26375	gene-Peve_00019945	0.6012378949	837
Porites_evermani_scaffold_2684	40072	42729	gene-Peve_00019941	1.201347218	87
Porites_evermani_scaffold_2684	62733	65718	gene-Peve_00019944	6.364677025	119
Porites_evermani_scaffold_2685	1372	2005	gene-Peve_00019948	0.6578947368	19
Porites_evermani_scaffold_2685	10137	49950	gene-Peve_00019951	10.29530299	720
Porites_evermani_scaffold_2685	34317	34926	gene-Peve_00019949	0	4
Porites_evermani_scaffold_2685	54275	60758	gene-Peve_00019950	31.37999645	53
Porites_evermani_scaffold_2686	5864	13025	gene-Peve_00019952	0.2232235714	133
Porites_evermani_scaffold_2686	31364	38293	gene-Peve_00019954	75.66287875	8
Porites_evermani_scaffold_2687	1568	2459	gene-Peve_00019955	0.3030303	30
Porites_evermani_scaffold_2687	12573	13041	gene-Peve_00019957	0	22
Porites_evermani_scaffold_2687	20302	33003	gene-Peve_00019958	74.60103667	104
Porites_evermani_scaffold_2687	37436	38543	gene-Peve_00019959	0	39
Porites_evermani_scaffold_2687	40679	65933	gene-Peve_00019956	4.884904526	19
Porites_evermani_scaffold_2688	1	20874	gene-Peve_00019961	9.330469731	26
Porites_evermani_scaffold_2688	26811	35732	gene-Peve_00019960	0.7628217879	66
Porites_evermani_scaffold_2688	47929	48256	gene-Peve_00019962	0.8547008889	9
Porites_evermani_scaffold_2689	1819	11018	gene-Peve_00019963	14.97629357	42
Porites_evermani_scaffold_2689	43929	45647	gene-Peve_00019965	0	19
Porites_evermani_scaffold_2689	62933	63505	gene-Peve_00019966	19.80247981	37
Porites_evermani_scaffold_269	25067	35693	gene-Peve_00019969	1.119126713	143
Porites_evermani_scaffold_269	43721	56788	gene-Peve_00019974	18.57037743	21
Porites_evermani_scaffold_269	65098	66433	gene-Peve_00019967	.	0
Porites_evermani_scaffold_269	79879	87828	gene-Peve_00019968	2.822486148	27
Porites_evermani_scaffold_269	92104	103923	gene-Peve_00019970	.	0
Porites_evermani_scaffold_269	130600	131704	gene-Peve_00019971	.	0
Porites_evermani_scaffold_269	160736	166012	gene-Peve_00019972	0	8
Porites_evermani_scaffold_269	171868	172155	gene-Peve_00019973	.	0
Porites_evermani_scaffold_269	220042	220400	gene-Peve_00019975	.	0
Porites_evermani_scaffold_269	225312	238899	gene-Peve_00019976	0.1979166667	36
Porites_evermani_scaffold_269	232635	232921	gene-Peve_00019977	.	0
Porites_evermani_scaffold_269	249420	259964	gene-Peve_00019978	0	6
Porites_evermani_scaffold_269	276520	289846	gene-Peve_00019979	.	0
Porites_evermani_scaffold_269	301208	301922	gene-Peve_00019980	.	0
Porites_evermani_scaffold_269	306413	307346	gene-Peve_00019981	0	4
Porites_evermani_scaffold_2690	134	7375	gene-Peve_00019982	31.03513348	50
Porites_evermani_scaffold_2690	7709	12405	gene-Peve_00019984	50.26623837	83
Porites_evermani_scaffold_2690	14331	15051	gene-Peve_00019985	0	31
Porites_evermani_scaffold_2690	38811	49811	gene-Peve_00019986	32.3598762	174
Porites_evermani_scaffold_2690	49861	59773	gene-Peve_00019987	0.5822111838	136
Porites_evermani_scaffold_2690	63351	64851	gene-Peve_00019983	0.14285714	50
Porites_evermani_scaffold_2691	1306	10267	gene-Peve_00019988	0.06944444444	90
Porites_evermani_scaffold_2691	13073	14027	gene-Peve_00019994	.	0
Porites_evermani_scaffold_2691	17289	17907	gene-Peve_00019989	0	22
Porites_evermani_scaffold_2691	18191	25069	gene-Peve_00019990	12.5	8
Porites_evermani_scaffold_2691	25737	30994	gene-Peve_00019991	.	0
Porites_evermani_scaffold_2691	36644	48063	gene-Peve_00019992	0.7236227778	18
Porites_evermani_scaffold_2691	56864	57731	gene-Peve_00019993	.	0
Porites_evermani_scaffold_2692	25122	27475	gene-Peve_00019998	0.3785104	35
Porites_evermani_scaffold_2692	34157	34916	gene-Peve_00019995	0.8477011379	29
Porites_evermani_scaffold_2692	36778	48183	gene-Peve_00019996	55.62160779	159
Porites_evermani_scaffold_2692	48484	55637	gene-Peve_00019997	29.73180418	96
Porites_evermani_scaffold_2693	241	2477	gene-Peve_00020000	0	2
Porites_evermani_scaffold_2693	6597	7122	gene-Peve_00020001	.	0
Porites_evermani_scaffold_2693	15094	21238	gene-Peve_00020002	0	2
Porites_evermani_scaffold_2693	40110	61433	gene-Peve_00019999	4.686848468	77
Porites_evermani_scaffold_2694	665	5259	gene-Peve_00020003	84.8162992	25
Porites_evermani_scaffold_2694	8404	12380	gene-Peve_00020004	87.72727275	4
Porites_evermani_scaffold_2694	14794	22042	gene-Peve_00020005	0.2438986087	138
Porites_evermani_scaffold_2694	27229	29165	gene-Peve_00020006	1.393939375	40
Porites_evermani_scaffold_2694	46930	65856	gene-Peve_00020007	0.8029786282	312
Porites_evermani_scaffold_2695	4520	42209	gene-Peve_00020008	7.681913808	416
Porites_evermani_scaffold_2695	45701	60994	gene-Peve_00020009	25.87693561	130
Porites_evermani_scaffold_2695	61321	65846	gene-Peve_00020010	56.22549025	4
Porites_evermani_scaffold_2696	11727	18433	gene-Peve_00020019	1.954821474	38
Porites_evermani_scaffold_2696	22327	23622	gene-Peve_00020022	16.20794178	32
Porites_evermani_scaffold_2696	27996	29576	gene-Peve_00020011	0.226608193	57
Porites_evermani_scaffold_2696	30473	31243	gene-Peve_00020012	0	6
Porites_evermani_scaffold_2696	31630	32123	gene-Peve_00020013	0	9
Porites_evermani_scaffold_2696	36108	36585	gene-Peve_00020014	0.4310345	8
Porites_evermani_scaffold_2696	41845	42496	gene-Peve_00020015	2.99004725	16
Porites_evermani_scaffold_2696	43905	44367	gene-Peve_00020016	.	0
Porites_evermani_scaffold_2696	51261	53882	gene-Peve_00020021	11.69308838	26
Porites_evermani_scaffold_2697	11609	15412	gene-Peve_00020023	.	0
Porites_evermani_scaffold_2697	38162	42402	gene-Peve_00020025	.	0
Porites_evermani_scaffold_2697	44193	52447	gene-Peve_00020026	.	0
Porites_evermani_scaffold_2697	63214	65820	gene-Peve_00020027	.	0
Porites_evermani_scaffold_2698	1503	5958	gene-Peve_00020028	0.4834839107	56
Porites_evermani_scaffold_2699	1	5744	gene-Peve_00020029	2.1212121	30
Porites_evermani_scaffold_2699	30773	39566	gene-Peve_00020031	4.466252394	109
Porites_evermani_scaffold_2699	54916	58513	gene-Peve_00020030	0.3798689647	85
Porites_evermani_scaffold_27	710	6300	gene-Peve_00020039	0.1468705352	71
Porites_evermani_scaffold_27	71356	79471	gene-Peve_00020053	23.631943	61
Porites_evermani_scaffold_27	80324	82177	gene-Peve_00020067	0	2
Porites_evermani_scaffold_27	90405	116803	gene-Peve_00020076	8.540766034	174
Porites_evermani_scaffold_27	125752	133674	gene-Peve_00020080	1.18063951	102
Porites_evermani_scaffold_27	139490	141917	gene-Peve_00020081	0	2
Porites_evermani_scaffold_27	142580	143822	gene-Peve_00020082	.	0
Porites_evermani_scaffold_27	146472	155853	gene-Peve_00020083	67.34722595	42
Porites_evermani_scaffold_27	158149	161065	gene-Peve_00020084	1.041666643	14
Porites_evermani_scaffold_27	181774	182521	gene-Peve_00020085	.	0
Porites_evermani_scaffold_27	202633	204500	gene-Peve_00020087	1.833939873	79
Porites_evermani_scaffold_27	212246	212834	gene-Peve_00020089	9.801462417	12
Porites_evermani_scaffold_27	213067	215966	gene-Peve_00020088	1.520297837	43
Porites_evermani_scaffold_27	217440	222850	gene-Peve_00020090	2.0238095	14
Porites_evermani_scaffold_27	239776	243136	gene-Peve_00020092	2.969270367	30
Porites_evermani_scaffold_27	258159	262201	gene-Peve_00020032	0.6724458174	115
Porites_evermani_scaffold_27	269110	281733	gene-Peve_00020033	0.613201981	316
Porites_evermani_scaffold_27	282904	283888	gene-Peve_00020034	0	13
Porites_evermani_scaffold_27	288344	293012	gene-Peve_00020035	1.243275256	90
Porites_evermani_scaffold_27	302257	302779	gene-Peve_00020036	42.75000218	11
Porites_evermani_scaffold_27	360952	365762	gene-Peve_00020038	20.90759464	25
Porites_evermani_scaffold_27	366177	367063	gene-Peve_00020040	0	29
Porites_evermani_scaffold_27	372315	373754	gene-Peve_00020041	0.1587301667	30
Porites_evermani_scaffold_27	377564	383941	gene-Peve_00020042	9.238095718	209
Porites_evermani_scaffold_27	392239	398577	gene-Peve_00020044	0.4010695147	68
Porites_evermani_scaffold_27	405664	409969	gene-Peve_00020045	0.3068796606	109
Porites_evermani_scaffold_27	412143	417902	gene-Peve_00020046	46.95559486	35
Porites_evermani_scaffold_27	418758	421655	gene-Peve_00020047	46.22357813	46
Porites_evermani_scaffold_27	421785	426488	gene-Peve_00020048	74.44855342	66
Porites_evermani_scaffold_27	427302	527219	gene-Peve_00020049	1.327824402	1422
Porites_evermani_scaffold_27	483657	486246	gene-Peve_00020050	.	0
Porites_evermani_scaffold_27	499436	502369	gene-Peve_00020051	0	23
Porites_evermani_scaffold_27	514532	515436	gene-Peve_00020052	1.291016692	13
Porites_evermani_scaffold_27	527468	552426	gene-Peve_00020054	1.154282072	332
Porites_evermani_scaffold_27	555114	555630	gene-Peve_00020055	.	0
Porites_evermani_scaffold_27	563452	568517	gene-Peve_00020056	0.7206785108	139
Porites_evermani_scaffold_27	573554	576128	gene-Peve_00020057	0.4085001071	84
Porites_evermani_scaffold_27	582415	589282	gene-Peve_00020058	0.5603105902	122
Porites_evermani_scaffold_27	592933	601223	gene-Peve_00020059	0.6228035525	181
Porites_evermani_scaffold_27	607556	637391	gene-Peve_00020060	0.44339367	494
Porites_evermani_scaffold_27	656493	670609	gene-Peve_00020061	17.84176536	138
Porites_evermani_scaffold_27	673524	674850	gene-Peve_00020062	0	17
Porites_evermani_scaffold_27	680024	684889	gene-Peve_00020063	0	1
Porites_evermani_scaffold_27	692337	708853	gene-Peve_00020064	0.1165501154	78
Porites_evermani_scaffold_27	724991	738616	gene-Peve_00020065	26.76450525	246
Porites_evermani_scaffold_27	747728	749110	gene-Peve_00020066	85.55187284	19
Porites_evermani_scaffold_27	809103	812158	gene-Peve_00020069	3.269794677	31
Porites_evermani_scaffold_27	815526	821176	gene-Peve_00020070	0	63
Porites_evermani_scaffold_27	832059	847855	gene-Peve_00020071	9.251095528	214
Porites_evermani_scaffold_27	852783	855822	gene-Peve_00020072	0	63
Porites_evermani_scaffold_27	861513	865668	gene-Peve_00020073	0.9179842727	110
Porites_evermani_scaffold_27	866030	866352	gene-Peve_00020074	0	13
Porites_evermani_scaffold_27	868342	875346	gene-Peve_00020075	0.9376252067	179
Porites_evermani_scaffold_27	877824	882756	gene-Peve_00020077	0.6236852117	137
Porites_evermani_scaffold_27	884764	886662	gene-Peve_00020078	0.5357142857	56
Porites_evermani_scaffold_270	17	4739	gene-Peve_00020093	49.91557142	43
Porites_evermani_scaffold_270	9846	11278	gene-Peve_00020106	1.150301511	47
Porites_evermani_scaffold_270	16907	26776	gene-Peve_00020117	1.004784684	38
Porites_evermani_scaffold_270	28725	30950	gene-Peve_00020118	0.3384687143	42
Porites_evermani_scaffold_270	31813	39867	gene-Peve_00020116	37.48790411	54
Porites_evermani_scaffold_270	40297	42352	gene-Peve_00020094	21.62878792	24
Porites_evermani_scaffold_270	42729	45859	gene-Peve_00020095	60.2524724	25
Porites_evermani_scaffold_270	51030	63816	gene-Peve_00020096	23.66189314	222
Porites_evermani_scaffold_270	66569	68431	gene-Peve_00020097	19.03733113	30
Porites_evermani_scaffold_270	73116	76349	gene-Peve_00020098	90	1
Porites_evermani_scaffold_270	77058	84744	gene-Peve_00020099	67.88887677	39
Porites_evermani_scaffold_270	153202	157195	gene-Peve_00020100	4.076650611	72
Porites_evermani_scaffold_270	166489	181222	gene-Peve_00020101	37.20447884	140
Porites_evermani_scaffold_270	183802	196668	gene-Peve_00020102	66.98637883	125
Porites_evermani_scaffold_270	196993	207009	gene-Peve_00020103	69.96449025	84
Porites_evermani_scaffold_270	207892	211722	gene-Peve_00020104	43.03239414	44
Porites_evermani_scaffold_270	215297	222544	gene-Peve_00020105	40.24656999	117
Porites_evermani_scaffold_270	226501	239006	gene-Peve_00020107	36.4768902	167
Porites_evermani_scaffold_270	251365	256645	gene-Peve_00020108	23.7908964	92
Porites_evermani_scaffold_270	257954	261268	gene-Peve_00020110	1.188341576	59
Porites_evermani_scaffold_270	265346	267987	gene-Peve_00020109	0.5952380952	42
Porites_evermani_scaffold_270	270146	271724	gene-Peve_00020111	0	34
Porites_evermani_scaffold_270	272174	281567	gene-Peve_00020112	0.345305968	250
Porites_evermani_scaffold_270	282619	296208	gene-Peve_00020113	61.42475547	103
Porites_evermani_scaffold_270	297534	300527	gene-Peve_00020114	39.67502331	42
Porites_evermani_scaffold_270	300730	311480	gene-Peve_00020115	78.68478589	101
Porites_evermani_scaffold_2700	349	8242	gene-Peve_00020119	4.1824213	100
Porites_evermani_scaffold_2700	23281	34569	gene-Peve_00020120	0.4985431845	233
Porites_evermani_scaffold_2700	36321	57007	gene-Peve_00020121	6.5749259	440
Porites_evermani_scaffold_2700	45728	47552	gene-Peve_00020122	0.6051052031	64
Porites_evermani_scaffold_2700	61517	63760	gene-Peve_00020123	6.750392429	14
Porites_evermani_scaffold_2701	11211	29752	gene-Peve_00020124	.	0
Porites_evermani_scaffold_2701	31578	35219	gene-Peve_00020125	.	0
Porites_evermani_scaffold_2702	619	4390	gene-Peve_00020126	20.95300941	51
Porites_evermani_scaffold_2702	8294	12912	gene-Peve_00020127	1.740411091	55
Porites_evermani_scaffold_2702	22849	39683	gene-Peve_00020128	50.15069534	79
Porites_evermani_scaffold_2702	55126	64581	gene-Peve_00020129	0.4448469051	137
Porites_evermani_scaffold_2703	15506	16801	gene-Peve_00020130	0	8
Porites_evermani_scaffold_2703	29126	42790	gene-Peve_00020131	0.4787352739	157
Porites_evermani_scaffold_2703	46142	58724	gene-Peve_00020132	0.3337270639	266
Porites_evermani_scaffold_2704	3642	4368	gene-Peve_00020133	2.729413429	14
Porites_evermani_scaffold_2704	12241	13270	gene-Peve_00020134	.	0
Porites_evermani_scaffold_2704	19043	43521	gene-Peve_00020135	0	28
Porites_evermani_scaffold_2704	64198	64768	gene-Peve_00020136	.	0
Porites_evermani_scaffold_2705	4121	5089	gene-Peve_00020137	.	0
Porites_evermani_scaffold_2705	7367	25233	gene-Peve_00020138	47.57716283	89
Porites_evermani_scaffold_2705	29204	30398	gene-Peve_00020142	0.78524125	44
Porites_evermani_scaffold_2705	39416	41569	gene-Peve_00020143	0.8638997949	78
Porites_evermani_scaffold_2705	46355	47558	gene-Peve_00020144	0	42
Porites_evermani_scaffold_2705	51453	52545	gene-Peve_00020139	0.2232142813	32
Porites_evermani_scaffold_2705	55902	62446	gene-Peve_00020140	65.01602569	16
Porites_evermani_scaffold_2705	64661	65207	gene-Peve_00020141	.	0
Porites_evermani_scaffold_2706	39698	41203	gene-Peve_00020146	22.77777775	12
Porites_evermani_scaffold_2706	59865	63316	gene-Peve_00020147	1.183984663	86
Porites_evermani_scaffold_2707	12897	19323	gene-Peve_00020149	1.58564709	144
Porites_evermani_scaffold_2707	24145	26576	gene-Peve_00020150	0.4081949595	74
Porites_evermani_scaffold_2707	30326	36085	gene-Peve_00020151	0.322503587	46
Porites_evermani_scaffold_2707	38864	44845	gene-Peve_00020152	0.5311480331	181
Porites_evermani_scaffold_2707	53916	58799	gene-Peve_00020153	0.6111385656	122
Porites_evermani_scaffold_2707	62434	64635	gene-Peve_00020148	0.3008021373	51
Porites_evermani_scaffold_2708	2478	10550	gene-Peve_00020154	0.2184514882	170
Porites_evermani_scaffold_2708	24656	36045	gene-Peve_00020155	0.5940942026	306
Porites_evermani_scaffold_2708	41962	43171	gene-Peve_00020156	0.6503603269	52
Porites_evermani_scaffold_2708	57135	59735	gene-Peve_00020157	1.42336109	78
Porites_evermani_scaffold_2709	1135	5074	gene-Peve_00020158	0	5
Porites_evermani_scaffold_2709	9620	10170	gene-Peve_00020166	.	0
Porites_evermani_scaffold_2709	18468	22068	gene-Peve_00020159	.	0
Porites_evermani_scaffold_2709	23876	30919	gene-Peve_00020160	0.0739645	104
Porites_evermani_scaffold_2709	28597	29841	gene-Peve_00020161	0	14
Porites_evermani_scaffold_2709	34035	45328	gene-Peve_00020162	69.56175587	31
Porites_evermani_scaffold_2709	50680	51421	gene-Peve_00020163	.	0
Porites_evermani_scaffold_2709	54106	57712	gene-Peve_00020164	78.64480771	14
Porites_evermani_scaffold_2709	58873	61150	gene-Peve_00020165	.	0
Porites_evermani_scaffold_271	5870	7290	gene-Peve_00020173	0.7407407619	21
Porites_evermani_scaffold_271	10824	12766	gene-Peve_00020187	0.5808080667	30
Porites_evermani_scaffold_271	14072	14567	gene-Peve_00020192	0	17
Porites_evermani_scaffold_271	18578	20797	gene-Peve_00020194	0.1893939318	44
Porites_evermani_scaffold_271	24852	27053	gene-Peve_00020195	0	36
Porites_evermani_scaffold_271	31329	32687	gene-Peve_00020167	0.6170300256	39
Porites_evermani_scaffold_271	40185	43479	gene-Peve_00020168	0.1240694839	62
Porites_evermani_scaffold_271	66743	69832	gene-Peve_00020170	1.366511971	68
Porites_evermani_scaffold_271	70293	74467	gene-Peve_00020171	1.698369565	92
Porites_evermani_scaffold_271	75071	86454	gene-Peve_00020172	53.91212245	165
Porites_evermani_scaffold_271	91751	98703	gene-Peve_00020175	18.94007583	78
Porites_evermani_scaffold_271	103928	120661	gene-Peve_00020178	2.205865672	488
Porites_evermani_scaffold_271	121288	126747	gene-Peve_00020176	0.2352941176	85
Porites_evermani_scaffold_271	127367	140026	gene-Peve_00020177	0.5264496368	212
Porites_evermani_scaffold_271	155252	155570	gene-Peve_00020180	.	0
Porites_evermani_scaffold_271	162999	164591	gene-Peve_00020182	0	9
Porites_evermani_scaffold_271	168226	171953	gene-Peve_00020181	8.43269572	75
Porites_evermani_scaffold_271	181314	181734	gene-Peve_00020183	0.2352941176	17
Porites_evermani_scaffold_271	183186	193636	gene-Peve_00020184	0.530431875	112
Porites_evermani_scaffold_271	196629	218771	gene-Peve_00020185	0.8833178887	548
Porites_evermani_scaffold_271	218772	229719	gene-Peve_00020186	0.1269581342	231
Porites_evermani_scaffold_271	237532	239074	gene-Peve_00020188	45.61285485	13
Porites_evermani_scaffold_271	244046	249739	gene-Peve_00020189	33.71230791	55
Porites_evermani_scaffold_271	253280	256640	gene-Peve_00020190	1.298701286	14
Porites_evermani_scaffold_271	261959	268199	gene-Peve_00020191	0.3878585213	188
Porites_evermani_scaffold_271	285526	291287	gene-Peve_00020193	0.3422016934	137
Porites_evermani_scaffold_271	298996	309351	gene-Peve_00020196	0.4375862917	264
Porites_evermani_scaffold_271	310367	316827	gene-Peve_00020197	0.376073298	151
Porites_evermani_scaffold_271	319964	324412	gene-Peve_00020198	0.678234404	99
Porites_evermani_scaffold_2710	87	64158	gene-Peve_00020199	0.3822880567	247
Porites_evermani_scaffold_2711	3255	16683	gene-Peve_00020200	0.7843323905	443
Porites_evermani_scaffold_2711	20977	21840	gene-Peve_00020206	0.7692308	10
Porites_evermani_scaffold_2711	25248	25993	gene-Peve_00020202	0	7
Porites_evermani_scaffold_2711	30451	31678	gene-Peve_00020203	41.66666667	3
Porites_evermani_scaffold_2711	37944	41734	gene-Peve_00020204	0.2325581395	43
Porites_evermani_scaffold_2711	57367	63272	gene-Peve_00020205	0.094105	87
Porites_evermani_scaffold_2712	14819	27867	gene-Peve_00020207	0.8707980654	306
Porites_evermani_scaffold_2712	28914	29376	gene-Peve_00020208	1.913875636	11
Porites_evermani_scaffold_2712	32980	34099	gene-Peve_00020209	0.9448884231	26
Porites_evermani_scaffold_2712	37820	60067	gene-Peve_00020210	1.947496258	434
Porites_evermani_scaffold_2713	621	5039	gene-Peve_00020211	23.03534883	41
Porites_evermani_scaffold_2713	7184	8639	gene-Peve_00020216	83.3850534	10
Porites_evermani_scaffold_2713	12466	29388	gene-Peve_00020217	74.91157459	102
Porites_evermani_scaffold_2713	30543	37330	gene-Peve_00020212	49.75274872	68
Porites_evermani_scaffold_2713	38163	56854	gene-Peve_00020213	11.80720114	56
Porites_evermani_scaffold_2713	56981	62059	gene-Peve_00020214	52.42603277	47
Porites_evermani_scaffold_2713	64984	65551	gene-Peve_00020215	0	5
Porites_evermani_scaffold_2714	3122	5418	gene-Peve_00020218	0.5494505556	27
Porites_evermani_scaffold_2714	18430	19801	gene-Peve_00020219	0.4030452241	58
Porites_evermani_scaffold_2714	25934	26816	gene-Peve_00020220	0	39
Porites_evermani_scaffold_2714	37621	43047	gene-Peve_00020221	0	98
Porites_evermani_scaffold_2714	57387	63823	gene-Peve_00020222	36.94140384	100
Porites_evermani_scaffold_2715	1789	4724	gene-Peve_00020223	0.792011	22
Porites_evermani_scaffold_2715	10106	20001	gene-Peve_00020224	26.86803227	187
Porites_evermani_scaffold_2715	23684	52993	gene-Peve_00020225	10.57322778	529
Porites_evermani_scaffold_2716	1562	2745	gene-Peve_00020226	.	0
Porites_evermani_scaffold_2716	5501	7447	gene-Peve_00020229	.	0
Porites_evermani_scaffold_2716	10223	14303	gene-Peve_00020230	.	0
Porites_evermani_scaffold_2716	16708	34046	gene-Peve_00020231	0.3947033333	33
Porites_evermani_scaffold_2716	43462	46366	gene-Peve_00020227	.	0
Porites_evermani_scaffold_2717	58	6018	gene-Peve_00020235	.	0
Porites_evermani_scaffold_2717	12282	22094	gene-Peve_00020236	90.82185775	16
Porites_evermani_scaffold_2717	22393	39353	gene-Peve_00020237	52.06994197	35
Porites_evermani_scaffold_2717	39752	45371	gene-Peve_00020238	71.47288812	33
Porites_evermani_scaffold_2717	48036	51878	gene-Peve_00020239	44.1386395	30
Porites_evermani_scaffold_2717	51959	53939	gene-Peve_00020232	23.41257143	23
Porites_evermani_scaffold_2717	56275	62228	gene-Peve_00020233	0.75	20
Porites_evermani_scaffold_2717	62498	62916	gene-Peve_00020234	4.134199083	12
Porites_evermani_scaffold_2718	15730	20434	gene-Peve_00020240	0	41
Porites_evermani_scaffold_2718	27576	33191	gene-Peve_00020241	0.2414733706	170
Porites_evermani_scaffold_2718	35029	35572	gene-Peve_00020242	0	19
Porites_evermani_scaffold_2718	39771	43429	gene-Peve_00020243	0	26
Porites_evermani_scaffold_2718	45380	46040	gene-Peve_00020244	.	0
Porites_evermani_scaffold_2718	59292	62394	gene-Peve_00020245	0.8333333333	12
Porites_evermani_scaffold_2719	53	5890	gene-Peve_00020246	0	34
Porites_evermani_scaffold_2719	54118	56637	gene-Peve_00020247	.	0
Porites_evermani_scaffold_272	170	13272	gene-Peve_00020248	0.2610722727	55
Porites_evermani_scaffold_272	15329	21822	gene-Peve_00020256	0.1822642143	140
Porites_evermani_scaffold_272	25483	29218	gene-Peve_00020249	0.5747126552	29
Porites_evermani_scaffold_272	39236	41150	gene-Peve_00020251	1.538461538	13
Porites_evermani_scaffold_272	41146	46117	gene-Peve_00020252	2.530108792	24
Porites_evermani_scaffold_272	57250	59247	gene-Peve_00020253	0	30
Porites_evermani_scaffold_272	65957	70936	gene-Peve_00020254	0	23
Porites_evermani_scaffold_272	82697	83408	gene-Peve_00020255	0.75757575	12
Porites_evermani_scaffold_272	91512	94404	gene-Peve_00020257	0.6158357742	31
Porites_evermani_scaffold_272	117602	121519	gene-Peve_00020258	1.511983927	41
Porites_evermani_scaffold_272	128531	139711	gene-Peve_00020259	11.04335359	46
Porites_evermani_scaffold_272	144470	169832	gene-Peve_00020260	56.83330166	102
Porites_evermani_scaffold_272	170008	189424	gene-Peve_00020262	19.01030664	117
Porites_evermani_scaffold_272	201718	208727	gene-Peve_00020261	43.21771194	51
Porites_evermani_scaffold_272	213156	226723	gene-Peve_00020263	70.02396591	33
Porites_evermani_scaffold_272	236386	236985	gene-Peve_00020265	.	0
Porites_evermani_scaffold_272	249423	252121	gene-Peve_00020264	0.5251032024	84
Porites_evermani_scaffold_272	256924	277049	gene-Peve_00020266	38.41588888	367
Porites_evermani_scaffold_272	282415	287961	gene-Peve_00020267	1.665856424	33
Porites_evermani_scaffold_272	297084	312653	gene-Peve_00020268	37.15001497	172
Porites_evermani_scaffold_272	319959	321141	gene-Peve_00020269	1.046522917	24
Porites_evermani_scaffold_2720	970	1521	gene-Peve_00020272	.	0
Porites_evermani_scaffold_2720	4261	4812	gene-Peve_00020278	0	9
Porites_evermani_scaffold_2720	7225	8147	gene-Peve_00020279	0	29
Porites_evermani_scaffold_2720	8172	11956	gene-Peve_00020270	0.343037664	125
Porites_evermani_scaffold_2720	15983	16775	gene-Peve_00020271	0.3496503636	22
Porites_evermani_scaffold_2720	23048	24125	gene-Peve_00020273	0.5753968333	24
Porites_evermani_scaffold_2720	26222	44280	gene-Peve_00020274	9.073610761	113
Porites_evermani_scaffold_2720	46810	55903	gene-Peve_00020275	36.11388614	7
Porites_evermani_scaffold_2720	57009	57995	gene-Peve_00020276	.	0
Porites_evermani_scaffold_2720	61003	65186	gene-Peve_00020277	18.4655041	41
Porites_evermani_scaffold_2721	4499	38987	gene-Peve_00020280	0.390103184	375
Porites_evermani_scaffold_2721	56257	56973	gene-Peve_00020286	.	0
Porites_evermani_scaffold_2721	59807	61017	gene-Peve_00020281	25.595238	2
Porites_evermani_scaffold_2721	63407	64043	gene-Peve_00020284	10	3
Porites_evermani_scaffold_2721	64567	64972	gene-Peve_00020285	0	1
Porites_evermani_scaffold_2722	3929	63813	gene-Peve_00020287	1.131960348	506
Porites_evermani_scaffold_2723	6163	16384	gene-Peve_00020288	0.3320513972	141
Porites_evermani_scaffold_2723	11268	12046	gene-Peve_00020292	0	2
Porites_evermani_scaffold_2723	36753	47604	gene-Peve_00020289	1.01565287	69
Porites_evermani_scaffold_2723	52343	56034	gene-Peve_00020291	0	81
Porites_evermani_scaffold_2724	11788	13237	gene-Peve_00020297	0	7
Porites_evermani_scaffold_2724	15658	17562	gene-Peve_00020298	0.396825381	21
Porites_evermani_scaffold_2724	26608	28305	gene-Peve_00020299	.	0
Porites_evermani_scaffold_2724	29489	36553	gene-Peve_00020293	0.5	20
Porites_evermani_scaffold_2724	43511	51437	gene-Peve_00020294	1.331272893	28
Porites_evermani_scaffold_2724	54913	59050	gene-Peve_00020295	3.409090875	16
Porites_evermani_scaffold_2724	63568	63988	gene-Peve_00020296	10.3333334	5
Porites_evermani_scaffold_2725	189	8276	gene-Peve_00020300	0.4727801435	209
Porites_evermani_scaffold_2725	13654	18485	gene-Peve_00020306	4.810034689	177
Porites_evermani_scaffold_2725	22025	27247	gene-Peve_00020307	0.7756097664	107
Porites_evermani_scaffold_2725	31272	32579	gene-Peve_00020308	30.35199367	27
Porites_evermani_scaffold_2725	33876	36616	gene-Peve_00020301	27.04332959	54
Porites_evermani_scaffold_2725	41612	43867	gene-Peve_00020302	11.89172573	22
Porites_evermani_scaffold_2725	44946	54111	gene-Peve_00020303	13.62627964	36
Porites_evermani_scaffold_2725	58202	61826	gene-Peve_00020304	19.58691814	49
Porites_evermani_scaffold_2726	3326	4331	gene-Peve_00020309	.	0
Porites_evermani_scaffold_2726	4338	10443	gene-Peve_00020312	4.175407938	48
Porites_evermani_scaffold_2726	13307	28871	gene-Peve_00020313	11.2010529	125
Porites_evermani_scaffold_2726	36134	38129	gene-Peve_00020314	.	0
Porites_evermani_scaffold_2726	38878	41466	gene-Peve_00020315	.	0
Porites_evermani_scaffold_2726	45421	51138	gene-Peve_00020316	0.08340283486	109
Porites_evermani_scaffold_2726	57259	63223	gene-Peve_00020310	.	0
Porites_evermani_scaffold_2726	58020	58333	gene-Peve_00020311	.	0
Porites_evermani_scaffold_2727	11500	22071	gene-Peve_00020319	0.1212406314	293
Porites_evermani_scaffold_2727	26974	31789	gene-Peve_00020320	62.41799275	55
Porites_evermani_scaffold_2727	33304	49250	gene-Peve_00020321	21.47262883	341
Porites_evermani_scaffold_2727	52329	53178	gene-Peve_00020317	0.228416561	41
Porites_evermani_scaffold_2727	55327	64230	gene-Peve_00020318	0.3293390765	183
Porites_evermani_scaffold_2728	2	1260	gene-Peve_00020322	20.41025633	15
Porites_evermani_scaffold_2728	11077	25691	gene-Peve_00020323	2.24358975	48
Porites_evermani_scaffold_2728	34216	46862	gene-Peve_00020325	36.89638057	47
Porites_evermani_scaffold_2728	52620	57128	gene-Peve_00020326	0	4
Porites_evermani_scaffold_2728	58457	61810	gene-Peve_00020327	.	0
Porites_evermani_scaffold_2728	62448	63999	gene-Peve_00020328	.	0
Porites_evermani_scaffold_2729	26350	31794	gene-Peve_00020329	0.4668210545	110
Porites_evermani_scaffold_2729	34699	58846	gene-Peve_00020330	1.554559845	477
Porites_evermani_scaffold_273	8586	20758	gene-Peve_00020331	37.65446559	201
Porites_evermani_scaffold_273	28171	40684	gene-Peve_00020334	54.08901418	178
Porites_evermani_scaffold_273	35496	35956	gene-Peve_00020340	98.89097743	14
Porites_evermani_scaffold_273	40771	48944	gene-Peve_00020353	0.7100737043	230
Porites_evermani_scaffold_273	53340	66556	gene-Peve_00020332	0.5942699639	415
Porites_evermani_scaffold_273	66677	114937	gene-Peve_00020333	6.599268768	842
Porites_evermani_scaffold_273	97878	100544	gene-Peve_00020335	0.3339797436	39
Porites_evermani_scaffold_273	104241	107132	gene-Peve_00020336	0.22222224	25
Porites_evermani_scaffold_273	124796	129350	gene-Peve_00020337	0.4585486937	111
Porites_evermani_scaffold_273	135300	135632	gene-Peve_00020338	0	14
Porites_evermani_scaffold_273	140498	169628	gene-Peve_00020339	30.1141396	596
Porites_evermani_scaffold_273	173566	178718	gene-Peve_00020341	0.2432198013	151
Porites_evermani_scaffold_273	185521	193836	gene-Peve_00020342	54.07327009	117
Porites_evermani_scaffold_273	207289	209916	gene-Peve_00020343	0.1519756809	47
Porites_evermani_scaffold_273	222033	223369	gene-Peve_00020345	1.845124545	22
Porites_evermani_scaffold_273	230331	232132	gene-Peve_00020346	0	40
Porites_evermani_scaffold_273	236075	242803	gene-Peve_00020347	0.460343	170
Porites_evermani_scaffold_273	249346	251027	gene-Peve_00020348	2.416383875	40
Porites_evermani_scaffold_273	261020	267243	gene-Peve_00020349	32.51812452	75
Porites_evermani_scaffold_273	272789	273887	gene-Peve_00020350	0.1602564038	52
Porites_evermani_scaffold_273	276001	299922	gene-Peve_00020351	0.2509134703	589
Porites_evermani_scaffold_273	304473	306279	gene-Peve_00020352	33.45690673	55
Porites_evermani_scaffold_2730	12680	13469	gene-Peve_00020354	.	0
Porites_evermani_scaffold_2730	17157	20301	gene-Peve_00020355	.	0
Porites_evermani_scaffold_2730	24621	25947	gene-Peve_00020356	.	0
Porites_evermani_scaffold_2730	45350	51654	gene-Peve_00020357	.	0
Porites_evermani_scaffold_2730	56230	59023	gene-Peve_00020359	0	4
Porites_evermani_scaffold_2731	4060	14299	gene-Peve_00020360	0.7504830598	184
Porites_evermani_scaffold_2731	18600	20020	gene-Peve_00020362	1.810064929	14
Porites_evermani_scaffold_2731	24365	38215	gene-Peve_00020363	28.41524068	31
Porites_evermani_scaffold_2731	38432	40752	gene-Peve_00020364	0	12
Porites_evermani_scaffold_2731	42454	49486	gene-Peve_00020365	1.027816296	54
Porites_evermani_scaffold_2732	2894	5825	gene-Peve_00020370	0	13
Porites_evermani_scaffold_2732	10294	15250	gene-Peve_00020371	83.88410533	21
Porites_evermani_scaffold_2732	20527	21526	gene-Peve_00020366	0.462963	12
Porites_evermani_scaffold_2732	25375	30286	gene-Peve_00020367	63.66360423	101
Porites_evermani_scaffold_2732	31200	34501	gene-Peve_00020368	0.2775869904	104
Porites_evermani_scaffold_2732	38422	43872	gene-Peve_00020369	0.7069668702	131
Porites_evermani_scaffold_2733	41177	42877	gene-Peve_00020374	2.114899	26
Porites_evermani_scaffold_2733	43357	43909	gene-Peve_00020375	9.5454545	2
Porites_evermani_scaffold_2733	45224	45777	gene-Peve_00020376	0	10
Porites_evermani_scaffold_2733	47418	48273	gene-Peve_00020372	0.2463054138	29
Porites_evermani_scaffold_2733	63718	64785	gene-Peve_00020373	0.5	20
Porites_evermani_scaffold_2734	4983	6480	gene-Peve_00020378	2.813576163	43
Porites_evermani_scaffold_2734	13894	17090	gene-Peve_00020377	1.225636071	99
Porites_evermani_scaffold_2734	21387	23042	gene-Peve_00020384	1.658538149	47
Porites_evermani_scaffold_2734	28177	29896	gene-Peve_00020385	0.1689189189	37
Porites_evermani_scaffold_2734	40230	41102	gene-Peve_00020380	0	15
Porites_evermani_scaffold_2734	45311	46722	gene-Peve_00020381	0.2688171935	31
Porites_evermani_scaffold_2734	55634	58049	gene-Peve_00020382	0.3222341633	49
Porites_evermani_scaffold_2734	61186	61660	gene-Peve_00020383	0	8
Porites_evermani_scaffold_2735	2590	11873	gene-Peve_00020387	1.183170308	156
Porites_evermani_scaffold_2735	12294	19249	gene-Peve_00020389	31.73026442	74
Porites_evermani_scaffold_2735	17857	18588	gene-Peve_00020390	21.21212117	6
Porites_evermani_scaffold_2735	23178	31838	gene-Peve_00020386	0.2367870238	126
Porites_evermani_scaffold_2735	54455	61928	gene-Peve_00020388	0.7524506893	206
Porites_evermani_scaffold_2736	2720	3041	gene-Peve_00020391	.	0
Porites_evermani_scaffold_2736	4184	4604	gene-Peve_00020397	.	0
Porites_evermani_scaffold_2736	13072	18409	gene-Peve_00020399	.	0
Porites_evermani_scaffold_2736	20806	22799	gene-Peve_00020392	.	0
Porites_evermani_scaffold_2736	29942	34427	gene-Peve_00020393	4.821721846	39
Porites_evermani_scaffold_2736	37628	42095	gene-Peve_00020394	0.4061293483	89
Porites_evermani_scaffold_2736	45636	50009	gene-Peve_00020395	0.2936508	70
Porites_evermani_scaffold_2736	53442	54966	gene-Peve_00020396	0.4464285714	14
Porites_evermani_scaffold_2736	59435	62112	gene-Peve_00020398	1.384077431	65
Porites_evermani_scaffold_2737	2	20750	gene-Peve_00020400	2.143224408	240
Porites_evermani_scaffold_2737	24235	25174	gene-Peve_00020401	.	0
Porites_evermani_scaffold_2737	26402	32741	gene-Peve_00020402	68.74193713	60
Porites_evermani_scaffold_2737	33089	49162	gene-Peve_00020403	23.67336164	230
Porites_evermani_scaffold_2737	55318	59161	gene-Peve_00020404	77.21616208	26
Porites_evermani_scaffold_2738	7850	30456	gene-Peve_00020405	0.1457180946	349
Porites_evermani_scaffold_2738	36473	45676	gene-Peve_00020406	58.66094733	70
Porites_evermani_scaffold_2738	52050	60414	gene-Peve_00020407	83.333333	1
Porites_evermani_scaffold_2739	9506	28478	gene-Peve_00020408	0.2173267881	387
Porites_evermani_scaffold_2739	35421	51760	gene-Peve_00020409	0.4731444411	399
Porites_evermani_scaffold_274	239	9155	gene-Peve_00020410	70.77615894	83
Porites_evermani_scaffold_274	11912	23880	gene-Peve_00020417	29.15467245	86
Porites_evermani_scaffold_274	41256	42117	gene-Peve_00020437	0	26
Porites_evermani_scaffold_274	45820	50050	gene-Peve_00020436	0.4033419639	83
Porites_evermani_scaffold_274	52804	55045	gene-Peve_00020411	0.1010101091	55
Porites_evermani_scaffold_274	65437	66375	gene-Peve_00020412	0.3225806452	31
Porites_evermani_scaffold_274	70842	71811	gene-Peve_00020413	0	34
Porites_evermani_scaffold_274	78418	87018	gene-Peve_00020414	1.683366864	213
Porites_evermani_scaffold_274	88334	89202	gene-Peve_00020415	0	26
Porites_evermani_scaffold_274	95484	95943	gene-Peve_00020416	0	15
Porites_evermani_scaffold_274	99784	123082	gene-Peve_00020418	11.32134811	471
Porites_evermani_scaffold_274	129002	130243	gene-Peve_00020419	0.4329004286	21
Porites_evermani_scaffold_274	139444	143245	gene-Peve_00020421	62.90169765	46
Porites_evermani_scaffold_274	145414	152962	gene-Peve_00020422	24.56147942	112
Porites_evermani_scaffold_274	161895	162681	gene-Peve_00020423	0.4845295833	36
Porites_evermani_scaffold_274	171180	172129	gene-Peve_00020425	0	1
Porites_evermani_scaffold_274	183385	234969	gene-Peve_00020426	0.9411055278	845
Porites_evermani_scaffold_274	224520	225715	gene-Peve_00020427	0.3496503636	22
Porites_evermani_scaffold_274	235850	238317	gene-Peve_00020428	0.2479425	94
Porites_evermani_scaffold_274	239012	260221	gene-Peve_00020429	3.646540618	492
Porites_evermani_scaffold_274	270782	273339	gene-Peve_00020431	0	64
Porites_evermani_scaffold_274	278166	287732	gene-Peve_00020432	43.30186159	105
Porites_evermani_scaffold_274	294194	310654	gene-Peve_00020433	5.176010461	165
Porites_evermani_scaffold_274	311447	312419	gene-Peve_00020434	0	24
Porites_evermani_scaffold_2740	169	2431	gene-Peve_00020438	85.58080817	6
Porites_evermani_scaffold_2740	3684	14272	gene-Peve_00020444	9.247071328	67
Porites_evermani_scaffold_2740	16465	18942	gene-Peve_00020445	3.181818167	6
Porites_evermani_scaffold_2740	18940	21244	gene-Peve_00020439	95	2
Porites_evermani_scaffold_2740	23705	25336	gene-Peve_00020440	0	1
Porites_evermani_scaffold_2740	25603	35782	gene-Peve_00020441	3.35737175	16
Porites_evermani_scaffold_2740	35992	46730	gene-Peve_00020442	0	3
Porites_evermani_scaffold_2740	60133	64360	gene-Peve_00020443	68.055944	5
Porites_evermani_scaffold_2741	2	365	gene-Peve_00020446	.	0
Porites_evermani_scaffold_2741	2162	20552	gene-Peve_00020453	6.118282792	260
Porites_evermani_scaffold_2741	21490	30391	gene-Peve_00020454	48.23729535	72
Porites_evermani_scaffold_2741	32286	35671	gene-Peve_00020455	0.1851852	30
Porites_evermani_scaffold_2741	36643	51493	gene-Peve_00020447	7.066532854	198
Porites_evermani_scaffold_2741	37665	38589	gene-Peve_00020448	.	0
Porites_evermani_scaffold_2741	51850	53407	gene-Peve_00020450	23.28318739	28
Porites_evermani_scaffold_2741	61089	61835	gene-Peve_00020451	.	0
Porites_evermani_scaffold_2741	62776	64476	gene-Peve_00020452	.	0
Porites_evermani_scaffold_2742	3949	40483	gene-Peve_00020456	2.911255429	14
Porites_evermani_scaffold_2742	12392	29774	gene-Peve_00020459	1.1666667	10
Porites_evermani_scaffold_2742	40616	48617	gene-Peve_00020457	95	2
Porites_evermani_scaffold_2742	52083	64730	gene-Peve_00020458	0.6038721754	325
Porites_evermani_scaffold_2743	299	4226	gene-Peve_00020460	28.97217367	60
Porites_evermani_scaffold_2743	7696	8474	gene-Peve_00020466	0	2
Porites_evermani_scaffold_2743	10428	13138	gene-Peve_00020461	0.2127659574	47
Porites_evermani_scaffold_2743	19477	35595	gene-Peve_00020462	3.395208124	185
Porites_evermani_scaffold_2743	51294	53664	gene-Peve_00020464	0.5079796742	89
Porites_evermani_scaffold_2743	58059	59660	gene-Peve_00020465	0.7914695682	44
Porites_evermani_scaffold_2743	60249	61009	gene-Peve_00020463	0	20
Porites_evermani_scaffold_2744	2182	5482	gene-Peve_00020467	0.2697302727	55
Porites_evermani_scaffold_2744	9229	10285	gene-Peve_00020468	0	29
Porites_evermani_scaffold_2744	13811	18777	gene-Peve_00020469	54.72549567	73
Porites_evermani_scaffold_2744	19239	63657	gene-Peve_00020470	19.69127654	233
Porites_evermani_scaffold_2745	9266	10082	gene-Peve_00020477	.	0
Porites_evermani_scaffold_2745	19520	23019	gene-Peve_00020479	17.55116796	27
Porites_evermani_scaffold_2745	25195	34442	gene-Peve_00020480	64.28167727	81
Porites_evermani_scaffold_2745	36962	38234	gene-Peve_00020481	.	0
Porites_evermani_scaffold_2745	39035	46477	gene-Peve_00020471	59.94289418	28
Porites_evermani_scaffold_2745	46803	47493	gene-Peve_00020472	.	0
Porites_evermani_scaffold_2745	48549	52194	gene-Peve_00020473	62.63029491	33
Porites_evermani_scaffold_2745	52353	58266	gene-Peve_00020474	96.719697	20
Porites_evermani_scaffold_2745	61052	63629	gene-Peve_00020475	95	2
Porites_evermani_scaffold_2745	64098	64527	gene-Peve_00020476	0	5
Porites_evermani_scaffold_2746	5838	18127	gene-Peve_00020482	0.8742952791	86
Porites_evermani_scaffold_2746	20015	20429	gene-Peve_00020483	0	8
Porites_evermani_scaffold_2746	40625	41558	gene-Peve_00020485	2.361190111	18
Porites_evermani_scaffold_2747	4260	4602	gene-Peve_00020492	0	2
Porites_evermani_scaffold_2747	6872	14514	gene-Peve_00020494	0.3633069792	48
Porites_evermani_scaffold_2747	24876	26178	gene-Peve_00020486	0	1
Porites_evermani_scaffold_2747	30021	30656	gene-Peve_00020487	.	0
Porites_evermani_scaffold_2747	33521	37764	gene-Peve_00020488	33.71212125	12
Porites_evermani_scaffold_2747	40046	46061	gene-Peve_00020489	65.59803708	63
Porites_evermani_scaffold_2747	48342	50209	gene-Peve_00020490	44.49666675	20
Porites_evermani_scaffold_2747	57052	63820	gene-Peve_00020491	1.052491947	150
Porites_evermani_scaffold_2748	2818	9157	gene-Peve_00020495	7.35576925	16
Porites_evermani_scaffold_2748	11815	12184	gene-Peve_00020500	.	0
Porites_evermani_scaffold_2748	12657	19017	gene-Peve_00020501	77.43768392	50
Porites_evermani_scaffold_2748	20630	20984	gene-Peve_00020496	100	2
Porites_evermani_scaffold_2748	25911	31467	gene-Peve_00020497	88.934211	22
Porites_evermani_scaffold_2748	37756	43819	gene-Peve_00020498	70.71315157	23
Porites_evermani_scaffold_2748	43967	49589	gene-Peve_00020499	89.408284	13
Porites_evermani_scaffold_2749	11	7472	gene-Peve_00020502	35.70707067	3
Porites_evermani_scaffold_2749	7871	17402	gene-Peve_00020505	0.178571425	40
Porites_evermani_scaffold_2749	15448	16084	gene-Peve_00020506	0	1
Porites_evermani_scaffold_2749	20972	23246	gene-Peve_00020507	.	0
Porites_evermani_scaffold_2749	23713	31745	gene-Peve_00020508	47.53793574	31
Porites_evermani_scaffold_2749	30418	35287	gene-Peve_00020509	72	5
Porites_evermani_scaffold_2749	35608	49894	gene-Peve_00020503	8.559652695	141
Porites_evermani_scaffold_2749	51575	63667	gene-Peve_00020504	13.833625	17
Porites_evermani_scaffold_275	22656	77112	gene-Peve_00020523	1.148743985	1019
Porites_evermani_scaffold_275	91713	109150	gene-Peve_00020511	0.5440410742	431
Porites_evermani_scaffold_275	115371	157907	gene-Peve_00020512	5.25660851	492
Porites_evermani_scaffold_275	166196	170400	gene-Peve_00020513	49.80502729	31
Porites_evermani_scaffold_275	173642	178096	gene-Peve_00020514	0.1567398161	87
Porites_evermani_scaffold_275	181058	202034	gene-Peve_00020515	38.51130047	291
Porites_evermani_scaffold_275	202236	207271	gene-Peve_00020516	55.06633803	74
Porites_evermani_scaffold_275	216411	217314	gene-Peve_00020517	0.68571428	25
Porites_evermani_scaffold_275	225043	228474	gene-Peve_00020518	1.25167586	93
Porites_evermani_scaffold_275	247966	286765	gene-Peve_00020519	42.34269748	306
Porites_evermani_scaffold_275	289333	290404	gene-Peve_00020520	0.4784688947	19
Porites_evermani_scaffold_275	292942	309684	gene-Peve_00020521	14.98378688	121
Porites_evermani_scaffold_275	313743	318124	gene-Peve_00020522	36.28246763	8
Porites_evermani_scaffold_2750	3980	12330	gene-Peve_00020526	0.1774691389	108
Porites_evermani_scaffold_2750	60176	63737	gene-Peve_00020525	0	13
Porites_evermani_scaffold_2751	12424	26370	gene-Peve_00020530	0.4041848677	257
Porites_evermani_scaffold_2751	30463	31278	gene-Peve_00020531	0	10
Porites_evermani_scaffold_2751	49926	53763	gene-Peve_00020528	0.2303439865	74
Porites_evermani_scaffold_2751	57512	61565	gene-Peve_00020529	2.912193962	106
Porites_evermani_scaffold_2752	13	11145	gene-Peve_00020532	1.181373926	256
Porites_evermani_scaffold_2752	15591	16092	gene-Peve_00020534	0	20
Porites_evermani_scaffold_2752	17243	23429	gene-Peve_00020535	36.80157049	68
Porites_evermani_scaffold_2752	23568	42721	gene-Peve_00020536	22.67572003	403
Porites_evermani_scaffold_2752	42725	55884	gene-Peve_00020537	0.5996614082	267
Porites_evermani_scaffold_2752	61157	64254	gene-Peve_00020533	0	60
Porites_evermani_scaffold_2753	5236	14017	gene-Peve_00020538	79.66417307	43
Porites_evermani_scaffold_2753	21162	22611	gene-Peve_00020540	.	0
Porites_evermani_scaffold_2753	50461	60671	gene-Peve_00020539	0.48076925	16
Porites_evermani_scaffold_2754	22562	64153	gene-Peve_00020541	0.3724230946	370
Porites_evermani_scaffold_2754	50459	59391	gene-Peve_00020542	0.6416328257	109
Porites_evermani_scaffold_2755	2019	42713	gene-Peve_00020543	1.0924161	471
Porites_evermani_scaffold_2755	58588	61918	gene-Peve_00020544	0	34
Porites_evermani_scaffold_2756	8641	23505	gene-Peve_00020547	11.39388136	22
Porites_evermani_scaffold_2757	5987	7637	gene-Peve_00020556	0.9461787368	57
Porites_evermani_scaffold_2757	16654	18946	gene-Peve_00020549	50.89918163	43
Porites_evermani_scaffold_2757	20798	30890	gene-Peve_00020550	67.56311084	83
Porites_evermani_scaffold_2757	31185	41548	gene-Peve_00020551	57.89264904	102
Porites_evermani_scaffold_2757	45197	47451	gene-Peve_00020552	0.59655975	64
Porites_evermani_scaffold_2757	50455	52144	gene-Peve_00020553	0	33
Porites_evermani_scaffold_2757	53570	55009	gene-Peve_00020554	3.890846	19
Porites_evermani_scaffold_2757	55114	61639	gene-Peve_00020555	63.38783217	36
Porites_evermani_scaffold_2758	5570	7387	gene-Peve_00020557	0	17
Porites_evermani_scaffold_2758	58350	58797	gene-Peve_00020558	.	0
Porites_evermani_scaffold_2759	10008	32188	gene-Peve_00020562	13.74421045	101
Porites_evermani_scaffold_2759	55828	62023	gene-Peve_00020560	43.25917848	21
Porites_evermani_scaffold_2759	57036	58210	gene-Peve_00020561	.	0
Porites_evermani_scaffold_276	904	29765	gene-Peve_00020563	0.6386677043	470
Porites_evermani_scaffold_276	33414	33756	gene-Peve_00020575	0.3921568824	17
Porites_evermani_scaffold_276	36897	47666	gene-Peve_00020584	42.72860269	102
Porites_evermani_scaffold_276	48638	69532	gene-Peve_00020585	69.74862314	107
Porites_evermani_scaffold_276	70686	72288	gene-Peve_00020564	.	0
Porites_evermani_scaffold_276	80169	80709	gene-Peve_00020566	0.7880664737	19
Porites_evermani_scaffold_276	81323	106092	gene-Peve_00020565	50.90485213	356
Porites_evermani_scaffold_276	106814	111039	gene-Peve_00020567	61.07099818	45
Porites_evermani_scaffold_276	115477	122716	gene-Peve_00020568	65.42542625	79
Porites_evermani_scaffold_276	122678	133365	gene-Peve_00020569	31.1966588	56
Porites_evermani_scaffold_276	136672	153305	gene-Peve_00020570	19.92954134	238
Porites_evermani_scaffold_276	164001	174457	gene-Peve_00020571	0.1731513522	247
Porites_evermani_scaffold_276	181024	182077	gene-Peve_00020572	0	36
Porites_evermani_scaffold_276	185074	186670	gene-Peve_00020573	0.3846154	20
Porites_evermani_scaffold_276	193567	215506	gene-Peve_00020574	0.3411260046	439
Porites_evermani_scaffold_276	220695	231804	gene-Peve_00020576	0.4936377817	284
Porites_evermani_scaffold_276	241470	242336	gene-Peve_00020577	0	27
Porites_evermani_scaffold_276	242456	246237	gene-Peve_00020578	2.260317467	75
Porites_evermani_scaffold_276	252227	263805	gene-Peve_00020579	1.394730781	169
Porites_evermani_scaffold_276	264176	269077	gene-Peve_00020580	0	13
Porites_evermani_scaffold_276	270030	277790	gene-Peve_00020581	0.2885375478	115
Porites_evermani_scaffold_276	291164	312366	gene-Peve_00020582	2.631860032	470
Porites_evermani_scaffold_276	298382	303428	gene-Peve_00020583	11.12778225	80
Porites_evermani_scaffold_2760	4658	20269	gene-Peve_00020586	55.0660755	98
Porites_evermani_scaffold_2760	22081	25493	gene-Peve_00020589	0.3641756731	104
Porites_evermani_scaffold_2760	29938	39118	gene-Peve_00020590	1.090410724	127
Porites_evermani_scaffold_2760	40861	41509	gene-Peve_00020591	.	0
Porites_evermani_scaffold_2760	41908	42244	gene-Peve_00020587	.	0
Porites_evermani_scaffold_2760	49745	56235	gene-Peve_00020588	0.9057011921	151
Porites_evermani_scaffold_2761	8705	19868	gene-Peve_00020592	23.56026265	65
Porites_evermani_scaffold_2761	25878	48089	gene-Peve_00020593	29.34557268	59
Porites_evermani_scaffold_2761	48939	63981	gene-Peve_00020594	44.89692155	76
Porites_evermani_scaffold_2762	0	4521	gene-Peve_00020596	0	16
Porites_evermani_scaffold_2762	6004	12479	gene-Peve_00020600	0	109
Porites_evermani_scaffold_2762	20480	22379	gene-Peve_00020601	1.561819208	48
Porites_evermani_scaffold_2762	24074	26481	gene-Peve_00020602	2.395518574	54
Porites_evermani_scaffold_2762	32345	34589	gene-Peve_00020603	0.2522068033	61
Porites_evermani_scaffold_2762	37399	39692	gene-Peve_00020597	0.2469135926	54
Porites_evermani_scaffold_2762	54082	55456	gene-Peve_00020598	0.1838235294	34
Porites_evermani_scaffold_2762	57171	63708	gene-Peve_00020599	7.753010833	24
Porites_evermani_scaffold_2763	5751	9863	gene-Peve_00020604	0.3367003333	27
Porites_evermani_scaffold_2763	14694	15459	gene-Peve_00020606	0.2849002963	27
Porites_evermani_scaffold_2763	19064	28311	gene-Peve_00020607	0.4888573962	159
Porites_evermani_scaffold_2763	53940	54753	gene-Peve_00020605	.	0
Porites_evermani_scaffold_2764	5716	49238	gene-Peve_00020608	0.4101720222	809
Porites_evermani_scaffold_2764	49819	50985	gene-Peve_00020609	.	0
Porites_evermani_scaffold_2764	53473	62366	gene-Peve_00020610	25.58670257	109
Porites_evermani_scaffold_2766	89	23043	gene-Peve_00020611	1.251224088	703
Porites_evermani_scaffold_2766	23095	26396	gene-Peve_00020612	0	12
Porites_evermani_scaffold_2766	29623	42193	gene-Peve_00020614	1.210167712	313
Porites_evermani_scaffold_2766	43671	46086	gene-Peve_00020613	0.5940640513	39
Porites_evermani_scaffold_2766	46375	49675	gene-Peve_00020615	0	10
Porites_evermani_scaffold_2767	1361	18820	gene-Peve_00020617	89.7372005	6
Porites_evermani_scaffold_2767	22553	43126	gene-Peve_00020618	0.06228201345	223
Porites_evermani_scaffold_2767	23736	24024	gene-Peve_00020619	.	0
Porites_evermani_scaffold_2767	48597	61103	gene-Peve_00020616	2.587716379	206
Porites_evermani_scaffold_2768	13807	14314	gene-Peve_00020620	1.09546313	23
Porites_evermani_scaffold_2768	25967	31048	gene-Peve_00020622	78.07359312	16
Porites_evermani_scaffold_2768	41197	45725	gene-Peve_00020621	0.552567806	67
Porites_evermani_scaffold_2768	56540	60046	gene-Peve_00020623	6.687513512	43
Porites_evermani_scaffold_2768	60834	62196	gene-Peve_00020624	0.1194743226	31
Porites_evermani_scaffold_2769	2812	3171	gene-Peve_00020625	.	0
Porites_evermani_scaffold_2769	14089	23143	gene-Peve_00020632	0.7867712466	219
Porites_evermani_scaffold_2769	24432	30496	gene-Peve_00020626	0.7970629076	119
Porites_evermani_scaffold_2769	34750	38979	gene-Peve_00020627	0.5882352941	34
Porites_evermani_scaffold_2769	39944	41324	gene-Peve_00020628	0	1
Porites_evermani_scaffold_2769	43037	45262	gene-Peve_00020629	0.8333333333	12
Porites_evermani_scaffold_2769	47194	50686	gene-Peve_00020630	0.5347593529	17
Porites_evermani_scaffold_2769	57381	64113	gene-Peve_00020631	0.1193755758	132
Porites_evermani_scaffold_277	3118	3511	gene-Peve_00020633	.	0
Porites_evermani_scaffold_277	64624	65095	gene-Peve_00020643	31.590909	2
Porites_evermani_scaffold_277	68199	68520	gene-Peve_00020648	.	0
Porites_evermani_scaffold_277	73780	111241	gene-Peve_00020651	26.00215458	561
Porites_evermani_scaffold_277	117973	122080	gene-Peve_00020654	.	0
Porites_evermani_scaffold_277	137753	143403	gene-Peve_00020634	0.2877076364	143
Porites_evermani_scaffold_277	149128	152628	gene-Peve_00020635	40.65924206	35
Porites_evermani_scaffold_277	162132	163576	gene-Peve_00020636	.	0
Porites_evermani_scaffold_277	171999	187740	gene-Peve_00020638	25.23699056	189
Porites_evermani_scaffold_277	202594	207852	gene-Peve_00020640	0.662449913	92
Porites_evermani_scaffold_277	203765	219590	gene-Peve_00020641	19.66844403	95
Porites_evermani_scaffold_277	232220	234634	gene-Peve_00020642	0.2008502162	74
Porites_evermani_scaffold_277	258223	264097	gene-Peve_00020644	.	0
Porites_evermani_scaffold_277	266560	266875	gene-Peve_00020645	.	0
Porites_evermani_scaffold_277	267392	269855	gene-Peve_00020646	14	5
Porites_evermani_scaffold_277	276024	278275	gene-Peve_00020647	.	0
Porites_evermani_scaffold_277	282306	285337	gene-Peve_00020649	31.21878195	39
Porites_evermani_scaffold_277	285474	286938	gene-Peve_00020650	32.86911041	51
Porites_evermani_scaffold_277	294604	300567	gene-Peve_00020652	26.5924626	10
Porites_evermani_scaffold_277	307861	319717	gene-Peve_00020653	39.80034457	23
Porites_evermani_scaffold_2770	14613	27334	gene-Peve_00020655	0.3758784653	288
Porites_evermani_scaffold_2770	15665	18220	gene-Peve_00020656	0.1909905205	73
Porites_evermani_scaffold_2770	38059	44402	gene-Peve_00020657	1.116350328	128
Porites_evermani_scaffold_2770	44506	63403	gene-Peve_00020658	22.93901825	103
Porites_evermani_scaffold_2771	13384	14131	gene-Peve_00020663	52.90404033	6
Porites_evermani_scaffold_2771	18532	24747	gene-Peve_00020666	68.37511441	37
Porites_evermani_scaffold_2771	27926	32603	gene-Peve_00020667	57.5547786	10
Porites_evermani_scaffold_2771	43685	44123	gene-Peve_00020659	32.19835733	9
Porites_evermani_scaffold_2771	44548	45424	gene-Peve_00020660	37.54789382	17
Porites_evermani_scaffold_2771	49248	50141	gene-Peve_00020661	59.53280533	15
Porites_evermani_scaffold_2771	57304	58236	gene-Peve_00020664	59.08116233	15
Porites_evermani_scaffold_2771	60059	61280	gene-Peve_00020665	48.82165186	22
Porites_evermani_scaffold_2772	33295	34853	gene-Peve_00020670	.	0
Porites_evermani_scaffold_2772	45204	46515	gene-Peve_00020669	.	0
Porites_evermani_scaffold_2774	8820	32555	gene-Peve_00020671	0.4397260886	158
Porites_evermani_scaffold_2774	41343	42006	gene-Peve_00020672	.	0
Porites_evermani_scaffold_2774	43778	47197	gene-Peve_00020673	.	0
Porites_evermani_scaffold_2774	56749	59330	gene-Peve_00020674	0.1050420294	34
Porites_evermani_scaffold_2775	10367	12550	gene-Peve_00020676	.	0
Porites_evermani_scaffold_2775	18239	54726	gene-Peve_00020675	9.371244644	160
Porites_evermani_scaffold_2775	56920	57256	gene-Peve_00020677	0	8
Porites_evermani_scaffold_2776	13760	14417	gene-Peve_00020679	1.522414478	46
Porites_evermani_scaffold_2776	16112	20084	gene-Peve_00020680	5.760848344	90
Porites_evermani_scaffold_2776	20529	21051	gene-Peve_00020682	2.08333325	4
Porites_evermani_scaffold_2776	27811	38253	gene-Peve_00020683	0.8975153974	307
Porites_evermani_scaffold_2776	46115	61807	gene-Peve_00020686	1.353491975	522
Porites_evermani_scaffold_2776	48091	48484	gene-Peve_00020687	0	17
Porites_evermani_scaffold_2776	57773	58538	gene-Peve_00020688	7.16187365	20
Porites_evermani_scaffold_2776	58809	60197	gene-Peve_00020689	4.216433915	47
Porites_evermani_scaffold_2777	1806	8460	gene-Peve_00020690	63.67790424	115
Porites_evermani_scaffold_2777	16214	17509	gene-Peve_00020693	0	45
Porites_evermani_scaffold_2777	20320	44070	gene-Peve_00020694	20.8686822	298
Porites_evermani_scaffold_2777	46488	47011	gene-Peve_00020695	.	0
Porites_evermani_scaffold_2777	51431	55985	gene-Peve_00020696	0.1176470588	85
Porites_evermani_scaffold_2777	57926	62261	gene-Peve_00020691	71.64198034	58
Porites_evermani_scaffold_2777	63206	63914	gene-Peve_00020692	59.35394763	16
Porites_evermani_scaffold_2778	227	4220	gene-Peve_00020697	11.26099706	31
Porites_evermani_scaffold_2778	10704	14912	gene-Peve_00020700	.	0
Porites_evermani_scaffold_2778	31767	32262	gene-Peve_00020698	4.228845125	24
Porites_evermani_scaffold_2778	53582	63456	gene-Peve_00020699	53.89623641	22
Porites_evermani_scaffold_2779	6520	6934	gene-Peve_00020701	0.6993007273	11
Porites_evermani_scaffold_2779	14523	15021	gene-Peve_00020706	0	21
Porites_evermani_scaffold_2779	16676	17096	gene-Peve_00020707	0	5
Porites_evermani_scaffold_2779	21825	22338	gene-Peve_00020708	0.625	16
Porites_evermani_scaffold_2779	25261	25756	gene-Peve_00020709	.	0
Porites_evermani_scaffold_2779	29446	31499	gene-Peve_00020710	23.20407003	29
Porites_evermani_scaffold_2779	32813	33311	gene-Peve_00020702	.	0
Porites_evermani_scaffold_2779	43168	48468	gene-Peve_00020703	0.4340041813	171
Porites_evermani_scaffold_2779	51464	57076	gene-Peve_00020704	2.358871431	181
Porites_evermani_scaffold_2779	60917	61406	gene-Peve_00020705	0	13
Porites_evermani_scaffold_278	9875	12292	gene-Peve_00020714	11.79703963	8
Porites_evermani_scaffold_278	25021	25585	gene-Peve_00020711	.	0
Porites_evermani_scaffold_278	29715	30267	gene-Peve_00020716	.	0
Porites_evermani_scaffold_278	46520	47204	gene-Peve_00020717	.	0
Porites_evermani_scaffold_278	54591	54987	gene-Peve_00020718	.	0
Porites_evermani_scaffold_278	60519	108332	gene-Peve_00020719	4.819600232	82
Porites_evermani_scaffold_278	167496	171994	gene-Peve_00020720	.	0
Porites_evermani_scaffold_278	184898	185339	gene-Peve_00020721	.	0
Porites_evermani_scaffold_278	185981	194457	gene-Peve_00020722	0	69
Porites_evermani_scaffold_278	205465	226841	gene-Peve_00020723	0.6251421753	97
Porites_evermani_scaffold_278	242173	244094	gene-Peve_00020724	0	3
Porites_evermani_scaffold_278	264623	264992	gene-Peve_00020725	0	4
Porites_evermani_scaffold_278	269689	270576	gene-Peve_00020726	0	3
Porites_evermani_scaffold_278	279673	280036	gene-Peve_00020727	2.242332833	12
Porites_evermani_scaffold_278	284005	319149	gene-Peve_00020728	1.10583501	193
Porites_evermani_scaffold_2780	2	13766	gene-Peve_00020731	58.74053011	214
Porites_evermani_scaffold_2780	17665	28310	gene-Peve_00020733	0.3207164764	233
Porites_evermani_scaffold_2780	43697	44276	gene-Peve_00020734	0	3
Porites_evermani_scaffold_2780	57981	58812	gene-Peve_00020732	0	8
Porites_evermani_scaffold_2781	5233	7463	gene-Peve_00020743	3.176167273	33
Porites_evermani_scaffold_2781	10710	14072	gene-Peve_00020736	3.346653353	17
Porites_evermani_scaffold_2781	16158	19626	gene-Peve_00020735	6.060606	3
Porites_evermani_scaffold_2781	19647	19968	gene-Peve_00020737	.	0
Porites_evermani_scaffold_2781	22905	36214	gene-Peve_00020738	8.994709	9
Porites_evermani_scaffold_2781	39262	41332	gene-Peve_00020740	.	0
Porites_evermani_scaffold_2782	26031	27745	gene-Peve_00020749	0	8
Porites_evermani_scaffold_2782	35949	37497	gene-Peve_00020750	.	0
Porites_evermani_scaffold_2782	38245	40406	gene-Peve_00020744	.	0
Porites_evermani_scaffold_2782	40554	45056	gene-Peve_00020745	.	0
Porites_evermani_scaffold_2782	52226	53297	gene-Peve_00020747	24.2930402	5
Porites_evermani_scaffold_2782	53333	53642	gene-Peve_00020746	.	0
Porites_evermani_scaffold_2782	53985	56545	gene-Peve_00020748	.	0
Porites_evermani_scaffold_2783	8	11488	gene-Peve_00020751	0.4182754054	37
Porites_evermani_scaffold_2783	14940	16359	gene-Peve_00020753	0	5
Porites_evermani_scaffold_2783	32709	33057	gene-Peve_00020755	0	14
Porites_evermani_scaffold_2783	33168	51699	gene-Peve_00020754	0.09867583333	132
Porites_evermani_scaffold_2783	60194	60557	gene-Peve_00020752	.	0
Porites_evermani_scaffold_2784	22722	23731	gene-Peve_00020759	0	39
Porites_evermani_scaffold_2784	30683	31749	gene-Peve_00020756	0.8333333333	15
Porites_evermani_scaffold_2784	35596	36322	gene-Peve_00020757	0	12
Porites_evermani_scaffold_2784	45469	54207	gene-Peve_00020758	0.2775309533	107
Porites_evermani_scaffold_2785	8251	15999	gene-Peve_00020764	1.817597597	124
Porites_evermani_scaffold_2785	24421	27343	gene-Peve_00020761	1.248530276	58
Porites_evermani_scaffold_2785	30582	44879	gene-Peve_00020763	0.4926123796	245
Porites_evermani_scaffold_2785	46342	63000	gene-Peve_00020762	0.4131111762	437
Porites_evermani_scaffold_2786	5339	6890	gene-Peve_00020765	.	0
Porites_evermani_scaffold_2786	12747	15901	gene-Peve_00020766	0	4
Porites_evermani_scaffold_2786	18178	20236	gene-Peve_00020767	.	0
Porites_evermani_scaffold_2787	1281	7077	gene-Peve_00020768	0.8565307162	74
Porites_evermani_scaffold_2787	10056	10893	gene-Peve_00020769	0.4524887059	17
Porites_evermani_scaffold_2787	15428	16673	gene-Peve_00020770	0	51
Porites_evermani_scaffold_2787	19146	19455	gene-Peve_00020771	.	0
Porites_evermani_scaffold_2787	29268	31660	gene-Peve_00020772	0	33
Porites_evermani_scaffold_2787	32168	61088	gene-Peve_00020773	1.943243015	463
Porites_evermani_scaffold_2788	9242	10352	gene-Peve_00020774	0	19
Porites_evermani_scaffold_2788	18631	18955	gene-Peve_00020777	0	2
Porites_evermani_scaffold_2788	39237	46484	gene-Peve_00020778	4.488826892	37
Porites_evermani_scaffold_2788	54797	58664	gene-Peve_00020779	1.139907098	61
Porites_evermani_scaffold_2788	55418	57487	gene-Peve_00020775	0.5895308571	35
Porites_evermani_scaffold_2788	62143	62539	gene-Peve_00020776	.	0
Porites_evermani_scaffold_2789	2197	7893	gene-Peve_00020780	50.55076997	39
Porites_evermani_scaffold_2789	11763	25236	gene-Peve_00020781	1.723956432	454
Porites_evermani_scaffold_2789	47955	61754	gene-Peve_00020782	10.11007883	165
Porites_evermani_scaffold_279	2890	3886	gene-Peve_00020783	0	1
Porites_evermani_scaffold_279	4011	6942	gene-Peve_00020789	46.4285715	2
Porites_evermani_scaffold_279	7515	26986	gene-Peve_00020794	67.92665931	203
Porites_evermani_scaffold_279	27807	29016	gene-Peve_00020796	27.47252743	7
Porites_evermani_scaffold_279	33662	50709	gene-Peve_00020798	0.7845102622	267
Porites_evermani_scaffold_279	42127	45481	gene-Peve_00020802	.	0
Porites_evermani_scaffold_279	52782	55449	gene-Peve_00020804	0.5741720617	81
Porites_evermani_scaffold_279	56167	61179	gene-Peve_00020805	0.5380957143	126
Porites_evermani_scaffold_279	71139	76540	gene-Peve_00020784	82.74949791	111
Porites_evermani_scaffold_279	88981	93527	gene-Peve_00020785	0.4328455517	87
Porites_evermani_scaffold_279	94924	97947	gene-Peve_00020786	2.464318553	76
Porites_evermani_scaffold_279	103860	105773	gene-Peve_00020787	0.15384616	50
Porites_evermani_scaffold_279	112605	116720	gene-Peve_00020788	2.06060605	60
Porites_evermani_scaffold_279	124108	130727	gene-Peve_00020790	0.5554433375	80
Porites_evermani_scaffold_279	131258	132542	gene-Peve_00020791	.	0
Porites_evermani_scaffold_279	136405	143651	gene-Peve_00020792	0.2044865578	147
Porites_evermani_scaffold_279	168330	172164	gene-Peve_00020793	1.005759284	67
Porites_evermani_scaffold_279	183808	186110	gene-Peve_00020795	45.11492811	37
Porites_evermani_scaffold_279	196189	197107	gene-Peve_00020797	0	29
Porites_evermani_scaffold_279	248580	256489	gene-Peve_00020800	0.7523862304	204
Porites_evermani_scaffold_279	257958	282072	gene-Peve_00020801	3.87508597	427
Porites_evermani_scaffold_279	282325	305117	gene-Peve_00020803	25.72711791	198
Porites_evermani_scaffold_2790	16448	18340	gene-Peve_00020806	57.7651515	4
Porites_evermani_scaffold_2790	23472	26905	gene-Peve_00020808	.	0
Porites_evermani_scaffold_2791	9754	10524	gene-Peve_00020810	.	0
Porites_evermani_scaffold_2791	18834	21155	gene-Peve_00020814	.	0
Porites_evermani_scaffold_2791	35427	35814	gene-Peve_00020815	.	0
Porites_evermani_scaffold_2791	56683	62955	gene-Peve_00020813	.	0
Porites_evermani_scaffold_2792	2480	5205	gene-Peve_00020816	0	15
Porites_evermani_scaffold_2792	11786	23751	gene-Peve_00020820	49.60574352	48
Porites_evermani_scaffold_2792	24426	28535	gene-Peve_00020821	0.2164502208	77
Porites_evermani_scaffold_2792	30799	34251	gene-Peve_00020822	63.14898971	21
Porites_evermani_scaffold_2792	34454	38312	gene-Peve_00020823	24.01858009	32
Porites_evermani_scaffold_2792	38782	39220	gene-Peve_00020817	56.3352825	6
Porites_evermani_scaffold_2792	41425	42790	gene-Peve_00020818	10.82537148	29
Porites_evermani_scaffold_2792	42958	56192	gene-Peve_00020819	0.6363636333	30
Porites_evermani_scaffold_2793	2717	31697	gene-Peve_00020824	6.857078337	300
Porites_evermani_scaffold_2793	33045	33567	gene-Peve_00020825	.	0
Porites_evermani_scaffold_2793	44135	56848	gene-Peve_00020826	0.6583072069	29
Porites_evermani_scaffold_2794	2703	6737	gene-Peve_00020828	0.6849848409	176
Porites_evermani_scaffold_2794	22981	45228	gene-Peve_00020827	2.523319125	528
Porites_evermani_scaffold_2794	55882	56287	gene-Peve_00020830	0	16
Porites_evermani_scaffold_2795	7390	9381	gene-Peve_00020831	0.1754385965	57
Porites_evermani_scaffold_2795	20572	25034	gene-Peve_00020833	1.055576537	123
Porites_evermani_scaffold_2795	39449	40004	gene-Peve_00020836	.	0
Porites_evermani_scaffold_2795	47065	55962	gene-Peve_00020832	78.46252528	78
Porites_evermani_scaffold_2796	271	9043	gene-Peve_00020837	.	0
Porites_evermani_scaffold_2796	11987	13401	gene-Peve_00020839	0.2840909062	32
Porites_evermani_scaffold_2796	19878	21230	gene-Peve_00020840	0.1838235313	32
Porites_evermani_scaffold_2796	28735	34912	gene-Peve_00020841	20.23235617	63
Porites_evermani_scaffold_2796	36272	59031	gene-Peve_00020842	0.4704590557	449
Porites_evermani_scaffold_2796	60502	62245	gene-Peve_00020838	72.71284267	3
Porites_evermani_scaffold_2797	1	12329	gene-Peve_00020844	1.158257532	171
Porites_evermani_scaffold_2797	12782	23514	gene-Peve_00020843	0.3122865984	127
Porites_evermani_scaffold_2797	26631	31030	gene-Peve_00020847	0.4963416667	111
Porites_evermani_scaffold_2797	38633	47924	gene-Peve_00020848	0.4499944513	195
Porites_evermani_scaffold_2797	62504	63071	gene-Peve_00020845	2.859093563	16
Porites_evermani_scaffold_2798	27820	28228	gene-Peve_00020849	.	0
Porites_evermani_scaffold_2798	31811	42091	gene-Peve_00020850	.	0
Porites_evermani_scaffold_2798	58113	59352	gene-Peve_00020852	.	0
Porites_evermani_scaffold_2799	1219	5272	gene-Peve_00020853	0.3184001667	90
Porites_evermani_scaffold_2799	9677	58803	gene-Peve_00020854	0.9112785664	1144
Porites_evermani_scaffold_28	14927	17220	gene-Peve_00020898	2.276441535	43
Porites_evermani_scaffold_28	37082	37676	gene-Peve_00020855	0.78431375	16
Porites_evermani_scaffold_28	47432	47643	gene-Peve_00020860	0	6
Porites_evermani_scaffold_28	66210	75374	gene-Peve_00020865	33.96736433	192
Porites_evermani_scaffold_28	89174	89921	gene-Peve_00020880	4.9089882	20
Porites_evermani_scaffold_28	101344	167982	gene-Peve_00020896	2.153195652	1619
Porites_evermani_scaffold_28	105949	116740	gene-Peve_00020897	3.276882557	194
Porites_evermani_scaffold_28	109898	111189	gene-Peve_00020899	8.896166324	34
Porites_evermani_scaffold_28	164920	166231	gene-Peve_00020902	0.265252	29
Porites_evermani_scaffold_28	175602	177024	gene-Peve_00020905	5.516388429	7
Porites_evermani_scaffold_28	179659	180774	gene-Peve_00020908	0	11
Porites_evermani_scaffold_28	182840	184121	gene-Peve_00020910	2.66517725	16
Porites_evermani_scaffold_28	186158	190166	gene-Peve_00020911	1.000467944	54
Porites_evermani_scaffold_28	195173	198979	gene-Peve_00020912	3.224835034	29
Porites_evermani_scaffold_28	205212	205896	gene-Peve_00020915	0	12
Porites_evermani_scaffold_28	211860	212577	gene-Peve_00020856	2.4348965	32
Porites_evermani_scaffold_28	213306	213762	gene-Peve_00020857	1.0185185	18
Porites_evermani_scaffold_28	228536	232742	gene-Peve_00020858	36.16246875	97
Porites_evermani_scaffold_28	238495	262304	gene-Peve_00020859	77.32934273	312
Porites_evermani_scaffold_28	249552	250344	gene-Peve_00020861	.	0
Porites_evermani_scaffold_28	262377	265623	gene-Peve_00020862	72.95455856	63
Porites_evermani_scaffold_28	271637	342467	gene-Peve_00020863	4.185711463	1493
Porites_evermani_scaffold_28	286814	288826	gene-Peve_00020864	0.2239160781	64
Porites_evermani_scaffold_28	296675	297228	gene-Peve_00020866	2.105263158	19
Porites_evermani_scaffold_28	349651	350038	gene-Peve_00020869	0.7692308	10
Porites_evermani_scaffold_28	355328	389169	gene-Peve_00020868	27.39693441	594
Porites_evermani_scaffold_28	387631	406003	gene-Peve_00020870	64.88927561	381
Porites_evermani_scaffold_28	415000	442143	gene-Peve_00020871	24.87815664	559
Porites_evermani_scaffold_28	450169	472228	gene-Peve_00020872	45.59492865	352
Porites_evermani_scaffold_28	472920	476132	gene-Peve_00020873	0	96
Porites_evermani_scaffold_28	484021	526369	gene-Peve_00020874	0.7984105725	1179
Porites_evermani_scaffold_28	490543	492841	gene-Peve_00020875	0.2982320339	59
Porites_evermani_scaffold_28	533590	537543	gene-Peve_00020876	0.5955336957	138
Porites_evermani_scaffold_28	541107	616786	gene-Peve_00020879	1.910456115	1794
Porites_evermani_scaffold_28	665300	666647	gene-Peve_00020878	0.7692307826	23
Porites_evermani_scaffold_28	677752	679497	gene-Peve_00020881	0	21
Porites_evermani_scaffold_28	683439	684911	gene-Peve_00020882	0	14
Porites_evermani_scaffold_28	693689	697112	gene-Peve_00020883	0.7619413171	82
Porites_evermani_scaffold_28	699346	700306	gene-Peve_00020884	0.4081632571	35
Porites_evermani_scaffold_28	711283	712998	gene-Peve_00020885	0.4457953404	47
Porites_evermani_scaffold_28	748540	781050	gene-Peve_00020886	38.35724256	660
Porites_evermani_scaffold_28	789151	804875	gene-Peve_00020888	26.18267146	280
Porites_evermani_scaffold_28	804913	820921	gene-Peve_00020889	23.45788064	281
Porites_evermani_scaffold_28	823092	845641	gene-Peve_00020890	41.57636517	326
Porites_evermani_scaffold_28	846466	847783	gene-Peve_00020891	0.3337725152	33
Porites_evermani_scaffold_28	854547	855864	gene-Peve_00020892	0	12
Porites_evermani_scaffold_28	862389	863730	gene-Peve_00020893	2.528290625	40
Porites_evermani_scaffold_28	865748	866486	gene-Peve_00020894	0.85	25
Porites_evermani_scaffold_28	877374	877953	gene-Peve_00020895	0	5
Porites_evermani_scaffold_280	3287	5943	gene-Peve_00020916	85.94017083	6
Porites_evermani_scaffold_280	8955	11271	gene-Peve_00020929	.	0
Porites_evermani_scaffold_280	15019	20910	gene-Peve_00020938	81.54372575	32
Porites_evermani_scaffold_280	24815	25789	gene-Peve_00020917	0.7936507778	9
Porites_evermani_scaffold_280	26800	60610	gene-Peve_00020918	0.8694646272	751
Porites_evermani_scaffold_280	65147	73779	gene-Peve_00020919	48.84368838	104
Porites_evermani_scaffold_280	74143	78478	gene-Peve_00020920	48.42131643	47
Porites_evermani_scaffold_280	81423	86846	gene-Peve_00020921	2.017407319	160
Porites_evermani_scaffold_280	107179	109081	gene-Peve_00020923	.	0
Porites_evermani_scaffold_280	128085	128829	gene-Peve_00020924	0	5
Porites_evermani_scaffold_280	128963	130047	gene-Peve_00020925	0	3
Porites_evermani_scaffold_280	131589	131934	gene-Peve_00020926	1.361018217	23
Porites_evermani_scaffold_280	153326	167610	gene-Peve_00020927	10.85627848	253
Porites_evermani_scaffold_280	169611	177613	gene-Peve_00020928	27.76692298	117
Porites_evermani_scaffold_280	181558	183952	gene-Peve_00020930	0.2392344474	38
Porites_evermani_scaffold_280	191731	194656	gene-Peve_00020931	0.3132832048	83
Porites_evermani_scaffold_280	220469	221279	gene-Peve_00020932	2.035050833	30
Porites_evermani_scaffold_280	231925	236189	gene-Peve_00020933	0.6921664272	103
Porites_evermani_scaffold_280	249177	252353	gene-Peve_00020934	0.6721056795	78
Porites_evermani_scaffold_280	288814	305594	gene-Peve_00020935	0.9209970523	344
Porites_evermani_scaffold_280	290846	300371	gene-Peve_00020936	0.1149235049	206
Porites_evermani_scaffold_280	315066	318546	gene-Peve_00020937	0	21
Porites_evermani_scaffold_2800	2	4897	gene-Peve_00020939	0.06230529907	107
Porites_evermani_scaffold_2800	9946	15032	gene-Peve_00020940	0.3859574788	165
Porites_evermani_scaffold_2800	28508	34382	gene-Peve_00020941	0.2669895641	117
Porites_evermani_scaffold_2801	7648	13650	gene-Peve_00020943	0.9819571818	132
Porites_evermani_scaffold_2801	29905	31744	gene-Peve_00020944	25.62633603	62
Porites_evermani_scaffold_2801	43780	63023	gene-Peve_00020942	57.95413018	154
Porites_evermani_scaffold_2802	348	29029	gene-Peve_00020945	7.124136948	672
Porites_evermani_scaffold_2802	32819	34321	gene-Peve_00020948	0.3125	32
Porites_evermani_scaffold_2802	37382	45044	gene-Peve_00020949	0.2272727273	176
Porites_evermani_scaffold_2802	40046	40904	gene-Peve_00020950	1.875	16
Porites_evermani_scaffold_2802	50485	60361	gene-Peve_00020946	0.3243564254	181
Porites_evermani_scaffold_2803	6159	6663	gene-Peve_00020951	.	0
Porites_evermani_scaffold_2804	44866	45322	gene-Peve_00020953	0	18
Porites_evermani_scaffold_2804	57987	61475	gene-Peve_00020955	1.413460143	28
Porites_evermani_scaffold_2805	3106	3700	gene-Peve_00020956	.	0
Porites_evermani_scaffold_2805	22350	22755	gene-Peve_00020958	.	0
Porites_evermani_scaffold_2805	29913	30318	gene-Peve_00020959	.	0
Porites_evermani_scaffold_2805	33875	38848	gene-Peve_00020960	.	0
Porites_evermani_scaffold_2805	48860	62955	gene-Peve_00020957	0.8795498309	272
Porites_evermani_scaffold_2806	9029	9431	gene-Peve_00020962	.	0
Porites_evermani_scaffold_2806	17456	20967	gene-Peve_00020961	.	0
Porites_evermani_scaffold_2806	36850	37264	gene-Peve_00020963	.	0
Porites_evermani_scaffold_2807	2	4409	gene-Peve_00020966	0.1400560196	51
Porites_evermani_scaffold_2807	33144	37655	gene-Peve_00020967	0.7496186466	116
Porites_evermani_scaffold_2807	54975	60831	gene-Peve_00020968	0.6149910686	102
Porites_evermani_scaffold_2808	3511	17964	gene-Peve_00020969	0.3491856293	294
Porites_evermani_scaffold_2808	22681	28943	gene-Peve_00020970	0	119
Porites_evermani_scaffold_2808	33337	37978	gene-Peve_00020972	0.07911392405	79
Porites_evermani_scaffold_2808	41588	50906	gene-Peve_00020971	0.3121823229	192
Porites_evermani_scaffold_2808	53822	61615	gene-Peve_00020973	3.32075011	209
Porites_evermani_scaffold_2809	1563	18732	gene-Peve_00020974	28.23319891	92
Porites_evermani_scaffold_2809	18893	24280	gene-Peve_00020975	80.95348656	95
Porites_evermani_scaffold_2809	37505	41986	gene-Peve_00020976	62.97445066	29
Porites_evermani_scaffold_2809	52197	55188	gene-Peve_00020977	0.5194805143	35
Porites_evermani_scaffold_281	6288	12509	gene-Peve_00020978	88.35705427	26
Porites_evermani_scaffold_281	15430	22205	gene-Peve_00020983	41.68417956	18
Porites_evermani_scaffold_281	24069	24912	gene-Peve_00020985	29.61668874	19
Porites_evermani_scaffold_281	25254	29404	gene-Peve_00020987	56.73917655	58
Porites_evermani_scaffold_281	39994	42208	gene-Peve_00020997	0.6060606	15
Porites_evermani_scaffold_281	44813	70914	gene-Peve_00020979	0.1234567901	81
Porites_evermani_scaffold_281	87460	89711	gene-Peve_00020980	1.474985027	74
Porites_evermani_scaffold_281	92903	122251	gene-Peve_00020981	0.7372809363	565
Porites_evermani_scaffold_281	94887	96424	gene-Peve_00020982	0.3246753214	28
Porites_evermani_scaffold_281	138149	139562	gene-Peve_00020984	0	48
Porites_evermani_scaffold_281	164817	166152	gene-Peve_00020986	0.14285714	50
Porites_evermani_scaffold_281	197120	198572	gene-Peve_00020989	0.3349282281	57
Porites_evermani_scaffold_281	204632	210180	gene-Peve_00020988	80.543111	36
Porites_evermani_scaffold_281	215604	221085	gene-Peve_00020990	75.91459126	34
Porites_evermani_scaffold_281	221292	222570	gene-Peve_00020991	0	5
Porites_evermani_scaffold_281	226923	228180	gene-Peve_00020992	38.62899007	14
Porites_evermani_scaffold_281	234488	238052	gene-Peve_00020993	2.912128537	41
Porites_evermani_scaffold_281	249969	293556	gene-Peve_00020994	0.3899984337	747
Porites_evermani_scaffold_281	296539	313295	gene-Peve_00020995	19.17575184	320
Porites_evermani_scaffold_2810	3311	12460	gene-Peve_00020998	4.040404056	18
Porites_evermani_scaffold_2810	17908	25637	gene-Peve_00020999	4.482758621	29
Porites_evermani_scaffold_2810	26517	46768	gene-Peve_00021000	20.85851165	141
Porites_evermani_scaffold_2810	47452	56760	gene-Peve_00021001	70.51290856	106
Porites_evermani_scaffold_2811	1419	2888	gene-Peve_00021002	0	7
Porites_evermani_scaffold_2811	15377	18399	gene-Peve_00021003	0.1063829787	94
Porites_evermani_scaffold_2811	22280	42245	gene-Peve_00021004	19.60480004	277
Porites_evermani_scaffold_2811	45429	58265	gene-Peve_00021005	0.5888144684	269
Porites_evermani_scaffold_2811	61590	62752	gene-Peve_00021006	16.42211953	30
Porites_evermani_scaffold_2812	2111	6315	gene-Peve_00021007	0	19
Porites_evermani_scaffold_2812	10092	10542	gene-Peve_00021010	.	0
Porites_evermani_scaffold_2812	11873	18378	gene-Peve_00021011	16.25920647	15
Porites_evermani_scaffold_2812	21703	28458	gene-Peve_00021012	61.58891732	158
Porites_evermani_scaffold_2812	33357	43531	gene-Peve_00021008	4.203790583	103
Porites_evermani_scaffold_2812	43758	61319	gene-Peve_00021009	48.50199483	54
Porites_evermani_scaffold_2813	667	7105	gene-Peve_00021013	28.991379	27
Porites_evermani_scaffold_2813	13395	15696	gene-Peve_00021016	0	2
Porites_evermani_scaffold_2813	26202	28535	gene-Peve_00021017	0	2
Porites_evermani_scaffold_2813	49548	56114	gene-Peve_00021014	0.4861995294	153
Porites_evermani_scaffold_2814	3502	7749	gene-Peve_00021020	.	0
Porites_evermani_scaffold_2814	32293	36560	gene-Peve_00021019	0.6455013679	106
Porites_evermani_scaffold_2815	15041	15488	gene-Peve_00021022	4.347826	2
Porites_evermani_scaffold_2815	24394	24748	gene-Peve_00021023	0	3
Porites_evermani_scaffold_2815	29422	29776	gene-Peve_00021024	.	0
Porites_evermani_scaffold_2815	30780	35831	gene-Peve_00021025	.	0
Porites_evermani_scaffold_2815	43380	44692	gene-Peve_00021026	.	0
Porites_evermani_scaffold_2815	46502	46850	gene-Peve_00021021	6.484593833	6
Porites_evermani_scaffold_2816	0	567	gene-Peve_00021027	0.3921568667	15
Porites_evermani_scaffold_2816	4490	34009	gene-Peve_00021028	25.03354524	355
Porites_evermani_scaffold_2816	36817	42383	gene-Peve_00021029	11.26617399	90
Porites_evermani_scaffold_2816	48478	54125	gene-Peve_00021030	34.82725286	87
Porites_evermani_scaffold_2816	57085	60504	gene-Peve_00021031	43.10193871	41
Porites_evermani_scaffold_2817	1428	4139	gene-Peve_00021032	3.047577437	16
Porites_evermani_scaffold_2817	6780	10224	gene-Peve_00021040	0	22
Porites_evermani_scaffold_2817	11399	14581	gene-Peve_00021041	1.526806522	23
Porites_evermani_scaffold_2817	14860	22795	gene-Peve_00021042	54.11790588	83
Porites_evermani_scaffold_2817	22923	23601	gene-Peve_00021033	0	25
Porites_evermani_scaffold_2817	24913	37506	gene-Peve_00021035	60.15815906	31
Porites_evermani_scaffold_2817	41523	43677	gene-Peve_00021034	58.75	8
Porites_evermani_scaffold_2817	43738	46463	gene-Peve_00021036	71.45454547	15
Porites_evermani_scaffold_2817	48653	49598	gene-Peve_00021037	0	3
Porites_evermani_scaffold_2817	51067	59729	gene-Peve_00021038	19.79534749	35
Porites_evermani_scaffold_2817	60251	60578	gene-Peve_00021039	0	2
Porites_evermani_scaffold_2818	6119	9922	gene-Peve_00021043	0.3105444348	115
Porites_evermani_scaffold_2818	30086	45760	gene-Peve_00021044	1.106449465	325
Porites_evermani_scaffold_2819	9636	10174	gene-Peve_00021047	45.36858967	6
Porites_evermani_scaffold_2819	21999	25348	gene-Peve_00021048	44.047619	2
Porites_evermani_scaffold_2819	27261	52524	gene-Peve_00021046	2.517641012	86
Porites_evermani_scaffold_282	20737	40639	gene-Peve_00021057	0.83333335	20
Porites_evermani_scaffold_282	44316	47498	gene-Peve_00021073	0.4982962712	59
Porites_evermani_scaffold_282	56440	59012	gene-Peve_00021050	0.6731756136	44
Porites_evermani_scaffold_282	56468	67686	gene-Peve_00021052	1.211139663	92
Porites_evermani_scaffold_282	71450	72560	gene-Peve_00021053	.	0
Porites_evermani_scaffold_282	76020	76611	gene-Peve_00021054	.	0
Porites_evermani_scaffold_282	77764	78181	gene-Peve_00021055	.	0
Porites_evermani_scaffold_282	79613	86216	gene-Peve_00021056	0.2906719655	116
Porites_evermani_scaffold_282	90047	92637	gene-Peve_00021058	2.39154516	81
Porites_evermani_scaffold_282	93806	95036	gene-Peve_00021059	0.5303030278	36
Porites_evermani_scaffold_282	98474	102979	gene-Peve_00021060	47.45116507	27
Porites_evermani_scaffold_282	103038	106653	gene-Peve_00021061	49.15190882	11
Porites_evermani_scaffold_282	107963	134716	gene-Peve_00021062	36.81824151	659
Porites_evermani_scaffold_282	137231	138254	gene-Peve_00021063	0.5436423953	43
Porites_evermani_scaffold_282	148602	156407	gene-Peve_00021064	1.812449664	128
Porites_evermani_scaffold_282	157035	182149	gene-Peve_00021065	1.696050594	483
Porites_evermani_scaffold_282	204668	205236	gene-Peve_00021070	0.2801120588	17
Porites_evermani_scaffold_282	209318	215373	gene-Peve_00021066	0.5426744602	176
Porites_evermani_scaffold_282	246600	252120	gene-Peve_00021071	0.4377178385	161
Porites_evermani_scaffold_282	260472	265033	gene-Peve_00021072	0.3325055307	179
Porites_evermani_scaffold_282	270139	270454	gene-Peve_00021074	.	0
Porites_evermani_scaffold_282	274910	276077	gene-Peve_00021075	0.173611125	24
Porites_evermani_scaffold_282	280466	288696	gene-Peve_00021076	0.804461996	253
Porites_evermani_scaffold_282	306179	310532	gene-Peve_00021049	0.7440510894	123
Porites_evermani_scaffold_282	316085	317207	gene-Peve_00021051	0.3703703684	19
Porites_evermani_scaffold_2820	1529	7914	gene-Peve_00021077	8.744779803	61
Porites_evermani_scaffold_2820	7955	8566	gene-Peve_00021081	0	1
Porites_evermani_scaffold_2820	11481	12664	gene-Peve_00021082	0	12
Porites_evermani_scaffold_2820	19391	20204	gene-Peve_00021083	86.02556778	9
Porites_evermani_scaffold_2820	23644	25063	gene-Peve_00021084	.	0
Porites_evermani_scaffold_2820	41619	43715	gene-Peve_00021085	.	0
Porites_evermani_scaffold_2820	45140	47236	gene-Peve_00021078	.	0
Porites_evermani_scaffold_2820	47322	49129	gene-Peve_00021079	.	0
Porites_evermani_scaffold_2820	53426	62545	gene-Peve_00021080	52.869582	10
Porites_evermani_scaffold_2821	4783	12179	gene-Peve_00021086	.	0
Porites_evermani_scaffold_2821	24956	26343	gene-Peve_00021089	2.6666666	5
Porites_evermani_scaffold_2821	45122	47555	gene-Peve_00021088	0	7
Porites_evermani_scaffold_2822	1628	9720	gene-Peve_00021090	0.2750672258	217
Porites_evermani_scaffold_2822	29893	30502	gene-Peve_00021092	0.1879699474	19
Porites_evermani_scaffold_2822	36789	59690	gene-Peve_00021093	0.4316567243	497
Porites_evermani_scaffold_2823	282	1428	gene-Peve_00021094	.	0
Porites_evermani_scaffold_2823	1943	7682	gene-Peve_00021095	.	0
Porites_evermani_scaffold_2823	33066	37189	gene-Peve_00021096	0	3
Porites_evermani_scaffold_2823	40119	58440	gene-Peve_00021097	0	15
Porites_evermani_scaffold_2824	2	6935	gene-Peve_00021098	80.92039119	96
Porites_evermani_scaffold_2824	7109	17607	gene-Peve_00021100	78.58499031	126
Porites_evermani_scaffold_2824	19918	35805	gene-Peve_00021101	86.6176986	187
Porites_evermani_scaffold_2824	36705	53662	gene-Peve_00021102	32.99094909	272
Porites_evermani_scaffold_2824	58142	61522	gene-Peve_00021099	0.9639726304	92
Porites_evermani_scaffold_2825	1	24108	gene-Peve_00021103	39.14252413	47
Porites_evermani_scaffold_2826	29181	32609	gene-Peve_00021105	.	0
Porites_evermani_scaffold_2826	51045	51417	gene-Peve_00021106	.	0
Porites_evermani_scaffold_2826	53763	57055	gene-Peve_00021107	.	0
Porites_evermani_scaffold_2827	12189	19862	gene-Peve_00021110	0.3443947949	117
Porites_evermani_scaffold_2827	23038	23448	gene-Peve_00021111	.	0
Porites_evermani_scaffold_2827	27005	27617	gene-Peve_00021112	38.47054806	16
Porites_evermani_scaffold_2827	28203	28544	gene-Peve_00021113	33.37662333	3
Porites_evermani_scaffold_2827	31881	32226	gene-Peve_00021108	.	0
Porites_evermani_scaffold_2828	0	25696	gene-Peve_00021114	8.119991655	119
Porites_evermani_scaffold_2828	9220	10969	gene-Peve_00021117	.	0
Porites_evermani_scaffold_2828	28255	35872	gene-Peve_00021119	0.6546040192	52
Porites_evermani_scaffold_2828	39546	40374	gene-Peve_00021120	0	18
Porites_evermani_scaffold_2828	43891	48575	gene-Peve_00021115	0.5555555556	18
Porites_evermani_scaffold_2828	50149	56018	gene-Peve_00021116	0.3895806226	53
Porites_evermani_scaffold_2828	61026	61875	gene-Peve_00021118	0	29
Porites_evermani_scaffold_2829	662	4694	gene-Peve_00021121	48.041958	5
Porites_evermani_scaffold_2829	12701	17499	gene-Peve_00021128	0.7503732247	89
Porites_evermani_scaffold_2829	22172	27010	gene-Peve_00021122	.	0
Porites_evermani_scaffold_2829	25702	26389	gene-Peve_00021123	.	0
Porites_evermani_scaffold_2829	36591	36906	gene-Peve_00021124	.	0
Porites_evermani_scaffold_2829	37307	53350	gene-Peve_00021125	5.349176895	19
Porites_evermani_scaffold_2829	54281	56348	gene-Peve_00021126	.	0
Porites_evermani_scaffold_283	765	14813	gene-Peve_00021129	2.3290069	110
Porites_evermani_scaffold_283	18150	18924	gene-Peve_00021131	.	0
Porites_evermani_scaffold_283	26254	39587	gene-Peve_00021148	71.25815954	146
Porites_evermani_scaffold_283	34665	48199	gene-Peve_00021130	61.69391826	114
Porites_evermani_scaffold_283	57927	75545	gene-Peve_00021132	0.9160569587	678
Porites_evermani_scaffold_283	90667	108054	gene-Peve_00021134	1.14426507	86
Porites_evermani_scaffold_283	117985	118788	gene-Peve_00021135	0.9523737419	31
Porites_evermani_scaffold_283	140504	144090	gene-Peve_00021137	0.1424128913	46
Porites_evermani_scaffold_283	153976	158281	gene-Peve_00021139	2.461988985	68
Porites_evermani_scaffold_283	176836	178167	gene-Peve_00021140	0	1
Porites_evermani_scaffold_283	215000	226222	gene-Peve_00021141	1.142729794	34
Porites_evermani_scaffold_283	232902	237242	gene-Peve_00021142	1.225251	14
Porites_evermani_scaffold_283	259376	263786	gene-Peve_00021143	0.2218438803	142
Porites_evermani_scaffold_283	298659	299825	gene-Peve_00021145	0	8
Porites_evermani_scaffold_283	301961	303965	gene-Peve_00021146	.	0
Porites_evermani_scaffold_283	309764	314513	gene-Peve_00021147	57.60029867	67
Porites_evermani_scaffold_2830	16197	34460	gene-Peve_00021149	0.5426005511	323
Porites_evermani_scaffold_2830	50887	55357	gene-Peve_00021150	0.8542347778	72
Porites_evermani_scaffold_2831	1184	1776	gene-Peve_00021151	.	0
Porites_evermani_scaffold_2831	1849	24792	gene-Peve_00021152	3.973918827	52
Porites_evermani_scaffold_2831	9583	11282	gene-Peve_00021153	3.766887364	11
Porites_evermani_scaffold_2831	13666	16900	gene-Peve_00021154	4.676870714	14
Porites_evermani_scaffold_2831	28137	29414	gene-Peve_00021155	.	0
Porites_evermani_scaffold_2831	44495	48160	gene-Peve_00021156	0.5494505714	14
Porites_evermani_scaffold_2832	5774	6613	gene-Peve_00021159	91.01030553	19
Porites_evermani_scaffold_2832	12453	12795	gene-Peve_00021161	.	0
Porites_evermani_scaffold_2832	14732	15566	gene-Peve_00021162	.	0
Porites_evermani_scaffold_2832	23976	24315	gene-Peve_00021163	80.9090908	5
Porites_evermani_scaffold_2832	41839	42181	gene-Peve_00021160	.	0
Porites_evermani_scaffold_2833	2434	7570	gene-Peve_00021164	31.84449295	64
Porites_evermani_scaffold_2833	8745	28036	gene-Peve_00021168	89.28998703	34
Porites_evermani_scaffold_2833	31298	33363	gene-Peve_00021169	.	0
Porites_evermani_scaffold_2833	35068	36683	gene-Peve_00021165	.	0
Porites_evermani_scaffold_2833	36817	40739	gene-Peve_00021166	95	6
Porites_evermani_scaffold_2833	48414	61958	gene-Peve_00021167	1.326666788	85
Porites_evermani_scaffold_2834	3342	10130	gene-Peve_00021170	53.10622564	95
Porites_evermani_scaffold_2834	11992	19759	gene-Peve_00021174	11.55930875	52
Porites_evermani_scaffold_2834	22366	31191	gene-Peve_00021175	45.77713885	34
Porites_evermani_scaffold_2834	34455	36430	gene-Peve_00021176	.	0
Porites_evermani_scaffold_2834	37255	39227	gene-Peve_00021171	.	0
Porites_evermani_scaffold_2834	41205	48171	gene-Peve_00021172	36.18642402	53
Porites_evermani_scaffold_2834	52076	57437	gene-Peve_00021173	52.06561316	49
Porites_evermani_scaffold_2835	3049	4907	gene-Peve_00021177	.	0
Porites_evermani_scaffold_2835	13073	17114	gene-Peve_00021181	0	9
Porites_evermani_scaffold_2835	18488	19910	gene-Peve_00021182	.	0
Porites_evermani_scaffold_2835	21696	22463	gene-Peve_00021183	0	11
Porites_evermani_scaffold_2835	34616	42436	gene-Peve_00021178	3.8239349	10
Porites_evermani_scaffold_2835	45633	47496	gene-Peve_00021179	.	0
Porites_evermani_scaffold_2835	56496	59594	gene-Peve_00021180	0	14
Porites_evermani_scaffold_2836	1670	18591	gene-Peve_00021187	0	1
Porites_evermani_scaffold_2836	22746	23577	gene-Peve_00021188	0.3094806875	32
Porites_evermani_scaffold_2836	26033	26509	gene-Peve_00021184	0	9
Porites_evermani_scaffold_2836	34343	49531	gene-Peve_00021185	27.92914138	117
Porites_evermani_scaffold_2836	53559	59306	gene-Peve_00021186	92.36513492	12
Porites_evermani_scaffold_2837	4561	15198	gene-Peve_00021192	.	0
Porites_evermani_scaffold_2837	23446	23947	gene-Peve_00021193	0	3
Porites_evermani_scaffold_2837	30872	32698	gene-Peve_00021189	.	0
Porites_evermani_scaffold_2837	43669	49718	gene-Peve_00021190	2.507580158	19
Porites_evermani_scaffold_2837	53550	56722	gene-Peve_00021191	0.6239316167	60
Porites_evermani_scaffold_2838	2208	2823	gene-Peve_00021194	.	0
Porites_evermani_scaffold_2839	4112	41795	gene-Peve_00021195	2.262739332	271
Porites_evermani_scaffold_2839	48843	58189	gene-Peve_00021196	26.09203522	149
Porites_evermani_scaffold_284	60	5204	gene-Peve_00021197	0.2959332734	128
Porites_evermani_scaffold_284	3347	5098	gene-Peve_00021221	0	50
Porites_evermani_scaffold_284	11235	23021	gene-Peve_00021226	0.1655207515	165
Porites_evermani_scaffold_284	26117	27032	gene-Peve_00021207	0	5
Porites_evermani_scaffold_284	32104	33058	gene-Peve_00021210	0.3125	32
Porites_evermani_scaffold_284	45118	50024	gene-Peve_00021211	0.2089864138	87
Porites_evermani_scaffold_284	54492	65375	gene-Peve_00021212	41.01233281	148
Porites_evermani_scaffold_284	72107	75372	gene-Peve_00021213	26.7228792	56
Porites_evermani_scaffold_284	76466	92850	gene-Peve_00021214	64.08282369	289
Porites_evermani_scaffold_284	98412	98653	gene-Peve_00021216	0	10
Porites_evermani_scaffold_284	100926	101611	gene-Peve_00021217	0.3081854231	26
Porites_evermani_scaffold_284	102604	107316	gene-Peve_00021215	0.5642871887	106
Porites_evermani_scaffold_284	108667	109453	gene-Peve_00021218	1.888888867	15
Porites_evermani_scaffold_284	134439	139169	gene-Peve_00021224	5.1565101	50
Porites_evermani_scaffold_284	139705	149343	gene-Peve_00021222	0.1501501441	111
Porites_evermani_scaffold_284	160561	168212	gene-Peve_00021223	0.355772549	102
Porites_evermani_scaffold_284	169047	171201	gene-Peve_00021225	0	25
Porites_evermani_scaffold_284	180530	180881	gene-Peve_00021227	0	2
Porites_evermani_scaffold_284	183822	194643	gene-Peve_00021228	0.9684195449	156
Porites_evermani_scaffold_284	195081	200002	gene-Peve_00021201	0.3367003333	27
Porites_evermani_scaffold_284	200011	207760	gene-Peve_00021200	0.295756708	113
Porites_evermani_scaffold_284	211396	217467	gene-Peve_00021198	0.457821049	102
Porites_evermani_scaffold_284	217623	218020	gene-Peve_00021202	0	12
Porites_evermani_scaffold_284	221819	237153	gene-Peve_00021199	1.445417689	119
Porites_evermani_scaffold_284	241944	244999	gene-Peve_00021203	0.5194805143	35
Porites_evermani_scaffold_284	249772	253686	gene-Peve_00021206	1.097592397	78
Porites_evermani_scaffold_284	257788	264667	gene-Peve_00021204	0.5411255333	30
Porites_evermani_scaffold_284	265015	274551	gene-Peve_00021205	0.1629629733	75
Porites_evermani_scaffold_284	282095	291607	gene-Peve_00021208	0.8002099928	139
Porites_evermani_scaffold_284	308606	315270	gene-Peve_00021209	0	15
Porites_evermani_scaffold_2840	1540	10281	gene-Peve_00021229	.	0
Porites_evermani_scaffold_2840	12885	16059	gene-Peve_00021230	0	59
Porites_evermani_scaffold_2841	7342	9377	gene-Peve_00021235	0.1322751296	54
Porites_evermani_scaffold_2841	55327	55888	gene-Peve_00021236	0	16
Porites_evermani_scaffold_2842	19212	50613	gene-Peve_00021239	20.91703474	85
Porites_evermani_scaffold_2842	58655	59024	gene-Peve_00021238	9.090909	2
Porites_evermani_scaffold_2843	3358	6941	gene-Peve_00021240	.	0
Porites_evermani_scaffold_2843	7080	9365	gene-Peve_00021242	75.41946083	6
Porites_evermani_scaffold_2843	17818	23122	gene-Peve_00021243	100	1
Porites_evermani_scaffold_2843	39042	42775	gene-Peve_00021244	0	41
Porites_evermani_scaffold_2843	44391	50961	gene-Peve_00021245	1.25	8
Porites_evermani_scaffold_2843	51569	52115	gene-Peve_00021246	0	13
Porites_evermani_scaffold_2843	53629	60414	gene-Peve_00021241	0	51
Porites_evermani_scaffold_2844	1295	2219	gene-Peve_00021247	1.010101	9
Porites_evermani_scaffold_2844	7292	9281	gene-Peve_00021249	0	13
Porites_evermani_scaffold_2844	9268	43713	gene-Peve_00021248	0.5864276303	238
Porites_evermani_scaffold_2845	22520	26068	gene-Peve_00021250	45.54511284	19
Porites_evermani_scaffold_2845	26626	29531	gene-Peve_00021254	.	0
Porites_evermani_scaffold_2845	30081	32029	gene-Peve_00021255	.	0
Porites_evermani_scaffold_2845	36649	38810	gene-Peve_00021256	88.1318682	5
Porites_evermani_scaffold_2845	39253	42208	gene-Peve_00021257	67.20651721	28
Porites_evermani_scaffold_2845	42283	48551	gene-Peve_00021258	51.06583609	74
Porites_evermani_scaffold_2845	49993	51100	gene-Peve_00021251	20	18
Porites_evermani_scaffold_2845	51180	53185	gene-Peve_00021252	45.69033531	13
Porites_evermani_scaffold_2845	54721	61511	gene-Peve_00021253	11.64999996	25
Porites_evermani_scaffold_2846	593	983	gene-Peve_00021259	75.64102567	3
Porites_evermani_scaffold_2846	2026	11404	gene-Peve_00021260	22.57328126	72
Porites_evermani_scaffold_2846	16833	27955	gene-Peve_00021261	2.1444709	130
Porites_evermani_scaffold_2846	30149	35164	gene-Peve_00021262	0.5454545429	35
Porites_evermani_scaffold_2846	44185	54667	gene-Peve_00021263	0	27
Porites_evermani_scaffold_2847	667	54073	gene-Peve_00021264	12.60261857	449
Porites_evermani_scaffold_2847	55055	58812	gene-Peve_00021265	33.62355905	21
Porites_evermani_scaffold_2848	5266	7786	gene-Peve_00021266	1.8181818	5
Porites_evermani_scaffold_2848	16276	16579	gene-Peve_00021267	.	0
Porites_evermani_scaffold_2848	56607	57216	gene-Peve_00021268	0	32
Porites_evermani_scaffold_2849	12533	14413	gene-Peve_00021270	0.2257481961	51
Porites_evermani_scaffold_2849	20410	21709	gene-Peve_00021271	.	0
Porites_evermani_scaffold_2849	26754	27937	gene-Peve_00021273	.	0
Porites_evermani_scaffold_2849	28606	29495	gene-Peve_00021269	.	0
Porites_evermani_scaffold_2849	35612	39530	gene-Peve_00021272	0.1886792453	53
Porites_evermani_scaffold_285	8755	15617	gene-Peve_00021274	30.60021163	27
Porites_evermani_scaffold_285	28957	31960	gene-Peve_00021287	0	16
Porites_evermani_scaffold_285	37302	37794	gene-Peve_00021277	15	5
Porites_evermani_scaffold_285	57759	58842	gene-Peve_00021278	.	0
Porites_evermani_scaffold_285	59972	66671	gene-Peve_00021279	22.19172172	25
Porites_evermani_scaffold_285	72193	77717	gene-Peve_00021280	.	0
Porites_evermani_scaffold_285	113462	114821	gene-Peve_00021281	.	0
Porites_evermani_scaffold_285	122936	126722	gene-Peve_00021282	0.9090909091	11
Porites_evermani_scaffold_285	146984	174841	gene-Peve_00021283	11.44182314	266
Porites_evermani_scaffold_285	175183	180818	gene-Peve_00021284	0.3077078305	118
Porites_evermani_scaffold_285	181245	191026	gene-Peve_00021285	34.49330082	34
Porites_evermani_scaffold_285	198707	207477	gene-Peve_00021286	1.799609131	214
Porites_evermani_scaffold_285	217614	267424	gene-Peve_00021288	0.9647393152	790
Porites_evermani_scaffold_285	288120	294674	gene-Peve_00021275	0.1305361364	110
Porites_evermani_scaffold_285	297617	306283	gene-Peve_00021276	0.5632907479	242
Porites_evermani_scaffold_2850	4933	22771	gene-Peve_00021291	38.18283893	256
Porites_evermani_scaffold_2851	1549	10278	gene-Peve_00021292	1.242856982	167
Porites_evermani_scaffold_2852	519	8598	gene-Peve_00021293	24.95402744	54
Porites_evermani_scaffold_2852	9739	18361	gene-Peve_00021294	30.89214386	106
Porites_evermani_scaffold_2852	18523	23712	gene-Peve_00021295	3.703962536	110
Porites_evermani_scaffold_2852	25161	38747	gene-Peve_00021296	0.3686595805	267
Porites_evermani_scaffold_2852	41771	48830	gene-Peve_00021297	75.74059559	29
Porites_evermani_scaffold_2853	5006	5357	gene-Peve_00021304	.	0
Porites_evermani_scaffold_2853	7420	8551	gene-Peve_00021305	.	0
Porites_evermani_scaffold_2853	18532	19579	gene-Peve_00021299	.	0
Porites_evermani_scaffold_2853	26573	26918	gene-Peve_00021300	85	2
Porites_evermani_scaffold_2853	26993	27314	gene-Peve_00021301	80	1
Porites_evermani_scaffold_2853	41755	43629	gene-Peve_00021302	.	0
Porites_evermani_scaffold_2854	2257	4318	gene-Peve_00021306	.	0
Porites_evermani_scaffold_2854	5231	6767	gene-Peve_00021310	54.53664	6
Porites_evermani_scaffold_2854	42951	43364	gene-Peve_00021307	.	0
Porites_evermani_scaffold_2855	24488	25751	gene-Peve_00021317	0.1226577647	51
Porites_evermani_scaffold_2855	26363	28991	gene-Peve_00021316	1.754386	3
Porites_evermani_scaffold_2855	29803	30301	gene-Peve_00021312	0.3862150909	22
Porites_evermani_scaffold_2855	30336	31294	gene-Peve_00021313	0.2257799655	29
Porites_evermani_scaffold_2855	32054	32816	gene-Peve_00021314	0.7430340667	15
Porites_evermani_scaffold_2855	41207	60580	gene-Peve_00021315	13.61911025	24
Porites_evermani_scaffold_2856	17979	22781	gene-Peve_00021318	0.04868549367	158
Porites_evermani_scaffold_2856	30910	36479	gene-Peve_00021319	3.17057937	154
Porites_evermani_scaffold_2856	40669	44083	gene-Peve_00021320	0.3000150896	67
Porites_evermani_scaffold_2856	46006	53230	gene-Peve_00021321	0.1344085968	62
Porites_evermani_scaffold_2856	55949	56636	gene-Peve_00021322	.	0
Porites_evermani_scaffold_2857	22	445	gene-Peve_00021323	0	10
Porites_evermani_scaffold_2857	2420	14352	gene-Peve_00021327	23.9276824	82
Porites_evermani_scaffold_2857	20789	22533	gene-Peve_00021328	0.2325581395	43
Porites_evermani_scaffold_2857	32270	43317	gene-Peve_00021329	50.02875731	65
Porites_evermani_scaffold_2857	43393	44800	gene-Peve_00021324	5.122968826	23
Porites_evermani_scaffold_2857	46677	51612	gene-Peve_00021325	1.674991714	14
Porites_evermani_scaffold_2857	53880	58759	gene-Peve_00021326	74.2836256	5
Porites_evermani_scaffold_2858	7867	8896	gene-Peve_00021330	0.6666666667	15
Porites_evermani_scaffold_2858	17088	18117	gene-Peve_00021333	.	0
Porites_evermani_scaffold_2858	20576	26132	gene-Peve_00021334	23.93637143	77
Porites_evermani_scaffold_2858	29424	40325	gene-Peve_00021335	34.07664383	149
Porites_evermani_scaffold_2858	45686	46974	gene-Peve_00021331	2.051282143	7
Porites_evermani_scaffold_2858	51163	59435	gene-Peve_00021332	40.59230418	100
Porites_evermani_scaffold_2859	3207	14951	gene-Peve_00021336	0.4231730563	160
Porites_evermani_scaffold_2859	9110	21684	gene-Peve_00021344	0.5450743831	154
Porites_evermani_scaffold_2859	22891	25082	gene-Peve_00021337	1.846628014	71
Porites_evermani_scaffold_2859	29944	30888	gene-Peve_00021338	0	9
Porites_evermani_scaffold_2859	33224	35189	gene-Peve_00021339	0.29411765	20
Porites_evermani_scaffold_2859	39681	40972	gene-Peve_00021340	.	0
Porites_evermani_scaffold_2859	46474	48215	gene-Peve_00021341	0	30
Porites_evermani_scaffold_2859	50070	50949	gene-Peve_00021342	.	0
Porites_evermani_scaffold_2859	51663	61090	gene-Peve_00021343	9.839041188	64
Porites_evermani_scaffold_286	1016	1794	gene-Peve_00021345	0	26
Porites_evermani_scaffold_286	3090	4353	gene-Peve_00021349	0	13
Porites_evermani_scaffold_286	8021	8636	gene-Peve_00021353	.	0
Porites_evermani_scaffold_286	8669	10423	gene-Peve_00021354	0	2
Porites_evermani_scaffold_286	19941	20633	gene-Peve_00021358	.	0
Porites_evermani_scaffold_286	36302	50644	gene-Peve_00021366	0.6462004422	199
Porites_evermani_scaffold_286	51366	51708	gene-Peve_00021367	0.7575757273	11
Porites_evermani_scaffold_286	103440	104639	gene-Peve_00021350	0	5
Porites_evermani_scaffold_286	110538	114086	gene-Peve_00021351	1.8181818	10
Porites_evermani_scaffold_286	142195	210453	gene-Peve_00021352	5.869111046	433
Porites_evermani_scaffold_286	166376	167050	gene-Peve_00021355	0	4
Porites_evermani_scaffold_286	181034	182054	gene-Peve_00021356	0	3
Porites_evermani_scaffold_286	182800	184262	gene-Peve_00021357	.	0
Porites_evermani_scaffold_286	208732	209875	gene-Peve_00021359	0	2
Porites_evermani_scaffold_286	235519	239435	gene-Peve_00021360	5.405349812	16
Porites_evermani_scaffold_286	242825	243218	gene-Peve_00021361	3.504273667	3
Porites_evermani_scaffold_286	291898	294416	gene-Peve_00021365	1.136363625	8
Porites_evermani_scaffold_286	297674	298284	gene-Peve_00021369	.	0
Porites_evermani_scaffold_286	298900	299697	gene-Peve_00021370	0	2
Porites_evermani_scaffold_286	310049	310691	gene-Peve_00021371	.	0
Porites_evermani_scaffold_2860	17201	28149	gene-Peve_00021373	0.5249991399	286
Porites_evermani_scaffold_2860	38047	39848	gene-Peve_00021374	0.1050420179	56
Porites_evermani_scaffold_2860	49857	50652	gene-Peve_00021375	0	14
Porites_evermani_scaffold_2861	1370	1872	gene-Peve_00021378	100	1
Porites_evermani_scaffold_2861	2194	6910	gene-Peve_00021381	17.35073841	54
Porites_evermani_scaffold_2861	9007	37893	gene-Peve_00021379	45.55512814	88
Porites_evermani_scaffold_2861	40709	44622	gene-Peve_00021380	0	6
Porites_evermani_scaffold_2862	1590	3655	gene-Peve_00021382	38.16591663	27
Porites_evermani_scaffold_2862	13918	15386	gene-Peve_00021383	95	2
Porites_evermani_scaffold_2862	17929	25356	gene-Peve_00021384	0.8022937797	227
Porites_evermani_scaffold_2862	47601	59604	gene-Peve_00021385	34.58774782	87
Porites_evermani_scaffold_2863	20582	28179	gene-Peve_00021386	2.457143272	114
Porites_evermani_scaffold_2863	39417	44689	gene-Peve_00021388	29.38654397	30
Porites_evermani_scaffold_2863	50204	55544	gene-Peve_00021389	1.79393936	25
Porites_evermani_scaffold_2863	60418	60972	gene-Peve_00021390	.	0
Porites_evermani_scaffold_2864	3230	4651	gene-Peve_00021391	3.333333333	3
Porites_evermani_scaffold_2864	19397	19852	gene-Peve_00021392	0.1380262273	22
Porites_evermani_scaffold_2864	21181	22754	gene-Peve_00021393	2.119184459	37
Porites_evermani_scaffold_2864	25494	27655	gene-Peve_00021394	2	5
Porites_evermani_scaffold_2864	28403	29951	gene-Peve_00021395	.	0
Porites_evermani_scaffold_2864	41636	42918	gene-Peve_00021398	0.2760524545	33
Porites_evermani_scaffold_2864	49653	56067	gene-Peve_00021400	1.260034411	158
Porites_evermani_scaffold_2865	1147	14552	gene-Peve_00021401	0.2729677722	180
Porites_evermani_scaffold_2865	16393	17329	gene-Peve_00021404	0	28
Porites_evermani_scaffold_2865	26303	39242	gene-Peve_00021405	88.08911856	93
Porites_evermani_scaffold_2865	42579	45259	gene-Peve_00021402	60.01195236	14
Porites_evermani_scaffold_2865	45716	52414	gene-Peve_00021403	46.07843133	6
Porites_evermani_scaffold_2866	13183	13582	gene-Peve_00021407	.	0
Porites_evermani_scaffold_2866	16671	17298	gene-Peve_00021408	.	0
Porites_evermani_scaffold_2866	33694	49993	gene-Peve_00021409	23.43380988	106
Porites_evermani_scaffold_2866	57963	60213	gene-Peve_00021406	1.19047625	4
Porites_evermani_scaffold_2867	9473	10061	gene-Peve_00021412	0	16
Porites_evermani_scaffold_2867	28038	28872	gene-Peve_00021410	0	19
Porites_evermani_scaffold_2867	50972	51827	gene-Peve_00021411	1.958244375	24
Porites_evermani_scaffold_2868	792	7695	gene-Peve_00021413	3.130240419	105
Porites_evermani_scaffold_2868	31439	33747	gene-Peve_00021414	.	0
Porites_evermani_scaffold_2868	36448	54477	gene-Peve_00021415	5.051185306	62
Porites_evermani_scaffold_2868	59952	60261	gene-Peve_00021416	4.047619	7
Porites_evermani_scaffold_2869	21622	30961	gene-Peve_00021417	0.8333333333	12
Porites_evermani_scaffold_2869	33972	49180	gene-Peve_00021418	0.126262625	72
Porites_evermani_scaffold_287	26734	27085	gene-Peve_00021437	0.462963	12
Porites_evermani_scaffold_287	33200	49913	gene-Peve_00021438	24.97321049	263
Porites_evermani_scaffold_287	52988	56975	gene-Peve_00021443	62.79709988	33
Porites_evermani_scaffold_287	57795	67969	gene-Peve_00021419	72.58438682	82
Porites_evermani_scaffold_287	105933	113142	gene-Peve_00021427	3.999713963	189
Porites_evermani_scaffold_287	121020	124426	gene-Peve_00021428	24.70507752	23
Porites_evermani_scaffold_287	131762	180233	gene-Peve_00021429	15.60483967	565
Porites_evermani_scaffold_287	155074	155358	gene-Peve_00021431	0	12
Porites_evermani_scaffold_287	181223	185349	gene-Peve_00021433	0.3922635526	76
Porites_evermani_scaffold_287	186156	199811	gene-Peve_00021434	16.91648948	220
Porites_evermani_scaffold_287	207805	215026	gene-Peve_00021435	0.5757486316	171
Porites_evermani_scaffold_287	220424	266563	gene-Peve_00021436	32.04434678	841
Porites_evermani_scaffold_287	267120	267429	gene-Peve_00021440	.	0
Porites_evermani_scaffold_287	286078	286904	gene-Peve_00021444	.	0
Porites_evermani_scaffold_287	292926	293672	gene-Peve_00021420	0	23
Porites_evermani_scaffold_287	293805	294525	gene-Peve_00021421	0.4385964737	19
Porites_evermani_scaffold_2870	11034	11341	gene-Peve_00021450	0	5
Porites_evermani_scaffold_2870	13822	14554	gene-Peve_00021446	0	6
Porites_evermani_scaffold_2870	22003	23442	gene-Peve_00021447	0.2666666667	15
Porites_evermani_scaffold_2870	28222	30807	gene-Peve_00021454	24.13709259	29
Porites_evermani_scaffold_2870	31005	32479	gene-Peve_00021449	.	0
Porites_evermani_scaffold_2870	38547	39873	gene-Peve_00021451	.	0
Porites_evermani_scaffold_2870	47894	49077	gene-Peve_00021452	.	0
Porites_evermani_scaffold_2870	49609	50546	gene-Peve_00021453	.	0
Porites_evermani_scaffold_2871	8624	25972	gene-Peve_00021456	1.797312378	143
Porites_evermani_scaffold_2871	28469	29468	gene-Peve_00021459	0	9
Porites_evermani_scaffold_2871	40531	53154	gene-Peve_00021457	6.935012861	72
Porites_evermani_scaffold_2872	0	778	gene-Peve_00021460	88.38383833	3
Porites_evermani_scaffold_2872	2884	6570	gene-Peve_00021462	92.44196644	32
Porites_evermani_scaffold_2872	6992	13245	gene-Peve_00021463	90.32779664	44
Porites_evermani_scaffold_2872	16764	17202	gene-Peve_00021464	.	0
Porites_evermani_scaffold_2872	20833	21271	gene-Peve_00021465	.	0
Porites_evermani_scaffold_2872	24396	30559	gene-Peve_00021466	80.22785631	39
Porites_evermani_scaffold_2872	30580	39811	gene-Peve_00021467	50.53749766	92
Porites_evermani_scaffold_2872	41359	44525	gene-Peve_00021461	43.20477132	41
Porites_evermani_scaffold_2873	12426	37040	gene-Peve_00021468	0.2988115059	510
Porites_evermani_scaffold_2873	45902	47962	gene-Peve_00021470	0.5291005556	18
Porites_evermani_scaffold_2873	52173	52560	gene-Peve_00021469	0	18
Porites_evermani_scaffold_2874	15439	31809	gene-Peve_00021472	0.9474531124	356
Porites_evermani_scaffold_2874	20238	21213	gene-Peve_00021475	0.2011834359	39
Porites_evermani_scaffold_2874	33891	34847	gene-Peve_00021471	0.31184408	25
Porites_evermani_scaffold_2874	51600	54696	gene-Peve_00021474	0	5
Porites_evermani_scaffold_2875	2913	17289	gene-Peve_00021478	89.32619032	135
Porites_evermani_scaffold_2875	20188	23745	gene-Peve_00021479	62.28150905	37
Porites_evermani_scaffold_2875	24908	28459	gene-Peve_00021480	2.087153578	90
Porites_evermani_scaffold_2875	38341	40040	gene-Peve_00021476	28.31401555	22
Porites_evermani_scaffold_2875	42696	60666	gene-Peve_00021477	78.69921079	107
Porites_evermani_scaffold_2876	7351	25323	gene-Peve_00021481	0.3918786106	452
Porites_evermani_scaffold_2876	37646	38795	gene-Peve_00021482	0.8140756563	32
Porites_evermani_scaffold_2876	51843	60353	gene-Peve_00021483	0.1004155132	152
Porites_evermani_scaffold_2877	23	16404	gene-Peve_00021485	39.47481798	289
Porites_evermani_scaffold_2877	19086	36058	gene-Peve_00021488	16.25815572	295
Porites_evermani_scaffold_2877	39019	54362	gene-Peve_00021486	0.2424107844	385
Porites_evermani_scaffold_2877	59579	60245	gene-Peve_00021487	0	14
Porites_evermani_scaffold_2878	32909	34616	gene-Peve_00021494	0.1508295686	51
Porites_evermani_scaffold_2878	34806	36379	gene-Peve_00021495	.	0
Porites_evermani_scaffold_2878	40290	40779	gene-Peve_00021489	0	3
Porites_evermani_scaffold_2878	44826	46497	gene-Peve_00021491	0.3785103846	39
Porites_evermani_scaffold_2878	52488	59877	gene-Peve_00021492	0.1755629087	219
Porites_evermani_scaffold_2879	20455	32658	gene-Peve_00021496	0.2842131036	280
Porites_evermani_scaffold_2879	49897	54802	gene-Peve_00021498	92.35749761	23
Porites_evermani_scaffold_2879	55663	59181	gene-Peve_00021499	88.7272728	5
Porites_evermani_scaffold_288	1451	13301	gene-Peve_00021500	0.7309941579	76
Porites_evermani_scaffold_288	14708	16290	gene-Peve_00021505	16.66666667	12
Porites_evermani_scaffold_288	16918	34702	gene-Peve_00021506	4.75319891	288
Porites_evermani_scaffold_288	37829	48774	gene-Peve_00021513	28.77482761	195
Porites_evermani_scaffold_288	57873	66441	gene-Peve_00021501	48.30357677	111
Porites_evermani_scaffold_288	66632	84898	gene-Peve_00021502	46.79192182	290
Porites_evermani_scaffold_288	98329	99784	gene-Peve_00021503	0.3267973725	51
Porites_evermani_scaffold_288	108316	149247	gene-Peve_00021504	0.449373143	1203
Porites_evermani_scaffold_288	149523	158240	gene-Peve_00021507	0.2339842868	258
Porites_evermani_scaffold_288	163859	188309	gene-Peve_00021508	0.2701711977	612
Porites_evermani_scaffold_288	194542	207623	gene-Peve_00021509	0.2597262363	347
Porites_evermani_scaffold_288	219018	220461	gene-Peve_00021510	1.795835769	26
Porites_evermani_scaffold_288	223561	226049	gene-Peve_00021511	0.2344271071	84
Porites_evermani_scaffold_288	228824	233398	gene-Peve_00021512	0.2111742417	120
Porites_evermani_scaffold_288	242381	251835	gene-Peve_00021514	58.59459047	133
Porites_evermani_scaffold_288	268728	269175	gene-Peve_00021515	0	17
Porites_evermani_scaffold_288	272733	273571	gene-Peve_00021516	0	20
Porites_evermani_scaffold_288	276238	277814	gene-Peve_00021517	0.1589825135	37
Porites_evermani_scaffold_288	280491	282053	gene-Peve_00021518	0.5092276136	44
Porites_evermani_scaffold_288	293124	301082	gene-Peve_00021519	0.6867491538	39
Porites_evermani_scaffold_288	310827	311277	gene-Peve_00021520	.	0
Porites_evermani_scaffold_288	311680	313633	gene-Peve_00021521	.	0
Porites_evermani_scaffold_2880	14870	24264	gene-Peve_00021525	1.79060063	81
Porites_evermani_scaffold_2880	30999	31539	gene-Peve_00021526	0	9
Porites_evermani_scaffold_2880	31992	33139	gene-Peve_00021527	0.78125	8
Porites_evermani_scaffold_2880	45711	46272	gene-Peve_00021529	1.615367343	35
Porites_evermani_scaffold_2880	51100	58585	gene-Peve_00021523	.	0
Porites_evermani_scaffold_2881	10144	11920	gene-Peve_00021531	0	3
Porites_evermani_scaffold_2881	55698	56234	gene-Peve_00021534	0	19
Porites_evermani_scaffold_2882	5627	51826	gene-Peve_00021535	0.4360266196	694
Porites_evermani_scaffold_2882	53541	56796	gene-Peve_00021536	0.5545368523	88
Porites_evermani_scaffold_2883	5798	6587	gene-Peve_00021537	0.108438129	31
Porites_evermani_scaffold_2883	9972	12406	gene-Peve_00021540	41.93608679	24
Porites_evermani_scaffold_2883	19339	20938	gene-Peve_00021541	0.30555555	60
Porites_evermani_scaffold_2883	26112	42574	gene-Peve_00021542	0.5394287166	314
Porites_evermani_scaffold_2883	52552	58658	gene-Peve_00021538	0.2664759545	88
Porites_evermani_scaffold_2883	59495	59897	gene-Peve_00021539	0	6
Porites_evermani_scaffold_2884	2190	11057	gene-Peve_00021543	36.15384618	11
Porites_evermani_scaffold_2884	11270	15822	gene-Peve_00021544	82.092352	6
Porites_evermani_scaffold_2884	20359	27223	gene-Peve_00021545	67.109005	20
Porites_evermani_scaffold_2884	34310	35265	gene-Peve_00021546	0.6993006923	13
Porites_evermani_scaffold_2884	45084	58783	gene-Peve_00021547	5.4545454	5
Porites_evermani_scaffold_2885	7796	16670	gene-Peve_00021548	16.5608392	25
Porites_evermani_scaffold_2885	23780	41018	gene-Peve_00021549	1.073880363	397
Porites_evermani_scaffold_2885	43332	46675	gene-Peve_00021550	39.44313648	27
Porites_evermani_scaffold_2885	52680	54092	gene-Peve_00021551	0.4713804848	33
Porites_evermani_scaffold_2885	55377	58902	gene-Peve_00021552	0.5797821268	71
Porites_evermani_scaffold_2886	829	2684	gene-Peve_00021553	0	40
Porites_evermani_scaffold_2886	16460	31617	gene-Peve_00021557	20.428762	237
Porites_evermani_scaffold_2886	37771	41954	gene-Peve_00021554	40.14139484	57
Porites_evermani_scaffold_2886	45738	53303	gene-Peve_00021555	0.1143222958	142
Porites_evermani_scaffold_2886	56200	59300	gene-Peve_00021556	0.9494672063	63
Porites_evermani_scaffold_2887	5188	6316	gene-Peve_00021560	77.50850343	7
Porites_evermani_scaffold_2887	17458	22635	gene-Peve_00021563	89.473684	1
Porites_evermani_scaffold_2887	31277	32167	gene-Peve_00021559	.	0
Porites_evermani_scaffold_2887	32830	34830	gene-Peve_00021564	10	1
Porites_evermani_scaffold_2888	11178	16309	gene-Peve_00021565	0.9671372733	161
Porites_evermani_scaffold_2888	22248	23038	gene-Peve_00021568	83.70073283	6
Porites_evermani_scaffold_2888	24604	40389	gene-Peve_00021569	12.45281749	271
Porites_evermani_scaffold_2888	41985	44830	gene-Peve_00021566	1.283457833	48
Porites_evermani_scaffold_2888	48522	54644	gene-Peve_00021567	12.14650082	106
Porites_evermani_scaffold_289	18543	19889	gene-Peve_00021580	0.7692308	10
Porites_evermani_scaffold_289	28421	29270	gene-Peve_00021593	.	0
Porites_evermani_scaffold_289	55999	56295	gene-Peve_00021575	.	0
Porites_evermani_scaffold_289	60338	65011	gene-Peve_00021581	0.4929577465	71
Porites_evermani_scaffold_289	65813	115847	gene-Peve_00021582	0.6210562229	157
Porites_evermani_scaffold_289	124052	125732	gene-Peve_00021576	0	6
Porites_evermani_scaffold_289	134864	135416	gene-Peve_00021577	0.9090909	10
Porites_evermani_scaffold_289	137120	140301	gene-Peve_00021578	3.4896565	28
Porites_evermani_scaffold_289	172366	173158	gene-Peve_00021585	1.666666667	6
Porites_evermani_scaffold_289	189284	248155	gene-Peve_00021586	2.581975458	461
Porites_evermani_scaffold_289	208083	209417	gene-Peve_00021588	.	0
Porites_evermani_scaffold_289	209967	210472	gene-Peve_00021589	0	1
Porites_evermani_scaffold_289	211626	213763	gene-Peve_00021590	20	8
Porites_evermani_scaffold_289	213966	214786	gene-Peve_00021591	.	0
Porites_evermani_scaffold_289	214747	216338	gene-Peve_00021592	.	0
Porites_evermani_scaffold_289	225156	226115	gene-Peve_00021594	.	0
Porites_evermani_scaffold_289	253886	254465	gene-Peve_00021596	.	0
Porites_evermani_scaffold_289	267797	285167	gene-Peve_00021597	1.785714295	88
Porites_evermani_scaffold_289	293713	298166	gene-Peve_00021570	.	0
Porites_evermani_scaffold_289	309831	311213	gene-Peve_00021573	0	25
Porites_evermani_scaffold_289	311653	313005	gene-Peve_00021574	0	3
Porites_evermani_scaffold_2890	5666	26681	gene-Peve_00021599	1.026080979	47
Porites_evermani_scaffold_2891	8045	8852	gene-Peve_00021602	21.35315088	16
Porites_evermani_scaffold_2891	39700	57392	gene-Peve_00021603	0.1645933861	202
Porites_evermani_scaffold_2892	0	55275	gene-Peve_00021604	0.5188930597	352
Porites_evermani_scaffold_2893	4321	7613	gene-Peve_00021607	0.2858930508	118
Porites_evermani_scaffold_2893	15155	17290	gene-Peve_00021608	78.09829067	6
Porites_evermani_scaffold_2893	21683	41385	gene-Peve_00021609	77.0110968	75
Porites_evermani_scaffold_2893	46706	47096	gene-Peve_00021610	0	1
Porites_evermani_scaffold_2893	52247	54517	gene-Peve_00021605	0.6410256923	13
Porites_evermani_scaffold_2893	55409	57545	gene-Peve_00021606	0	17
Porites_evermani_scaffold_2894	3669	8412	gene-Peve_00021611	71.30564272	39
Porites_evermani_scaffold_2894	15159	51590	gene-Peve_00021613	13.7868911	994
Porites_evermani_scaffold_2894	55620	57994	gene-Peve_00021612	0.3222011682	107
Porites_evermani_scaffold_2895	1354	3706	gene-Peve_00021614	0.7805326061	33
Porites_evermani_scaffold_2895	8937	14107	gene-Peve_00021617	5.379508028	71
Porites_evermani_scaffold_2895	20919	26370	gene-Peve_00021618	.	0
Porites_evermani_scaffold_2895	32517	42009	gene-Peve_00021615	0.3134796207	29
Porites_evermani_scaffold_2895	48861	51646	gene-Peve_00021616	0.396825381	21
Porites_evermani_scaffold_2896	1183	1656	gene-Peve_00021619	.	0
Porites_evermani_scaffold_2896	57134	59280	gene-Peve_00021622	.	0
Porites_evermani_scaffold_2897	72	3636	gene-Peve_00021623	0.1517962597	77
Porites_evermani_scaffold_2897	8183	16319	gene-Peve_00021628	0.6748153795	224
Porites_evermani_scaffold_2897	16334	23556	gene-Peve_00021629	32.48711572	104
Porites_evermani_scaffold_2897	26193	29060	gene-Peve_00021624	92.09011812	41
Porites_evermani_scaffold_2897	30221	33535	gene-Peve_00021625	16.14924757	21
Porites_evermani_scaffold_2897	33964	43207	gene-Peve_00021626	57.87310313	137
Porites_evermani_scaffold_2897	44174	46733	gene-Peve_00021627	0	68
Porites_evermani_scaffold_2898	6115	7830	gene-Peve_00021630	73.18058863	41
Porites_evermani_scaffold_2898	8492	8795	gene-Peve_00021633	3.448276	2
Porites_evermani_scaffold_2898	17594	17963	gene-Peve_00021638	71.31582485	20
Porites_evermani_scaffold_2898	22211	23410	gene-Peve_00021639	60.95640418	11
Porites_evermani_scaffold_2898	25860	26208	gene-Peve_00021631	81.17166393	15
Porites_evermani_scaffold_2898	26659	26992	gene-Peve_00021632	48.41052833	9
Porites_evermani_scaffold_2898	34991	35297	gene-Peve_00021634	19.71688033	6
Porites_evermani_scaffold_2898	37043	54773	gene-Peve_00021635	54.36429692	307
Porites_evermani_scaffold_2898	47029	48715	gene-Peve_00021636	93.91025625	4
Porites_evermani_scaffold_2898	50325	51161	gene-Peve_00021637	84.30976433	9
Porites_evermani_scaffold_2899	5111	25292	gene-Peve_00021641	0.9026478389	478
Porites_evermani_scaffold_2899	25875	54838	gene-Peve_00021642	11.4606447	121
Porites_evermani_scaffold_2899	56144	58996	gene-Peve_00021640	.	0
Porites_evermani_scaffold_29	435	7027	gene-Peve_00021643	76.78200658	31
Porites_evermani_scaffold_29	22772	28133	gene-Peve_00021684	.	0
Porites_evermani_scaffold_29	49118	58737	gene-Peve_00021690	.	0
Porites_evermani_scaffold_29	64260	64836	gene-Peve_00021651	0	25
Porites_evermani_scaffold_29	65544	65931	gene-Peve_00021655	0.3651904167	12
Porites_evermani_scaffold_29	68567	73586	gene-Peve_00021658	0.6770833333	12
Porites_evermani_scaffold_29	73973	82630	gene-Peve_00021671	5.31222605	20
Porites_evermani_scaffold_29	88483	109197	gene-Peve_00021683	52.61818423	146
Porites_evermani_scaffold_29	114820	125791	gene-Peve_00021685	60.16483937	82
Porites_evermani_scaffold_29	129773	137727	gene-Peve_00021686	90.76926777	43
Porites_evermani_scaffold_29	140123	140724	gene-Peve_00021687	0.5555555333	15
Porites_evermani_scaffold_29	145555	185984	gene-Peve_00021688	0.4090451041	1028
Porites_evermani_scaffold_29	196524	210139	gene-Peve_00021689	30.54009869	205
Porites_evermani_scaffold_29	213904	219817	gene-Peve_00021691	31.5671001	108
Porites_evermani_scaffold_29	228822	231987	gene-Peve_00021692	0.6511251287	101
Porites_evermani_scaffold_29	240887	252038	gene-Peve_00021693	1.448743937	190
Porites_evermani_scaffold_29	263691	274163	gene-Peve_00021694	0.6372962955	291
Porites_evermani_scaffold_29	282872	284147	gene-Peve_00021695	32.47782448	21
Porites_evermani_scaffold_29	290504	291182	gene-Peve_00021696	0	17
Porites_evermani_scaffold_29	291275	295707	gene-Peve_00021697	2.370678259	143
Porites_evermani_scaffold_29	311521	317694	gene-Peve_00021698	0.2315451134	194
Porites_evermani_scaffold_29	323928	342280	gene-Peve_00021701	0.8386605983	473
Porites_evermani_scaffold_29	347146	361380	gene-Peve_00021702	0.5316544465	271
Porites_evermani_scaffold_29	367305	376867	gene-Peve_00021703	4.023447776	228
Porites_evermani_scaffold_29	398834	407275	gene-Peve_00021705	0.7576108008	236
Porites_evermani_scaffold_29	414330	415535	gene-Peve_00021706	0	6
Porites_evermani_scaffold_29	418901	420993	gene-Peve_00021644	1.122685194	36
Porites_evermani_scaffold_29	423306	424526	gene-Peve_00021645	0.2024291538	26
Porites_evermani_scaffold_29	428652	446444	gene-Peve_00021646	0.2902267316	421
Porites_evermani_scaffold_29	448792	478095	gene-Peve_00021647	29.10912595	653
Porites_evermani_scaffold_29	478304	482746	gene-Peve_00021648	0.6070238705	139
Porites_evermani_scaffold_29	484059	505679	gene-Peve_00021649	0.5061311533	600
Porites_evermani_scaffold_29	512111	546647	gene-Peve_00021650	0.8512031964	835
Porites_evermani_scaffold_29	547942	562687	gene-Peve_00021652	18.37924839	275
Porites_evermani_scaffold_29	562973	566795	gene-Peve_00021653	39.37210313	45
Porites_evermani_scaffold_29	577971	608378	gene-Peve_00021654	42.48105118	508
Porites_evermani_scaffold_29	614631	634776	gene-Peve_00021656	0.8110289354	418
Porites_evermani_scaffold_29	635423	636937	gene-Peve_00021657	54.69718433	24
Porites_evermani_scaffold_29	644269	647955	gene-Peve_00021660	0.553183202	99
Porites_evermani_scaffold_29	648449	684633	gene-Peve_00021661	20.07194976	726
Porites_evermani_scaffold_29	688249	700297	gene-Peve_00021662	73.2731245	173
Porites_evermani_scaffold_29	700610	706234	gene-Peve_00021663	67.6249776	107
Porites_evermani_scaffold_29	708024	708984	gene-Peve_00021664	84.80710056	9
Porites_evermani_scaffold_29	715696	722163	gene-Peve_00021665	0.5246974737	171
Porites_evermani_scaffold_29	726847	744677	gene-Peve_00021666	16.43560745	373
Porites_evermani_scaffold_29	746974	749673	gene-Peve_00021667	0.2417641585	82
Porites_evermani_scaffold_29	752975	760139	gene-Peve_00021668	0.2280420898	167
Porites_evermani_scaffold_29	762066	765345	gene-Peve_00021669	0.3377525313	96
Porites_evermani_scaffold_29	771756	782267	gene-Peve_00021670	0.5441797108	249
Porites_evermani_scaffold_29	791115	792750	gene-Peve_00021672	1.301112771	35
Porites_evermani_scaffold_29	795140	804385	gene-Peve_00021673	0.4283138613	238
Porites_evermani_scaffold_29	806092	807899	gene-Peve_00021674	0.9609018333	42
Porites_evermani_scaffold_29	808884	810209	gene-Peve_00021675	0.1377410606	33
Porites_evermani_scaffold_29	820783	824142	gene-Peve_00021676	0.1388888889	72
Porites_evermani_scaffold_29	830708	831110	gene-Peve_00021677	0.5952380714	14
Porites_evermani_scaffold_29	834225	841627	gene-Peve_00021678	0.2674091737	259
Porites_evermani_scaffold_29	849639	850701	gene-Peve_00021681	0.2597402571	35
Porites_evermani_scaffold_29	851578	864775	gene-Peve_00021682	26.83478621	199
Porites_evermani_scaffold_290	3795	4601	gene-Peve_00021711	.	0
Porites_evermani_scaffold_290	5318	5858	gene-Peve_00021714	.	0
Porites_evermani_scaffold_290	7864	14474	gene-Peve_00021720	41.76136375	8
Porites_evermani_scaffold_290	16104	19523	gene-Peve_00021724	78.43947164	39
Porites_evermani_scaffold_290	25842	29278	gene-Peve_00021728	.	0
Porites_evermani_scaffold_290	26052	28418	gene-Peve_00021729	.	0
Porites_evermani_scaffold_290	30373	39797	gene-Peve_00021730	45.60376126	69
Porites_evermani_scaffold_290	43075	43993	gene-Peve_00021707	0.2469135926	27
Porites_evermani_scaffold_290	52624	55883	gene-Peve_00021708	75.15776592	36
Porites_evermani_scaffold_290	56358	57441	gene-Peve_00021709	6.728395074	27
Porites_evermani_scaffold_290	58524	85630	gene-Peve_00021710	61.55099217	306
Porites_evermani_scaffold_290	73304	76244	gene-Peve_00021712	.	0
Porites_evermani_scaffold_290	91402	98531	gene-Peve_00021713	9.826179228	162
Porites_evermani_scaffold_290	112656	113274	gene-Peve_00021715	3.475082615	13
Porites_evermani_scaffold_290	123430	125126	gene-Peve_00021716	0.2876984167	48
Porites_evermani_scaffold_290	124106	124805	gene-Peve_00021717	0.7142857	10
Porites_evermani_scaffold_290	130145	131574	gene-Peve_00021718	1.081329103	29
Porites_evermani_scaffold_290	133160	133637	gene-Peve_00021719	0	20
Porites_evermani_scaffold_290	137918	138257	gene-Peve_00021721	0	18
Porites_evermani_scaffold_290	153437	153830	gene-Peve_00021722	0	2
Porites_evermani_scaffold_290	156652	159640	gene-Peve_00021723	5.553433658	38
Porites_evermani_scaffold_290	183950	202217	gene-Peve_00021725	4.281145742	457
Porites_evermani_scaffold_290	204894	229431	gene-Peve_00021726	24.33855769	357
Porites_evermani_scaffold_290	229528	239244	gene-Peve_00021727	37.46489102	101
Porites_evermani_scaffold_290	243145	263788	gene-Peve_00021731	29.7843506	127
Porites_evermani_scaffold_290	274339	282420	gene-Peve_00021732	65.45722101	82
Porites_evermani_scaffold_290	286255	296743	gene-Peve_00021733	50.08867926	129
Porites_evermani_scaffold_290	300981	301743	gene-Peve_00021734	1.845238143	7
Porites_evermani_scaffold_290	305549	311519	gene-Peve_00021735	0.6395478054	149
Porites_evermani_scaffold_2900	18665	28518	gene-Peve_00021739	0.2643661932	88
Porites_evermani_scaffold_2900	46354	47188	gene-Peve_00021737	0.5847953333	9
Porites_evermani_scaffold_2900	58361	58928	gene-Peve_00021738	0	13
Porites_evermani_scaffold_2901	6558	10157	gene-Peve_00021740	.	0
Porites_evermani_scaffold_2901	13596	26599	gene-Peve_00021741	31.36178427	59
Porites_evermani_scaffold_2901	38478	38991	gene-Peve_00021742	.	0
Porites_evermani_scaffold_2901	42439	42952	gene-Peve_00021743	.	0
Porites_evermani_scaffold_2901	47986	48898	gene-Peve_00021744	0	23
Porites_evermani_scaffold_2902	3885	4641	gene-Peve_00021745	73.70578864	11
Porites_evermani_scaffold_2902	6096	7388	gene-Peve_00021748	47.17559269	16
Porites_evermani_scaffold_2902	9821	11699	gene-Peve_00021749	.	0
Porites_evermani_scaffold_2902	17353	26258	gene-Peve_00021750	3.152716163	43
Porites_evermani_scaffold_2902	41115	41523	gene-Peve_00021746	15.43451869	13
Porites_evermani_scaffold_2902	50954	55615	gene-Peve_00021747	44.98274112	41
Porites_evermani_scaffold_2904	8784	9504	gene-Peve_00021754	.	0
Porites_evermani_scaffold_2904	30441	49435	gene-Peve_00021752	44.06793497	87
Porites_evermani_scaffold_2904	49507	56262	gene-Peve_00021753	48.5539483	44
Porites_evermani_scaffold_2905	8	7006	gene-Peve_00021756	0	1
Porites_evermani_scaffold_2905	9028	52428	gene-Peve_00021757	.	0
Porites_evermani_scaffold_2906	2	18817	gene-Peve_00021758	14.1058098	70
Porites_evermani_scaffold_2906	30711	43175	gene-Peve_00021762	0.2313329389	180
Porites_evermani_scaffold_2906	48332	48776	gene-Peve_00021759	.	0
Porites_evermani_scaffold_2906	50816	51698	gene-Peve_00021760	.	0
Porites_evermani_scaffold_2906	56018	56900	gene-Peve_00021761	.	0
Porites_evermani_scaffold_2908	3522	5609	gene-Peve_00021763	.	0
Porites_evermani_scaffold_2908	6156	12617	gene-Peve_00021764	.	0
Porites_evermani_scaffold_2908	16586	32100	gene-Peve_00021765	33.95363425	4
Porites_evermani_scaffold_2908	47643	58431	gene-Peve_00021766	.	0
Porites_evermani_scaffold_2909	9248	9650	gene-Peve_00021770	1.388888833	6
Porites_evermani_scaffold_2909	15669	19013	gene-Peve_00021771	0.3026583404	94
Porites_evermani_scaffold_2909	21541	23703	gene-Peve_00021772	0.2256016029	68
Porites_evermani_scaffold_2909	30260	30941	gene-Peve_00021773	0	7
Porites_evermani_scaffold_2909	35916	36252	gene-Peve_00021767	0	19
Porites_evermani_scaffold_2909	45129	54829	gene-Peve_00021768	2.624532849	185
Porites_evermani_scaffold_2909	54874	58639	gene-Peve_00021769	8.708471661	56
Porites_evermani_scaffold_291	789	21100	gene-Peve_00021774	8.477419305	128
Porites_evermani_scaffold_291	22422	23620	gene-Peve_00021775	.	0
Porites_evermani_scaffold_291	33287	41357	gene-Peve_00021785	16.63191768	28
Porites_evermani_scaffold_291	76414	78879	gene-Peve_00021795	2.857142857	7
Porites_evermani_scaffold_291	85203	102357	gene-Peve_00021796	56.41441841	174
Porites_evermani_scaffold_291	102615	110430	gene-Peve_00021776	34.50033584	37
Porites_evermani_scaffold_291	114019	122558	gene-Peve_00021777	77.84965607	56
Porites_evermani_scaffold_291	124842	130511	gene-Peve_00021778	17.22695356	115
Porites_evermani_scaffold_291	133312	136322	gene-Peve_00021779	0.7731317755	98
Porites_evermani_scaffold_291	138300	139515	gene-Peve_00021781	0.1322751429	42
Porites_evermani_scaffold_291	143455	147447	gene-Peve_00021780	0.2561794653	101
Porites_evermani_scaffold_291	170229	177082	gene-Peve_00021782	0.2760270824	182
Porites_evermani_scaffold_291	180748	226566	gene-Peve_00021784	5.151837162	952
Porites_evermani_scaffold_291	228442	229099	gene-Peve_00021786	0.6493506429	14
Porites_evermani_scaffold_291	243224	251703	gene-Peve_00021789	.	0
Porites_evermani_scaffold_291	251753	253681	gene-Peve_00021788	.	0
Porites_evermani_scaffold_291	273987	274386	gene-Peve_00021790	.	0
Porites_evermani_scaffold_291	275747	276146	gene-Peve_00021791	25.654762	7
Porites_evermani_scaffold_291	276629	278326	gene-Peve_00021792	.	0
Porites_evermani_scaffold_291	288717	298182	gene-Peve_00021793	0.2044252045	88
Porites_evermani_scaffold_291	299267	300149	gene-Peve_00021794	.	0
Porites_evermani_scaffold_2910	89	1764	gene-Peve_00021797	92.53717521	14
Porites_evermani_scaffold_2910	7739	22818	gene-Peve_00021798	62.87217301	219
Porites_evermani_scaffold_2910	22982	34996	gene-Peve_00021799	14.88455499	195
Porites_evermani_scaffold_2910	37835	44550	gene-Peve_00021800	0.8853076839	193
Porites_evermani_scaffold_2911	121	19464	gene-Peve_00021801	0.9383079228	505
Porites_evermani_scaffold_2911	21943	24803	gene-Peve_00021802	.	0
Porites_evermani_scaffold_2911	30530	34069	gene-Peve_00021803	0.1339993106	132
Porites_evermani_scaffold_2911	44303	58920	gene-Peve_00021804	25.4285272	235
Porites_evermani_scaffold_2912	8061	12343	gene-Peve_00021805	1.6666666	5
Porites_evermani_scaffold_2912	16172	16601	gene-Peve_00021806	.	0
Porites_evermani_scaffold_2912	32901	37371	gene-Peve_00021807	14.16666667	12
Porites_evermani_scaffold_2912	40630	50898	gene-Peve_00021808	1.575513307	179
Porites_evermani_scaffold_2913	4498	6156	gene-Peve_00021809	0	3
Porites_evermani_scaffold_2913	9367	9987	gene-Peve_00021810	0	6
Porites_evermani_scaffold_2913	12733	17114	gene-Peve_00021811	.	0
Porites_evermani_scaffold_2913	20664	48039	gene-Peve_00021812	3.800139435	283
Porites_evermani_scaffold_2913	49133	56170	gene-Peve_00021813	54.57426284	93
Porites_evermani_scaffold_2914	153	8701	gene-Peve_00021814	13.76437183	93
Porites_evermani_scaffold_2914	15354	23314	gene-Peve_00021816	32.9496224	65
Porites_evermani_scaffold_2914	26114	26954	gene-Peve_00021818	0	12
Porites_evermani_scaffold_2914	29697	33977	gene-Peve_00021819	20.98283069	68
Porites_evermani_scaffold_2914	37074	42563	gene-Peve_00021820	21.36961081	70
Porites_evermani_scaffold_2914	47590	52865	gene-Peve_00021815	0.641445746	189
Porites_evermani_scaffold_2914	54372	59448	gene-Peve_00021817	0.4276193544	158
Porites_evermani_scaffold_2915	1127	2772	gene-Peve_00021821	6.080283364	22
Porites_evermani_scaffold_2915	2915	6555	gene-Peve_00021822	46.37470865	20
Porites_evermani_scaffold_2915	9362	59418	gene-Peve_00021823	1.15803444	341
Porites_evermani_scaffold_2916	18644	34416	gene-Peve_00021825	0	18
Porites_evermani_scaffold_2917	3351	4023	gene-Peve_00021830	4	5
Porites_evermani_scaffold_2917	4104	4552	gene-Peve_00021832	0.3205128333	24
Porites_evermani_scaffold_2917	7175	8952	gene-Peve_00021833	0	9
Porites_evermani_scaffold_2917	10923	11955	gene-Peve_00021834	0	37
Porites_evermani_scaffold_2917	25807	26945	gene-Peve_00021827	0	2
Porites_evermani_scaffold_2917	40315	40539	gene-Peve_00021828	.	0
Porites_evermani_scaffold_2917	51997	52365	gene-Peve_00021829	68.60299969	13
Porites_evermani_scaffold_2917	56095	57935	gene-Peve_00021831	0	7
Porites_evermani_scaffold_2918	17202	27031	gene-Peve_00021837	27.69574403	124
Porites_evermani_scaffold_2918	31776	37554	gene-Peve_00021838	0.5229419615	26
Porites_evermani_scaffold_2918	38175	54856	gene-Peve_00021835	.	0
Porites_evermani_scaffold_2918	52533	58911	gene-Peve_00021836	.	0
Porites_evermani_scaffold_2919	8540	12095	gene-Peve_00021845	0.1307189556	90
Porites_evermani_scaffold_2919	13274	14702	gene-Peve_00021846	.	0
Porites_evermani_scaffold_2919	18654	19188	gene-Peve_00021839	0	1
Porites_evermani_scaffold_2919	21335	21776	gene-Peve_00021840	.	0
Porites_evermani_scaffold_2919	40178	58730	gene-Peve_00021843	8.70879125	4
Porites_evermani_scaffold_2919	45997	46223	gene-Peve_00021844	.	0
Porites_evermani_scaffold_292	11021	11600	gene-Peve_00021854	.	0
Porites_evermani_scaffold_292	46928	48632	gene-Peve_00021848	.	0
Porites_evermani_scaffold_292	60359	66645	gene-Peve_00021849	62.85146136	47
Porites_evermani_scaffold_292	66804	73116	gene-Peve_00021850	51.23079798	103
Porites_evermani_scaffold_292	81609	88797	gene-Peve_00021851	10.24951139	85
Porites_evermani_scaffold_292	90538	92013	gene-Peve_00021852	85.46576592	12
Porites_evermani_scaffold_292	93829	109522	gene-Peve_00021853	75.78359894	168
Porites_evermani_scaffold_292	112821	116279	gene-Peve_00021855	18.22939092	36
Porites_evermani_scaffold_292	125120	177914	gene-Peve_00021856	0.9134741438	737
Porites_evermani_scaffold_292	179317	183011	gene-Peve_00021857	1.246511462	78
Porites_evermani_scaffold_292	189470	197984	gene-Peve_00021859	0.1491424362	149
Porites_evermani_scaffold_292	199725	206312	gene-Peve_00021860	.	0
Porites_evermani_scaffold_292	207552	215698	gene-Peve_00021861	65.70432053	51
Porites_evermani_scaffold_292	224571	225201	gene-Peve_00021862	95.16581636	14
Porites_evermani_scaffold_292	232304	232946	gene-Peve_00021864	.	0
Porites_evermani_scaffold_292	238517	239079	gene-Peve_00021865	0.5555555556	18
Porites_evermani_scaffold_292	241332	241671	gene-Peve_00021866	12.36225891	11
Porites_evermani_scaffold_292	247324	250768	gene-Peve_00021867	55.49027429	70
Porites_evermani_scaffold_292	263061	264223	gene-Peve_00021868	39.36756919	16
Porites_evermani_scaffold_292	264339	264846	gene-Peve_00021869	21.29005443	7
Porites_evermani_scaffold_292	267432	268030	gene-Peve_00021870	15.151515	3
Porites_evermani_scaffold_292	272482	273040	gene-Peve_00021871	32.0261435	2
Porites_evermani_scaffold_292	279563	279899	gene-Peve_00021872	26.123876	4
Porites_evermani_scaffold_292	296474	301073	gene-Peve_00021873	3.557001	46
Porites_evermani_scaffold_2920	5600	21735	gene-Peve_00021875	0.7331218286	280
Porites_evermani_scaffold_2921	111	7603	gene-Peve_00021876	0	1
Porites_evermani_scaffold_2921	7804	13730	gene-Peve_00021877	8.012820545	22
Porites_evermani_scaffold_2921	18650	57536	gene-Peve_00021878	18.82735622	447
Porites_evermani_scaffold_2922	8023	9028	gene-Peve_00021880	0	9
Porites_evermani_scaffold_2922	10756	21723	gene-Peve_00021881	1.012664242	33
Porites_evermani_scaffold_2922	22392	34965	gene-Peve_00021882	20.04398895	57
Porites_evermani_scaffold_2922	51871	53142	gene-Peve_00021879	.	0
Porites_evermani_scaffold_2923	3630	9917	gene-Peve_00021883	0	19
Porites_evermani_scaffold_2923	12939	20103	gene-Peve_00021884	0	7
Porites_evermani_scaffold_2923	21477	24127	gene-Peve_00021885	0	10
Porites_evermani_scaffold_2923	37615	59032	gene-Peve_00021886	7.1212121	10
Porites_evermani_scaffold_2924	10681	18441	gene-Peve_00021888	0.09263854839	155
Porites_evermani_scaffold_2924	25466	28555	gene-Peve_00021889	0.1025641067	75
Porites_evermani_scaffold_2924	33431	42917	gene-Peve_00021890	0.6561513333	276
Porites_evermani_scaffold_2924	49298	51073	gene-Peve_00021891	0.2673796765	34
Porites_evermani_scaffold_2924	53200	58488	gene-Peve_00021892	0.21025642	100
Porites_evermani_scaffold_2925	10500	12325	gene-Peve_00021893	0	2
Porites_evermani_scaffold_2925	43366	51653	gene-Peve_00021894	2.787487926	189
Porites_evermani_scaffold_2926	22411	23467	gene-Peve_00021896	0	2
Porites_evermani_scaffold_2926	25570	26623	gene-Peve_00021897	0	20
Porites_evermani_scaffold_2926	48095	57314	gene-Peve_00021895	0.2348484909	55
Porites_evermani_scaffold_2927	17	12216	gene-Peve_00021899	0	12
Porites_evermani_scaffold_2927	15421	29136	gene-Peve_00021901	22.35818222	116
Porites_evermani_scaffold_2927	30141	33861	gene-Peve_00021902	10.3598021	88
Porites_evermani_scaffold_2927	39275	48037	gene-Peve_00021903	20.26850706	155
Porites_evermani_scaffold_2927	51002	56372	gene-Peve_00021900	0	9
Porites_evermani_scaffold_2928	7673	27387	gene-Peve_00021904	0.8929855424	413
Porites_evermani_scaffold_2928	33777	40240	gene-Peve_00021905	0.3498795699	93
Porites_evermani_scaffold_2928	40378	57603	gene-Peve_00021906	0.1953125	32
Porites_evermani_scaffold_2929	18844	23042	gene-Peve_00021908	4.613095167	6
Porites_evermani_scaffold_2929	25065	26186	gene-Peve_00021909	.	0
Porites_evermani_scaffold_2929	36604	40759	gene-Peve_00021910	0.2083333333	48
Porites_evermani_scaffold_2929	46503	51843	gene-Peve_00021911	0	5
Porites_evermani_scaffold_2929	55534	58467	gene-Peve_00021907	0.2632133763	93
Porites_evermani_scaffold_293	9421	15959	gene-Peve_00021916	0.8507237983	238
Porites_evermani_scaffold_293	25204	29614	gene-Peve_00021931	.	0
Porites_evermani_scaffold_293	34507	35377	gene-Peve_00021912	71.428571	1
Porites_evermani_scaffold_293	42949	82286	gene-Peve_00021917	2.025110189	927
Porites_evermani_scaffold_293	67150	67586	gene-Peve_00021913	1.062485034	29
Porites_evermani_scaffold_293	88203	94673	gene-Peve_00021914	0.5848637987	159
Porites_evermani_scaffold_293	104842	110008	gene-Peve_00021915	65.12530936	122
Porites_evermani_scaffold_293	113646	138322	gene-Peve_00021918	29.72334705	351
Porites_evermani_scaffold_293	144954	154039	gene-Peve_00021919	63.2350187	176
Porites_evermani_scaffold_293	160181	175662	gene-Peve_00021920	77.52962007	356
Porites_evermani_scaffold_293	177983	182456	gene-Peve_00021921	76.28333823	53
Porites_evermani_scaffold_293	183078	189163	gene-Peve_00021922	25.59425651	67
Porites_evermani_scaffold_293	200433	202487	gene-Peve_00021923	0.4275665946	74
Porites_evermani_scaffold_293	208221	209304	gene-Peve_00021924	0.2777777778	36
Porites_evermani_scaffold_293	218151	219189	gene-Peve_00021925	0.5555555556	18
Porites_evermani_scaffold_293	224448	235963	gene-Peve_00021926	0.5501750711	239
Porites_evermani_scaffold_293	253921	262195	gene-Peve_00021927	60.71178265	168
Porites_evermani_scaffold_293	262260	285768	gene-Peve_00021929	21.69145518	475
Porites_evermani_scaffold_293	288011	306815	gene-Peve_00021930	35.89460525	298
Porites_evermani_scaffold_2930	612	15290	gene-Peve_00021932	0.5255288139	231
Porites_evermani_scaffold_2930	17425	18187	gene-Peve_00021935	0	1
Porites_evermani_scaffold_2930	21572	26209	gene-Peve_00021936	0.5708306818	44
Porites_evermani_scaffold_2930	31412	33239	gene-Peve_00021937	0.2077717925	53
Porites_evermani_scaffold_2930	42273	46173	gene-Peve_00021933	5.585800225	40
Porites_evermani_scaffold_2930	52652	53138	gene-Peve_00021934	.	0
Porites_evermani_scaffold_2931	0	8165	gene-Peve_00021938	0.1724137931	58
Porites_evermani_scaffold_2931	10969	16052	gene-Peve_00021941	9.8407445	38
Porites_evermani_scaffold_2931	18604	28686	gene-Peve_00021942	7.768021039	155
Porites_evermani_scaffold_2931	29831	35483	gene-Peve_00021943	0	12
Porites_evermani_scaffold_2931	41305	41992	gene-Peve_00021944	0.86309525	16
Porites_evermani_scaffold_2931	45010	46467	gene-Peve_00021945	3.494808308	39
Porites_evermani_scaffold_2931	50092	50773	gene-Peve_00021939	0	6
Porites_evermani_scaffold_2931	51109	57123	gene-Peve_00021940	13.030303	11
Porites_evermani_scaffold_2932	2569	18483	gene-Peve_00021946	15.70906936	193
Porites_evermani_scaffold_2932	19904	20528	gene-Peve_00021947	0.7777777667	30
Porites_evermani_scaffold_2932	28632	58607	gene-Peve_00021948	4.098391774	84
Porites_evermani_scaffold_2933	7412	7757	gene-Peve_00021950	0	4
Porites_evermani_scaffold_2933	10554	13847	gene-Peve_00021951	0	24
Porites_evermani_scaffold_2933	25626	26666	gene-Peve_00021952	.	0
Porites_evermani_scaffold_2933	33058	34085	gene-Peve_00021953	.	0
Porites_evermani_scaffold_2933	34607	35312	gene-Peve_00021949	0	6
Porites_evermani_scaffold_2933	49543	54352	gene-Peve_00021954	.	0
Porites_evermani_scaffold_2934	232	10240	gene-Peve_00021955	0.7586147112	277
Porites_evermani_scaffold_2934	11587	16197	gene-Peve_00021959	0.2156278352	91
Porites_evermani_scaffold_2934	16422	29546	gene-Peve_00021956	0.3038457224	281
Porites_evermani_scaffold_2934	30141	51896	gene-Peve_00021957	0.8351736778	686
Porites_evermani_scaffold_2934	56674	58760	gene-Peve_00021958	0	73
Porites_evermani_scaffold_2935	11136	11751	gene-Peve_00021961	.	0
Porites_evermani_scaffold_2935	54811	56559	gene-Peve_00021960	0	37
Porites_evermani_scaffold_2936	15884	17993	gene-Peve_00021967	0.11574075	48
Porites_evermani_scaffold_2936	31592	33677	gene-Peve_00021962	0.2604166562	32
Porites_evermani_scaffold_2936	34388	37781	gene-Peve_00021963	6.726458944	18
Porites_evermani_scaffold_2936	41460	42267	gene-Peve_00021964	.	0
Porites_evermani_scaffold_2936	42902	46637	gene-Peve_00021965	0.7939398269	52
Porites_evermani_scaffold_2936	50127	54265	gene-Peve_00021966	1.871583	15
Porites_evermani_scaffold_2937	12701	13424	gene-Peve_00021968	0.4444444571	35
Porites_evermani_scaffold_2937	18676	41527	gene-Peve_00021970	0.196470195	200
Porites_evermani_scaffold_2937	43433	43760	gene-Peve_00021971	0	6
Porites_evermani_scaffold_2937	56726	57194	gene-Peve_00021972	17.95167035	23
Porites_evermani_scaffold_2938	22124	26313	gene-Peve_00021973	.	0
Porites_evermani_scaffold_2938	40446	47782	gene-Peve_00021975	1.493895525	99
Porites_evermani_scaffold_2938	45056	46038	gene-Peve_00021974	0	37
Porites_evermani_scaffold_2939	2	5442	gene-Peve_00021976	0	1
Porites_evermani_scaffold_2939	14661	16001	gene-Peve_00021981	.	0
Porites_evermani_scaffold_2939	21109	25613	gene-Peve_00021983	1.201984604	159
Porites_evermani_scaffold_2939	29520	30192	gene-Peve_00021977	.	0
Porites_evermani_scaffold_2939	31143	32412	gene-Peve_00021978	.	0
Porites_evermani_scaffold_2939	47332	47689	gene-Peve_00021980	.	0
Porites_evermani_scaffold_2939	57545	57905	gene-Peve_00021982	0.6666667	10
Porites_evermani_scaffold_294	28255	28579	gene-Peve_00021991	0	14
Porites_evermani_scaffold_294	30008	30875	gene-Peve_00021996	0.2083333333	30
Porites_evermani_scaffold_294	35958	69346	gene-Peve_00021984	0.637008051	1078
Porites_evermani_scaffold_294	80799	81482	gene-Peve_00021986	0	16
Porites_evermani_scaffold_294	81800	82211	gene-Peve_00021987	0	4
Porites_evermani_scaffold_294	89265	157175	gene-Peve_00021988	7.491913892	1742
Porites_evermani_scaffold_294	164161	164581	gene-Peve_00021990	0	4
Porites_evermani_scaffold_294	198719	208964	gene-Peve_00021992	0.5236764502	271
Porites_evermani_scaffold_294	212395	237185	gene-Peve_00021993	13.8035263	479
Porites_evermani_scaffold_294	240174	277226	gene-Peve_00021994	17.06813329	716
Porites_evermani_scaffold_294	279057	302510	gene-Peve_00021995	54.28125043	361
Porites_evermani_scaffold_2940	12114	15663	gene-Peve_00021998	0	11
Porites_evermani_scaffold_2941	1847	7573	gene-Peve_00022000	42.58064452	29
Porites_evermani_scaffold_2941	10330	21275	gene-Peve_00022001	17.81699006	65
Porites_evermani_scaffold_2941	24550	31248	gene-Peve_00022002	.	0
Porites_evermani_scaffold_2941	41248	53356	gene-Peve_00022003	16.66913241	17
Porites_evermani_scaffold_2941	53785	58369	gene-Peve_00022004	.	0
Porites_evermani_scaffold_2943	34619	37620	gene-Peve_00022009	0	2
Porites_evermani_scaffold_2943	48764	49913	gene-Peve_00022007	52.8864574	5
Porites_evermani_scaffold_2943	50272	51567	gene-Peve_00022008	40.61566583	6
Porites_evermani_scaffold_2944	867	1730	gene-Peve_00022010	0.4629629444	18
Porites_evermani_scaffold_2944	10698	26324	gene-Peve_00022011	3.196533732	183
Porites_evermani_scaffold_2944	22455	23885	gene-Peve_00022012	87.121212	2
Porites_evermani_scaffold_2944	29899	58501	gene-Peve_00022013	12.98057893	488
Porites_evermani_scaffold_2945	747	7296	gene-Peve_00022014	49.23646729	97
Porites_evermani_scaffold_2945	7589	13082	gene-Peve_00022016	78.99282541	22
Porites_evermani_scaffold_2945	15723	22827	gene-Peve_00022017	4.720927222	54
Porites_evermani_scaffold_2945	39734	42122	gene-Peve_00022015	0	8
Porites_evermani_scaffold_2946	3843	4203	gene-Peve_00022018	0	3
Porites_evermani_scaffold_2946	24468	42458	gene-Peve_00022019	0.1960784314	51
Porites_evermani_scaffold_2947	7751	8656	gene-Peve_00022021	.	0
Porites_evermani_scaffold_2947	22889	23167	gene-Peve_00022023	.	0
Porites_evermani_scaffold_2947	43783	44812	gene-Peve_00022024	0	2
Porites_evermani_scaffold_2947	50457	51393	gene-Peve_00022020	.	0
Porites_evermani_scaffold_2948	451	4290	gene-Peve_00022025	.	0
Porites_evermani_scaffold_2948	16264	16717	gene-Peve_00022027	.	0
Porites_evermani_scaffold_2948	19530	21299	gene-Peve_00022028	74.00389629	17
Porites_evermani_scaffold_2948	38929	39730	gene-Peve_00022026	0.1972386667	39
Porites_evermani_scaffold_2949	2782	9530	gene-Peve_00022033	0.8726349348	230
Porites_evermani_scaffold_2949	27148	31676	gene-Peve_00022029	1.083836491	112
Porites_evermani_scaffold_2949	34493	35356	gene-Peve_00022030	0	19
Porites_evermani_scaffold_2949	39675	43649	gene-Peve_00022031	0.3103997007	147
Porites_evermani_scaffold_2949	46375	48557	gene-Peve_00022032	0.7050422133	75
Porites_evermani_scaffold_295	6575	6853	gene-Peve_00022034	0	10
Porites_evermani_scaffold_295	33497	37517	gene-Peve_00022059	29.20906807	59
Porites_evermani_scaffold_295	41644	45647	gene-Peve_00022035	59.46385521	39
Porites_evermani_scaffold_295	45816	48853	gene-Peve_00022036	75.42163441	58
Porites_evermani_scaffold_295	49087	60096	gene-Peve_00022037	76.09297949	45
Porites_evermani_scaffold_295	60269	69801	gene-Peve_00022038	76.85876574	50
Porites_evermani_scaffold_295	72892	75557	gene-Peve_00022039	55.3344156	20
Porites_evermani_scaffold_295	75771	94222	gene-Peve_00022040	26.77281472	208
Porites_evermani_scaffold_295	87834	89425	gene-Peve_00022043	0	8
Porites_evermani_scaffold_295	95342	96668	gene-Peve_00022041	.	0
Porites_evermani_scaffold_295	100533	101856	gene-Peve_00022044	0	6
Porites_evermani_scaffold_295	105451	111895	gene-Peve_00022042	0.934327519	79
Porites_evermani_scaffold_295	113829	148588	gene-Peve_00022045	1.711197184	674
Porites_evermani_scaffold_295	149816	150380	gene-Peve_00022047	0	13
Porites_evermani_scaffold_295	151499	156209	gene-Peve_00022048	0.2136752222	108
Porites_evermani_scaffold_295	159187	160144	gene-Peve_00022049	0	26
Porites_evermani_scaffold_295	161864	213327	gene-Peve_00022050	8.576952894	836
Porites_evermani_scaffold_295	216141	224378	gene-Peve_00022051	32.80714694	157
Porites_evermani_scaffold_295	224473	227025	gene-Peve_00022052	22.80296526	31
Porites_evermani_scaffold_295	231884	236817	gene-Peve_00022053	55.62375884	37
Porites_evermani_scaffold_295	237442	241604	gene-Peve_00022054	50.16600792	25
Porites_evermani_scaffold_295	248276	262002	gene-Peve_00022055	40.5822005	76
Porites_evermani_scaffold_295	263301	280933	gene-Peve_00022056	0.5604346358	486
Porites_evermani_scaffold_295	287422	293308	gene-Peve_00022057	0.5398849608	102
Porites_evermani_scaffold_295	295093	302365	gene-Peve_00022058	60.12694027	73
Porites_evermani_scaffold_295	303700	304495	gene-Peve_00022060	18.09842339	23
Porites_evermani_scaffold_295	304665	311245	gene-Peve_00022061	11.0237799	115
Porites_evermani_scaffold_2950	6638	17807	gene-Peve_00022063	0.8016624897	243
Porites_evermani_scaffold_2950	19365	22833	gene-Peve_00022064	0.3141685607	107
Porites_evermani_scaffold_2950	27799	32301	gene-Peve_00022065	0.5614700615	65
Porites_evermani_scaffold_2950	36513	37068	gene-Peve_00022062	0	6
Porites_evermani_scaffold_2951	3775	9331	gene-Peve_00022066	73.076782	33
Porites_evermani_scaffold_2951	17202	23991	gene-Peve_00022071	64.79337924	71
Porites_evermani_scaffold_2951	25320	26334	gene-Peve_00022072	.	0
Porites_evermani_scaffold_2951	27839	28448	gene-Peve_00022073	1.111111111	9
Porites_evermani_scaffold_2951	31266	32280	gene-Peve_00022074	.	0
Porites_evermani_scaffold_2951	33561	34530	gene-Peve_00022067	0	1
Porites_evermani_scaffold_2951	36792	37530	gene-Peve_00022068	.	0
Porites_evermani_scaffold_2951	41178	43482	gene-Peve_00022069	0.3724216964	56
Porites_evermani_scaffold_2951	45692	57743	gene-Peve_00022070	30.61801824	208
Porites_evermani_scaffold_2952	13271	15839	gene-Peve_00022076	7.805662784	37
Porites_evermani_scaffold_2952	21379	24985	gene-Peve_00022077	0.1587301667	42
Porites_evermani_scaffold_2952	27513	29456	gene-Peve_00022078	18.74812151	39
Porites_evermani_scaffold_2952	35766	54511	gene-Peve_00022075	63.90039335	146
Porites_evermani_scaffold_2953	12447	16197	gene-Peve_00022079	1.012987	25
Porites_evermani_scaffold_2953	20309	27685	gene-Peve_00022083	0	36
Porites_evermani_scaffold_2953	41984	48839	gene-Peve_00022081	.	0
Porites_evermani_scaffold_2953	53790	58170	gene-Peve_00022082	37.7272725	2
Porites_evermani_scaffold_2954	2	2089	gene-Peve_00022084	0	1
Porites_evermani_scaffold_2954	3333	9052	gene-Peve_00022085	51.59667395	57
Porites_evermani_scaffold_2954	10755	14006	gene-Peve_00022086	69.16555683	6
Porites_evermani_scaffold_2954	15344	19694	gene-Peve_00022087	1.176470588	17
Porites_evermani_scaffold_2954	28988	32501	gene-Peve_00022088	0.1939655172	58
Porites_evermani_scaffold_2954	39665	52727	gene-Peve_00022089	16.92896174	258
Porites_evermani_scaffold_2955	1210	7968	gene-Peve_00022090	8.1860331	20
Porites_evermani_scaffold_2955	14113	14770	gene-Peve_00022091	.	0
Porites_evermani_scaffold_2955	24169	25480	gene-Peve_00022092	0.1253132857	42
Porites_evermani_scaffold_2955	30689	41901	gene-Peve_00022093	57.84917741	68
Porites_evermani_scaffold_2955	47572	58092	gene-Peve_00022094	34.05874128	25
Porites_evermani_scaffold_2956	9581	10370	gene-Peve_00022096	0	4
Porites_evermani_scaffold_2956	19831	22364	gene-Peve_00022098	1.695526714	14
Porites_evermani_scaffold_2956	24298	26111	gene-Peve_00022099	1.4285714	5
Porites_evermani_scaffold_2956	26288	27307	gene-Peve_00022100	0	23
Porites_evermani_scaffold_2956	35894	36779	gene-Peve_00022101	0	11
Porites_evermani_scaffold_2957	23289	27824	gene-Peve_00022102	0.2874661594	69
Porites_evermani_scaffold_2957	36253	57854	gene-Peve_00022103	0.87963868	450
Porites_evermani_scaffold_2958	933	2064	gene-Peve_00022110	5.097783929	14
Porites_evermani_scaffold_2958	19326	20441	gene-Peve_00022104	1.776677289	38
Porites_evermani_scaffold_2958	22069	22558	gene-Peve_00022112	0	13
Porites_evermani_scaffold_2958	28840	32458	gene-Peve_00022105	1.035604177	62
Porites_evermani_scaffold_2958	29159	30368	gene-Peve_00022106	1.510111514	37
Porites_evermani_scaffold_2958	32476	33426	gene-Peve_00022107	6.407244125	16
Porites_evermani_scaffold_2958	38499	38922	gene-Peve_00022108	16.23310312	8
Porites_evermani_scaffold_2958	52750	53378	gene-Peve_00022109	11.66914682	17
Porites_evermani_scaffold_2959	1524	26562	gene-Peve_00022113	1.026423907	431
Porites_evermani_scaffold_2959	35913	37331	gene-Peve_00022114	1.145833312	16
Porites_evermani_scaffold_2959	44155	44903	gene-Peve_00022115	75.70373117	12
Porites_evermani_scaffold_2959	51240	53146	gene-Peve_00022116	32.54178058	19
Porites_evermani_scaffold_296	18061	33386	gene-Peve_00022123	0.9598205469	373
Porites_evermani_scaffold_296	39066	41263	gene-Peve_00022126	0	50
Porites_evermani_scaffold_296	50728	51417	gene-Peve_00022129	2.844463231	13
Porites_evermani_scaffold_296	62245	113735	gene-Peve_00022121	0.9679467574	1220
Porites_evermani_scaffold_296	77231	78275	gene-Peve_00022122	0	5
Porites_evermani_scaffold_296	140235	153628	gene-Peve_00022124	0.448216796	353
Porites_evermani_scaffold_296	175155	179484	gene-Peve_00022125	0.7240902804	107
Porites_evermani_scaffold_296	193218	193560	gene-Peve_00022127	.	0
Porites_evermani_scaffold_296	207330	217171	gene-Peve_00022128	1.466631426	263
Porites_evermani_scaffold_296	241892	265936	gene-Peve_00022130	0.8424643129	604
Porites_evermani_scaffold_296	280033	284788	gene-Peve_00022132	0.8844775941	101
Porites_evermani_scaffold_296	293733	297898	gene-Peve_00022118	0.2380952286	35
Porites_evermani_scaffold_296	303346	310935	gene-Peve_00022119	48.08238674	144
Porites_evermani_scaffold_2960	4297	25252	gene-Peve_00022136	69.9905398	55
Porites_evermani_scaffold_2960	30241	37030	gene-Peve_00022133	38.93274414	14
Porites_evermani_scaffold_2960	37918	49391	gene-Peve_00022134	54.44775814	22
Porites_evermani_scaffold_2960	49586	57984	gene-Peve_00022135	27.90037136	78
Porites_evermani_scaffold_2961	765	25476	gene-Peve_00022137	0.7274527041	196
Porites_evermani_scaffold_2961	33901	38173	gene-Peve_00022138	.	0
Porites_evermani_scaffold_2961	56471	57611	gene-Peve_00022139	10	1
Porites_evermani_scaffold_2962	8759	9101	gene-Peve_00022144	.	0
Porites_evermani_scaffold_2962	10294	11977	gene-Peve_00022145	.	0
Porites_evermani_scaffold_2962	17699	19164	gene-Peve_00022146	.	0
Porites_evermani_scaffold_2962	21818	30648	gene-Peve_00022147	2.8668831	30
Porites_evermani_scaffold_2962	35723	36932	gene-Peve_00022140	.	0
Porites_evermani_scaffold_2962	37111	49415	gene-Peve_00022141	.	0
Porites_evermani_scaffold_2962	50829	54147	gene-Peve_00022142	1.3333334	5
Porites_evermani_scaffold_2962	54210	55465	gene-Peve_00022143	.	0
Porites_evermani_scaffold_2963	1	12483	gene-Peve_00022148	18.07062243	225
Porites_evermani_scaffold_2963	20211	32062	gene-Peve_00022149	43.53676981	151
Porites_evermani_scaffold_2963	36893	38994	gene-Peve_00022150	.	0
Porites_evermani_scaffold_2963	42256	42607	gene-Peve_00022151	.	0
Porites_evermani_scaffold_2963	49245	52344	gene-Peve_00022152	60.30303033	3
Porites_evermani_scaffold_2963	54861	55827	gene-Peve_00022153	0	3
Porites_evermani_scaffold_2964	4925	14847	gene-Peve_00022154	1.168871289	83
Porites_evermani_scaffold_2964	20663	30613	gene-Peve_00022155	30.12913798	105
Porites_evermani_scaffold_2964	30995	47899	gene-Peve_00022156	4.308140289	346
Porites_evermani_scaffold_2964	32224	32987	gene-Peve_00022157	39.25919633	9
Porites_evermani_scaffold_2965	1294	12516	gene-Peve_00022158	65.49914149	118
Porites_evermani_scaffold_2965	12917	40944	gene-Peve_00022159	24.6248856	172
Porites_evermani_scaffold_2965	46640	57498	gene-Peve_00022160	0.9337117105	304
Porites_evermani_scaffold_2966	9584	15435	gene-Peve_00022163	1.250558407	27
Porites_evermani_scaffold_2966	15660	16092	gene-Peve_00022165	0.2932550909	11
Porites_evermani_scaffold_2966	22535	35973	gene-Peve_00022161	0	4
Porites_evermani_scaffold_2966	46339	47621	gene-Peve_00022162	43.6000262	5
Porites_evermani_scaffold_2966	48839	49190	gene-Peve_00022164	.	0
Porites_evermani_scaffold_2967	11028	11730	gene-Peve_00022167	.	0
Porites_evermani_scaffold_2967	14623	15773	gene-Peve_00022168	.	0
Porites_evermani_scaffold_2967	18295	18931	gene-Peve_00022170	0	1
Porites_evermani_scaffold_2967	45293	55716	gene-Peve_00022166	1.124962	23
Porites_evermani_scaffold_2968	3543	16590	gene-Peve_00022172	1.146435224	286
Porites_evermani_scaffold_2968	17339	27055	gene-Peve_00022173	0.1135414361	133
Porites_evermani_scaffold_2968	30248	46084	gene-Peve_00022174	0.2769310327	153
Porites_evermani_scaffold_2968	47376	57176	gene-Peve_00022175	0.5854260169	59
Porites_evermani_scaffold_2969	3083	11163	gene-Peve_00022176	87.699223	26
Porites_evermani_scaffold_2969	23989	26995	gene-Peve_00022182	1.366450838	117
Porites_evermani_scaffold_2969	33824	50201	gene-Peve_00022178	.	0
Porites_evermani_scaffold_2969	42816	43485	gene-Peve_00022179	.	0
Porites_evermani_scaffold_2969	44487	45174	gene-Peve_00022180	.	0
Porites_evermani_scaffold_2969	53993	57586	gene-Peve_00022181	0	8
Porites_evermani_scaffold_297	1486	6937	gene-Peve_00022183	87.36717907	56
Porites_evermani_scaffold_297	22928	64512	gene-Peve_00022184	26.24212787	263
Porites_evermani_scaffold_297	29556	34223	gene-Peve_00022185	0	2
Porites_evermani_scaffold_297	64544	87147	gene-Peve_00022186	2.758719245	53
Porites_evermani_scaffold_297	87556	89284	gene-Peve_00022187	0	5
Porites_evermani_scaffold_297	94637	114370	gene-Peve_00022188	5.033259415	41
Porites_evermani_scaffold_297	116942	118751	gene-Peve_00022189	0	55
Porites_evermani_scaffold_297	131537	134190	gene-Peve_00022190	0.5614973235	34
Porites_evermani_scaffold_297	139055	141148	gene-Peve_00022191	0.1400560196	51
Porites_evermani_scaffold_297	143221	163701	gene-Peve_00022192	0	5
Porites_evermani_scaffold_297	175053	188354	gene-Peve_00022193	13.64361702	47
Porites_evermani_scaffold_297	188550	226321	gene-Peve_00022194	0.7004356004	498
Porites_evermani_scaffold_297	229056	236783	gene-Peve_00022195	0.6567611722	273
Porites_evermani_scaffold_297	265275	265916	gene-Peve_00022197	0	19
Porites_evermani_scaffold_297	277321	279627	gene-Peve_00022196	0.3894020517	58
Porites_evermani_scaffold_297	281127	281805	gene-Peve_00022199	0	5
Porites_evermani_scaffold_2970	1943	3407	gene-Peve_00022200	0.2380952333	30
Porites_evermani_scaffold_2970	5476	7841	gene-Peve_00022202	0.8732905	34
Porites_evermani_scaffold_2970	11444	14233	gene-Peve_00022203	41.71477371	34
Porites_evermani_scaffold_2970	16769	33863	gene-Peve_00022204	18.31893107	305
Porites_evermani_scaffold_2971	73	1536	gene-Peve_00022205	0	35
Porites_evermani_scaffold_2971	5290	12244	gene-Peve_00022207	0.5709081053	190
Porites_evermani_scaffold_2971	17182	21780	gene-Peve_00022208	0.1734932097	124
Porites_evermani_scaffold_2971	31314	51810	gene-Peve_00022206	23.57658996	100
Porites_evermani_scaffold_2972	715	1576	gene-Peve_00022209	39.61655	5
Porites_evermani_scaffold_2972	4574	7928	gene-Peve_00022216	18.79577469	29
Porites_evermani_scaffold_2972	7949	8594	gene-Peve_00022219	0.9426847647	17
Porites_evermani_scaffold_2972	22808	23546	gene-Peve_00022213	.	0
Porites_evermani_scaffold_2972	25383	26126	gene-Peve_00022215	.	0
Porites_evermani_scaffold_2972	38356	38836	gene-Peve_00022217	96.47727275	8
Porites_evermani_scaffold_2972	43513	44844	gene-Peve_00022218	97.368421	2
Porites_evermani_scaffold_2972	53590	53917	gene-Peve_00022220	32.4202022	5
Porites_evermani_scaffold_2972	54655	56324	gene-Peve_00022221	67.26825563	38
Porites_evermani_scaffold_2973	3420	16387	gene-Peve_00022223	0	13
Porites_evermani_scaffold_2973	24541	31730	gene-Peve_00022224	.	0
Porites_evermani_scaffold_2973	39194	55140	gene-Peve_00022225	.	0
Porites_evermani_scaffold_2974	4676	6515	gene-Peve_00022228	.	0
Porites_evermani_scaffold_2974	9680	18544	gene-Peve_00022229	15.8241758	35
Porites_evermani_scaffold_2974	24260	31617	gene-Peve_00022230	58.41962106	16
Porites_evermani_scaffold_2974	31874	38152	gene-Peve_00022226	0	9
Porites_evermani_scaffold_2974	43390	49008	gene-Peve_00022227	0	2
Porites_evermani_scaffold_2975	42301	45457	gene-Peve_00022233	.	0
Porites_evermani_scaffold_2975	49189	54681	gene-Peve_00022231	0.78125	8
Porites_evermani_scaffold_2976	4368	8455	gene-Peve_00022234	31.25	6
Porites_evermani_scaffold_2976	9038	9794	gene-Peve_00022236	0.1587301429	21
Porites_evermani_scaffold_2976	15348	16661	gene-Peve_00022237	.	0
Porites_evermani_scaffold_2976	18354	20932	gene-Peve_00022238	0	6
Porites_evermani_scaffold_2976	23051	29761	gene-Peve_00022239	83.10919692	26
Porites_evermani_scaffold_2976	32404	36589	gene-Peve_00022240	89.36567254	28
Porites_evermani_scaffold_2976	44161	57390	gene-Peve_00022235	38.27120138	255
Porites_evermani_scaffold_2977	44032	55221	gene-Peve_00022241	36.37287693	190
Porites_evermani_scaffold_2978	20125	28805	gene-Peve_00022244	0.4793488649	185
Porites_evermani_scaffold_2978	32656	34239	gene-Peve_00022245	0	49
Porites_evermani_scaffold_2978	42700	44608	gene-Peve_00022242	.	0
Porites_evermani_scaffold_2978	50263	56898	gene-Peve_00022243	86.34476475	60
Porites_evermani_scaffold_2979	8357	9374	gene-Peve_00022246	0.6666666667	30
Porites_evermani_scaffold_2979	13664	29738	gene-Peve_00022247	38.33114997	240
Porites_evermani_scaffold_2979	36231	50759	gene-Peve_00022248	18.21829453	236
Porites_evermani_scaffold_298	2244	2928	gene-Peve_00022264	0	9
Porites_evermani_scaffold_298	3957	4446	gene-Peve_00022265	0	8
Porites_evermani_scaffold_298	7498	11646	gene-Peve_00022268	0.6377877087	127
Porites_evermani_scaffold_298	20346	21284	gene-Peve_00022256	.	0
Porites_evermani_scaffold_298	29790	30658	gene-Peve_00022261	.	0
Porites_evermani_scaffold_298	48406	51537	gene-Peve_00022262	90.54445552	21
Porites_evermani_scaffold_298	63873	64975	gene-Peve_00022263	74.1592794	10
Porites_evermani_scaffold_298	112560	113169	gene-Peve_00022270	6.285862143	7
Porites_evermani_scaffold_298	124458	124917	gene-Peve_00022271	20.63052175	12
Porites_evermani_scaffold_298	125373	125892	gene-Peve_00022272	35	2
Porites_evermani_scaffold_298	131379	132492	gene-Peve_00022273	23.56606178	9
Porites_evermani_scaffold_298	140667	141483	gene-Peve_00022275	.	0
Porites_evermani_scaffold_298	155160	155718	gene-Peve_00022276	60.996827	19
Porites_evermani_scaffold_298	159694	159913	gene-Peve_00022277	.	0
Porites_evermani_scaffold_298	163835	164189	gene-Peve_00022278	34.315758	8
Porites_evermani_scaffold_298	164353	164975	gene-Peve_00022279	8.333333333	3
Porites_evermani_scaffold_298	174299	174830	gene-Peve_00022281	31.55618892	13
Porites_evermani_scaffold_298	175220	176109	gene-Peve_00022282	46.969697	3
Porites_evermani_scaffold_298	181577	182915	gene-Peve_00022283	51.82544736	11
Porites_evermani_scaffold_298	191343	192081	gene-Peve_00022285	37.6136363	20
Porites_evermani_scaffold_298	199029	199356	gene-Peve_00022287	53.7830265	12
Porites_evermani_scaffold_298	201458	201968	gene-Peve_00022288	57.52280728	29
Porites_evermani_scaffold_298	213961	214264	gene-Peve_00022289	12.2547824	5
Porites_evermani_scaffold_298	221406	222843	gene-Peve_00022250	.	0
Porites_evermani_scaffold_298	224818	225594	gene-Peve_00022251	1.923077	8
Porites_evermani_scaffold_298	234190	234955	gene-Peve_00022253	39.55175029	24
Porites_evermani_scaffold_298	236903	237896	gene-Peve_00022254	7.575757429	7
Porites_evermani_scaffold_298	247784	248204	gene-Peve_00022255	29.31647279	19
Porites_evermani_scaffold_298	262628	263021	gene-Peve_00022257	0	6
Porites_evermani_scaffold_298	268438	269695	gene-Peve_00022258	.	0
Porites_evermani_scaffold_2980	2	10509	gene-Peve_00022290	42.89931311	45
Porites_evermani_scaffold_2980	13380	14765	gene-Peve_00022293	0.4166666667	12
Porites_evermani_scaffold_2980	20985	35204	gene-Peve_00022294	5.695661575	219
Porites_evermani_scaffold_2980	35219	42485	gene-Peve_00022295	0.4525278647	170
Porites_evermani_scaffold_2980	45484	49549	gene-Peve_00022291	0.7081595347	101
Porites_evermani_scaffold_2980	56637	57297	gene-Peve_00022292	.	0
Porites_evermani_scaffold_2981	4983	14047	gene-Peve_00022296	0	1
Porites_evermani_scaffold_2981	16500	17900	gene-Peve_00022297	.	0
Porites_evermani_scaffold_2981	22624	23799	gene-Peve_00022298	.	0
Porites_evermani_scaffold_2981	26409	27809	gene-Peve_00022299	.	0
Porites_evermani_scaffold_2981	28839	47591	gene-Peve_00022300	3.259005151	53
Porites_evermani_scaffold_2981	46338	49796	gene-Peve_00022301	0.18181818	50
Porites_evermani_scaffold_2982	11200	11731	gene-Peve_00022304	0	21
Porites_evermani_scaffold_2982	12928	20887	gene-Peve_00022305	34.64606404	115
Porites_evermani_scaffold_2982	27010	33065	gene-Peve_00022306	20.52954202	84
Porites_evermani_scaffold_2982	48027	55219	gene-Peve_00022303	72.10608663	108
Porites_evermani_scaffold_2983	3775	28560	gene-Peve_00022308	0.9593042885	416
Porites_evermani_scaffold_2983	34410	35361	gene-Peve_00022309	0	29
Porites_evermani_scaffold_2983	37354	41162	gene-Peve_00022310	62.63943187	71
Porites_evermani_scaffold_2983	42993	45845	gene-Peve_00022311	0.6944444493	69
Porites_evermani_scaffold_2983	48787	56176	gene-Peve_00022312	32.42869941	123
Porites_evermani_scaffold_2984	416	11773	gene-Peve_00022313	0.3568339118	34
Porites_evermani_scaffold_2984	13667	42975	gene-Peve_00022314	20	2
Porites_evermani_scaffold_2984	43682	47249	gene-Peve_00022315	.	0
Porites_evermani_scaffold_2985	16510	16993	gene-Peve_00022317	.	0
Porites_evermani_scaffold_2985	18706	19726	gene-Peve_00022318	.	0
Porites_evermani_scaffold_2985	21030	22684	gene-Peve_00022319	0	3
Porites_evermani_scaffold_2985	30047	30500	gene-Peve_00022320	0	1
Porites_evermani_scaffold_2986	33	2469	gene-Peve_00022321	0.332687913	69
Porites_evermani_scaffold_2986	4102	5245	gene-Peve_00022328	0	4
Porites_evermani_scaffold_2986	32020	32889	gene-Peve_00022323	0	19
Porites_evermani_scaffold_2986	34168	37532	gene-Peve_00022322	0.1664106452	93
Porites_evermani_scaffold_2986	41948	42311	gene-Peve_00022325	0	4
Porites_evermani_scaffold_2986	47419	48400	gene-Peve_00022326	0	25
Porites_evermani_scaffold_2986	52810	57037	gene-Peve_00022327	0	1
Porites_evermani_scaffold_2987	1861	15059	gene-Peve_00022329	20.76923077	13
Porites_evermani_scaffold_2987	15335	28239	gene-Peve_00022330	2.976760079	76
Porites_evermani_scaffold_2987	28418	29534	gene-Peve_00022331	3.194703095	42
Porites_evermani_scaffold_2987	33168	51589	gene-Peve_00022332	10.71965143	468
Porites_evermani_scaffold_2988	12542	20192	gene-Peve_00022333	0	25
Porites_evermani_scaffold_2988	24574	35340	gene-Peve_00022334	22.86414568	34
Porites_evermani_scaffold_2988	41688	56429	gene-Peve_00022335	4.818370481	52
Porites_evermani_scaffold_2989	7280	23321	gene-Peve_00022336	1.254877067	60
Porites_evermani_scaffold_2989	44783	56919	gene-Peve_00022337	0.9803921569	51
Porites_evermani_scaffold_299	19665	20352	gene-Peve_00022338	0	12
Porites_evermani_scaffold_299	40806	42881	gene-Peve_00022353	0.078125	64
Porites_evermani_scaffold_299	55353	56690	gene-Peve_00022339	0	32
Porites_evermani_scaffold_299	65702	115750	gene-Peve_00022340	0.6056325565	1017
Porites_evermani_scaffold_299	121497	132733	gene-Peve_00022341	3.684250656	180
Porites_evermani_scaffold_299	143937	148785	gene-Peve_00022342	0.2901612222	144
Porites_evermani_scaffold_299	155187	158214	gene-Peve_00022343	0.1054852278	79
Porites_evermani_scaffold_299	160088	169780	gene-Peve_00022344	39.68991489	130
Porites_evermani_scaffold_299	172169	173567	gene-Peve_00022345	3.134057978	46
Porites_evermani_scaffold_299	177202	189872	gene-Peve_00022346	20.19163834	245
Porites_evermani_scaffold_299	194718	205721	gene-Peve_00022347	20.45019566	181
Porites_evermani_scaffold_299	205847	234281	gene-Peve_00022348	13.95373798	461
Porites_evermani_scaffold_299	241270	242527	gene-Peve_00022349	100	1
Porites_evermani_scaffold_299	252362	252719	gene-Peve_00022350	.	0
Porites_evermani_scaffold_299	277459	277966	gene-Peve_00022352	.	0
Porites_evermani_scaffold_2990	1380	31719	gene-Peve_00022354	2.323996292	212
Porites_evermani_scaffold_2990	41213	41574	gene-Peve_00022356	.	0
Porites_evermani_scaffold_2990	45559	45868	gene-Peve_00022357	.	0
Porites_evermani_scaffold_2990	48860	54254	gene-Peve_00022358	92.80844157	7
Porites_evermani_scaffold_2991	20682	23635	gene-Peve_00022359	0.1295036517	89
Porites_evermani_scaffold_2991	27363	31086	gene-Peve_00022360	0.1816533186	113
Porites_evermani_scaffold_2991	34813	42132	gene-Peve_00022361	0.6654508602	93
Porites_evermani_scaffold_2992	18732	26173	gene-Peve_00022362	0	11
Porites_evermani_scaffold_2992	28527	30134	gene-Peve_00022363	42.97279208	12
Porites_evermani_scaffold_2992	30840	35963	gene-Peve_00022364	54.56044714	43
Porites_evermani_scaffold_2993	1219	7937	gene-Peve_00022365	58.22020762	55
Porites_evermani_scaffold_2993	8112	16015	gene-Peve_00022366	24.48768871	97
Porites_evermani_scaffold_2993	20877	21189	gene-Peve_00022367	0	9
Porites_evermani_scaffold_2993	24840	26293	gene-Peve_00022368	0.4704300968	31
Porites_evermani_scaffold_2994	2	3112	gene-Peve_00022369	0.8866018315	89
Porites_evermani_scaffold_2994	1340	21723	gene-Peve_00022375	6.310939891	467
Porites_evermani_scaffold_2994	24295	27766	gene-Peve_00022376	17.23484833	12
Porites_evermani_scaffold_2994	29783	41721	gene-Peve_00022370	58.30627723	93
Porites_evermani_scaffold_2994	43093	48799	gene-Peve_00022371	0.5882352941	17
Porites_evermani_scaffold_2994	54383	54764	gene-Peve_00022374	0	1
Porites_evermani_scaffold_2995	5627	6578	gene-Peve_00022377	0.3496503636	22
Porites_evermani_scaffold_2995	14244	15195	gene-Peve_00022378	0.359447	31
Porites_evermani_scaffold_2995	25529	32174	gene-Peve_00022379	0.8336422963	108
Porites_evermani_scaffold_2995	39451	46518	gene-Peve_00022380	76.11388572	39
Porites_evermani_scaffold_2995	46766	56421	gene-Peve_00022381	57.71722071	130
Porites_evermani_scaffold_2996	3776	6613	gene-Peve_00022382	88.63636375	4
Porites_evermani_scaffold_2996	8600	12386	gene-Peve_00022386	58.86363637	8
Porites_evermani_scaffold_2996	12593	16687	gene-Peve_00022387	52.93202035	23
Porites_evermani_scaffold_2996	17270	18362	gene-Peve_00022388	68.72705233	12
Porites_evermani_scaffold_2996	18451	30269	gene-Peve_00022389	70.50160043	30
Porites_evermani_scaffold_2996	31474	43414	gene-Peve_00022383	47.26802682	50
Porites_evermani_scaffold_2996	49948	50326	gene-Peve_00022384	.	0
Porites_evermani_scaffold_2996	51235	54856	gene-Peve_00022385	45.36161281	31
Porites_evermani_scaffold_2997	10622	29548	gene-Peve_00022393	1.647502331	145
Porites_evermani_scaffold_2997	12204	16631	gene-Peve_00022395	.	0
Porites_evermani_scaffold_2997	20496	21032	gene-Peve_00022390	0	5
Porites_evermani_scaffold_2997	20953	21531	gene-Peve_00022391	0	7
Porites_evermani_scaffold_2997	47684	52428	gene-Peve_00022394	0	17
Porites_evermani_scaffold_2998	1182	24734	gene-Peve_00022396	39.96558553	335
Porites_evermani_scaffold_2998	24955	26881	gene-Peve_00022398	37.50863171	14
Porites_evermani_scaffold_2999	13414	44016	gene-Peve_00022399	35.46609562	222
Porites_evermani_scaffold_2999	48117	53137	gene-Peve_00022401	0	6
Porites_evermani_scaffold_2999	54828	55551	gene-Peve_00022402	0	1
Porites_evermani_scaffold_3	9687	12785	gene-Peve_00022509	0.3234989565	92
Porites_evermani_scaffold_3	24795	41947	gene-Peve_00022410	0.260545455	444
Porites_evermani_scaffold_3	25574	26179	gene-Peve_00022413	0	17
Porites_evermani_scaffold_3	91039	91809	gene-Peve_00022481	4.598156375	24
Porites_evermani_scaffold_3	101200	102343	gene-Peve_00022495	0.9090909091	11
Porites_evermani_scaffold_3	105763	106316	gene-Peve_00022499	0	13
Porites_evermani_scaffold_3	123360	131943	gene-Peve_00022505	3.328211434	152
Porites_evermani_scaffold_3	133229	137475	gene-Peve_00022518	8.18503317	94
Porites_evermani_scaffold_3	137952	147710	gene-Peve_00022522	0.8879120909	55
Porites_evermani_scaffold_3	160967	205901	gene-Peve_00022536	17.25046877	801
Porites_evermani_scaffold_3	170277	170605	gene-Peve_00022552	0	14
Porites_evermani_scaffold_3	222407	223036	gene-Peve_00022553	95.83333325	4
Porites_evermani_scaffold_3	235824	236592	gene-Peve_00022554	90.84812237	8
Porites_evermani_scaffold_3	242885	244379	gene-Peve_00022555	48.52964748	27
Porites_evermani_scaffold_3	250336	253806	gene-Peve_00022403	0.4123871765	51
Porites_evermani_scaffold_3	269835	415931	gene-Peve_00022405	4.58749818	3268
Porites_evermani_scaffold_3	281927	282810	gene-Peve_00022407	32.24360662	16
Porites_evermani_scaffold_3	308057	308451	gene-Peve_00022409	1.046650727	11
Porites_evermani_scaffold_3	316904	317719	gene-Peve_00022411	0	13
Porites_evermani_scaffold_3	319325	319961	gene-Peve_00022412	5.572793722	18
Porites_evermani_scaffold_3	328579	329010	gene-Peve_00022414	0.7936508571	7
Porites_evermani_scaffold_3	329974	330443	gene-Peve_00022415	0.3367003333	9
Porites_evermani_scaffold_3	452602	478870	gene-Peve_00022419	1.979444763	329
Porites_evermani_scaffold_3	469209	472151	gene-Peve_00022421	5.244302375	8
Porites_evermani_scaffold_3	492182	492740	gene-Peve_00022423	1.895363368	19
Porites_evermani_scaffold_3	493739	496973	gene-Peve_00022424	0.77630125	96
Porites_evermani_scaffold_3	498348	575722	gene-Peve_00022425	1.498448363	2227
Porites_evermani_scaffold_3	512736	514532	gene-Peve_00022426	2.613788271	59
Porites_evermani_scaffold_3	522860	523916	gene-Peve_00022427	0	35
Porites_evermani_scaffold_3	573949	574279	gene-Peve_00022429	0	8
Porites_evermani_scaffold_3	586382	623317	gene-Peve_00022430	1.653666159	1024
Porites_evermani_scaffold_3	625960	626197	gene-Peve_00022432	0	11
Porites_evermani_scaffold_3	629168	660851	gene-Peve_00022433	1.227122023	746
Porites_evermani_scaffold_3	657043	657319	gene-Peve_00022434	0.80128205	20
Porites_evermani_scaffold_3	674092	692428	gene-Peve_00022435	56.66434856	225
Porites_evermani_scaffold_3	694702	707703	gene-Peve_00022436	50.87309288	195
Porites_evermani_scaffold_3	726507	786304	gene-Peve_00022437	24.57732101	1190
Porites_evermani_scaffold_3	772215	777460	gene-Peve_00022438	90.9439822	75
Porites_evermani_scaffold_3	788500	815352	gene-Peve_00022439	17.00470209	639
Porites_evermani_scaffold_3	824522	826577	gene-Peve_00022440	0.1838235294	34
Porites_evermani_scaffold_3	832471	846125	gene-Peve_00022442	66.52118655	210
Porites_evermani_scaffold_3	846279	874719	gene-Peve_00022443	32.38146374	402
Porites_evermani_scaffold_3	876771	878660	gene-Peve_00022444	0	44
Porites_evermani_scaffold_3	882666	895406	gene-Peve_00022445	2.573339024	250
Porites_evermani_scaffold_3	896633	900772	gene-Peve_00022446	36.04345235	49
Porites_evermani_scaffold_3	900779	914887	gene-Peve_00022447	53.31362396	209
Porites_evermani_scaffold_3	920158	931048	gene-Peve_00022448	0.3867547633	245
Porites_evermani_scaffold_3	957139	964570	gene-Peve_00022450	0.4457119391	197
Porites_evermani_scaffold_3	972500	979960	gene-Peve_00022451	47.05816748	25
Porites_evermani_scaffold_3	973001	974183	gene-Peve_00022452	47.7892158	5
Porites_evermani_scaffold_3	977757	979173	gene-Peve_00022455	.	0
Porites_evermani_scaffold_3	985641	986027	gene-Peve_00022456	0	5
Porites_evermani_scaffold_3	1010267	1016977	gene-Peve_00022458	0.2883857014	144
Porites_evermani_scaffold_3	1019691	1020069	gene-Peve_00022459	.	0
Porites_evermani_scaffold_3	1020592	1020979	gene-Peve_00022460	.	0
Porites_evermani_scaffold_3	1036528	1037026	gene-Peve_00022464	0	1
Porites_evermani_scaffold_3	1053954	1054395	gene-Peve_00022467	0	11
Porites_evermani_scaffold_3	1061142	1062424	gene-Peve_00022469	12.89803945	20
Porites_evermani_scaffold_3	1061711	1062727	gene-Peve_00022470	4.907628909	11
Porites_evermani_scaffold_3	1063099	1069232	gene-Peve_00022471	7.666342208	72
Porites_evermani_scaffold_3	1073062	1073992	gene-Peve_00022473	0	31
Porites_evermani_scaffold_3	1074347	1078677	gene-Peve_00022474	2.228693111	108
Porites_evermani_scaffold_3	1078885	1079500	gene-Peve_00022477	0	17
Porites_evermani_scaffold_3	1079522	1081233	gene-Peve_00022472	4.845779187	32
Porites_evermani_scaffold_3	1083504	1085041	gene-Peve_00022478	5.123050667	24
Porites_evermani_scaffold_3	1086424	1090921	gene-Peve_00022479	11.27034559	74
Porites_evermani_scaffold_3	1094446	1095441	gene-Peve_00022480	17.27770514	7
Porites_evermani_scaffold_3	1100003	1100642	gene-Peve_00022482	41.19628783	6
Porites_evermani_scaffold_3	1102862	1103818	gene-Peve_00022483	43.8005754	35
Porites_evermani_scaffold_3	1108404	1111681	gene-Peve_00022486	45.0108086	35
Porites_evermani_scaffold_3	1136549	1140217	gene-Peve_00022487	22.33954881	21
Porites_evermani_scaffold_3	1140651	1141622	gene-Peve_00022488	0.3472222083	24
Porites_evermani_scaffold_3	1142516	1143702	gene-Peve_00022489	0.588122625	24
Porites_evermani_scaffold_3	1146062	1152797	gene-Peve_00022490	15.64263893	244
Porites_evermani_scaffold_3	1155428	1156345	gene-Peve_00022491	0.3095975263	19
Porites_evermani_scaffold_3	1166844	1167954	gene-Peve_00022492	30.06637028	25
Porites_evermani_scaffold_3	1174302	1175010	gene-Peve_00022496	0	15
Porites_evermani_scaffold_3	1174944	1175179	gene-Peve_00022498	0	6
Porites_evermani_scaffold_3	1175464	1176205	gene-Peve_00022497	0	22
Porites_evermani_scaffold_3	1179008	1179745	gene-Peve_00022500	0	7
Porites_evermani_scaffold_3	1181662	1186594	gene-Peve_00022501	4.106370254	71
Porites_evermani_scaffold_3	1206586	1209716	gene-Peve_00022502	46.07504586	66
Porites_evermani_scaffold_3	1211080	1211410	gene-Peve_00022504	52.14091482	22
Porites_evermani_scaffold_3	1223646	1224771	gene-Peve_00022506	3.030303	3
Porites_evermani_scaffold_3	1233653	1235202	gene-Peve_00022507	25.48101806	16
Porites_evermani_scaffold_3	1237602	1239171	gene-Peve_00022508	19.82337132	34
Porites_evermani_scaffold_3	1245367	1248268	gene-Peve_00022511	47.17968435	40
Porites_evermani_scaffold_3	1250029	1250416	gene-Peve_00022512	33.2352942	5
Porites_evermani_scaffold_3	1255901	1256492	gene-Peve_00022513	49.01101068	28
Porites_evermani_scaffold_3	1257838	1262617	gene-Peve_00022514	37.88165146	71
Porites_evermani_scaffold_3	1269077	1272434	gene-Peve_00022516	42.26089912	57
Porites_evermani_scaffold_3	1270775	1271850	gene-Peve_00022517	56.33078621	14
Porites_evermani_scaffold_3	1273208	1277651	gene-Peve_00022515	43.07235796	91
Porites_evermani_scaffold_3	1279596	1284423	gene-Peve_00022519	.	0
Porites_evermani_scaffold_3	1295630	1296353	gene-Peve_00022520	50.5969216	10
Porites_evermani_scaffold_3	1301359	1302085	gene-Peve_00022521	.	0
Porites_evermani_scaffold_3	1308349	1308718	gene-Peve_00022524	13.3135615	16
Porites_evermani_scaffold_3	1342064	1342370	gene-Peve_00022526	60.173224	13
Porites_evermani_scaffold_3	1344395	1344985	gene-Peve_00022527	52.13965165	23
Porites_evermani_scaffold_3	1370786	1371254	gene-Peve_00022528	56.19132264	14
Porites_evermani_scaffold_3	1374829	1375303	gene-Peve_00022530	61.65875592	13
Porites_evermani_scaffold_3	1383444	1384156	gene-Peve_00022531	40.37132989	18
Porites_evermani_scaffold_3	1386095	1387362	gene-Peve_00022532	51.57204758	45
Porites_evermani_scaffold_3	1387718	1388126	gene-Peve_00022533	49.06921778	9
Porites_evermani_scaffold_3	1388338	1389884	gene-Peve_00022534	42.57929603	31
Porites_evermani_scaffold_3	1395590	1397522	gene-Peve_00022537	31.88704155	73
Porites_evermani_scaffold_3	1403988	1404351	gene-Peve_00022538	15.40510056	18
Porites_evermani_scaffold_3	1405727	1406249	gene-Peve_00022539	.	0
Porites_evermani_scaffold_3	1407871	1408273	gene-Peve_00022540	40.8304195	12
Porites_evermani_scaffold_3	1419213	1420017	gene-Peve_00022542	85.43753157	7
Porites_evermani_scaffold_3	1422583	1423048	gene-Peve_00022543	44.3477282	10
Porites_evermani_scaffold_3	1434211	1448476	gene-Peve_00022544	65.44539585	177
Porites_evermani_scaffold_3	1451159	1451594	gene-Peve_00022545	3.3333335	2
Porites_evermani_scaffold_3	1460259	1461111	gene-Peve_00022546	0.8341165625	32
Porites_evermani_scaffold_3	1485466	1485946	gene-Peve_00022547	0	12
Porites_evermani_scaffold_3	1494699	1495809	gene-Peve_00022548	0	17
Porites_evermani_scaffold_3	1498267	1498576	gene-Peve_00022549	.	0
Porites_evermani_scaffold_3	1501069	1501378	gene-Peve_00022550	.	0
Porites_evermani_scaffold_3	1505758	1511769	gene-Peve_00022551	0.08333333673	98
Porites_evermani_scaffold_30	8606	16737	gene-Peve_00022590	61.75314584	108
Porites_evermani_scaffold_30	19188	23719	gene-Peve_00022598	25.5276747	70
Porites_evermani_scaffold_30	29805	35858	gene-Peve_00022613	30.55306948	40
Porites_evermani_scaffold_30	36834	39311	gene-Peve_00022618	.	0
Porites_evermani_scaffold_30	41136	47178	gene-Peve_00022559	52.00766687	63
Porites_evermani_scaffold_30	47301	60955	gene-Peve_00022566	44.06728618	83
Porites_evermani_scaffold_30	64925	78470	gene-Peve_00022571	28.47511621	290
Porites_evermani_scaffold_30	82102	96598	gene-Peve_00022576	25.44189056	275
Porites_evermani_scaffold_30	99665	101180	gene-Peve_00022582	0.1570159375	64
Porites_evermani_scaffold_30	127342	133371	gene-Peve_00022586	0.7057698571	175
Porites_evermani_scaffold_30	151768	162291	gene-Peve_00022592	0.2615443523	264
Porites_evermani_scaffold_30	184269	187744	gene-Peve_00022597	1.798878222	72
Porites_evermani_scaffold_30	199674	204213	gene-Peve_00022599	0.5303030341	88
Porites_evermani_scaffold_30	211186	214321	gene-Peve_00022601	0.8344188246	57
Porites_evermani_scaffold_30	220268	225534	gene-Peve_00022594	0.6421000655	168
Porites_evermani_scaffold_30	242463	247849	gene-Peve_00022603	0.8023923913	115
Porites_evermani_scaffold_30	258507	267962	gene-Peve_00022604	0.7596355525	257
Porites_evermani_scaffold_30	270278	271962	gene-Peve_00022605	0.49603175	48
Porites_evermani_scaffold_30	279620	282320	gene-Peve_00022606	1.063143214	70
Porites_evermani_scaffold_30	287644	289408	gene-Peve_00022607	0	36
Porites_evermani_scaffold_30	289429	292023	gene-Peve_00022608	0.5712711719	64
Porites_evermani_scaffold_30	297261	302298	gene-Peve_00022609	72.03601398	50
Porites_evermani_scaffold_30	303702	307818	gene-Peve_00022610	35.63268147	74
Porites_evermani_scaffold_30	307905	312986	gene-Peve_00022611	58.58393265	37
Porites_evermani_scaffold_30	318900	319388	gene-Peve_00022614	0	19
Porites_evermani_scaffold_30	322491	352787	gene-Peve_00022615	62.33812562	298
Porites_evermani_scaffold_30	359894	361796	gene-Peve_00022616	31.63770639	23
Porites_evermani_scaffold_30	363812	428248	gene-Peve_00022617	29.15924764	643
Porites_evermani_scaffold_30	443608	444445	gene-Peve_00022619	15.68149632	19
Porites_evermani_scaffold_30	453890	512829	gene-Peve_00022620	0.8629421949	1170
Porites_evermani_scaffold_30	518356	528130	gene-Peve_00022621	0.4135178703	239
Porites_evermani_scaffold_30	536269	537136	gene-Peve_00022557	0.2450980294	34
Porites_evermani_scaffold_30	549910	550822	gene-Peve_00022558	0	21
Porites_evermani_scaffold_30	555591	556289	gene-Peve_00022560	.	0
Porites_evermani_scaffold_30	558098	558796	gene-Peve_00022561	.	0
Porites_evermani_scaffold_30	566988	568110	gene-Peve_00022562	0	20
Porites_evermani_scaffold_30	576958	599668	gene-Peve_00022563	1.261804455	549
Porites_evermani_scaffold_30	610114	611167	gene-Peve_00022564	0.5050505	36
Porites_evermani_scaffold_30	622070	632229	gene-Peve_00022567	34.76171013	141
Porites_evermani_scaffold_30	635348	642369	gene-Peve_00022568	48.27540783	93
Porites_evermani_scaffold_30	644262	662559	gene-Peve_00022569	45.90560662	349
Porites_evermani_scaffold_30	665623	684973	gene-Peve_00022570	17.42072674	386
Porites_evermani_scaffold_30	691849	702730	gene-Peve_00022572	68.67389469	155
Porites_evermani_scaffold_30	710035	712694	gene-Peve_00022573	0.3333333333	15
Porites_evermani_scaffold_30	730084	742949	gene-Peve_00022575	0.7938273574	277
Porites_evermani_scaffold_30	745622	759547	gene-Peve_00022577	23.63253219	258
Porites_evermani_scaffold_30	762111	780811	gene-Peve_00022578	10.98235005	347
Porites_evermani_scaffold_30	785174	786353	gene-Peve_00022580	20.37782038	37
Porites_evermani_scaffold_30	790226	818172	gene-Peve_00022581	10.65252307	508
Porites_evermani_scaffold_30	824810	837441	gene-Peve_00022583	0.3675796355	310
Porites_evermani_scaffold_30	840123	846220	gene-Peve_00022584	21.79145897	144
Porites_evermani_scaffold_30	847278	849396	gene-Peve_00022585	48.018321	41
Porites_evermani_scaffold_30	850391	854239	gene-Peve_00022587	60.92359961	33
Porites_evermani_scaffold_30	856221	856523	gene-Peve_00022588	75.43875889	9
Porites_evermani_scaffold_300	5690	31326	gene-Peve_00022627	0.4150197609	46
Porites_evermani_scaffold_300	53542	58991	gene-Peve_00022639	45.452381	10
Porites_evermani_scaffold_300	61400	80642	gene-Peve_00022640	31.04442498	131
Porites_evermani_scaffold_300	80938	85417	gene-Peve_00022641	1.049944073	55
Porites_evermani_scaffold_300	87261	87834	gene-Peve_00022622	0	28
Porites_evermani_scaffold_300	99123	111696	gene-Peve_00022623	58.4012353	209
Porites_evermani_scaffold_300	118158	125051	gene-Peve_00022624	53.04660542	80
Porites_evermani_scaffold_300	131263	150994	gene-Peve_00022625	26.49339437	288
Porites_evermani_scaffold_300	159687	160215	gene-Peve_00022626	.	0
Porites_evermani_scaffold_300	165141	170536	gene-Peve_00022628	0	95
Porites_evermani_scaffold_300	172178	176675	gene-Peve_00022629	45.97086437	52
Porites_evermani_scaffold_300	180160	181675	gene-Peve_00022630	18.31785545	44
Porites_evermani_scaffold_300	193865	200455	gene-Peve_00022631	0.2944952973	185
Porites_evermani_scaffold_300	207991	216284	gene-Peve_00022632	0	17
Porites_evermani_scaffold_300	229662	234738	gene-Peve_00022634	0.8361152803	132
Porites_evermani_scaffold_300	238202	252626	gene-Peve_00022633	0.8768325816	282
Porites_evermani_scaffold_300	256639	268818	gene-Peve_00022635	25.91766946	135
Porites_evermani_scaffold_300	272638	287782	gene-Peve_00022636	8.486285222	221
Porites_evermani_scaffold_300	291001	293033	gene-Peve_00022637	0.8730158571	21
Porites_evermani_scaffold_3000	487	3316	gene-Peve_00022642	0	1
Porites_evermani_scaffold_3000	8541	8886	gene-Peve_00022643	0	5
Porites_evermani_scaffold_3000	13172	13511	gene-Peve_00022644	0	1
Porites_evermani_scaffold_3000	32855	53972	gene-Peve_00022645	0.5702845538	186
Porites_evermani_scaffold_3001	8729	17983	gene-Peve_00022647	3.59873715	153
Porites_evermani_scaffold_3001	25633	27763	gene-Peve_00022646	0	6
Porites_evermani_scaffold_3001	31867	32593	gene-Peve_00022648	.	0
Porites_evermani_scaffold_3001	36053	54122	gene-Peve_00022649	23.6516572	246
Porites_evermani_scaffold_3002	9889	26587	gene-Peve_00022650	0.9606990998	491
Porites_evermani_scaffold_3002	30185	35023	gene-Peve_00022651	0.1851851778	45
Porites_evermani_scaffold_3002	42742	43156	gene-Peve_00022652	.	0
Porites_evermani_scaffold_3003	4097	10417	gene-Peve_00022656	0.5223486844	244
Porites_evermani_scaffold_3003	5873	6280	gene-Peve_00022657	0.9649107391	23
Porites_evermani_scaffold_3003	22118	24551	gene-Peve_00022653	0.1480982558	86
Porites_evermani_scaffold_3003	26641	27605	gene-Peve_00022654	0.3190669756	41
Porites_evermani_scaffold_3003	47339	54232	gene-Peve_00022655	0.8448968662	157
Porites_evermani_scaffold_3004	1226	3093	gene-Peve_00022658	1.536796545	22
Porites_evermani_scaffold_3004	51893	53792	gene-Peve_00022660	.	0
Porites_evermani_scaffold_3006	12828	31381	gene-Peve_00022664	33.7747253	20
Porites_evermani_scaffold_3006	39924	44944	gene-Peve_00022665	87.00441917	12
Porites_evermani_scaffold_3007	1943	14210	gene-Peve_00022666	0.7548559527	317
Porites_evermani_scaffold_3007	2714	6044	gene-Peve_00022668	0.982741831	71
Porites_evermani_scaffold_3007	24817	35169	gene-Peve_00022669	0.3034547059	51
Porites_evermani_scaffold_3007	35585	36007	gene-Peve_00022670	2.33916085	20
Porites_evermani_scaffold_3007	49261	52685	gene-Peve_00022667	0	67
Porites_evermani_scaffold_3008	26439	26754	gene-Peve_00022673	0.7886558182	11
Porites_evermani_scaffold_3008	32806	35822	gene-Peve_00022674	3.201289208	48
Porites_evermani_scaffold_3009	7150	12974	gene-Peve_00022677	.	0
Porites_evermani_scaffold_3009	15742	16414	gene-Peve_00022678	.	0
Porites_evermani_scaffold_3009	19581	31962	gene-Peve_00022679	.	0
Porites_evermani_scaffold_3009	34760	37901	gene-Peve_00022676	.	0
Porites_evermani_scaffold_301	8682	17964	gene-Peve_00022680	0.6304915139	144
Porites_evermani_scaffold_301	23120	23987	gene-Peve_00022698	0.2080783429	35
Porites_evermani_scaffold_301	29603	36806	gene-Peve_00022681	26.33991584	74
Porites_evermani_scaffold_301	38669	53921	gene-Peve_00022682	18.59024484	160
Porites_evermani_scaffold_301	71539	72493	gene-Peve_00022683	0.36363636	25
Porites_evermani_scaffold_301	105237	106102	gene-Peve_00022688	0.3333333333	15
Porites_evermani_scaffold_301	126384	127342	gene-Peve_00022689	0.2631579	20
Porites_evermani_scaffold_301	130411	130999	gene-Peve_00022691	12.09295427	11
Porites_evermani_scaffold_301	138551	139723	gene-Peve_00022693	14.68851078	18
Porites_evermani_scaffold_301	141186	142107	gene-Peve_00022694	26.93614488	42
Porites_evermani_scaffold_301	143394	143757	gene-Peve_00022695	.	0
Porites_evermani_scaffold_301	144586	150337	gene-Peve_00022696	.	0
Porites_evermani_scaffold_301	146887	147427	gene-Peve_00022697	.	0
Porites_evermani_scaffold_301	147835	149762	gene-Peve_00022699	.	0
Porites_evermani_scaffold_301	154449	154785	gene-Peve_00022700	41.99751286	7
Porites_evermani_scaffold_301	177060	177498	gene-Peve_00022701	.	0
Porites_evermani_scaffold_301	192079	192421	gene-Peve_00022702	0	1
Porites_evermani_scaffold_301	204618	210335	gene-Peve_00022703	0.4	25
Porites_evermani_scaffold_301	216456	216774	gene-Peve_00022704	0	6
Porites_evermani_scaffold_301	231916	244108	gene-Peve_00022705	0.286033605	119
Porites_evermani_scaffold_301	263310	265073	gene-Peve_00022706	.	0
Porites_evermani_scaffold_301	266272	269220	gene-Peve_00022707	.	0
Porites_evermani_scaffold_301	285430	289701	gene-Peve_00022708	3.989468224	67
Porites_evermani_scaffold_301	298171	300029	gene-Peve_00022709	0	7
Porites_evermani_scaffold_3010	1601	11558	gene-Peve_00022713	0.5924954179	201
Porites_evermani_scaffold_3010	17133	17765	gene-Peve_00022719	0.71386556	25
Porites_evermani_scaffold_3010	18548	19406	gene-Peve_00022710	0	31
Porites_evermani_scaffold_3010	24269	24917	gene-Peve_00022711	1.739618556	9
Porites_evermani_scaffold_3010	35305	35728	gene-Peve_00022716	4.1666665	2
Porites_evermani_scaffold_3011	367	25071	gene-Peve_00022720	13.90184839	257
Porites_evermani_scaffold_3011	34507	36529	gene-Peve_00022721	28.88918318	33
Porites_evermani_scaffold_3012	13451	47541	gene-Peve_00022723	0.3778012009	438
Porites_evermani_scaffold_3013	15244	16240	gene-Peve_00022727	0.2801120476	21
Porites_evermani_scaffold_3013	19257	21125	gene-Peve_00022728	53.58783269	42
Porites_evermani_scaffold_3013	22622	25403	gene-Peve_00022729	36.90658134	38
Porites_evermani_scaffold_3013	25583	36479	gene-Peve_00022730	55.95555864	64
Porites_evermani_scaffold_3013	38159	40643	gene-Peve_00022724	0	5
Porites_evermani_scaffold_3013	40796	41417	gene-Peve_00022726	0	13
Porites_evermani_scaffold_3013	42766	56532	gene-Peve_00022725	50.51079361	23
Porites_evermani_scaffold_3014	12952	17891	gene-Peve_00022731	0	21
Porites_evermani_scaffold_3014	27264	27999	gene-Peve_00022732	.	0
Porites_evermani_scaffold_3014	34833	36093	gene-Peve_00022733	0	20
Porites_evermani_scaffold_3014	48863	54082	gene-Peve_00022734	54.37287392	24
Porites_evermani_scaffold_3015	3025	5385	gene-Peve_00022735	0.7861351667	42
Porites_evermani_scaffold_3015	11557	12634	gene-Peve_00022741	0	6
Porites_evermani_scaffold_3015	22568	22874	gene-Peve_00022736	0	11
Porites_evermani_scaffold_3015	25791	41316	gene-Peve_00022737	1.009141159	182
Porites_evermani_scaffold_3015	37601	38906	gene-Peve_00022738	0.5146198889	18
Porites_evermani_scaffold_3015	42657	44642	gene-Peve_00022739	1.506573015	68
Porites_evermani_scaffold_3015	51777	56332	gene-Peve_00022740	0.2859590522	115
Porites_evermani_scaffold_3016	1117	6571	gene-Peve_00022742	83.09523817	6
Porites_evermani_scaffold_3016	6703	16361	gene-Peve_00022746	4.653679651	63
Porites_evermani_scaffold_3016	16809	23204	gene-Peve_00022747	0	41
Porites_evermani_scaffold_3016	31761	33481	gene-Peve_00022743	1.149603	38
Porites_evermani_scaffold_3016	34567	45456	gene-Peve_00022744	73.48440753	111
Porites_evermani_scaffold_3016	46044	53699	gene-Peve_00022745	60.52237463	57
Porites_evermani_scaffold_3017	1678	16549	gene-Peve_00022748	77.94356826	190
Porites_evermani_scaffold_3017	16780	19534	gene-Peve_00022749	32.481938	52
Porites_evermani_scaffold_3017	22125	28588	gene-Peve_00022750	62.23004214	57
Porites_evermani_scaffold_3017	42498	43368	gene-Peve_00022751	40.71886453	15
Porites_evermani_scaffold_3018	14217	17596	gene-Peve_00022752	1.916116863	73
Porites_evermani_scaffold_3018	20004	22110	gene-Peve_00022756	21.74961285	48
Porites_evermani_scaffold_3018	24185	26011	gene-Peve_00022757	0.9649122632	19
Porites_evermani_scaffold_3018	29477	36324	gene-Peve_00022753	0.4618226552	29
Porites_evermani_scaffold_3018	44124	47144	gene-Peve_00022754	1.180537714	70
Porites_evermani_scaffold_3018	47310	53040	gene-Peve_00022755	26.24975966	29
Porites_evermani_scaffold_3019	1354	31606	gene-Peve_00022758	28.92929295	40
Porites_evermani_scaffold_3019	44005	49492	gene-Peve_00022759	1.040828104	48
Porites_evermani_scaffold_302	4603	5401	gene-Peve_00022760	1.024955412	17
Porites_evermani_scaffold_302	14617	15568	gene-Peve_00022769	0.5347593529	17
Porites_evermani_scaffold_302	17768	21324	gene-Peve_00022781	20.14137844	52
Porites_evermani_scaffold_302	21805	67905	gene-Peve_00022761	4.132920356	1106
Porites_evermani_scaffold_302	79236	82148	gene-Peve_00022762	0.9108839846	65
Porites_evermani_scaffold_302	85103	90760	gene-Peve_00022763	31.30723405	102
Porites_evermani_scaffold_302	92772	96170	gene-Peve_00022764	1.025920867	60
Porites_evermani_scaffold_302	99821	103330	gene-Peve_00022765	0.54285714	50
Porites_evermani_scaffold_302	105070	142029	gene-Peve_00022766	5.275569813	418
Porites_evermani_scaffold_302	145072	188503	gene-Peve_00022767	6.144929219	955
Porites_evermani_scaffold_302	188878	192543	gene-Peve_00022768	26.04257272	46
Porites_evermani_scaffold_302	195654	205352	gene-Peve_00022770	0.4764786332	229
Porites_evermani_scaffold_302	215128	223924	gene-Peve_00022771	69.97524431	96
Porites_evermani_scaffold_302	224061	228200	gene-Peve_00022772	64.91995586	44
Porites_evermani_scaffold_302	229582	234649	gene-Peve_00022773	0.5902779041	146
Porites_evermani_scaffold_302	237859	239554	gene-Peve_00022774	0.5975935833	60
Porites_evermani_scaffold_302	252251	256897	gene-Peve_00022775	18.09021265	112
Porites_evermani_scaffold_302	253185	254167	gene-Peve_00022776	4.561628778	27
Porites_evermani_scaffold_302	256992	261190	gene-Peve_00022777	82.48908366	59
Porites_evermani_scaffold_302	262132	264955	gene-Peve_00022778	37.69585737	48
Porites_evermani_scaffold_302	269027	269939	gene-Peve_00022779	0.375	40
Porites_evermani_scaffold_302	280141	282364	gene-Peve_00022780	0.1302083281	64
Porites_evermani_scaffold_302	291334	292018	gene-Peve_00022782	0	11
Porites_evermani_scaffold_3020	4519	13956	gene-Peve_00022785	1.449514092	76
Porites_evermani_scaffold_3020	21577	23170	gene-Peve_00022783	0.7645538837	43
Porites_evermani_scaffold_3020	28401	50870	gene-Peve_00022784	0.2597224516	279
Porites_evermani_scaffold_3021	6203	22561	gene-Peve_00022787	23.64642097	279
Porites_evermani_scaffold_3021	26364	27337	gene-Peve_00022790	.	0
Porites_evermani_scaffold_3021	29227	45213	gene-Peve_00022791	9.571897354	376
Porites_evermani_scaffold_3021	45969	50070	gene-Peve_00022788	45.17671149	51
Porites_evermani_scaffold_3021	54225	56041	gene-Peve_00022789	67.33798385	20
Porites_evermani_scaffold_3022	43924	49981	gene-Peve_00022792	74.0384941	67
Porites_evermani_scaffold_3023	444	1174	gene-Peve_00022794	.	0
Porites_evermani_scaffold_3023	2650	4374	gene-Peve_00022796	0	3
Porites_evermani_scaffold_3023	6857	7601	gene-Peve_00022801	.	0
Porites_evermani_scaffold_3023	8648	9173	gene-Peve_00022795	.	0
Porites_evermani_scaffold_3023	29973	30784	gene-Peve_00022797	6.699827818	11
Porites_evermani_scaffold_3023	45997	50539	gene-Peve_00022799	92.5909091	10
Porites_evermani_scaffold_3023	50790	55934	gene-Peve_00022800	74.23923904	23
Porites_evermani_scaffold_3024	22068	27006	gene-Peve_00022802	0.2564102667	30
Porites_evermani_scaffold_3024	28968	30239	gene-Peve_00022804	.	0
Porites_evermani_scaffold_3024	31936	33207	gene-Peve_00022806	.	0
Porites_evermani_scaffold_3024	53826	56070	gene-Peve_00022807	0.08899615873	63
Porites_evermani_scaffold_3025	2590	4347	gene-Peve_00022808	0.1515151515	33
Porites_evermani_scaffold_3025	8557	9453	gene-Peve_00022811	0	4
Porites_evermani_scaffold_3025	20902	22599	gene-Peve_00022812	.	0
Porites_evermani_scaffold_3025	31316	32189	gene-Peve_00022813	0	2
Porites_evermani_scaffold_3025	47356	49036	gene-Peve_00022809	2.222222222	9
Porites_evermani_scaffold_3025	50530	56097	gene-Peve_00022810	0.3449036694	121
Porites_evermani_scaffold_3026	351	12393	gene-Peve_00022814	19.68973079	242
Porites_evermani_scaffold_3026	13879	15187	gene-Peve_00022817	0	45
Porites_evermani_scaffold_3026	25517	29392	gene-Peve_00022815	66.12926944	71
Porites_evermani_scaffold_3026	41757	42606	gene-Peve_00022816	0	25
Porites_evermani_scaffold_3027	1319	2018	gene-Peve_00022824	.	0
Porites_evermani_scaffold_3027	7372	8422	gene-Peve_00022825	0	32
Porites_evermani_scaffold_3027	12046	20485	gene-Peve_00022818	0.59287379	200
Porites_evermani_scaffold_3027	23120	24158	gene-Peve_00022819	0	29
Porites_evermani_scaffold_3027	29760	30774	gene-Peve_00022820	0.4574074333	30
Porites_evermani_scaffold_3027	35820	36870	gene-Peve_00022821	0	14
Porites_evermani_scaffold_3027	37492	40698	gene-Peve_00022822	0.2849389403	67
Porites_evermani_scaffold_3027	41825	47418	gene-Peve_00022823	0.5760434556	169
Porites_evermani_scaffold_3028	20748	27175	gene-Peve_00022828	0	6
Porites_evermani_scaffold_3028	38582	39752	gene-Peve_00022829	0	44
Porites_evermani_scaffold_3029	142	20920	gene-Peve_00022830	13.33992096	23
Porites_evermani_scaffold_3029	28314	32360	gene-Peve_00022831	0.3367003333	27
Porites_evermani_scaffold_3029	36559	53701	gene-Peve_00022832	90.20995613	24
Porites_evermani_scaffold_303	10291	14580	gene-Peve_00022844	47.24513097	29
Porites_evermani_scaffold_303	17123	17474	gene-Peve_00022849	45.559163	6
Porites_evermani_scaffold_303	19826	20291	gene-Peve_00022850	22.222222	3
Porites_evermani_scaffold_303	27809	28388	gene-Peve_00022857	33.72222694	16
Porites_evermani_scaffold_303	29739	30970	gene-Peve_00022833	46.50432893	14
Porites_evermani_scaffold_303	41296	41944	gene-Peve_00022835	17.65470869	29
Porites_evermani_scaffold_303	48663	51841	gene-Peve_00022836	16.08004738	8
Porites_evermani_scaffold_303	58875	59433	gene-Peve_00022839	32.81671428	18
Porites_evermani_scaffold_303	64606	65180	gene-Peve_00022840	32.1911422	5
Porites_evermani_scaffold_303	76142	76743	gene-Peve_00022841	0	16
Porites_evermani_scaffold_303	82938	128754	gene-Peve_00022843	9.065002468	850
Porites_evermani_scaffold_303	104072	104676	gene-Peve_00022845	0	1
Porites_evermani_scaffold_303	110399	114920	gene-Peve_00022846	28.52548037	38
Porites_evermani_scaffold_303	118163	118731	gene-Peve_00022847	0	11
Porites_evermani_scaffold_303	120393	120937	gene-Peve_00022848	0	5
Porites_evermani_scaffold_303	140093	215563	gene-Peve_00022842	0.9964122034	1824
Porites_evermani_scaffold_303	172857	174632	gene-Peve_00022851	0.9345879667	60
Porites_evermani_scaffold_303	225067	225931	gene-Peve_00022853	1.18799536	25
Porites_evermani_scaffold_303	255914	256439	gene-Peve_00022855	0	10
Porites_evermani_scaffold_3030	6784	11156	gene-Peve_00022862	0.9108530374	107
Porites_evermani_scaffold_3030	32153	35597	gene-Peve_00022860	0.6306744898	49
Porites_evermani_scaffold_3030	50544	51548	gene-Peve_00022861	0	30
Porites_evermani_scaffold_3031	17	701	gene-Peve_00022863	0.7142857143	14
Porites_evermani_scaffold_3031	2182	10303	gene-Peve_00022865	28.13031961	41
Porites_evermani_scaffold_3031	15318	16503	gene-Peve_00022866	0	47
Porites_evermani_scaffold_3031	17289	22623	gene-Peve_00022867	21.56102825	28
Porites_evermani_scaffold_3031	22835	48921	gene-Peve_00022868	33.1099758	97
Porites_evermani_scaffold_3031	49298	55146	gene-Peve_00022864	3.435967618	68
Porites_evermani_scaffold_3032	5641	28920	gene-Peve_00022869	1.413276699	399
Porites_evermani_scaffold_3032	29429	41602	gene-Peve_00022870	11.29373156	198
Porites_evermani_scaffold_3032	41841	43701	gene-Peve_00022871	5.341880333	3
Porites_evermani_scaffold_3032	45815	55399	gene-Peve_00022872	0.5054036932	88
Porites_evermani_scaffold_3033	8024	37004	gene-Peve_00022874	34.82076481	37
Porites_evermani_scaffold_3033	22521	23568	gene-Peve_00022875	.	0
Porites_evermani_scaffold_3033	38398	44645	gene-Peve_00022873	29.76231553	59
Porites_evermani_scaffold_3034	401	54010	gene-Peve_00022876	30.17370512	169
Porites_evermani_scaffold_3035	603	1205	gene-Peve_00022877	.	0
Porites_evermani_scaffold_3035	4469	20259	gene-Peve_00022881	0.1666666667	30
Porites_evermani_scaffold_3035	21810	27920	gene-Peve_00022883	48.33055833	9
Porites_evermani_scaffold_3035	44772	45084	gene-Peve_00022879	.	0
Porites_evermani_scaffold_3035	45039	46482	gene-Peve_00022878	57.53239318	28
Porites_evermani_scaffold_3035	46555	47709	gene-Peve_00022880	.	0
Porites_evermani_scaffold_3035	52252	55777	gene-Peve_00022882	46.3328196	137
Porites_evermani_scaffold_3036	0	1991	gene-Peve_00022884	33.49370327	22
Porites_evermani_scaffold_3036	2081	13487	gene-Peve_00022885	31.48220228	25
Porites_evermani_scaffold_3036	18558	21192	gene-Peve_00022886	0.5648170256	39
Porites_evermani_scaffold_3036	21272	24114	gene-Peve_00022887	0.495680962	79
Porites_evermani_scaffold_3036	28130	55294	gene-Peve_00022888	0.3514902696	727
Porites_evermani_scaffold_3037	8193	8514	gene-Peve_00022889	0	3
Porites_evermani_scaffold_3037	11216	29979	gene-Peve_00022890	0.9174561449	69
Porites_evermani_scaffold_3038	746	5485	gene-Peve_00022891	.	0
Porites_evermani_scaffold_3038	5566	17741	gene-Peve_00022893	4.92616366	50
Porites_evermani_scaffold_3038	29418	37202	gene-Peve_00022894	1.25	16
Porites_evermani_scaffold_3038	42554	51912	gene-Peve_00022892	0.5234082588	228
Porites_evermani_scaffold_3039	4197	5028	gene-Peve_00022897	0.6744879706	34
Porites_evermani_scaffold_3039	11168	13219	gene-Peve_00022898	0	15
Porites_evermani_scaffold_3039	28920	33992	gene-Peve_00022895	0.2529049882	85
Porites_evermani_scaffold_304	620	1817	gene-Peve_00022907	23.361204	23
Porites_evermani_scaffold_304	8139	9760	gene-Peve_00022913	0	26
Porites_evermani_scaffold_304	10260	16877	gene-Peve_00022925	1.033079897	126
Porites_evermani_scaffold_304	22564	30244	gene-Peve_00022899	78.31861496	27
Porites_evermani_scaffold_304	31509	42462	gene-Peve_00022900	54.97930781	52
Porites_evermani_scaffold_304	42497	52978	gene-Peve_00022901	33.92258517	138
Porites_evermani_scaffold_304	53525	66287	gene-Peve_00022902	0.1006036197	71
Porites_evermani_scaffold_304	79546	86507	gene-Peve_00022904	0.26242575	124
Porites_evermani_scaffold_304	87262	99416	gene-Peve_00022903	15.5376638	192
Porites_evermani_scaffold_304	100397	101424	gene-Peve_00022905	.	0
Porites_evermani_scaffold_304	101866	103840	gene-Peve_00022906	47.05673025	20
Porites_evermani_scaffold_304	103926	107476	gene-Peve_00022908	3.629032258	31
Porites_evermani_scaffold_304	108128	112675	gene-Peve_00022909	59.67251858	43
Porites_evermani_scaffold_304	114536	114772	gene-Peve_00022910	.	0
Porites_evermani_scaffold_304	116988	122574	gene-Peve_00022911	51.70917335	52
Porites_evermani_scaffold_304	125998	126234	gene-Peve_00022912	.	0
Porites_evermani_scaffold_304	128435	141732	gene-Peve_00022914	39.2087259	80
Porites_evermani_scaffold_304	146267	156577	gene-Peve_00022915	34.65347372	120
Porites_evermani_scaffold_304	157238	162100	gene-Peve_00022916	1.054330282	78
Porites_evermani_scaffold_304	168030	182014	gene-Peve_00022917	0.2216644839	310
Porites_evermani_scaffold_304	184995	186804	gene-Peve_00022918	1.428571429	7
Porites_evermani_scaffold_304	196730	200224	gene-Peve_00022919	0.5175092817	71
Porites_evermani_scaffold_304	202862	203994	gene-Peve_00022920	0	32
Porites_evermani_scaffold_304	221643	225478	gene-Peve_00022921	0.3571147978	89
Porites_evermani_scaffold_304	242409	243544	gene-Peve_00022922	0.1508295686	51
Porites_evermani_scaffold_304	251203	253067	gene-Peve_00022923	0.0946969697	66
Porites_evermani_scaffold_304	256549	269519	gene-Peve_00022924	0.3745338067	238
Porites_evermani_scaffold_304	271657	278340	gene-Peve_00022926	0.08201973856	153
Porites_evermani_scaffold_304	290466	291523	gene-Peve_00022927	0	33
Porites_evermani_scaffold_304	300198	300855	gene-Peve_00022928	1.161616133	15
Porites_evermani_scaffold_304	302212	307726	gene-Peve_00022929	39.40656565	34
Porites_evermani_scaffold_3040	1002	18466	gene-Peve_00022931	1.988135854	281
Porites_evermani_scaffold_3040	22545	24840	gene-Peve_00022932	0	65
Porites_evermani_scaffold_3040	39876	50019	gene-Peve_00022933	0.662383619	189
Porites_evermani_scaffold_3041	15450	18789	gene-Peve_00022935	0	6
Porites_evermani_scaffold_3041	23770	25483	gene-Peve_00022937	0	2
Porites_evermani_scaffold_3041	31350	32137	gene-Peve_00022938	.	0
Porites_evermani_scaffold_3041	39582	42294	gene-Peve_00022934	0	2
Porites_evermani_scaffold_3042	433	1990	gene-Peve_00022940	0.120554557	79
Porites_evermani_scaffold_3042	39915	41426	gene-Peve_00022941	0.1759064906	53
Porites_evermani_scaffold_3042	53018	54555	gene-Peve_00022942	1.041666625	8
Porites_evermani_scaffold_3043	1201	17003	gene-Peve_00022943	5.067574981	213
Porites_evermani_scaffold_3043	19255	34456	gene-Peve_00022944	.	0
Porites_evermani_scaffold_3043	42046	51598	gene-Peve_00022945	.	0
Porites_evermani_scaffold_3044	15845	16727	gene-Peve_00022947	0	1
Porites_evermani_scaffold_3044	16958	24838	gene-Peve_00022946	0.847059	170
Porites_evermani_scaffold_3044	45279	45747	gene-Peve_00022948	0	13
Porites_evermani_scaffold_3044	54542	55382	gene-Peve_00022949	0.1461988333	36
Porites_evermani_scaffold_3045	1391	8454	gene-Peve_00022950	40.27879767	109
Porites_evermani_scaffold_3045	21507	48992	gene-Peve_00022951	7.531632242	298
Porites_evermani_scaffold_3045	51358	55522	gene-Peve_00022952	87.98626373	15
Porites_evermani_scaffold_3046	3531	22130	gene-Peve_00022957	0.7511810708	113
Porites_evermani_scaffold_3046	27533	28328	gene-Peve_00022953	1.4285714	10
Porites_evermani_scaffold_3046	28836	29625	gene-Peve_00022954	0	12
Porites_evermani_scaffold_3046	32576	42088	gene-Peve_00022955	52.4673805	44
Porites_evermani_scaffold_3046	42462	55076	gene-Peve_00022956	58.34133416	77
Porites_evermani_scaffold_3047	5642	13425	gene-Peve_00022960	0.8677685909	22
Porites_evermani_scaffold_3047	17837	18683	gene-Peve_00022959	.	0
Porites_evermani_scaffold_3047	18806	22181	gene-Peve_00022958	.	0
Porites_evermani_scaffold_3048	12734	29265	gene-Peve_00022963	22.60634448	137
Porites_evermani_scaffold_3048	38275	40304	gene-Peve_00022961	0.8775346744	43
Porites_evermani_scaffold_3048	45502	55404	gene-Peve_00022962	22.38108833	123
Porites_evermani_scaffold_3049	151	22976	gene-Peve_00022964	0.6214513145	283
Porites_evermani_scaffold_3049	33966	42544	gene-Peve_00022965	0.5961707261	157
Porites_evermani_scaffold_305	5323	9054	gene-Peve_00022968	.	0
Porites_evermani_scaffold_305	8955	15248	gene-Peve_00022972	.	0
Porites_evermani_scaffold_305	19713	39001	gene-Peve_00022976	4.718614714	21
Porites_evermani_scaffold_305	113422	124147	gene-Peve_00022969	80	1
Porites_evermani_scaffold_305	124221	125601	gene-Peve_00022970	.	0
Porites_evermani_scaffold_305	134835	138145	gene-Peve_00022971	.	0
Porites_evermani_scaffold_305	157646	159219	gene-Peve_00022973	0	3
Porites_evermani_scaffold_305	181471	195935	gene-Peve_00022977	0.401484627	185
Porites_evermani_scaffold_305	231609	243500	gene-Peve_00022978	0.6634532037	216
Porites_evermani_scaffold_305	233765	234468	gene-Peve_00022979	0	24
Porites_evermani_scaffold_305	243592	259649	gene-Peve_00022980	38.95749266	271
Porites_evermani_scaffold_305	263380	303659	gene-Peve_00022981	22.60321228	247
Porites_evermani_scaffold_3050	1095	3290	gene-Peve_00022984	53.04035615	20
Porites_evermani_scaffold_3050	5310	5589	gene-Peve_00022989	62.80005717	12
Porites_evermani_scaffold_3050	16854	18904	gene-Peve_00022990	54.4714845	24
Porites_evermani_scaffold_3050	28923	32175	gene-Peve_00022982	.	0
Porites_evermani_scaffold_3050	38018	45099	gene-Peve_00022983	35.22706913	15
Porites_evermani_scaffold_3050	46038	48140	gene-Peve_00022985	83.33333333	3
Porites_evermani_scaffold_3050	48633	49441	gene-Peve_00022986	67.60214669	16
Porites_evermani_scaffold_3050	52756	53374	gene-Peve_00022987	15.10989	2
Porites_evermani_scaffold_3051	37666	52493	gene-Peve_00022991	0.7175264255	282
Porites_evermani_scaffold_3052	202	1063	gene-Peve_00022992	3.9034005	26
Porites_evermani_scaffold_3052	8917	9265	gene-Peve_00022998	36.363636	1
Porites_evermani_scaffold_3052	9944	11369	gene-Peve_00023000	41.74569179	42
Porites_evermani_scaffold_3052	10107	10833	gene-Peve_00023001	45.38871387	15
Porites_evermani_scaffold_3052	11629	15156	gene-Peve_00023002	40.19460258	62
Porites_evermani_scaffold_3052	18130	21899	gene-Peve_00022993	33.45462141	54
Porites_evermani_scaffold_3052	31516	32613	gene-Peve_00022994	37.755586	12
Porites_evermani_scaffold_3052	43242	43596	gene-Peve_00022999	40.80007025	4
Porites_evermani_scaffold_3053	13132	13510	gene-Peve_00023008	3.6363636	5
Porites_evermani_scaffold_3053	23483	23858	gene-Peve_00023003	0	14
Porites_evermani_scaffold_3053	30147	30786	gene-Peve_00023004	0	18
Porites_evermani_scaffold_3053	32755	34099	gene-Peve_00023005	43.6011905	20
Porites_evermani_scaffold_3053	34560	49032	gene-Peve_00023006	19.19354839	31
Porites_evermani_scaffold_3054	12255	47493	gene-Peve_00023009	17.97160137	130
Porites_evermani_scaffold_3054	49924	52526	gene-Peve_00023010	90	4
Porites_evermani_scaffold_3055	399	1294	gene-Peve_00023011	.	0
Porites_evermani_scaffold_3055	7561	27862	gene-Peve_00023016	60.96560011	284
Porites_evermani_scaffold_3055	11130	13841	gene-Peve_00023017	80.38037721	33
Porites_evermani_scaffold_3055	18608	20114	gene-Peve_00023012	82.0888535	22
Porites_evermani_scaffold_3055	25750	26110	gene-Peve_00023013	47.24631877	13
Porites_evermani_scaffold_3055	43705	44110	gene-Peve_00023014	65.28907	13
Porites_evermani_scaffold_3055	46386	47112	gene-Peve_00023015	11.60544229	7
Porites_evermani_scaffold_3056	53224	53677	gene-Peve_00023019	0	6
Porites_evermani_scaffold_3057	13688	14118	gene-Peve_00023021	.	0
Porites_evermani_scaffold_3057	14147	14624	gene-Peve_00023020	.	0
Porites_evermani_scaffold_3057	16246	20023	gene-Peve_00023022	0	8
Porites_evermani_scaffold_3058	1818	3221	gene-Peve_00023024	2.8706141	10
Porites_evermani_scaffold_3058	10340	11760	gene-Peve_00023027	.	0
Porites_evermani_scaffold_3058	25491	27656	gene-Peve_00023028	.	0
Porites_evermani_scaffold_3058	45904	48403	gene-Peve_00023029	.	0
Porites_evermani_scaffold_3059	10641	13897	gene-Peve_00023032	0.1228501216	74
Porites_evermani_scaffold_3059	14969	15869	gene-Peve_00023033	0.45454545	20
Porites_evermani_scaffold_3059	44940	45804	gene-Peve_00023034	0.8260275417	24
Porites_evermani_scaffold_306	6722	15183	gene-Peve_00023037	0.2775374377	281
Porites_evermani_scaffold_306	19580	34432	gene-Peve_00023035	0.6603310837	430
Porites_evermani_scaffold_306	39557	49756	gene-Peve_00023036	0.96756499	200
Porites_evermani_scaffold_306	54589	61801	gene-Peve_00023044	0.555470803	203
Porites_evermani_scaffold_306	62204	62828	gene-Peve_00023046	0	27
Porites_evermani_scaffold_306	65345	68209	gene-Peve_00023045	0.1949317778	27
Porites_evermani_scaffold_306	72945	75489	gene-Peve_00023047	0.1733620244	82
Porites_evermani_scaffold_306	77470	84013	gene-Peve_00023048	56.49351526	65
Porites_evermani_scaffold_306	90257	101346	gene-Peve_00023049	45.51925791	66
Porites_evermani_scaffold_306	91764	92568	gene-Peve_00023050	.	0
Porites_evermani_scaffold_306	106955	107658	gene-Peve_00023052	.	0
Porites_evermani_scaffold_306	112957	116046	gene-Peve_00023054	.	0
Porites_evermani_scaffold_306	120308	122820	gene-Peve_00023053	0.4465376	105
Porites_evermani_scaffold_306	123972	136523	gene-Peve_00023055	44.04969799	172
Porites_evermani_scaffold_306	180774	181551	gene-Peve_00023056	0.8552631667	24
Porites_evermani_scaffold_306	191095	192671	gene-Peve_00023057	0.7807981579	38
Porites_evermani_scaffold_306	201901	202371	gene-Peve_00023059	9.097630217	23
Porites_evermani_scaffold_306	208873	212369	gene-Peve_00023061	51.70340723	248
Porites_evermani_scaffold_306	213977	214487	gene-Peve_00023062	28.91431289	37
Porites_evermani_scaffold_306	216253	220662	gene-Peve_00023063	48.00661581	158
Porites_evermani_scaffold_306	225285	226830	gene-Peve_00023064	22.895623	6
Porites_evermani_scaffold_306	227327	228113	gene-Peve_00023065	26.81851686	7
Porites_evermani_scaffold_306	238498	239647	gene-Peve_00023067	59.01082383	6
Porites_evermani_scaffold_306	243069	243958	gene-Peve_00023068	.	0
Porites_evermani_scaffold_306	244627	245810	gene-Peve_00023038	.	0
Porites_evermani_scaffold_306	262757	263955	gene-Peve_00023039	6.17631332	25
Porites_evermani_scaffold_306	264456	265208	gene-Peve_00023040	33.38369964	14
Porites_evermani_scaffold_306	272768	273759	gene-Peve_00023041	17.11640222	9
Porites_evermani_scaffold_306	280995	281594	gene-Peve_00023042	49.82431225	8
Porites_evermani_scaffold_306	300654	307561	gene-Peve_00023043	42.70398081	74
Porites_evermani_scaffold_3060	14875	19236	gene-Peve_00023069	0.3952941078	102
Porites_evermani_scaffold_3060	26665	27010	gene-Peve_00023071	18.095238	4
Porites_evermani_scaffold_3060	30680	31357	gene-Peve_00023072	.	0
Porites_evermani_scaffold_3060	48770	53534	gene-Peve_00023070	.	0
Porites_evermani_scaffold_3061	1351	12252	gene-Peve_00023073	0.7147346667	177
Porites_evermani_scaffold_3061	3985	4410	gene-Peve_00023077	0	3
Porites_evermani_scaffold_3061	14472	26470	gene-Peve_00023078	1.229891913	104
Porites_evermani_scaffold_3061	28015	41787	gene-Peve_00023074	3.208122883	60
Porites_evermani_scaffold_3061	47693	49668	gene-Peve_00023075	.	0
Porites_evermani_scaffold_3061	52067	54426	gene-Peve_00023076	.	0
Porites_evermani_scaffold_3062	4150	8835	gene-Peve_00023079	.	0
Porites_evermani_scaffold_3062	15994	16487	gene-Peve_00023082	0	12
Porites_evermani_scaffold_3062	20792	23516	gene-Peve_00023083	11.111111	1
Porites_evermani_scaffold_3062	29319	32065	gene-Peve_00023080	0.1179245283	53
Porites_evermani_scaffold_3062	47709	50291	gene-Peve_00023081	2.295307591	22
Porites_evermani_scaffold_3063	5308	15248	gene-Peve_00023084	5.945559548	126
Porites_evermani_scaffold_3063	42567	43038	gene-Peve_00023087	.	0
Porites_evermani_scaffold_3064	3750	23185	gene-Peve_00023089	65.60010949	61
Porites_evermani_scaffold_3064	24321	25873	gene-Peve_00023090	.	0
Porites_evermani_scaffold_3064	28478	30409	gene-Peve_00023091	26.875	16
Porites_evermani_scaffold_3064	32341	32653	gene-Peve_00023092	0	7
Porites_evermani_scaffold_3064	43270	45769	gene-Peve_00023093	1.309523786	14
Porites_evermani_scaffold_3065	12775	13258	gene-Peve_00023094	.	0
Porites_evermani_scaffold_3065	28255	33198	gene-Peve_00023096	0.6781183837	86
Porites_evermani_scaffold_3066	75	3027	gene-Peve_00023097	0	6
Porites_evermani_scaffold_3066	7315	37059	gene-Peve_00023098	65.51548019	289
Porites_evermani_scaffold_3066	37313	54731	gene-Peve_00023099	34.06151873	229
Porites_evermani_scaffold_3067	9818	10444	gene-Peve_00023100	80.4471075	14
Porites_evermani_scaffold_3067	17343	24953	gene-Peve_00023101	87.2521325	38
Porites_evermani_scaffold_3067	27096	28198	gene-Peve_00023102	86.57915257	14
Porites_evermani_scaffold_3067	28213	29457	gene-Peve_00023103	91.25	6
Porites_evermani_scaffold_3067	42424	51726	gene-Peve_00023104	0.5688726036	111
Porites_evermani_scaffold_3068	1113	5210	gene-Peve_00023105	74.79636876	41
Porites_evermani_scaffold_3068	16060	19164	gene-Peve_00023106	0.8840077581	62
Porites_evermani_scaffold_3068	26553	31723	gene-Peve_00023107	33.11884264	80
Porites_evermani_scaffold_3068	32092	54497	gene-Peve_00023108	9.344099882	399
Porites_evermani_scaffold_3069	24726	28377	gene-Peve_00023113	45.31680436	11
Porites_evermani_scaffold_3069	31578	32460	gene-Peve_00023109	.	0
Porites_evermani_scaffold_3069	37143	37691	gene-Peve_00023111	.	0
Porites_evermani_scaffold_307	1434	8137	gene-Peve_00023114	71.33509194	18
Porites_evermani_scaffold_307	8869	9615	gene-Peve_00023123	0	4
Porites_evermani_scaffold_307	10659	20532	gene-Peve_00023138	7.642830217	69
Porites_evermani_scaffold_307	25655	25971	gene-Peve_00023149	.	0
Porites_evermani_scaffold_307	47509	47887	gene-Peve_00023115	0.5347593636	11
Porites_evermani_scaffold_307	61762	70123	gene-Peve_00023116	75.09727635	46
Porites_evermani_scaffold_307	75578	85306	gene-Peve_00023117	38.7260312	44
Porites_evermani_scaffold_307	87435	91319	gene-Peve_00023118	0.2933525797	69
Porites_evermani_scaffold_307	92244	97794	gene-Peve_00023119	0	13
Porites_evermani_scaffold_307	100089	103663	gene-Peve_00023120	0	21
Porites_evermani_scaffold_307	110880	112685	gene-Peve_00023121	4.736842105	19
Porites_evermani_scaffold_307	113741	114732	gene-Peve_00023122	0	1
Porites_evermani_scaffold_307	116511	118401	gene-Peve_00023124	0	1
Porites_evermani_scaffold_307	118825	120141	gene-Peve_00023125	1	10
Porites_evermani_scaffold_307	121146	121639	gene-Peve_00023126	.	0
Porites_evermani_scaffold_307	122282	122667	gene-Peve_00023127	.	0
Porites_evermani_scaffold_307	124369	124653	gene-Peve_00023128	.	0
Porites_evermani_scaffold_307	125916	126298	gene-Peve_00023129	.	0
Porites_evermani_scaffold_307	138213	144624	gene-Peve_00023130	20.4545455	4
Porites_evermani_scaffold_307	146102	148458	gene-Peve_00023132	.	0
Porites_evermani_scaffold_307	152466	161099	gene-Peve_00023133	.	0
Porites_evermani_scaffold_307	163241	167129	gene-Peve_00023134	.	0
Porites_evermani_scaffold_307	168053	173540	gene-Peve_00023135	.	0
Porites_evermani_scaffold_307	181009	183692	gene-Peve_00023136	.	0
Porites_evermani_scaffold_307	185028	187326	gene-Peve_00023137	.	0
Porites_evermani_scaffold_307	187640	189818	gene-Peve_00023139	0	1
Porites_evermani_scaffold_307	191783	192597	gene-Peve_00023140	.	0
Porites_evermani_scaffold_307	203307	209467	gene-Peve_00023141	.	0
Porites_evermani_scaffold_307	226564	227912	gene-Peve_00023143	0	9
Porites_evermani_scaffold_307	232202	255607	gene-Peve_00023144	0.4315425591	254
Porites_evermani_scaffold_307	257612	257927	gene-Peve_00023145	.	0
Porites_evermani_scaffold_307	259510	270649	gene-Peve_00023146	0	11
Porites_evermani_scaffold_307	272235	273154	gene-Peve_00023147	.	0
Porites_evermani_scaffold_307	274968	281408	gene-Peve_00023148	0.2892341679	137
Porites_evermani_scaffold_307	290213	299748	gene-Peve_00023150	74.27801472	137
Porites_evermani_scaffold_3070	260	7495	gene-Peve_00023151	0.7926464889	135
Porites_evermani_scaffold_3070	15328	24237	gene-Peve_00023153	0.6712271576	165
Porites_evermani_scaffold_3070	32287	35043	gene-Peve_00023154	15.40203191	47
Porites_evermani_scaffold_3070	44899	45471	gene-Peve_00023155	0.7007163077	13
Porites_evermani_scaffold_3070	48599	49235	gene-Peve_00023156	.	0
Porites_evermani_scaffold_3070	50118	50932	gene-Peve_00023157	.	0
Porites_evermani_scaffold_3070	52476	54937	gene-Peve_00023152	1.547526556	27
Porites_evermani_scaffold_3071	336	1752	gene-Peve_00023158	3.0238095	20
Porites_evermani_scaffold_3071	32922	46529	gene-Peve_00023159	1.569300338	213
Porites_evermani_scaffold_3072	2919	7226	gene-Peve_00023160	78.03565948	21
Porites_evermani_scaffold_3072	15595	18916	gene-Peve_00023161	62.0059683	33
Porites_evermani_scaffold_3072	32569	40695	gene-Peve_00023162	53.8876611	104
Porites_evermani_scaffold_3072	50451	54839	gene-Peve_00023163	0.7622212642	106
Porites_evermani_scaffold_3073	3264	3864	gene-Peve_00023168	.	0
Porites_evermani_scaffold_3073	11658	26240	gene-Peve_00023169	0.4579788647	207
Porites_evermani_scaffold_3073	44141	45972	gene-Peve_00023165	42.17137139	62
Porites_evermani_scaffold_3073	48421	50044	gene-Peve_00023166	50.76874889	63
Porites_evermani_scaffold_3073	52046	53226	gene-Peve_00023167	.	0
Porites_evermani_scaffold_3074	15340	16219	gene-Peve_00023170	94.22696357	21
Porites_evermani_scaffold_3074	20045	25647	gene-Peve_00023171	55.48965503	31
Porites_evermani_scaffold_3075	1764	10998	gene-Peve_00023172	32.56122098	56
Porites_evermani_scaffold_3075	27189	32237	gene-Peve_00023174	12.78607058	19
Porites_evermani_scaffold_3076	28040	28541	gene-Peve_00023175	0	15
Porites_evermani_scaffold_3076	52139	53303	gene-Peve_00023176	0.4215974146	41
Porites_evermani_scaffold_3077	34988	36002	gene-Peve_00023179	0	18
Porites_evermani_scaffold_3077	44655	46861	gene-Peve_00023180	0	35
Porites_evermani_scaffold_3077	50520	50885	gene-Peve_00023178	0	5
Porites_evermani_scaffold_3078	40124	41123	gene-Peve_00023181	0	13
Porites_evermani_scaffold_3079	5386	5959	gene-Peve_00023184	.	0
Porites_evermani_scaffold_3079	6543	26813	gene-Peve_00023182	0.3448525662	219
Porites_evermani_scaffold_3079	11991	13277	gene-Peve_00023185	0	6
Porites_evermani_scaffold_3079	29571	36081	gene-Peve_00023186	53.15309473	77
Porites_evermani_scaffold_3079	45078	48189	gene-Peve_00023187	0	38
Porites_evermani_scaffold_3079	48689	49247	gene-Peve_00023183	.	0
Porites_evermani_scaffold_308	188	23960	gene-Peve_00023188	21.67992386	405
Porites_evermani_scaffold_308	28607	46933	gene-Peve_00023205	0.6364670547	439
Porites_evermani_scaffold_308	40490	41252	gene-Peve_00023209	.	0
Porites_evermani_scaffold_308	61592	75589	gene-Peve_00023189	8.522248252	246
Porites_evermani_scaffold_308	75790	89025	gene-Peve_00023190	28.8014575	112
Porites_evermani_scaffold_308	93088	112104	gene-Peve_00023192	0.7189794299	442
Porites_evermani_scaffold_308	114834	152074	gene-Peve_00023191	1.358146361	1082
Porites_evermani_scaffold_308	172942	173290	gene-Peve_00023195	0	6
Porites_evermani_scaffold_308	186983	194959	gene-Peve_00023196	0.8833875556	189
Porites_evermani_scaffold_308	208859	209189	gene-Peve_00023197	.	0
Porites_evermani_scaffold_308	217060	218169	gene-Peve_00023198	17.39116589	19
Porites_evermani_scaffold_308	223823	224132	gene-Peve_00023199	.	0
Porites_evermani_scaffold_308	227067	228033	gene-Peve_00023200	5.503844	23
Porites_evermani_scaffold_308	228690	230141	gene-Peve_00023201	14.630636	41
Porites_evermani_scaffold_308	230687	231618	gene-Peve_00023202	0.6786616111	36
Porites_evermani_scaffold_308	240056	242021	gene-Peve_00023203	0	2
Porites_evermani_scaffold_308	243692	250978	gene-Peve_00023204	0.6498673793	58
Porites_evermani_scaffold_308	286471	287356	gene-Peve_00023207	0.4680146	35
Porites_evermani_scaffold_308	294783	297201	gene-Peve_00023208	0.5555555333	15
Porites_evermani_scaffold_3080	2797	10911	gene-Peve_00023210	0.4410536241	133
Porites_evermani_scaffold_3080	13473	23268	gene-Peve_00023213	65.91821196	85
Porites_evermani_scaffold_3080	23564	25812	gene-Peve_00023214	77.64076124	93
Porites_evermani_scaffold_3080	25996	45735	gene-Peve_00023211	11.97445889	377
Porites_evermani_scaffold_3080	48053	49415	gene-Peve_00023212	0	5
Porites_evermani_scaffold_3081	203	1267	gene-Peve_00023215	0	7
Porites_evermani_scaffold_3081	29156	30669	gene-Peve_00023216	3.432589	6
Porites_evermani_scaffold_3081	40578	47134	gene-Peve_00023217	0.5599774564	149
Porites_evermani_scaffold_3082	25237	28098	gene-Peve_00023219	54.54834541	32
Porites_evermani_scaffold_3082	28349	37805	gene-Peve_00023220	79.9092139	73
Porites_evermani_scaffold_3082	38678	40274	gene-Peve_00023221	51.92404232	28
Porites_evermani_scaffold_3082	40446	51267	gene-Peve_00023222	34.4932066	121
Porites_evermani_scaffold_3082	53714	54116	gene-Peve_00023218	.	0
Porites_evermani_scaffold_3083	4803	18278	gene-Peve_00023224	20.88806259	198
Porites_evermani_scaffold_3083	34465	35587	gene-Peve_00023226	0.1253132857	42
Porites_evermani_scaffold_3083	40819	43773	gene-Peve_00023223	1.383346793	29
Porites_evermani_scaffold_3084	0	11312	gene-Peve_00023227	0.3768448646	192
Porites_evermani_scaffold_3084	13684	26365	gene-Peve_00023231	68.79585968	186
Porites_evermani_scaffold_3084	28073	30702	gene-Peve_00023232	1.973628851	74
Porites_evermani_scaffold_3084	32894	40440	gene-Peve_00023228	47.39147988	91
Porites_evermani_scaffold_3084	45927	53734	gene-Peve_00023229	64.48851048	124
Porites_evermani_scaffold_3084	54033	54333	gene-Peve_00023230	0	14
Porites_evermani_scaffold_3085	5591	5966	gene-Peve_00023233	33.33333333	3
Porites_evermani_scaffold_3085	9027	10113	gene-Peve_00023237	0	9
Porites_evermani_scaffold_3085	18769	27565	gene-Peve_00023234	.	0
Porites_evermani_scaffold_3085	24598	25235	gene-Peve_00023235	.	0
Porites_evermani_scaffold_3085	34352	36995	gene-Peve_00023236	.	0
Porites_evermani_scaffold_3085	39155	39809	gene-Peve_00023238	37.497595	6
Porites_evermani_scaffold_3085	40431	41582	gene-Peve_00023239	.	0
Porites_evermani_scaffold_3086	1388	1739	gene-Peve_00023241	.	0
Porites_evermani_scaffold_3086	8925	10733	gene-Peve_00023242	.	0
Porites_evermani_scaffold_3086	14248	17291	gene-Peve_00023243	.	0
Porites_evermani_scaffold_3087	5128	6683	gene-Peve_00023245	0.5952380714	14
Porites_evermani_scaffold_3087	13670	16096	gene-Peve_00023246	3.147305086	35
Porites_evermani_scaffold_3087	34036	37266	gene-Peve_00023247	46.18221456	27
Porites_evermani_scaffold_3087	38114	43489	gene-Peve_00023248	0.1520608286	70
Porites_evermani_scaffold_3087	47202	51058	gene-Peve_00023249	54.34135444	43
Porites_evermani_scaffold_3088	22401	28381	gene-Peve_00023250	0.4926735044	113
Porites_evermani_scaffold_3088	35343	35820	gene-Peve_00023251	17.31647756	9
Porites_evermani_scaffold_3088	40310	49105	gene-Peve_00023252	82.07800377	64
Porites_evermani_scaffold_3089	1058	12685	gene-Peve_00023253	1.268850545	288
Porites_evermani_scaffold_3089	28014	51690	gene-Peve_00023254	0.5695627005	434
Porites_evermani_scaffold_309	204	1168	gene-Peve_00023262	59.03980345	20
Porites_evermani_scaffold_309	3079	6622	gene-Peve_00023256	65.55372628	50
Porites_evermani_scaffold_309	7244	8144	gene-Peve_00023268	7.27272725	20
Porites_evermani_scaffold_309	11799	16911	gene-Peve_00023282	67.01015306	54
Porites_evermani_scaffold_309	17193	18066	gene-Peve_00023283	0.5347593529	17
Porites_evermani_scaffold_309	24910	28246	gene-Peve_00023257	0.1366120164	61
Porites_evermani_scaffold_309	36223	46152	gene-Peve_00023258	18.24056896	28
Porites_evermani_scaffold_309	93396	93857	gene-Peve_00023259	90.909091	2
Porites_evermani_scaffold_309	99319	102589	gene-Peve_00023260	19.8217051	41
Porites_evermani_scaffold_309	112380	117798	gene-Peve_00023261	71.68831171	7
Porites_evermani_scaffold_309	126909	151798	gene-Peve_00023263	38.01353616	244
Porites_evermani_scaffold_309	139426	141951	gene-Peve_00023264	75.91753843	23
Porites_evermani_scaffold_309	152627	161086	gene-Peve_00023265	54.42474838	45
Porites_evermani_scaffold_309	162259	169590	gene-Peve_00023266	0.4128770625	176
Porites_evermani_scaffold_309	174366	178338	gene-Peve_00023267	0.505299144	125
Porites_evermani_scaffold_309	181031	191309	gene-Peve_00023269	29.4949921	142
Porites_evermani_scaffold_309	191574	195445	gene-Peve_00023270	21.28011026	69
Porites_evermani_scaffold_309	198018	222468	gene-Peve_00023271	19.26736294	260
Porites_evermani_scaffold_309	229001	235364	gene-Peve_00023272	0.05434782609	184
Porites_evermani_scaffold_309	237845	238121	gene-Peve_00023273	0	13
Porites_evermani_scaffold_309	247760	248144	gene-Peve_00023274	0.8333333	10
Porites_evermani_scaffold_309	250954	257996	gene-Peve_00023276	47.81158124	95
Porites_evermani_scaffold_309	258032	263395	gene-Peve_00023277	74.52063815	41
Porites_evermani_scaffold_309	266218	279573	gene-Peve_00023278	60.7821935	102
Porites_evermani_scaffold_309	285508	288694	gene-Peve_00023279	.	0
Porites_evermani_scaffold_309	290333	295024	gene-Peve_00023280	15	6
Porites_evermani_scaffold_309	295180	306186	gene-Peve_00023281	9.168609111	9
Porites_evermani_scaffold_3090	16050	20005	gene-Peve_00023284	.	0
Porites_evermani_scaffold_3090	22027	23311	gene-Peve_00023285	.	0
Porites_evermani_scaffold_3090	37518	46482	gene-Peve_00023286	.	0
Porites_evermani_scaffold_3091	1000	5019	gene-Peve_00023287	12.81381596	144
Porites_evermani_scaffold_3091	34089	35769	gene-Peve_00023289	5.986457462	26
Porites_evermani_scaffold_3092	3213	4491	gene-Peve_00023291	.	0
Porites_evermani_scaffold_3092	6154	29630	gene-Peve_00023294	0.6718558507	489
Porites_evermani_scaffold_3092	31795	33885	gene-Peve_00023292	0.6664388158	38
Porites_evermani_scaffold_3092	34418	51254	gene-Peve_00023293	7.943007405	121
Porites_evermani_scaffold_3093	5	11439	gene-Peve_00023295	72.03571526	121
Porites_evermani_scaffold_3093	13808	27891	gene-Peve_00023297	0.6390773492	441
Porites_evermani_scaffold_3093	37389	39399	gene-Peve_00023296	0.2314814722	36
Porites_evermani_scaffold_3094	2654	12884	gene-Peve_00023298	0.5898845643	140
Porites_evermani_scaffold_3094	15267	15594	gene-Peve_00023300	0	14
Porites_evermani_scaffold_3094	25645	37684	gene-Peve_00023301	7.936328067	210
Porites_evermani_scaffold_3094	46557	52412	gene-Peve_00023299	0.5230116687	166
Porites_evermani_scaffold_3095	1701	3102	gene-Peve_00023302	.	0
Porites_evermani_scaffold_3095	3228	3782	gene-Peve_00023305	5.128205333	3
Porites_evermani_scaffold_3095	13273	15364	gene-Peve_00023306	0.2868800323	31
Porites_evermani_scaffold_3095	20156	35750	gene-Peve_00023308	0.6508365845	207
Porites_evermani_scaffold_3095	36312	36666	gene-Peve_00023303	.	0
Porites_evermani_scaffold_3095	39415	48444	gene-Peve_00023307	1.773983178	191
Porites_evermani_scaffold_3095	51597	53885	gene-Peve_00023304	1.328586507	71
Porites_evermani_scaffold_3096	2	25946	gene-Peve_00023309	22.40055115	263
Porites_evermani_scaffold_3096	30158	48539	gene-Peve_00023310	5.535585864	302
Porites_evermani_scaffold_3096	48797	51174	gene-Peve_00023311	51.28654571	21
Porites_evermani_scaffold_3097	829	1267	gene-Peve_00023312	0.53617045	20
Porites_evermani_scaffold_3097	6181	7086	gene-Peve_00023314	.	0
Porites_evermani_scaffold_3097	8798	9236	gene-Peve_00023315	.	0
Porites_evermani_scaffold_3097	15740	20284	gene-Peve_00023313	1.653488545	44
Porites_evermani_scaffold_3098	20109	20955	gene-Peve_00023318	34.71152413	8
Porites_evermani_scaffold_3098	26987	28583	gene-Peve_00023319	.	0
Porites_evermani_scaffold_3098	29119	31178	gene-Peve_00023320	.	0
Porites_evermani_scaffold_3098	32379	33924	gene-Peve_00023321	76.16262536	11
Porites_evermani_scaffold_3098	35986	36325	gene-Peve_00023322	85.89016357	7
Porites_evermani_scaffold_3098	41915	43097	gene-Peve_00023323	82.79558559	22
Porites_evermani_scaffold_3098	44353	45640	gene-Peve_00023324	78.1598792	5
Porites_evermani_scaffold_3099	48655	53445	gene-Peve_00023326	0.6654928537	123
Porites_evermani_scaffold_31	857	10176	gene-Peve_00023327	0	6
Porites_evermani_scaffold_31	15424	38942	gene-Peve_00023376	1.364755768	177
Porites_evermani_scaffold_31	48743	49553	gene-Peve_00023339	0	2
Porites_evermani_scaffold_31	56304	94635	gene-Peve_00023359	1.073013926	780
Porites_evermani_scaffold_31	98601	111810	gene-Peve_00023361	14.12745656	295
Porites_evermani_scaffold_31	116092	142991	gene-Peve_00023362	21.7309989	448
Porites_evermani_scaffold_31	143111	153646	gene-Peve_00023364	11.4953307	240
Porites_evermani_scaffold_31	158742	164246	gene-Peve_00023365	9.810864052	97
Porites_evermani_scaffold_31	168278	170822	gene-Peve_00023366	0.2631578947	38
Porites_evermani_scaffold_31	194633	195344	gene-Peve_00023369	.	0
Porites_evermani_scaffold_31	208774	210476	gene-Peve_00023370	0	47
Porites_evermani_scaffold_31	212370	222901	gene-Peve_00023371	0.8052800309	162
Porites_evermani_scaffold_31	225360	231305	gene-Peve_00023372	36.6289875	26
Porites_evermani_scaffold_31	233474	236496	gene-Peve_00023373	8.088255591	44
Porites_evermani_scaffold_31	242585	249973	gene-Peve_00023374	20.50022071	138
Porites_evermani_scaffold_31	250328	261428	gene-Peve_00023375	25.8265844	216
Porites_evermani_scaffold_31	271149	271497	gene-Peve_00023377	.	0
Porites_evermani_scaffold_31	285693	345094	gene-Peve_00023378	1.07291863	1537
Porites_evermani_scaffold_31	295446	301642	gene-Peve_00023379	0.6187433399	153
Porites_evermani_scaffold_31	359237	368780	gene-Peve_00023380	2.055503781	105
Porites_evermani_scaffold_31	372396	376562	gene-Peve_00023381	2.186146326	129
Porites_evermani_scaffold_31	388159	395675	gene-Peve_00023382	2.328924591	215
Porites_evermani_scaffold_31	406530	419159	gene-Peve_00023383	8.725496253	225
Porites_evermani_scaffold_31	422093	427698	gene-Peve_00023328	69.15868928	80
Porites_evermani_scaffold_31	437683	441353	gene-Peve_00023330	0.9699777563	119
Porites_evermani_scaffold_31	444110	453867	gene-Peve_00023331	13.7930593	216
Porites_evermani_scaffold_31	458431	459790	gene-Peve_00023332	13.61737964	69
Porites_evermani_scaffold_31	461518	476746	gene-Peve_00023333	30.76947037	247
Porites_evermani_scaffold_31	481541	484939	gene-Peve_00023334	0.4279811023	88
Porites_evermani_scaffold_31	488572	495413	gene-Peve_00023335	0.5755029429	105
Porites_evermani_scaffold_31	495540	530780	gene-Peve_00023336	0.7876169567	1039
Porites_evermani_scaffold_31	518572	520839	gene-Peve_00023337	1.124714025	79
Porites_evermani_scaffold_31	536410	554922	gene-Peve_00023338	4.453200184	408
Porites_evermani_scaffold_31	570994	590601	gene-Peve_00023340	1.499882125	535
Porites_evermani_scaffold_31	602377	617299	gene-Peve_00023341	0.4949274635	507
Porites_evermani_scaffold_31	621450	627238	gene-Peve_00023342	0.1993848408	157
Porites_evermani_scaffold_31	631335	636669	gene-Peve_00023343	0.1547619071	140
Porites_evermani_scaffold_31	643108	657661	gene-Peve_00023344	0.854652877	366
Porites_evermani_scaffold_31	664179	668168	gene-Peve_00023345	0.7106025354	99
Porites_evermani_scaffold_31	672528	674354	gene-Peve_00023346	0	43
Porites_evermani_scaffold_31	676782	686863	gene-Peve_00023347	0.4609914945	273
Porites_evermani_scaffold_31	689431	690212	gene-Peve_00023349	0	10
Porites_evermani_scaffold_31	692755	696279	gene-Peve_00023348	16.78117442	86
Porites_evermani_scaffold_31	698782	706361	gene-Peve_00023350	0.4198262022	178
Porites_evermani_scaffold_31	708506	723541	gene-Peve_00023351	9.928127993	303
Porites_evermani_scaffold_31	725244	737310	gene-Peve_00023352	0.9393039353	309
Porites_evermani_scaffold_31	745650	746466	gene-Peve_00023353	0	16
Porites_evermani_scaffold_31	753532	773648	gene-Peve_00023354	4.843978847	346
Porites_evermani_scaffold_31	774989	776628	gene-Peve_00023356	0	17
Porites_evermani_scaffold_31	779104	788731	gene-Peve_00023355	0.07158196063	127
Porites_evermani_scaffold_31	801466	817503	gene-Peve_00023357	1.323473474	346
Porites_evermani_scaffold_31	821546	839467	gene-Peve_00023360	1.534593927	317
Porites_evermani_scaffold_310	9525	9987	gene-Peve_00023398	0.5352223636	11
Porites_evermani_scaffold_310	17298	21651	gene-Peve_00023401	0.2390888642	162
Porites_evermani_scaffold_310	28835	30150	gene-Peve_00023391	1.03030304	25
Porites_evermani_scaffold_310	32452	35811	gene-Peve_00023393	1.4204545	24
Porites_evermani_scaffold_310	36089	38375	gene-Peve_00023394	0.3427583099	71
Porites_evermani_scaffold_310	43491	52811	gene-Peve_00023395	0.4962108958	144
Porites_evermani_scaffold_310	44468	55213	gene-Peve_00023396	0.4552281278	180
Porites_evermani_scaffold_310	48458	49800	gene-Peve_00023397	0.9615385	8
Porites_evermani_scaffold_310	66590	76609	gene-Peve_00023399	0.7360544583	240
Porites_evermani_scaffold_310	82380	84567	gene-Peve_00023400	1.028163369	65
Porites_evermani_scaffold_310	86877	87755	gene-Peve_00023402	0	7
Porites_evermani_scaffold_310	89416	92006	gene-Peve_00023403	0.908568549	51
Porites_evermani_scaffold_310	94935	116830	gene-Peve_00023404	50.81276376	442
Porites_evermani_scaffold_310	121342	136984	gene-Peve_00023405	11.81214518	217
Porites_evermani_scaffold_310	146012	207250	gene-Peve_00023406	4.551119532	990
Porites_evermani_scaffold_310	212470	217030	gene-Peve_00023407	0.4952156319	144
Porites_evermani_scaffold_310	228217	231128	gene-Peve_00023409	0.1962949394	66
Porites_evermani_scaffold_310	232442	244512	gene-Peve_00023385	60.12468479	104
Porites_evermani_scaffold_310	246107	250934	gene-Peve_00023386	50.11110491	57
Porites_evermani_scaffold_310	251072	257850	gene-Peve_00023387	76.98461208	78
Porites_evermani_scaffold_310	260884	265424	gene-Peve_00023388	8.968074417	36
Porites_evermani_scaffold_310	274693	294650	gene-Peve_00023389	78.43332167	39
Porites_evermani_scaffold_310	294656	297506	gene-Peve_00023390	.	0
Porites_evermani_scaffold_310	305206	307471	gene-Peve_00023392	0.3264630182	55
Porites_evermani_scaffold_3100	15748	27325	gene-Peve_00023410	.	0
Porites_evermani_scaffold_3101	5915	32205	gene-Peve_00023411	0.88403118	639
Porites_evermani_scaffold_3101	46958	51306	gene-Peve_00023412	.	0
Porites_evermani_scaffold_3102	258	5651	gene-Peve_00023413	10	8
Porites_evermani_scaffold_3102	12199	33180	gene-Peve_00023414	12.21511758	242
Porites_evermani_scaffold_3102	38270	42063	gene-Peve_00023415	0.04347826087	115
Porites_evermani_scaffold_3103	6651	7423	gene-Peve_00023419	96.32575758	12
Porites_evermani_scaffold_3103	12686	13453	gene-Peve_00023420	1.325757545	11
Porites_evermani_scaffold_3103	39032	50987	gene-Peve_00023416	80.02218451	76
Porites_evermani_scaffold_3103	53170	53680	gene-Peve_00023417	0.9192624286	28
Porites_evermani_scaffold_3104	9391	10393	gene-Peve_00023421	0	40
Porites_evermani_scaffold_3104	14489	15452	gene-Peve_00023428	0	11
Porites_evermani_scaffold_3104	21302	26716	gene-Peve_00023429	0.6468041053	171
Porites_evermani_scaffold_3104	28191	29379	gene-Peve_00023422	0.1893939394	33
Porites_evermani_scaffold_3104	33012	33981	gene-Peve_00023423	0	25
Porites_evermani_scaffold_3104	34367	36464	gene-Peve_00023424	.	0
Porites_evermani_scaffold_3104	41660	42632	gene-Peve_00023425	0.4040404103	39
Porites_evermani_scaffold_3104	43999	46313	gene-Peve_00023426	0	55
Porites_evermani_scaffold_3104	51717	53649	gene-Peve_00023427	21.904762	7
Porites_evermani_scaffold_3105	2699	3449	gene-Peve_00023432	.	0
Porites_evermani_scaffold_3105	7022	20363	gene-Peve_00023433	0	8
Porites_evermani_scaffold_3105	21653	26443	gene-Peve_00023434	.	0
Porites_evermani_scaffold_3105	29618	44721	gene-Peve_00023430	61.88139698	100
Porites_evermani_scaffold_3105	46894	53776	gene-Peve_00023431	0.4593372564	234
Porites_evermani_scaffold_3106	1935	6425	gene-Peve_00023435	39.81159315	39
Porites_evermani_scaffold_3106	11464	12231	gene-Peve_00023448	0	3
Porites_evermani_scaffold_3106	14091	14858	gene-Peve_00023449	.	0
Porites_evermani_scaffold_3106	22055	25094	gene-Peve_00023436	2.591615575	73
Porites_evermani_scaffold_3106	26863	30950	gene-Peve_00023437	2.852791243	140
Porites_evermani_scaffold_3106	32228	32606	gene-Peve_00023439	0.6386617778	27
Porites_evermani_scaffold_3106	32605	36193	gene-Peve_00023440	4.796941141	199
Porites_evermani_scaffold_3106	37323	38703	gene-Peve_00023441	0.1139776604	53
Porites_evermani_scaffold_3106	48965	50015	gene-Peve_00023446	0.4536004595	37
Porites_evermani_scaffold_3106	52065	52980	gene-Peve_00023447	0.990676	33
Porites_evermani_scaffold_3107	668	21625	gene-Peve_00023450	19.78147926	128
Porites_evermani_scaffold_3107	21839	29738	gene-Peve_00023451	33.18850266	100
Porites_evermani_scaffold_3107	33980	35321	gene-Peve_00023452	1.623376581	31
Porites_evermani_scaffold_3107	36487	39438	gene-Peve_00023453	0.7992260152	66
Porites_evermani_scaffold_3107	39784	49768	gene-Peve_00023454	6.735428187	150
Porites_evermani_scaffold_3108	3135	3474	gene-Peve_00023455	.	0
Porites_evermani_scaffold_3108	11513	13821	gene-Peve_00023458	1.432594095	63
Porites_evermani_scaffold_3108	18055	18545	gene-Peve_00023459	0.1782531176	17
Porites_evermani_scaffold_3108	44516	45002	gene-Peve_00023456	.	0
Porites_evermani_scaffold_3109	10814	13487	gene-Peve_00023462	0.8475857467	75
Porites_evermani_scaffold_3109	41349	46491	gene-Peve_00023464	1.264217	75
Porites_evermani_scaffold_3109	46541	48460	gene-Peve_00023465	4.276094259	27
Porites_evermani_scaffold_311	15202	15799	gene-Peve_00023471	2.690746533	15
Porites_evermani_scaffold_311	17026	17374	gene-Peve_00023476	0	18
Porites_evermani_scaffold_311	18832	54107	gene-Peve_00023479	1.864715581	960
Porites_evermani_scaffold_311	74524	100531	gene-Peve_00023480	0.8937735267	393
Porites_evermani_scaffold_311	101018	117016	gene-Peve_00023466	0.7172140891	303
Porites_evermani_scaffold_311	119218	126053	gene-Peve_00023467	0	25
Porites_evermani_scaffold_311	131824	133980	gene-Peve_00023468	0	17
Porites_evermani_scaffold_311	150818	161974	gene-Peve_00023469	0.1194892919	209
Porites_evermani_scaffold_311	172794	185643	gene-Peve_00023470	0.7393805673	245
Porites_evermani_scaffold_311	191492	196969	gene-Peve_00023472	0.1307189608	51
Porites_evermani_scaffold_311	203137	209440	gene-Peve_00023473	0	78
Porites_evermani_scaffold_311	215055	217694	gene-Peve_00023474	3.095440125	16
Porites_evermani_scaffold_311	221395	232907	gene-Peve_00023475	1.240302397	121
Porites_evermani_scaffold_311	237731	289527	gene-Peve_00023477	0.5163570882	986
Porites_evermani_scaffold_311	295828	298457	gene-Peve_00023478	0.1457725918	49
Porites_evermani_scaffold_3110	10281	13211	gene-Peve_00023481	0.4524886923	13
Porites_evermani_scaffold_3110	13368	33704	gene-Peve_00023482	37.2325829	177
Porites_evermani_scaffold_3110	42649	50860	gene-Peve_00023483	52.85714275	4
Porites_evermani_scaffold_3111	1251	15706	gene-Peve_00023484	52.03887942	111
Porites_evermani_scaffold_3111	19772	24259	gene-Peve_00023485	1.001287269	134
Porites_evermani_scaffold_3111	31182	31887	gene-Peve_00023486	.	0
Porites_evermani_scaffold_3111	36465	51660	gene-Peve_00023487	36.29155797	186
Porites_evermani_scaffold_3112	2895	7996	gene-Peve_00023488	38.01058212	65
Porites_evermani_scaffold_3112	11935	23654	gene-Peve_00023489	7.920316756	262
Porites_evermani_scaffold_3112	25911	26772	gene-Peve_00023490	0	27
Porites_evermani_scaffold_3112	28892	53197	gene-Peve_00023491	8.535430238	370
Porites_evermani_scaffold_3113	2736	12702	gene-Peve_00023492	0.1810411909	110
Porites_evermani_scaffold_3113	26903	32003	gene-Peve_00023500	14.31593098	86
Porites_evermani_scaffold_3113	40656	40959	gene-Peve_00023495	.	0
Porites_evermani_scaffold_3113	48528	48831	gene-Peve_00023496	.	0
Porites_evermani_scaffold_3114	21161	28308	gene-Peve_00023504	0.4385964737	19
Porites_evermani_scaffold_3114	34678	35164	gene-Peve_00023502	14.24970856	16
Porites_evermani_scaffold_3114	41244	50297	gene-Peve_00023503	0.8124439692	65
Porites_evermani_scaffold_3115	12386	16001	gene-Peve_00023505	0.5347222273	88
Porites_evermani_scaffold_3115	27489	32174	gene-Peve_00023507	.	0
Porites_evermani_scaffold_3115	51591	52059	gene-Peve_00023506	.	0
Porites_evermani_scaffold_3116	3403	4070	gene-Peve_00023508	.	0
Porites_evermani_scaffold_3116	7535	13058	gene-Peve_00023515	.	0
Porites_evermani_scaffold_3116	29081	31588	gene-Peve_00023510	.	0
Porites_evermani_scaffold_3116	31911	32370	gene-Peve_00023511	0	1
Porites_evermani_scaffold_3116	32683	34117	gene-Peve_00023512	.	0
Porites_evermani_scaffold_3116	32773	35379	gene-Peve_00023513	.	0
Porites_evermani_scaffold_3116	50571	51363	gene-Peve_00023514	.	0
Porites_evermani_scaffold_3117	22099	50128	gene-Peve_00023517	2.233572137	402
Porites_evermani_scaffold_3118	28714	38749	gene-Peve_00023518	56.64788963	87
Porites_evermani_scaffold_3119	24101	41870	gene-Peve_00023519	3.806420907	216
Porites_evermani_scaffold_3119	44719	47128	gene-Peve_00023521	0	38
Porites_evermani_scaffold_3119	50926	52247	gene-Peve_00023522	0	22
Porites_evermani_scaffold_312	30710	36566	gene-Peve_00023525	0.4452990806	62
Porites_evermani_scaffold_312	68587	69679	gene-Peve_00023526	0	6
Porites_evermani_scaffold_312	69715	85606	gene-Peve_00023527	1.9467447	190
Porites_evermani_scaffold_312	175186	181690	gene-Peve_00023529	1.011655792	53
Porites_evermani_scaffold_312	203998	204370	gene-Peve_00023530	0	2
Porites_evermani_scaffold_312	213740	214724	gene-Peve_00023531	0	8
Porites_evermani_scaffold_312	217518	218717	gene-Peve_00023532	0	1
Porites_evermani_scaffold_312	239314	244885	gene-Peve_00023533	0	57
Porites_evermani_scaffold_312	258183	282176	gene-Peve_00023534	0	8
Porites_evermani_scaffold_312	267095	271506	gene-Peve_00023535	.	0
Porites_evermani_scaffold_312	293412	307229	gene-Peve_00023536	53.7692306	5
Porites_evermani_scaffold_3120	5737	37159	gene-Peve_00023538	17.9902916	294
Porites_evermani_scaffold_3120	28509	30779	gene-Peve_00023539	.	0
Porites_evermani_scaffold_3120	37220	44540	gene-Peve_00023540	47.19332914	21
Porites_evermani_scaffold_3121	14925	15408	gene-Peve_00023542	0	18
Porites_evermani_scaffold_3121	16893	26777	gene-Peve_00023543	16.3075311	148
Porites_evermani_scaffold_3121	26891	29494	gene-Peve_00023544	73.9996115	6
Porites_evermani_scaffold_3121	31494	34802	gene-Peve_00023545	60.68038683	6
Porites_evermani_scaffold_3121	37555	44062	gene-Peve_00023546	75.41787541	49
Porites_evermani_scaffold_3121	46579	48989	gene-Peve_00023547	0	1
Porites_evermani_scaffold_3121	49564	51008	gene-Peve_00023549	.	0
Porites_evermani_scaffold_3122	15058	51576	gene-Peve_00023551	36.05460543	405
Porites_evermani_scaffold_3123	17901	18495	gene-Peve_00023553	.	0
Porites_evermani_scaffold_3123	25190	26072	gene-Peve_00023555	.	0
Porites_evermani_scaffold_3123	43325	43670	gene-Peve_00023554	.	0
Porites_evermani_scaffold_3124	1901	24374	gene-Peve_00023558	3.708791192	26
Porites_evermani_scaffold_3124	32394	32904	gene-Peve_00023559	35.14943387	8
Porites_evermani_scaffold_3125	3961	11607	gene-Peve_00023560	0.05027652941	17
Porites_evermani_scaffold_3125	11625	13175	gene-Peve_00023561	.	0
Porites_evermani_scaffold_3125	18165	18903	gene-Peve_00023562	.	0
Porites_evermani_scaffold_3125	19630	20987	gene-Peve_00023563	.	0
Porites_evermani_scaffold_3125	43177	45109	gene-Peve_00023564	0	12
Porites_evermani_scaffold_3126	1116	12747	gene-Peve_00023565	0.5494505385	13
Porites_evermani_scaffold_3126	5935	7628	gene-Peve_00023566	.	0
Porites_evermani_scaffold_3126	15858	19143	gene-Peve_00023567	19.34834443	37
Porites_evermani_scaffold_3126	20068	46198	gene-Peve_00023568	13.62616638	64
Porites_evermani_scaffold_3126	49255	51586	gene-Peve_00023569	90	1
Porites_evermani_scaffold_3127	803	1349	gene-Peve_00023571	.	0
Porites_evermani_scaffold_3127	5840	9562	gene-Peve_00023572	0	27
Porites_evermani_scaffold_3127	20999	22313	gene-Peve_00023573	0.2564102692	26
Porites_evermani_scaffold_3127	24685	31947	gene-Peve_00023574	71.52986139	49
Porites_evermani_scaffold_3127	32462	39255	gene-Peve_00023575	49.12107032	37
Porites_evermani_scaffold_3127	39345	52133	gene-Peve_00023570	19.86351227	192
Porites_evermani_scaffold_3128	6530	17542	gene-Peve_00023576	0.4317998007	306
Porites_evermani_scaffold_3129	6128	8214	gene-Peve_00023578	.	0
Porites_evermani_scaffold_3129	9259	13995	gene-Peve_00023579	1.084004028	71
Porites_evermani_scaffold_3129	29725	44046	gene-Peve_00023577	0	6
Porites_evermani_scaffold_313	7437	11394	gene-Peve_00023596	43.56896004	24
Porites_evermani_scaffold_313	11891	32133	gene-Peve_00023598	23.75645223	254
Porites_evermani_scaffold_313	36290	45550	gene-Peve_00023581	61.82287742	120
Porites_evermani_scaffold_313	52273	53260	gene-Peve_00023582	0.2083333438	32
Porites_evermani_scaffold_313	56257	97594	gene-Peve_00023583	33.13691677	305
Porites_evermani_scaffold_313	99378	104043	gene-Peve_00023584	12.17393129	55
Porites_evermani_scaffold_313	106688	107564	gene-Peve_00023585	0	12
Porites_evermani_scaffold_313	107714	114084	gene-Peve_00023586	8.374445807	83
Porites_evermani_scaffold_313	117436	120271	gene-Peve_00023587	3.33333334	53
Porites_evermani_scaffold_313	122663	123959	gene-Peve_00023588	6.510416667	24
Porites_evermani_scaffold_313	125169	139067	gene-Peve_00023589	73.13582126	87
Porites_evermani_scaffold_313	139125	179282	gene-Peve_00023590	6.973338392	525
Porites_evermani_scaffold_313	139981	144232	gene-Peve_00023591	3.030303	6
Porites_evermani_scaffold_313	180685	228372	gene-Peve_00023592	6.766868563	455
Porites_evermani_scaffold_313	192565	193408	gene-Peve_00023593	.	0
Porites_evermani_scaffold_313	194240	195431	gene-Peve_00023594	0	7
Porites_evermani_scaffold_313	233219	242424	gene-Peve_00023595	52.28627565	141
Porites_evermani_scaffold_313	265579	303539	gene-Peve_00023597	13.33768767	814
Porites_evermani_scaffold_3130	13191	16790	gene-Peve_00023599	1.0281385	32
Porites_evermani_scaffold_3130	22169	23177	gene-Peve_00023600	.	0
Porites_evermani_scaffold_3130	28762	31012	gene-Peve_00023601	17.967033	7
Porites_evermani_scaffold_3130	33798	35333	gene-Peve_00023602	0	5
Porites_evermani_scaffold_3131	1045	2682	gene-Peve_00023603	73.499165	11
Porites_evermani_scaffold_3132	397	25841	gene-Peve_00023605	0.5236950536	56
Porites_evermani_scaffold_3132	25949	30790	gene-Peve_00023606	61.56609157	37
Porites_evermani_scaffold_3132	32471	50691	gene-Peve_00023607	15.32397416	472
Porites_evermani_scaffold_3133	8114	18003	gene-Peve_00023610	0.3538059553	291
Porites_evermani_scaffold_3133	16806	34101	gene-Peve_00023612	0.2519546196	92
Porites_evermani_scaffold_3133	46925	49099	gene-Peve_00023609	0.4774637059	34
Porites_evermani_scaffold_3134	31421	35119	gene-Peve_00023614	0	7
Porites_evermani_scaffold_3134	43104	48783	gene-Peve_00023615	1.237038828	29
Porites_evermani_scaffold_3135	2	9466	gene-Peve_00023617	53.13257565	171
Porites_evermani_scaffold_3135	9563	13034	gene-Peve_00023618	10.95865162	56
Porites_evermani_scaffold_3135	16152	17025	gene-Peve_00023619	0	22
Porites_evermani_scaffold_3135	20556	21900	gene-Peve_00023620	0.2606952	40
Porites_evermani_scaffold_3135	27220	33866	gene-Peve_00023622	0.162201828	157
Porites_evermani_scaffold_3135	39996	52109	gene-Peve_00023621	17.56488776	176
Porites_evermani_scaffold_3136	8661	12707	gene-Peve_00023623	1.611222987	77
Porites_evermani_scaffold_3137	13868	17266	gene-Peve_00023629	0.7455006429	28
Porites_evermani_scaffold_3137	26260	28044	gene-Peve_00023625	8.129004937	16
Porites_evermani_scaffold_3137	39328	42358	gene-Peve_00023626	0.2549533846	26
Porites_evermani_scaffold_3138	2426	2945	gene-Peve_00023634	0	23
Porites_evermani_scaffold_3138	7758	8385	gene-Peve_00023635	.	0
Porites_evermani_scaffold_3138	14010	14736	gene-Peve_00023636	0	14
Porites_evermani_scaffold_3138	19856	20486	gene-Peve_00023637	0	18
Porites_evermani_scaffold_3138	26441	27116	gene-Peve_00023630	0	22
Porites_evermani_scaffold_3138	35345	35900	gene-Peve_00023631	0	26
Porites_evermani_scaffold_3138	37283	38960	gene-Peve_00023632	0.1602564038	52
Porites_evermani_scaffold_3138	41250	44985	gene-Peve_00023633	0	42
Porites_evermani_scaffold_3139	3687	23768	gene-Peve_00023638	26.22872437	241
Porites_evermani_scaffold_3139	24123	29629	gene-Peve_00023639	63.40697035	23
Porites_evermani_scaffold_3139	35715	36753	gene-Peve_00023640	0	14
Porites_evermani_scaffold_314	49	836	gene-Peve_00023641	0	1
Porites_evermani_scaffold_314	9658	13697	gene-Peve_00023666	.	0
Porites_evermani_scaffold_314	18411	19186	gene-Peve_00023642	0	5
Porites_evermani_scaffold_314	34918	38390	gene-Peve_00023643	20.22608346	28
Porites_evermani_scaffold_314	38602	41830	gene-Peve_00023644	14.02423468	28
Porites_evermani_scaffold_314	67413	78995	gene-Peve_00023645	5.108335467	212
Porites_evermani_scaffold_314	80389	90686	gene-Peve_00023646	28.25070874	76
Porites_evermani_scaffold_314	94216	97433	gene-Peve_00023647	38.25447174	35
Porites_evermani_scaffold_314	100249	115702	gene-Peve_00023648	10.20900884	152
Porites_evermani_scaffold_314	116024	120885	gene-Peve_00023649	55.667901	87
Porites_evermani_scaffold_314	127117	130956	gene-Peve_00023650	0.6060605946	37
Porites_evermani_scaffold_314	136230	145985	gene-Peve_00023651	0.8844737821	156
Porites_evermani_scaffold_314	144544	152910	gene-Peve_00023653	0.2750921681	226
Porites_evermani_scaffold_314	147981	148194	gene-Peve_00023654	0	9
Porites_evermani_scaffold_314	153288	160904	gene-Peve_00023655	25.88115364	94
Porites_evermani_scaffold_314	160983	167108	gene-Peve_00023656	61.14835808	88
Porites_evermani_scaffold_314	167959	175314	gene-Peve_00023657	62.48881406	109
Porites_evermani_scaffold_314	175295	204756	gene-Peve_00023658	13.54871732	185
Porites_evermani_scaffold_314	229671	242369	gene-Peve_00023659	0.7274313668	199
Porites_evermani_scaffold_314	249625	250681	gene-Peve_00023660	0	3
Porites_evermani_scaffold_314	269149	270174	gene-Peve_00023661	.	0
Porites_evermani_scaffold_314	273498	273864	gene-Peve_00023663	.	0
Porites_evermani_scaffold_314	276149	276731	gene-Peve_00023664	.	0
Porites_evermani_scaffold_314	279355	284182	gene-Peve_00023662	0.2197802198	91
Porites_evermani_scaffold_314	289739	293622	gene-Peve_00023665	.	0
Porites_evermani_scaffold_314	298967	299413	gene-Peve_00023667	.	0
Porites_evermani_scaffold_3140	1586	23161	gene-Peve_00023668	1.356811235	464
Porites_evermani_scaffold_3140	25640	32867	gene-Peve_00023669	0.4016002626	179
Porites_evermani_scaffold_3141	9337	11006	gene-Peve_00023672	0	31
Porites_evermani_scaffold_3141	32096	32631	gene-Peve_00023673	.	0
Porites_evermani_scaffold_3141	36480	51227	gene-Peve_00023670	2.273419811	74
Porites_evermani_scaffold_3142	8881	9724	gene-Peve_00023679	.	0
Porites_evermani_scaffold_3142	10048	12614	gene-Peve_00023678	.	0
Porites_evermani_scaffold_3142	15116	16040	gene-Peve_00023675	.	0
Porites_evermani_scaffold_3142	29941	31035	gene-Peve_00023676	.	0
Porites_evermani_scaffold_3142	32158	32638	gene-Peve_00023677	.	0
Porites_evermani_scaffold_3142	33848	52705	gene-Peve_00023674	1.875487798	99
Porites_evermani_scaffold_3143	5884	7750	gene-Peve_00023681	.	0
Porites_evermani_scaffold_3143	17608	18976	gene-Peve_00023682	.	0
Porites_evermani_scaffold_3143	48132	48549	gene-Peve_00023680	.	0
Porites_evermani_scaffold_3144	3195	29741	gene-Peve_00023686	11.00149133	230
Porites_evermani_scaffold_3144	6162	8221	gene-Peve_00023687	.	0
Porites_evermani_scaffold_3144	33412	52217	gene-Peve_00023685	13.39151044	78
Porites_evermani_scaffold_3145	65	1474	gene-Peve_00023688	.	0
Porites_evermani_scaffold_3145	18930	21167	gene-Peve_00023689	1	10
Porites_evermani_scaffold_3145	22705	39312	gene-Peve_00023690	0.2690464337	196
Porites_evermani_scaffold_3145	41750	48457	gene-Peve_00023691	0	22
Porites_evermani_scaffold_3146	10790	11267	gene-Peve_00023692	.	0
Porites_evermani_scaffold_3146	26830	27846	gene-Peve_00023693	.	0
Porites_evermani_scaffold_3147	23933	24515	gene-Peve_00023695	0	11
Porites_evermani_scaffold_3147	26181	52521	gene-Peve_00023694	19.15503498	325
Porites_evermani_scaffold_3148	24154	25651	gene-Peve_00023698	0	8
Porites_evermani_scaffold_3148	29703	40464	gene-Peve_00023699	85	2
Porites_evermani_scaffold_3148	42480	42770	gene-Peve_00023696	.	0
Porites_evermani_scaffold_3148	45418	52555	gene-Peve_00023697	43.52272729	24
Porites_evermani_scaffold_3149	12231	15502	gene-Peve_00023702	0.2688172097	62
Porites_evermani_scaffold_3149	31668	32472	gene-Peve_00023700	1.660848476	42
Porites_evermani_scaffold_3149	34813	36653	gene-Peve_00023701	4.638806312	32
Porites_evermani_scaffold_315	27025	32318	gene-Peve_00023719	0.2214164198	162
Porites_evermani_scaffold_315	39644	56697	gene-Peve_00023714	0.8738466379	58
Porites_evermani_scaffold_315	57656	65217	gene-Peve_00023715	18.04674924	82
Porites_evermani_scaffold_315	71493	80441	gene-Peve_00023717	0.6250689076	119
Porites_evermani_scaffold_315	96643	100796	gene-Peve_00023718	0.3508772105	19
Porites_evermani_scaffold_315	116794	117723	gene-Peve_00023720	0.3944566176	34
Porites_evermani_scaffold_315	125371	130045	gene-Peve_00023721	0.7692307692	13
Porites_evermani_scaffold_315	147661	152077	gene-Peve_00023722	0.2419149091	22
Porites_evermani_scaffold_315	167185	169474	gene-Peve_00023723	.	0
Porites_evermani_scaffold_315	170740	181359	gene-Peve_00023703	37.50160014	37
Porites_evermani_scaffold_315	183677	186997	gene-Peve_00023704	0.1177675357	84
Porites_evermani_scaffold_315	198879	199626	gene-Peve_00023706	.	0
Porites_evermani_scaffold_315	224775	229033	gene-Peve_00023708	.	0
Porites_evermani_scaffold_315	239969	245026	gene-Peve_00023709	2.161367878	131
Porites_evermani_scaffold_315	255724	259180	gene-Peve_00023710	0.7843137255	51
Porites_evermani_scaffold_315	271300	272189	gene-Peve_00023711	0	8
Porites_evermani_scaffold_3150	5399	10995	gene-Peve_00023724	65.52063693	42
Porites_evermani_scaffold_3150	11331	24628	gene-Peve_00023725	49.16903915	105
Porites_evermani_scaffold_3150	36086	42007	gene-Peve_00023726	0	1
Porites_evermani_scaffold_3151	1132	19435	gene-Peve_00023727	39.328128	19
Porites_evermani_scaffold_3151	28782	30729	gene-Peve_00023729	0	7
Porites_evermani_scaffold_3151	45271	45733	gene-Peve_00023728	.	0
Porites_evermani_scaffold_3152	5134	13688	gene-Peve_00023730	0.1212121273	55
Porites_evermani_scaffold_3152	14980	26772	gene-Peve_00023734	1.100711177	62
Porites_evermani_scaffold_3152	28430	31306	gene-Peve_00023735	0.06775068293	82
Porites_evermani_scaffold_3152	35352	38145	gene-Peve_00023731	0.1875	80
Porites_evermani_scaffold_3152	39500	41800	gene-Peve_00023732	0.4237288136	59
Porites_evermani_scaffold_3152	47596	51077	gene-Peve_00023733	1.72449173	111
Porites_evermani_scaffold_3153	556	1645	gene-Peve_00023738	.	0
Porites_evermani_scaffold_3153	3142	12068	gene-Peve_00023739	0	4
Porites_evermani_scaffold_3153	15367	27081	gene-Peve_00023740	22.41270302	159
Porites_evermani_scaffold_3153	27158	28634	gene-Peve_00023741	21.76711309	32
Porites_evermani_scaffold_3153	40449	41829	gene-Peve_00023736	0.11764706	50
Porites_evermani_scaffold_3153	48116	49553	gene-Peve_00023737	0.3726893256	43
Porites_evermani_scaffold_3155	33576	34111	gene-Peve_00023744	.	0
Porites_evermani_scaffold_3155	46996	47359	gene-Peve_00023745	0.3401360476	21
Porites_evermani_scaffold_3156	13996	16477	gene-Peve_00023746	0.37202608	50
Porites_evermani_scaffold_3156	17097	18423	gene-Peve_00023749	14.35897433	3
Porites_evermani_scaffold_3156	26441	37226	gene-Peve_00023750	.	0
Porites_evermani_scaffold_3156	29888	30220	gene-Peve_00023751	.	0
Porites_evermani_scaffold_3156	39125	39533	gene-Peve_00023752	.	0
Porites_evermani_scaffold_3156	44468	45227	gene-Peve_00023747	.	0
Porites_evermani_scaffold_3157	3192	7233	gene-Peve_00023753	0.33333332	25
Porites_evermani_scaffold_3157	33077	33677	gene-Peve_00023754	0	2
Porites_evermani_scaffold_3157	46059	47001	gene-Peve_00023755	0	2
Porites_evermani_scaffold_3158	1775	5126	gene-Peve_00023756	0	5
Porites_evermani_scaffold_3158	9895	10702	gene-Peve_00023757	0	3
Porites_evermani_scaffold_3158	20566	24403	gene-Peve_00023758	1.464322733	30
Porites_evermani_scaffold_3158	32450	33817	gene-Peve_00023759	.	0
Porites_evermani_scaffold_3159	33868	34360	gene-Peve_00023761	.	0
Porites_evermani_scaffold_316	12308	13079	gene-Peve_00023774	4.04311384	25
Porites_evermani_scaffold_316	23229	23841	gene-Peve_00023783	0.1904762	35
Porites_evermani_scaffold_316	25776	29366	gene-Peve_00023784	0.388395197	132
Porites_evermani_scaffold_316	35917	56019	gene-Peve_00023762	0.4416485907	535
Porites_evermani_scaffold_316	58660	73763	gene-Peve_00023763	44.69438324	220
Porites_evermani_scaffold_316	75223	97019	gene-Peve_00023764	21.47238282	246
Porites_evermani_scaffold_316	97304	103711	gene-Peve_00023765	0.1596342123	146
Porites_evermani_scaffold_316	120145	121733	gene-Peve_00023767	0.4	25
Porites_evermani_scaffold_316	128790	131807	gene-Peve_00023766	0	66
Porites_evermani_scaffold_316	145361	149910	gene-Peve_00023768	0.7049832165	97
Porites_evermani_scaffold_316	153700	162190	gene-Peve_00023769	0.3763042673	202
Porites_evermani_scaffold_316	169934	177468	gene-Peve_00023770	0.8069876818	220
Porites_evermani_scaffold_316	190068	195031	gene-Peve_00023772	0.2978502906	117
Porites_evermani_scaffold_316	200083	205395	gene-Peve_00023771	0.3129395253	158
Porites_evermani_scaffold_316	210573	216711	gene-Peve_00023773	0.246794703	165
Porites_evermani_scaffold_316	234079	237079	gene-Peve_00023775	0.1787101818	99
Porites_evermani_scaffold_316	243382	249485	gene-Peve_00023776	0.7091232092	153
Porites_evermani_scaffold_316	254814	260350	gene-Peve_00023778	28.75833056	50
Porites_evermani_scaffold_316	262011	264878	gene-Peve_00023777	59.08643397	35
Porites_evermani_scaffold_316	267594	276280	gene-Peve_00023779	59.99259012	59
Porites_evermani_scaffold_316	279777	282327	gene-Peve_00023780	87.16268678	18
Porites_evermani_scaffold_316	284568	288547	gene-Peve_00023781	68.84057836	56
Porites_evermani_scaffold_316	294162	305027	gene-Peve_00023782	50.15141093	165
Porites_evermani_scaffold_3160	3773	14855	gene-Peve_00023789	8.544835093	215
Porites_evermani_scaffold_3160	29804	32386	gene-Peve_00023786	3.205866857	42
Porites_evermani_scaffold_3160	46210	48982	gene-Peve_00023788	89.95702995	40
Porites_evermani_scaffold_3161	3048	4983	gene-Peve_00023792	3.880974087	23
Porites_evermani_scaffold_3161	31455	31754	gene-Peve_00023790	0	9
Porites_evermani_scaffold_3161	32153	36493	gene-Peve_00023791	0.2984372474	97
Porites_evermani_scaffold_3161	48019	52047	gene-Peve_00023793	0	10
Porites_evermani_scaffold_3162	3644	25927	gene-Peve_00023794	18.03891838	296
Porites_evermani_scaffold_3162	30954	31569	gene-Peve_00023797	4.930931364	11
Porites_evermani_scaffold_3162	37500	41323	gene-Peve_00023795	32.88668733	116
Porites_evermani_scaffold_3162	47269	48405	gene-Peve_00023796	90.26048044	9
Porites_evermani_scaffold_3164	584	5611	gene-Peve_00023798	43.82491269	54
Porites_evermani_scaffold_3164	5891	41036	gene-Peve_00023799	17.40680224	383
Porites_evermani_scaffold_3165	1	27303	gene-Peve_00023800	0.653797321	595
Porites_evermani_scaffold_3165	35158	47146	gene-Peve_00023801	0.6175484344	122
Porites_evermani_scaffold_3165	50831	52155	gene-Peve_00023802	62.0526175	8
Porites_evermani_scaffold_3166	1197	4276	gene-Peve_00023803	27.17345876	29
Porites_evermani_scaffold_3166	4351	25764	gene-Peve_00023804	34.09869805	265
Porites_evermani_scaffold_3166	29089	29602	gene-Peve_00023805	0.9259258889	9
Porites_evermani_scaffold_3166	37283	40310	gene-Peve_00023806	1.526554968	62
Porites_evermani_scaffold_3166	47362	48052	gene-Peve_00023807	1.243097923	26
Porites_evermani_scaffold_3167	3877	4216	gene-Peve_00023808	0	13
Porites_evermani_scaffold_3167	5260	19515	gene-Peve_00023810	11.46384466	246
Porites_evermani_scaffold_3167	22114	24369	gene-Peve_00023811	0.6941007692	65
Porites_evermani_scaffold_3167	39369	45216	gene-Peve_00023812	35.43423695	81
Porites_evermani_scaffold_3167	47207	49898	gene-Peve_00023809	62.71713145	11
Porites_evermani_scaffold_3168	2	1635	gene-Peve_00023813	51.42394723	13
Porites_evermani_scaffold_3168	1530	4271	gene-Peve_00023818	49.57785536	11
Porites_evermani_scaffold_3168	4560	5885	gene-Peve_00023819	28.49408197	29
Porites_evermani_scaffold_3168	7626	31587	gene-Peve_00023820	15.78826787	412
Porites_evermani_scaffold_3168	32932	33806	gene-Peve_00023821	85.36931825	4
Porites_evermani_scaffold_3168	35150	39862	gene-Peve_00023814	0.06887052066	121
Porites_evermani_scaffold_3168	42208	43999	gene-Peve_00023815	18.47710465	34
Porites_evermani_scaffold_3168	46570	47536	gene-Peve_00023816	0.3021026667	33
Porites_evermani_scaffold_3168	50424	50943	gene-Peve_00023817	0	4
Porites_evermani_scaffold_3169	3994	6522	gene-Peve_00023822	0	23
Porites_evermani_scaffold_3169	11246	12721	gene-Peve_00023824	2.840909063	16
Porites_evermani_scaffold_3169	14466	15336	gene-Peve_00023825	0	4
Porites_evermani_scaffold_3169	20453	26344	gene-Peve_00023826	16.31058597	29
Porites_evermani_scaffold_3169	41589	46960	gene-Peve_00023823	0.763888875	48
Porites_evermani_scaffold_317	2545	3546	gene-Peve_00023832	0	9
Porites_evermani_scaffold_317	5929	43642	gene-Peve_00023842	7.174947518	848
Porites_evermani_scaffold_317	48012	53286	gene-Peve_00023828	0.9211124667	135
Porites_evermani_scaffold_317	54770	75345	gene-Peve_00023829	30.39409651	359
Porites_evermani_scaffold_317	79614	107585	gene-Peve_00023831	0.7544750147	750
Porites_evermani_scaffold_317	118917	122255	gene-Peve_00023833	0	6
Porites_evermani_scaffold_317	126509	127274	gene-Peve_00023834	0	2
Porites_evermani_scaffold_317	139659	142309	gene-Peve_00023835	0.5194805143	35
Porites_evermani_scaffold_317	152873	156164	gene-Peve_00023836	0	17
Porites_evermani_scaffold_317	157839	159588	gene-Peve_00023837	.	0
Porites_evermani_scaffold_317	177331	180622	gene-Peve_00023838	0.3035161412	85
Porites_evermani_scaffold_317	187859	188813	gene-Peve_00023839	0	38
Porites_evermani_scaffold_317	194345	195227	gene-Peve_00023840	0	17
Porites_evermani_scaffold_317	200496	204069	gene-Peve_00023841	0.3207671889	90
Porites_evermani_scaffold_317	210230	212962	gene-Peve_00023844	0.1602564038	52
Porites_evermani_scaffold_317	221187	222225	gene-Peve_00023845	1.191195649	37
Porites_evermani_scaffold_317	225215	234951	gene-Peve_00023846	34.81794042	125
Porites_evermani_scaffold_317	237904	238621	gene-Peve_00023847	.	0
Porites_evermani_scaffold_317	238919	240074	gene-Peve_00023848	0	11
Porites_evermani_scaffold_317	242996	265141	gene-Peve_00023849	8.45288079	333
Porites_evermani_scaffold_3170	29939	30365	gene-Peve_00023853	.	0
Porites_evermani_scaffold_3170	30995	32718	gene-Peve_00023851	.	0
Porites_evermani_scaffold_3170	35357	36869	gene-Peve_00023852	.	0
Porites_evermani_scaffold_3170	37458	38037	gene-Peve_00023854	.	0
Porites_evermani_scaffold_3170	38302	39212	gene-Peve_00023855	.	0
Porites_evermani_scaffold_3171	33213	36344	gene-Peve_00023857	57.939394	10
Porites_evermani_scaffold_3171	38948	41986	gene-Peve_00023858	2.5	4
Porites_evermani_scaffold_3171	44548	50190	gene-Peve_00023856	82.68471532	50
Porites_evermani_scaffold_3172	22854	27765	gene-Peve_00023859	16.87307142	43
Porites_evermani_scaffold_3172	30544	33472	gene-Peve_00023861	1.544580425	40
Porites_evermani_scaffold_3172	34455	47252	gene-Peve_00023860	2.284382261	23
Porites_evermani_scaffold_3173	10	51283	gene-Peve_00023862	0.1886337186	167
Porites_evermani_scaffold_3174	389	32426	gene-Peve_00023863	12.04443535	254
Porites_evermani_scaffold_3175	50506	51709	gene-Peve_00023865	.	0
Porites_evermani_scaffold_3176	4483	7261	gene-Peve_00023866	7.486631	2
Porites_evermani_scaffold_3176	11531	11855	gene-Peve_00023867	.	0
Porites_evermani_scaffold_3176	14940	22613	gene-Peve_00023868	.	0
Porites_evermani_scaffold_3177	7102	30478	gene-Peve_00023870	9.789431904	313
Porites_evermani_scaffold_3177	30866	43223	gene-Peve_00023871	2.644305746	248
Porites_evermani_scaffold_3178	10404	12066	gene-Peve_00023874	2.848211286	21
Porites_evermani_scaffold_3178	33885	48640	gene-Peve_00023873	33.10444744	113
Porites_evermani_scaffold_3179	9428	11142	gene-Peve_00023875	0	1
Porites_evermani_scaffold_3179	31222	40339	gene-Peve_00023876	65.87601992	87
Porites_evermani_scaffold_318	10751	31939	gene-Peve_00023881	33.11688314	7
Porites_evermani_scaffold_318	38748	49942	gene-Peve_00023889	92.61890929	42
Porites_evermani_scaffold_318	88937	115490	gene-Peve_00023877	0.453125	80
Porites_evermani_scaffold_318	130445	151600	gene-Peve_00023878	25.58334547	243
Porites_evermani_scaffold_318	162667	163312	gene-Peve_00023879	0	1
Porites_evermani_scaffold_318	167176	170152	gene-Peve_00023880	1.620429662	71
Porites_evermani_scaffold_318	173380	178175	gene-Peve_00023882	0	37
Porites_evermani_scaffold_318	180207	182180	gene-Peve_00023883	0	42
Porites_evermani_scaffold_318	220046	222006	gene-Peve_00023884	0	12
Porites_evermani_scaffold_318	243805	249824	gene-Peve_00023885	71.49260213	225
Porites_evermani_scaffold_318	252071	253117	gene-Peve_00023886	66.39227891	22
Porites_evermani_scaffold_318	273106	273805	gene-Peve_00023887	65.85804186	7
Porites_evermani_scaffold_318	285879	301526	gene-Peve_00023888	23.13553883	86
Porites_evermani_scaffold_3180	37213	47901	gene-Peve_00023890	0.5323966316	209
Porites_evermani_scaffold_3181	4501	10815	gene-Peve_00023896	59.43533177	108
Porites_evermani_scaffold_3181	12492	12985	gene-Peve_00023898	44.32428683	12
Porites_evermani_scaffold_3181	13161	14648	gene-Peve_00023897	71.35387087	24
Porites_evermani_scaffold_3181	19284	20048	gene-Peve_00023891	37.25891477	13
Porites_evermani_scaffold_3181	23157	28080	gene-Peve_00023892	9.235163832	125
Porites_evermani_scaffold_3181	44375	45044	gene-Peve_00023893	68.3411589	10
Porites_evermani_scaffold_3181	45798	48429	gene-Peve_00023894	0.4166666667	12
Porites_evermani_scaffold_3181	48725	49926	gene-Peve_00023895	7.1469526	20
Porites_evermani_scaffold_3182	16723	24743	gene-Peve_00023899	57.81701855	31
Porites_evermani_scaffold_3182	27621	36694	gene-Peve_00023902	.	0
Porites_evermani_scaffold_3182	44552	48822	gene-Peve_00023900	100	3
Porites_evermani_scaffold_3183	10238	12166	gene-Peve_00023904	.	0
Porites_evermani_scaffold_3183	18192	22257	gene-Peve_00023906	0.30769232	25
Porites_evermani_scaffold_3183	26652	42407	gene-Peve_00023903	0	48
Porites_evermani_scaffold_3184	4014	10685	gene-Peve_00023907	.	0
Porites_evermani_scaffold_3184	12150	26032	gene-Peve_00023908	2.696842787	47
Porites_evermani_scaffold_3184	30759	31029	gene-Peve_00023909	.	0
Porites_evermani_scaffold_3185	7674	26356	gene-Peve_00023912	0.8053931574	235
Porites_evermani_scaffold_3185	38195	44470	gene-Peve_00023910	0	24
Porites_evermani_scaffold_3185	47472	48171	gene-Peve_00023911	.	0
Porites_evermani_scaffold_3186	16602	18771	gene-Peve_00023913	.	0
Porites_evermani_scaffold_3186	25998	29330	gene-Peve_00023914	0	89
Porites_evermani_scaffold_3186	32316	34782	gene-Peve_00023915	0.3716919322	59
Porites_evermani_scaffold_3186	49284	49633	gene-Peve_00023916	.	0
Porites_evermani_scaffold_3187	162	10093	gene-Peve_00023917	25.21385296	77
Porites_evermani_scaffold_3187	13513	37867	gene-Peve_00023919	12.13487775	228
Porites_evermani_scaffold_3187	28813	33070	gene-Peve_00023920	.	0
Porites_evermani_scaffold_3187	37905	44629	gene-Peve_00023918	0.5138213904	187
Porites_evermani_scaffold_3188	7718	27968	gene-Peve_00023921	0.04009623256	43
Porites_evermani_scaffold_3188	33430	34324	gene-Peve_00023922	.	0
Porites_evermani_scaffold_3189	4998	22071	gene-Peve_00023923	0.9527583179	280
Porites_evermani_scaffold_3189	35421	39523	gene-Peve_00023925	0.4682553964	111
Porites_evermani_scaffold_3189	40012	40369	gene-Peve_00023926	2.036870769	13
Porites_evermani_scaffold_319	3045	27766	gene-Peve_00023927	3.434257759	568
Porites_evermani_scaffold_319	39959	59364	gene-Peve_00023937	0.5152160961	562
Porites_evermani_scaffold_319	65628	86287	gene-Peve_00023941	0.3910062582	577
Porites_evermani_scaffold_319	96278	109931	gene-Peve_00023940	0.7971488523	352
Porites_evermani_scaffold_319	114173	140468	gene-Peve_00023928	0.98982872	625
Porites_evermani_scaffold_319	144394	152521	gene-Peve_00023929	1.010255079	202
Porites_evermani_scaffold_319	160090	182144	gene-Peve_00023930	10.28285689	576
Porites_evermani_scaffold_319	187585	203593	gene-Peve_00023931	0.4271812189	434
Porites_evermani_scaffold_319	221181	222631	gene-Peve_00023932	0.1501501622	37
Porites_evermani_scaffold_319	231216	260151	gene-Peve_00023933	37.52651641	279
Porites_evermani_scaffold_319	264321	272243	gene-Peve_00023934	0.8181439429	175
Porites_evermani_scaffold_319	274547	283390	gene-Peve_00023935	56.91356884	19
Porites_evermani_scaffold_319	284590	287504	gene-Peve_00023936	.	0
Porites_evermani_scaffold_319	289712	294706	gene-Peve_00023938	94.54545457	7
Porites_evermani_scaffold_319	296342	297994	gene-Peve_00023939	72.18031971	14
Porites_evermani_scaffold_3190	9974	24847	gene-Peve_00023942	31.86388898	228
Porites_evermani_scaffold_3190	24900	28555	gene-Peve_00023943	59.87305563	60
Porites_evermani_scaffold_3190	35455	47382	gene-Peve_00023944	0.4038200992	131
Porites_evermani_scaffold_3191	359	836	gene-Peve_00023945	0.2923976842	19
Porites_evermani_scaffold_3191	16806	17601	gene-Peve_00023946	0	11
Porites_evermani_scaffold_3191	17621	20240	gene-Peve_00023950	0.5602536977	43
Porites_evermani_scaffold_3191	24012	26596	gene-Peve_00023947	77	5
Porites_evermani_scaffold_3191	32406	35407	gene-Peve_00023948	.	0
Porites_evermani_scaffold_3191	43445	44617	gene-Peve_00023949	.	0
Porites_evermani_scaffold_3192	1660	2138	gene-Peve_00023951	.	0
Porites_evermani_scaffold_3192	34437	35726	gene-Peve_00023952	.	0
Porites_evermani_scaffold_3192	50688	51327	gene-Peve_00023956	0	12
Porites_evermani_scaffold_3195	14650	18265	gene-Peve_00023964	66.99831844	43
Porites_evermani_scaffold_3195	18337	18673	gene-Peve_00023965	46.6666665	2
Porites_evermani_scaffold_3195	43247	43675	gene-Peve_00023961	74.08496725	4
Porites_evermani_scaffold_3195	45888	46588	gene-Peve_00023963	96.12665109	11
Porites_evermani_scaffold_3196	977	3541	gene-Peve_00023966	1.8181818	5
Porites_evermani_scaffold_3196	7934	11470	gene-Peve_00023967	.	0
Porites_evermani_scaffold_3197	1748	21341	gene-Peve_00023969	0.5826705317	442
Porites_evermani_scaffold_3197	27421	44556	gene-Peve_00023970	1.120474195	287
Porites_evermani_scaffold_3197	48759	50403	gene-Peve_00023971	0.8604845263	57
Porites_evermani_scaffold_3198	21324	22967	gene-Peve_00023972	.	0
Porites_evermani_scaffold_3198	25348	49854	gene-Peve_00023973	43.98562386	71
Porites_evermani_scaffold_3199	6331	7852	gene-Peve_00023974	1.729719543	46
Porites_evermani_scaffold_3199	12898	18930	gene-Peve_00023975	73.53502384	49
Porites_evermani_scaffold_3199	23741	29373	gene-Peve_00023976	0.2839065714	175
Porites_evermani_scaffold_32	11341	16140	gene-Peve_00023978	0.07770007692	117
Porites_evermani_scaffold_32	15271	210297	gene-Peve_00024001	6.755204158	4676
Porites_evermani_scaffold_32	68517	69595	gene-Peve_00024018	0	45
Porites_evermani_scaffold_32	213454	235475	gene-Peve_00024022	66.19656202	285
Porites_evermani_scaffold_32	239685	242969	gene-Peve_00023980	0.832442027	74
Porites_evermani_scaffold_32	244781	249889	gene-Peve_00023981	0.6807659931	144
Porites_evermani_scaffold_32	263667	279746	gene-Peve_00023982	36.51737267	216
Porites_evermani_scaffold_32	295847	321528	gene-Peve_00023983	18.47599593	394
Porites_evermani_scaffold_32	321645	343069	gene-Peve_00023984	12.78949027	489
Porites_evermani_scaffold_32	343790	387685	gene-Peve_00023985	24.07945767	785
Porites_evermani_scaffold_32	375488	378432	gene-Peve_00023986	.	0
Porites_evermani_scaffold_32	387779	404224	gene-Peve_00023987	44.11226833	338
Porites_evermani_scaffold_32	397815	401138	gene-Peve_00023988	1.535725759	87
Porites_evermani_scaffold_32	406997	423320	gene-Peve_00023989	29.69182748	353
Porites_evermani_scaffold_32	443334	477455	gene-Peve_00023991	31.07304312	612
Porites_evermani_scaffold_32	482933	530077	gene-Peve_00023992	0.6336380876	1142
Porites_evermani_scaffold_32	546089	569691	gene-Peve_00023995	43.22341802	307
Porites_evermani_scaffold_32	573780	577346	gene-Peve_00023996	0.7155811143	105
Porites_evermani_scaffold_32	581761	582369	gene-Peve_00023997	0.7575757273	11
Porites_evermani_scaffold_32	584532	586812	gene-Peve_00023998	0.1096491184	76
Porites_evermani_scaffold_32	592037	592976	gene-Peve_00023999	0	26
Porites_evermani_scaffold_32	594137	603729	gene-Peve_00024000	0.2386991192	193
Porites_evermani_scaffold_32	615664	618007	gene-Peve_00024003	0.132626	58
Porites_evermani_scaffold_32	620581	621983	gene-Peve_00024004	0	31
Porites_evermani_scaffold_32	624633	626683	gene-Peve_00024005	0.743640413	46
Porites_evermani_scaffold_32	628314	632483	gene-Peve_00024006	1.277834121	116
Porites_evermani_scaffold_32	640672	653180	gene-Peve_00024007	11.64543843	224
Porites_evermani_scaffold_32	657701	669237	gene-Peve_00024008	0.540233087	345
Porites_evermani_scaffold_32	670647	673371	gene-Peve_00024009	.	0
Porites_evermani_scaffold_32	683250	697666	gene-Peve_00024010	68.91040025	169
Porites_evermani_scaffold_32	697892	704462	gene-Peve_00024011	18.20893649	139
Porites_evermani_scaffold_32	705889	761858	gene-Peve_00024012	0.4760158107	1284
Porites_evermani_scaffold_32	728540	738232	gene-Peve_00024013	1.244025731	156
Porites_evermani_scaffold_32	766643	776222	gene-Peve_00024014	69.25237509	78
Porites_evermani_scaffold_32	783821	788592	gene-Peve_00024016	86.06687392	40
Porites_evermani_scaffold_32	811516	812443	gene-Peve_00024019	1.6666666	5
Porites_evermani_scaffold_32	814687	822970	gene-Peve_00024020	55.42636892	90
Porites_evermani_scaffold_32	823080	845862	gene-Peve_00024021	55.67180023	204
Porites_evermani_scaffold_320	8978	9431	gene-Peve_00024025	0	13
Porites_evermani_scaffold_320	9785	11141	gene-Peve_00024031	0.1388888889	36
Porites_evermani_scaffold_320	12188	12572	gene-Peve_00024036	0	5
Porites_evermani_scaffold_320	18937	58869	gene-Peve_00024043	10.74368687	906
Porites_evermani_scaffold_320	59675	62771	gene-Peve_00024023	0	12
Porites_evermani_scaffold_320	97278	106669	gene-Peve_00024024	30.58473691	108
Porites_evermani_scaffold_320	112523	127190	gene-Peve_00024026	14.61169857	133
Porites_evermani_scaffold_320	127323	154615	gene-Peve_00024027	20.39854866	378
Porites_evermani_scaffold_320	157370	161025	gene-Peve_00024028	0.132275127	63
Porites_evermani_scaffold_320	162490	168891	gene-Peve_00024029	0.4615384615	65
Porites_evermani_scaffold_320	169818	172427	gene-Peve_00024030	0.241573898	98
Porites_evermani_scaffold_320	176181	190170	gene-Peve_00024032	1.805795619	344
Porites_evermani_scaffold_320	197077	198205	gene-Peve_00024033	0	6
Porites_evermani_scaffold_320	201098	201770	gene-Peve_00024034	0.1610306087	23
Porites_evermani_scaffold_320	204004	205615	gene-Peve_00024035	0.1488095179	56
Porites_evermani_scaffold_320	208444	209431	gene-Peve_00024037	.	0
Porites_evermani_scaffold_320	224350	241641	gene-Peve_00024039	0.6892480063	475
Porites_evermani_scaffold_320	265212	268778	gene-Peve_00024040	0.46953915	80
Porites_evermani_scaffold_320	273438	285252	gene-Peve_00024041	12.14367304	173
Porites_evermani_scaffold_3200	15997	17916	gene-Peve_00024044	0.5263157895	19
Porites_evermani_scaffold_3200	27933	29366	gene-Peve_00024045	0	4
Porites_evermani_scaffold_3201	3264	6958	gene-Peve_00024047	0	24
Porites_evermani_scaffold_3201	16161	39842	gene-Peve_00024048	1.022812492	358
Porites_evermani_scaffold_3201	40127	49623	gene-Peve_00024049	0.2619158031	127
Porites_evermani_scaffold_3202	704	22066	gene-Peve_00024050	23.80514011	346
Porites_evermani_scaffold_3202	22634	49233	gene-Peve_00024051	15.00763238	400
Porites_evermani_scaffold_3203	198	597	gene-Peve_00024053	0	2
Porites_evermani_scaffold_3203	23334	33620	gene-Peve_00024054	42.95752531	81
Porites_evermani_scaffold_3203	48515	49505	gene-Peve_00024055	0	22
Porites_evermani_scaffold_3204	2	4964	gene-Peve_00024056	56.66666667	6
Porites_evermani_scaffold_3204	5255	10945	gene-Peve_00024057	.	0
Porites_evermani_scaffold_3204	13114	24514	gene-Peve_00024058	93.75	4
Porites_evermani_scaffold_3204	34355	37032	gene-Peve_00024059	.	0
Porites_evermani_scaffold_3204	38247	39224	gene-Peve_00024060	.	0
Porites_evermani_scaffold_3204	46161	51247	gene-Peve_00024061	89.516881	31
Porites_evermani_scaffold_3205	1924	22294	gene-Peve_00024062	42.14644691	171
Porites_evermani_scaffold_3205	22659	24797	gene-Peve_00024063	70.02408894	16
Porites_evermani_scaffold_3206	8211	14392	gene-Peve_00024065	0.5426121224	196
Porites_evermani_scaffold_3206	17672	21888	gene-Peve_00024066	1.313409053	132
Porites_evermani_scaffold_3206	22280	30529	gene-Peve_00024064	14.65865804	155
Porites_evermani_scaffold_3207	17	27481	gene-Peve_00024067	3.063142125	304
Porites_evermani_scaffold_3207	28452	41909	gene-Peve_00024068	10.10063945	164
Porites_evermani_scaffold_3208	9190	11272	gene-Peve_00024069	.	0
Porites_evermani_scaffold_3208	12361	13243	gene-Peve_00024071	.	0
Porites_evermani_scaffold_3208	15886	16768	gene-Peve_00024072	.	0
Porites_evermani_scaffold_3208	38560	39529	gene-Peve_00024073	0.4329004286	21
Porites_evermani_scaffold_3208	43881	45392	gene-Peve_00024070	0	18
Porites_evermani_scaffold_3209	2514	5839	gene-Peve_00024074	.	0
Porites_evermani_scaffold_3209	10570	13063	gene-Peve_00024076	0	15
Porites_evermani_scaffold_3209	15161	29742	gene-Peve_00024077	8.640421497	161
Porites_evermani_scaffold_3209	31716	50078	gene-Peve_00024075	8.608454468	333
Porites_evermani_scaffold_321	26171	38691	gene-Peve_00024089	29.74564445	207
Porites_evermani_scaffold_321	52671	54381	gene-Peve_00024083	35.79821174	19
Porites_evermani_scaffold_321	81592	94509	gene-Peve_00024086	2.696385077	247
Porites_evermani_scaffold_321	110262	111950	gene-Peve_00024087	0.6944444167	12
Porites_evermani_scaffold_321	173144	174422	gene-Peve_00024091	41.01988074	34
Porites_evermani_scaffold_321	189436	190531	gene-Peve_00024079	1.190656575	40
Porites_evermani_scaffold_321	230989	244351	gene-Peve_00024080	33.43419993	137
Porites_evermani_scaffold_321	278766	292183	gene-Peve_00024082	22.36745535	231
Porites_evermani_scaffold_3210	6515	9739	gene-Peve_00024092	0.4333535062	81
Porites_evermani_scaffold_3210	12273	12822	gene-Peve_00024093	0.3472222222	18
Porites_evermani_scaffold_3211	942	4944	gene-Peve_00024099	0.1614763529	119
Porites_evermani_scaffold_3211	18201	20102	gene-Peve_00024101	1.388888833	6
Porites_evermani_scaffold_3211	31173	35813	gene-Peve_00024096	2.322516942	52
Porites_evermani_scaffold_3211	36839	42921	gene-Peve_00024097	48.08764572	25
Porites_evermani_scaffold_3211	43325	50994	gene-Peve_00024098	49.12457911	9
Porites_evermani_scaffold_3212	257	1186	gene-Peve_00024102	14.33139575	8
Porites_evermani_scaffold_3212	26800	27562	gene-Peve_00024105	0.8553968571	35
Porites_evermani_scaffold_3212	38677	42363	gene-Peve_00024106	9.855269787	47
Porites_evermani_scaffold_3212	42763	44049	gene-Peve_00024103	31.75582874	42
Porites_evermani_scaffold_3213	6114	7739	gene-Peve_00024108	0.2489177429	70
Porites_evermani_scaffold_3213	29871	40332	gene-Peve_00024110	22.52843129	63
Porites_evermani_scaffold_3213	40436	41917	gene-Peve_00024111	23.07459113	32
Porites_evermani_scaffold_3213	45278	46043	gene-Peve_00024107	0.1724137931	29
Porites_evermani_scaffold_3214	326	7309	gene-Peve_00024112	76.98189635	26
Porites_evermani_scaffold_3214	8472	9888	gene-Peve_00024117	0.3759398421	19
Porites_evermani_scaffold_3214	14132	15584	gene-Peve_00024118	20.38395314	22
Porites_evermani_scaffold_3214	22015	26692	gene-Peve_00024113	0.8496070137	73
Porites_evermani_scaffold_3214	30477	31103	gene-Peve_00024114	0	5
Porites_evermani_scaffold_3214	36094	39076	gene-Peve_00024115	1.111111111	9
Porites_evermani_scaffold_3214	42507	50762	gene-Peve_00024116	0.3880804054	37
Porites_evermani_scaffold_3215	9536	10625	gene-Peve_00024120	4.630197345	29
Porites_evermani_scaffold_3215	17992	19060	gene-Peve_00024121	0	29
Porites_evermani_scaffold_3215	38508	46016	gene-Peve_00024119	1.522940549	153
Porites_evermani_scaffold_3216	6578	19519	gene-Peve_00024122	22.33124014	7
Porites_evermani_scaffold_3216	20512	24685	gene-Peve_00024123	.	0
Porites_evermani_scaffold_3216	42797	45783	gene-Peve_00024124	.	0
Porites_evermani_scaffold_3217	10302	36667	gene-Peve_00024125	0.6060606	15
Porites_evermani_scaffold_3217	46092	46511	gene-Peve_00024126	0	1
Porites_evermani_scaffold_3217	50274	50628	gene-Peve_00024128	.	0
Porites_evermani_scaffold_3218	1082	10463	gene-Peve_00024129	.	0
Porites_evermani_scaffold_3218	20555	24662	gene-Peve_00024133	.	0
Porites_evermani_scaffold_3218	27822	31188	gene-Peve_00024130	.	0
Porites_evermani_scaffold_3218	32195	32741	gene-Peve_00024131	.	0
Porites_evermani_scaffold_3218	38649	49781	gene-Peve_00024132	60.9848485	6
Porites_evermani_scaffold_3219	342	42778	gene-Peve_00024134	2.072012775	1049
Porites_evermani_scaffold_322	186	18772	gene-Peve_00024135	39.10359227	111
Porites_evermani_scaffold_322	33687	39613	gene-Peve_00024144	9.342907082	110
Porites_evermani_scaffold_322	53663	113122	gene-Peve_00024151	21.6775422	920
Porites_evermani_scaffold_322	114646	165137	gene-Peve_00024136	26.91470506	648
Porites_evermani_scaffold_322	171557	183705	gene-Peve_00024137	39.12303737	43
Porites_evermani_scaffold_322	183568	196492	gene-Peve_00024138	3.207877041	242
Porites_evermani_scaffold_322	184515	184917	gene-Peve_00024139	0	2
Porites_evermani_scaffold_322	197957	198770	gene-Peve_00024140	0.4	25
Porites_evermani_scaffold_322	199412	202024	gene-Peve_00024141	0.2272727273	44
Porites_evermani_scaffold_322	205303	230654	gene-Peve_00024142	6.102509313	307
Porites_evermani_scaffold_322	237289	248399	gene-Peve_00024143	1.179343529	51
Porites_evermani_scaffold_322	250524	251620	gene-Peve_00024145	.	0
Porites_evermani_scaffold_322	253951	254788	gene-Peve_00024146	.	0
Porites_evermani_scaffold_322	255435	256410	gene-Peve_00024147	0.3703703939	33
Porites_evermani_scaffold_322	258621	276989	gene-Peve_00024148	.	0
Porites_evermani_scaffold_322	303594	304875	gene-Peve_00024150	0.5550192973	37
Porites_evermani_scaffold_3220	5966	9605	gene-Peve_00024152	1.025593742	93
Porites_evermani_scaffold_3220	11696	23096	gene-Peve_00024154	46.24707237	216
Porites_evermani_scaffold_3220	29114	46537	gene-Peve_00024155	23.57687498	283
Porites_evermani_scaffold_3220	49654	50503	gene-Peve_00024153	0	5
Porites_evermani_scaffold_3221	2732	13096	gene-Peve_00024159	0.3178996773	282
Porites_evermani_scaffold_3221	19807	34855	gene-Peve_00024157	1.175097082	426
Porites_evermani_scaffold_3221	34878	42437	gene-Peve_00024158	0.2018229219	64
Porites_evermani_scaffold_3222	1961	2678	gene-Peve_00024161	.	0
Porites_evermani_scaffold_3222	6094	16700	gene-Peve_00024162	0	7
Porites_evermani_scaffold_3222	28648	40079	gene-Peve_00024164	31.70168068	34
Porites_evermani_scaffold_3222	42078	42648	gene-Peve_00024160	.	0
Porites_evermani_scaffold_3222	43981	44764	gene-Peve_00024165	.	0
Porites_evermani_scaffold_3223	7291	12317	gene-Peve_00024166	68.21250247	34
Porites_evermani_scaffold_3223	13110	14718	gene-Peve_00024167	37.47165555	31
Porites_evermani_scaffold_3223	30372	34304	gene-Peve_00024168	0.4712301458	48
Porites_evermani_scaffold_3224	6490	49293	gene-Peve_00024169	0.4338208732	142
Porites_evermani_scaffold_3225	3793	7001	gene-Peve_00024170	0.6971154	20
Porites_evermani_scaffold_3225	11646	50492	gene-Peve_00024171	1.684754832	190
Porites_evermani_scaffold_3226	8158	9157	gene-Peve_00024172	61.13647242	12
Porites_evermani_scaffold_3226	10357	16465	gene-Peve_00024176	60.77845266	47
Porites_evermani_scaffold_3226	19027	20692	gene-Peve_00024177	56.01996428	36
Porites_evermani_scaffold_3226	22092	22892	gene-Peve_00024178	51.60207141	17
Porites_evermani_scaffold_3226	32455	33169	gene-Peve_00024173	.	0
Porites_evermani_scaffold_3226	33809	36183	gene-Peve_00024174	76.66584216	19
Porites_evermani_scaffold_3226	42503	42966	gene-Peve_00024175	.	0
Porites_evermani_scaffold_3227	978	3060	gene-Peve_00024179	0.8134920513	39
Porites_evermani_scaffold_3227	7644	16287	gene-Peve_00024180	0.5444704539	293
Porites_evermani_scaffold_3227	38778	44251	gene-Peve_00024182	0.4396918333	132
Porites_evermani_scaffold_3228	4129	9208	gene-Peve_00024183	0.1260102722	158
Porites_evermani_scaffold_3228	15396	23698	gene-Peve_00024184	0.7810518444	225
Porites_evermani_scaffold_3228	25962	30877	gene-Peve_00024185	58.33333333	3
Porites_evermani_scaffold_3228	30950	34372	gene-Peve_00024186	.	0
Porites_evermani_scaffold_3228	38326	44520	gene-Peve_00024187	33.09581873	181
Porites_evermani_scaffold_3228	44689	47612	gene-Peve_00024188	45.42528379	33
Porites_evermani_scaffold_3229	11981	12833	gene-Peve_00024189	.	0
Porites_evermani_scaffold_3229	14462	15778	gene-Peve_00024190	0	1
Porites_evermani_scaffold_3229	17454	18966	gene-Peve_00024191	0	3
Porites_evermani_scaffold_323	285	1478	gene-Peve_00024192	0	45
Porites_evermani_scaffold_323	5669	15332	gene-Peve_00024202	63.63986366	97
Porites_evermani_scaffold_323	18959	22673	gene-Peve_00024207	78.65896225	32
Porites_evermani_scaffold_323	25358	54980	gene-Peve_00024208	6.720763352	267
Porites_evermani_scaffold_323	72378	79168	gene-Peve_00024209	57.46110313	30
Porites_evermani_scaffold_323	79337	96378	gene-Peve_00024193	65.70887313	144
Porites_evermani_scaffold_323	105445	108542	gene-Peve_00024194	0.6528571034	87
Porites_evermani_scaffold_323	118540	146502	gene-Peve_00024195	2.538709081	803
Porites_evermani_scaffold_323	146586	160782	gene-Peve_00024196	10.15073602	91
Porites_evermani_scaffold_323	162474	170739	gene-Peve_00024197	92.14646231	42
Porites_evermani_scaffold_323	208926	209235	gene-Peve_00024199	.	0
Porites_evermani_scaffold_323	222806	223478	gene-Peve_00024200	.	0
Porites_evermani_scaffold_323	226772	232715	gene-Peve_00024201	1.442430118	34
Porites_evermani_scaffold_323	247925	249400	gene-Peve_00024203	.	0
Porites_evermani_scaffold_323	262749	272055	gene-Peve_00024204	.	0
Porites_evermani_scaffold_323	303603	303912	gene-Peve_00024206	.	0
Porites_evermani_scaffold_3230	1660	2815	gene-Peve_00024210	0	30
Porites_evermani_scaffold_3230	8086	8533	gene-Peve_00024213	0	10
Porites_evermani_scaffold_3230	8529	9041	gene-Peve_00024212	0	14
Porites_evermani_scaffold_3231	3683	36649	gene-Peve_00024214	13.23668733	190
Porites_evermani_scaffold_3231	37221	40434	gene-Peve_00024215	0	2
Porites_evermani_scaffold_3231	44454	48654	gene-Peve_00024216	88.49837661	18
Porites_evermani_scaffold_3232	1786	18225	gene-Peve_00024217	0.8263256814	361
Porites_evermani_scaffold_3232	19088	23953	gene-Peve_00024218	0	71
Porites_evermani_scaffold_3232	24793	25885	gene-Peve_00024219	0.107526871	31
Porites_evermani_scaffold_3232	28940	49619	gene-Peve_00024220	0.5470619749	239
Porites_evermani_scaffold_3233	2968	15678	gene-Peve_00024221	2.44692037	54
Porites_evermani_scaffold_3233	36276	38841	gene-Peve_00024223	0	1
Porites_evermani_scaffold_3234	2	1653	gene-Peve_00024224	.	0
Porites_evermani_scaffold_3234	12198	27444	gene-Peve_00024229	6.615646214	14
Porites_evermani_scaffold_3234	42922	44745	gene-Peve_00024228	.	0
Porites_evermani_scaffold_3236	14949	21731	gene-Peve_00024231	0.2525252424	33
Porites_evermani_scaffold_3236	29092	47049	gene-Peve_00024232	4.55814059	61
Porites_evermani_scaffold_3236	49998	50589	gene-Peve_00024233	.	0
Porites_evermani_scaffold_3237	1535	3753	gene-Peve_00024234	.	0
Porites_evermani_scaffold_3237	5316	14231	gene-Peve_00024238	.	0
Porites_evermani_scaffold_3237	21820	30860	gene-Peve_00024235	.	0
Porites_evermani_scaffold_3237	36937	41803	gene-Peve_00024236	.	0
Porites_evermani_scaffold_3237	44640	48679	gene-Peve_00024237	0	17
Porites_evermani_scaffold_3238	622	2545	gene-Peve_00024239	1.060424184	49
Porites_evermani_scaffold_3238	1747	6859	gene-Peve_00024241	0.1251700118	170
Porites_evermani_scaffold_3238	17274	27211	gene-Peve_00024242	0.4882202889	45
Porites_evermani_scaffold_3238	30975	36401	gene-Peve_00024243	0.7818696935	199
Porites_evermani_scaffold_3238	49054	50420	gene-Peve_00024240	0.28571428	25
Porites_evermani_scaffold_3239	888	1983	gene-Peve_00024244	0.3846153846	26
Porites_evermani_scaffold_3239	18821	19187	gene-Peve_00024247	0	26
Porites_evermani_scaffold_3239	21340	24054	gene-Peve_00024245	1.406437254	59
Porites_evermani_scaffold_3239	28330	43282	gene-Peve_00024246	0.7580872595	420
Porites_evermani_scaffold_324	6614	7113	gene-Peve_00024248	0	12
Porites_evermani_scaffold_324	10734	24656	gene-Peve_00024252	4.839922803	218
Porites_evermani_scaffold_324	31340	42537	gene-Peve_00024256	34.01879306	120
Porites_evermani_scaffold_324	42917	60033	gene-Peve_00024262	45.15095467	278
Porites_evermani_scaffold_324	63991	77765	gene-Peve_00024249	56.05167691	100
Porites_evermani_scaffold_324	84855	97707	gene-Peve_00024250	55.22745827	139
Porites_evermani_scaffold_324	101654	121734	gene-Peve_00024251	11.58748545	436
Porites_evermani_scaffold_324	123889	127658	gene-Peve_00024253	80.2359865	28
Porites_evermani_scaffold_324	133848	185285	gene-Peve_00024254	10.65813797	641
Porites_evermani_scaffold_324	188050	215422	gene-Peve_00024255	6.092106386	638
Porites_evermani_scaffold_324	221134	222871	gene-Peve_00024257	35.90426911	27
Porites_evermani_scaffold_324	234120	242707	gene-Peve_00024258	0.9638559043	94
Porites_evermani_scaffold_324	250858	263219	gene-Peve_00024259	0	3
Porites_evermani_scaffold_324	272348	277298	gene-Peve_00024260	0	12
Porites_evermani_scaffold_324	290905	291253	gene-Peve_00024263	.	0
Porites_evermani_scaffold_3240	4929	5343	gene-Peve_00024271	50	1
Porites_evermani_scaffold_3240	11297	15532	gene-Peve_00024265	2.504175662	65
Porites_evermani_scaffold_3240	15624	16224	gene-Peve_00024266	1.923077	12
Porites_evermani_scaffold_3240	16295	17711	gene-Peve_00024267	0.462963	12
Porites_evermani_scaffold_3240	19324	19645	gene-Peve_00024268	0	2
Porites_evermani_scaffold_3240	21372	24417	gene-Peve_00024269	4.789608143	14
Porites_evermani_scaffold_3241	4902	20719	gene-Peve_00024277	0.5289001709	316
Porites_evermani_scaffold_3241	25092	31312	gene-Peve_00024278	0.3522857197	157
Porites_evermani_scaffold_3241	40538	45854	gene-Peve_00024274	0.54727445	100
Porites_evermani_scaffold_3242	90	3584	gene-Peve_00024279	0	23
Porites_evermani_scaffold_3242	12861	15876	gene-Peve_00024282	0.9730632121	99
Porites_evermani_scaffold_3242	25702	50390	gene-Peve_00024280	5.6131735	198
Porites_evermani_scaffold_3243	3981	30385	gene-Peve_00024283	51.25541114	7
Porites_evermani_scaffold_3243	30592	48763	gene-Peve_00024284	50.29877744	18
Porites_evermani_scaffold_3245	13921	16185	gene-Peve_00024289	80.99202857	21
Porites_evermani_scaffold_3245	17140	33407	gene-Peve_00024290	1.339418648	525
Porites_evermani_scaffold_3246	15265	19630	gene-Peve_00024291	42.89328132	31
Porites_evermani_scaffold_3246	20613	28250	gene-Peve_00024292	0	9
Porites_evermani_scaffold_3246	28467	32921	gene-Peve_00024293	.	0
Porites_evermani_scaffold_3246	34599	39367	gene-Peve_00024294	.	0
Porites_evermani_scaffold_3247	672	5757	gene-Peve_00024295	0.830827027	74
Porites_evermani_scaffold_3247	7580	38979	gene-Peve_00024296	0.5874964248	572
Porites_evermani_scaffold_3248	1924	3013	gene-Peve_00024297	0.243902439	41
Porites_evermani_scaffold_3248	7063	9028	gene-Peve_00024301	86.87869325	24
Porites_evermani_scaffold_3248	10878	11425	gene-Peve_00024302	25	2
Porites_evermani_scaffold_3248	13927	30567	gene-Peve_00024303	21.25166464	308
Porites_evermani_scaffold_3248	42272	43704	gene-Peve_00024298	1.5151515	6
Porites_evermani_scaffold_3248	47077	47307	gene-Peve_00024300	0	5
Porites_evermani_scaffold_3249	14734	15067	gene-Peve_00024304	0	10
Porites_evermani_scaffold_3249	14933	19130	gene-Peve_00024305	0.4929315391	128
Porites_evermani_scaffold_3249	26112	35149	gene-Peve_00024306	0.7179763595	242
Porites_evermani_scaffold_3249	39841	47959	gene-Peve_00024307	90.91582369	54
Porites_evermani_scaffold_3249	49232	50251	gene-Peve_00024308	0	8
Porites_evermani_scaffold_325	2003	14002	gene-Peve_00024309	0.2465512234	385
Porites_evermani_scaffold_325	17527	36775	gene-Peve_00024319	0.8219495854	439
Porites_evermani_scaffold_325	48438	48753	gene-Peve_00024331	0.3253253571	14
Porites_evermani_scaffold_325	59816	76416	gene-Peve_00024310	1.091435918	503
Porites_evermani_scaffold_325	80129	92216	gene-Peve_00024311	1.178192865	355
Porites_evermani_scaffold_325	93738	95692	gene-Peve_00024313	0.3826252639	72
Porites_evermani_scaffold_325	101007	102917	gene-Peve_00024312	0	50
Porites_evermani_scaffold_325	108320	109628	gene-Peve_00024314	0.4181184634	41
Porites_evermani_scaffold_325	110530	115397	gene-Peve_00024315	89.64826844	9
Porites_evermani_scaffold_325	117067	120743	gene-Peve_00024316	57.49691553	40
Porites_evermani_scaffold_325	121107	136859	gene-Peve_00024317	28.02483403	279
Porites_evermani_scaffold_325	139508	151745	gene-Peve_00024318	0.5433329665	328
Porites_evermani_scaffold_325	155464	175387	gene-Peve_00024320	1.321686555	602
Porites_evermani_scaffold_325	176754	178378	gene-Peve_00024321	0	44
Porites_evermani_scaffold_325	179190	180816	gene-Peve_00024322	43.43954244	16
Porites_evermani_scaffold_325	180897	183855	gene-Peve_00024323	37.31902581	26
Porites_evermani_scaffold_325	184406	197282	gene-Peve_00024324	88.28837862	71
Porites_evermani_scaffold_325	197774	198539	gene-Peve_00024325	5.111016441	34
Porites_evermani_scaffold_325	198641	201163	gene-Peve_00024326	35.05967776	49
Porites_evermani_scaffold_325	201347	239027	gene-Peve_00024327	16.10472062	582
Porites_evermani_scaffold_325	238440	245411	gene-Peve_00024328	42.71382811	132
Porites_evermani_scaffold_325	251590	257415	gene-Peve_00024329	38.34257253	59
Porites_evermani_scaffold_325	272627	302040	gene-Peve_00024330	48.31380276	264
Porites_evermani_scaffold_3250	65	27135	gene-Peve_00024333	61.21533093	223
Porites_evermani_scaffold_3250	34046	47972	gene-Peve_00024334	0.7313111985	262
Porites_evermani_scaffold_3251	6	546	gene-Peve_00024335	0	1
Porites_evermani_scaffold_3251	9684	10044	gene-Peve_00024338	0	1
Porites_evermani_scaffold_3251	21119	21473	gene-Peve_00024339	.	0
Porites_evermani_scaffold_3251	36665	37235	gene-Peve_00024336	45.151515	3
Porites_evermani_scaffold_3252	1107	15842	gene-Peve_00024340	0.3255970992	373
Porites_evermani_scaffold_3252	19777	23993	gene-Peve_00024341	.	0
Porites_evermani_scaffold_3252	33245	36397	gene-Peve_00024342	.	0
Porites_evermani_scaffold_3252	41089	43424	gene-Peve_00024343	.	0
Porites_evermani_scaffold_3253	662	10750	gene-Peve_00024344	13.46464649	45
Porites_evermani_scaffold_3253	19208	19865	gene-Peve_00024345	.	0
Porites_evermani_scaffold_3253	25510	43715	gene-Peve_00024346	0.7295149444	306
Porites_evermani_scaffold_3254	10586	30214	gene-Peve_00024347	0.6832289955	220
Porites_evermani_scaffold_3255	13781	20567	gene-Peve_00024349	0	31
Porites_evermani_scaffold_3255	23263	49688	gene-Peve_00024350	7.1153846	40
Porites_evermani_scaffold_3256	14400	17220	gene-Peve_00024353	0	2
Porites_evermani_scaffold_3256	21841	30076	gene-Peve_00024355	2.070219209	115
Porites_evermani_scaffold_3257	9920	32722	gene-Peve_00024357	1.061493441	245
Porites_evermani_scaffold_3257	33185	47766	gene-Peve_00024356	0.3367003333	27
Porites_evermani_scaffold_3258	1930	7747	gene-Peve_00024359	53.86067653	30
Porites_evermani_scaffold_3258	7827	19565	gene-Peve_00024360	15.3633965	212
Porites_evermani_scaffold_3258	38779	42966	gene-Peve_00024361	0.2593021099	91
Porites_evermani_scaffold_3258	44428	46166	gene-Peve_00024362	0	5
Porites_evermani_scaffold_3259	11268	22559	gene-Peve_00024363	4.839175161	93
Porites_evermani_scaffold_326	8624	16133	gene-Peve_00024368	72.03821889	66
Porites_evermani_scaffold_326	16317	21018	gene-Peve_00024383	46.48419709	55
Porites_evermani_scaffold_326	24119	42877	gene-Peve_00024386	35.14025415	237
Porites_evermani_scaffold_326	46226	49215	gene-Peve_00024364	56.94295621	38
Porites_evermani_scaffold_326	53650	76602	gene-Peve_00024365	75.88661605	143
Porites_evermani_scaffold_326	57393	57621	gene-Peve_00024366	97.22222233	3
Porites_evermani_scaffold_326	79102	86511	gene-Peve_00024367	72.02583068	75
Porites_evermani_scaffold_326	90510	93303	gene-Peve_00024369	49.08885523	60
Porites_evermani_scaffold_326	107242	111825	gene-Peve_00024370	43.36857651	63
Porites_evermani_scaffold_326	113785	115117	gene-Peve_00024371	0	32
Porites_evermani_scaffold_326	115815	116424	gene-Peve_00024373	0	12
Porites_evermani_scaffold_326	120212	120620	gene-Peve_00024372	0	10
Porites_evermani_scaffold_326	120815	127797	gene-Peve_00024374	0.6657415106	188
Porites_evermani_scaffold_326	138709	142651	gene-Peve_00024375	0.1053740822	73
Porites_evermani_scaffold_326	150071	152787	gene-Peve_00024377	1.482844058	52
Porites_evermani_scaffold_326	152798	153425	gene-Peve_00024376	2.4052288	15
Porites_evermani_scaffold_326	156596	158139	gene-Peve_00024378	0	35
Porites_evermani_scaffold_326	164154	171585	gene-Peve_00024380	0.3556083166	199
Porites_evermani_scaffold_326	184027	188106	gene-Peve_00024381	78.34161727	51
Porites_evermani_scaffold_326	189022	268740	gene-Peve_00024382	10.37713944	741
Porites_evermani_scaffold_326	268877	281044	gene-Peve_00024384	0.2303154071	113
Porites_evermani_scaffold_326	281884	300964	gene-Peve_00024385	0.685386969	129
Porites_evermani_scaffold_3260	21992	24827	gene-Peve_00024387	1.322344333	30
Porites_evermani_scaffold_3260	37657	38039	gene-Peve_00024388	.	0
Porites_evermani_scaffold_3261	14277	15935	gene-Peve_00024389	1.8181818	5
Porites_evermani_scaffold_3261	16576	22970	gene-Peve_00024390	40	1
Porites_evermani_scaffold_3261	24326	26693	gene-Peve_00024391	.	0
Porites_evermani_scaffold_3261	27986	42812	gene-Peve_00024392	19.9821291	10
Porites_evermani_scaffold_3261	43938	49972	gene-Peve_00024393	24.5454545	8
Porites_evermani_scaffold_3262	1477	35180	gene-Peve_00024394	10.70512819	26
Porites_evermani_scaffold_3262	37998	40537	gene-Peve_00024395	3.461802667	18
Porites_evermani_scaffold_3262	49581	49887	gene-Peve_00024396	.	0
Porites_evermani_scaffold_3263	7191	11417	gene-Peve_00024397	4.620460692	13
Porites_evermani_scaffold_3263	11411	15276	gene-Peve_00024400	.	0
Porites_evermani_scaffold_3263	19001	19424	gene-Peve_00024402	.	0
Porites_evermani_scaffold_3263	22009	22423	gene-Peve_00024398	.	0
Porites_evermani_scaffold_3265	1490	21664	gene-Peve_00024407	41.25666756	165
Porites_evermani_scaffold_3265	23960	25658	gene-Peve_00024408	0	37
Porites_evermani_scaffold_3266	1019	2675	gene-Peve_00024411	0.2962962889	45
Porites_evermani_scaffold_3266	6708	11183	gene-Peve_00024413	0.6621773148	54
Porites_evermani_scaffold_3266	12658	25720	gene-Peve_00024412	0.4559606452	93
Porites_evermani_scaffold_3266	32923	40474	gene-Peve_00024409	45.48808343	14
Porites_evermani_scaffold_3266	42400	46224	gene-Peve_00024410	0	20
Porites_evermani_scaffold_3267	9213	11510	gene-Peve_00024417	0	4
Porites_evermani_scaffold_3267	14356	14655	gene-Peve_00024414	0	1
Porites_evermani_scaffold_3267	32607	40454	gene-Peve_00024415	0.1689189189	37
Porites_evermani_scaffold_3267	42103	47062	gene-Peve_00024416	66.69892382	17
Porites_evermani_scaffold_3268	15879	22076	gene-Peve_00024420	.	0
Porites_evermani_scaffold_3268	26004	38373	gene-Peve_00024421	70.19971194	34
Porites_evermani_scaffold_3268	43279	43831	gene-Peve_00024422	1.034922846	26
Porites_evermani_scaffold_3268	47094	48613	gene-Peve_00024419	0.3882120625	48
Porites_evermani_scaffold_3269	2	8313	gene-Peve_00024423	3.577816735	49
Porites_evermani_scaffold_3269	15215	16891	gene-Peve_00024424	0	4
Porites_evermani_scaffold_3269	21735	27507	gene-Peve_00024425	49.82142857	7
Porites_evermani_scaffold_3269	28893	40988	gene-Peve_00024426	0.8571428571	35
Porites_evermani_scaffold_327	5836	13893	gene-Peve_00024427	.	0
Porites_evermani_scaffold_327	24320	27218	gene-Peve_00024432	0	10
Porites_evermani_scaffold_327	30960	33027	gene-Peve_00024437	51.60585971	7
Porites_evermani_scaffold_327	47785	49850	gene-Peve_00024439	62.49030423	22
Porites_evermani_scaffold_327	81665	118182	gene-Peve_00024428	28.18700798	179
Porites_evermani_scaffold_327	130936	133919	gene-Peve_00024429	48.14912379	33
Porites_evermani_scaffold_327	134467	136606	gene-Peve_00024430	.	0
Porites_evermani_scaffold_327	137874	140111	gene-Peve_00024431	.	0
Porites_evermani_scaffold_327	149680	151962	gene-Peve_00024433	0	43
Porites_evermani_scaffold_327	165456	183880	gene-Peve_00024434	0.3704095055	182
Porites_evermani_scaffold_327	174284	174418	gene-Peve_00024435	0	1
Porites_evermani_scaffold_327	193242	196151	gene-Peve_00024436	0.4273504444	18
Porites_evermani_scaffold_327	201144	215033	gene-Peve_00024438	47.62822881	88
Porites_evermani_scaffold_327	257997	278769	gene-Peve_00024440	1.206784277	112
Porites_evermani_scaffold_327	296274	299749	gene-Peve_00024441	0	2
Porites_evermani_scaffold_3270	6341	11245	gene-Peve_00024442	0.9385521852	27
Porites_evermani_scaffold_3270	17955	18285	gene-Peve_00024443	.	0
Porites_evermani_scaffold_3271	153	25359	gene-Peve_00024444	43.93514326	190
Porites_evermani_scaffold_3271	28263	29229	gene-Peve_00024445	3.732725538	26
Porites_evermani_scaffold_3271	30109	49595	gene-Peve_00024446	7.5	12
Porites_evermani_scaffold_3272	1223	6044	gene-Peve_00024447	0.6701631538	26
Porites_evermani_scaffold_3272	12651	16574	gene-Peve_00024448	1.704545437	16
Porites_evermani_scaffold_3272	36434	44573	gene-Peve_00024449	1.597222208	24
Porites_evermani_scaffold_3273	89	4069	gene-Peve_00024450	86.04595196	26
Porites_evermani_scaffold_3273	6833	8777	gene-Peve_00024452	47.72672596	24
Porites_evermani_scaffold_3273	13908	41801	gene-Peve_00024453	34.21049179	262
Porites_evermani_scaffold_3274	11676	40336	gene-Peve_00024454	76.9144349	175
Porites_evermani_scaffold_3274	41066	46874	gene-Peve_00024455	48.6593125	28
Porites_evermani_scaffold_3275	15252	15798	gene-Peve_00024456	.	0
Porites_evermani_scaffold_3275	21865	49369	gene-Peve_00024457	14.53764924	283
Porites_evermani_scaffold_3276	3234	30097	gene-Peve_00024459	4.06060987	23
Porites_evermani_scaffold_3276	4001	19688	gene-Peve_00024458	0	8
Porites_evermani_scaffold_3276	37208	48225	gene-Peve_00024461	6.201543846	26
Porites_evermani_scaffold_3277	1605	7841	gene-Peve_00024463	2.475055778	27
Porites_evermani_scaffold_3277	15140	17271	gene-Peve_00024462	.	0
Porites_evermani_scaffold_3277	28905	29889	gene-Peve_00024464	.	0
Porites_evermani_scaffold_3277	40892	43055	gene-Peve_00024465	0	7
Porites_evermani_scaffold_3278	3365	4727	gene-Peve_00024467	.	0
Porites_evermani_scaffold_3278	8373	9405	gene-Peve_00024468	0	11
Porites_evermani_scaffold_3278	16632	26372	gene-Peve_00024469	0.4742781977	263
Porites_evermani_scaffold_3278	30048	36425	gene-Peve_00024466	0.366041363	135
Porites_evermani_scaffold_3279	1138	44455	gene-Peve_00024470	0.4829119059	733
Porites_evermani_scaffold_328	9317	28243	gene-Peve_00024471	11.07270023	30
Porites_evermani_scaffold_328	27416	45356	gene-Peve_00024482	3.636363636	11
Porites_evermani_scaffold_328	48495	49144	gene-Peve_00024488	0	7
Porites_evermani_scaffold_328	65973	69286	gene-Peve_00024489	.	0
Porites_evermani_scaffold_328	98900	112824	gene-Peve_00024474	13.02241294	157
Porites_evermani_scaffold_328	113116	114127	gene-Peve_00024475	.	0
Porites_evermani_scaffold_328	119663	120710	gene-Peve_00024476	.	0
Porites_evermani_scaffold_328	132147	132500	gene-Peve_00024477	.	0
Porites_evermani_scaffold_328	135503	135845	gene-Peve_00024478	.	0
Porites_evermani_scaffold_328	147372	153868	gene-Peve_00024479	.	0
Porites_evermani_scaffold_328	162087	166641	gene-Peve_00024480	0.7312186759	108
Porites_evermani_scaffold_328	169851	176113	gene-Peve_00024481	9.777256354	147
Porites_evermani_scaffold_328	190304	221475	gene-Peve_00024483	17.63721571	559
Porites_evermani_scaffold_328	225055	237727	gene-Peve_00024484	45.83156546	157
Porites_evermani_scaffold_328	239189	271116	gene-Peve_00024485	8.27951962	524
Porites_evermani_scaffold_328	282493	283301	gene-Peve_00024487	0	19
Porites_evermani_scaffold_3281	4141	7899	gene-Peve_00024490	.	0
Porites_evermani_scaffold_3281	29060	30047	gene-Peve_00024491	0.2673796818	22
Porites_evermani_scaffold_3282	1199	7602	gene-Peve_00024492	89.23038743	75
Porites_evermani_scaffold_3282	12760	16462	gene-Peve_00024494	2.818475789	95
Porites_evermani_scaffold_3282	21718	23185	gene-Peve_00024495	44.2857145	2
Porites_evermani_scaffold_3283	3049	13417	gene-Peve_00024496	0.1400560294	34
Porites_evermani_scaffold_3283	13887	15525	gene-Peve_00024498	0.3789914808	52
Porites_evermani_scaffold_3283	23599	34342	gene-Peve_00024497	.	0
Porites_evermani_scaffold_3283	34441	38250	gene-Peve_00024499	.	0
Porites_evermani_scaffold_3284	47214	47754	gene-Peve_00024500	.	0
Porites_evermani_scaffold_3285	9780	48554	gene-Peve_00024501	0.7096863713	808
Porites_evermani_scaffold_3286	1110	9528	gene-Peve_00024502	0.252011075	120
Porites_evermani_scaffold_3286	23210	30029	gene-Peve_00024504	0.433010702	151
Porites_evermani_scaffold_3286	23333	25103	gene-Peve_00024503	0	41
Porites_evermani_scaffold_3286	32271	41259	gene-Peve_00024505	1.349504828	232
Porites_evermani_scaffold_3287	1826	2114	gene-Peve_00024507	.	0
Porites_evermani_scaffold_3287	2434	6201	gene-Peve_00024508	0.8974359143	35
Porites_evermani_scaffold_3287	12116	13600	gene-Peve_00024509	0	4
Porites_evermani_scaffold_3287	20584	36693	gene-Peve_00024510	2.561553016	64
Porites_evermani_scaffold_3287	42454	46081	gene-Peve_00024506	0	14
Porites_evermani_scaffold_3289	11018	12020	gene-Peve_00024513	0	17
Porites_evermani_scaffold_3289	15091	15688	gene-Peve_00024514	0.1792114839	31
Porites_evermani_scaffold_3289	18865	29352	gene-Peve_00024515	31.51769019	155
Porites_evermani_scaffold_3289	29383	48415	gene-Peve_00024512	3.870407678	289
Porites_evermani_scaffold_329	138	34438	gene-Peve_00024516	0.4370375477	597
Porites_evermani_scaffold_329	43703	48807	gene-Peve_00024528	0.4779823761	117
Porites_evermani_scaffold_329	57296	63590	gene-Peve_00024532	0.591453	75
Porites_evermani_scaffold_329	67426	84060	gene-Peve_00024537	2.455145157	356
Porites_evermani_scaffold_329	84496	91338	gene-Peve_00024517	19.56802787	23
Porites_evermani_scaffold_329	94833	102496	gene-Peve_00024518	59.39884569	61
Porites_evermani_scaffold_329	108001	109168	gene-Peve_00024519	.	0
Porites_evermani_scaffold_329	117015	122172	gene-Peve_00024535	0	11
Porites_evermani_scaffold_329	125391	148419	gene-Peve_00024536	22.67096411	215
Porites_evermani_scaffold_329	129695	130672	gene-Peve_00024520	.	0
Porites_evermani_scaffold_329	155550	163614	gene-Peve_00024521	43.15676932	123
Porites_evermani_scaffold_329	177183	191638	gene-Peve_00024523	8.857037719	114
Porites_evermani_scaffold_329	197196	202138	gene-Peve_00024525	0	4
Porites_evermani_scaffold_329	204826	215309	gene-Peve_00024526	0	46
Porites_evermani_scaffold_329	216809	225487	gene-Peve_00024527	24.82198533	101
Porites_evermani_scaffold_329	225899	247378	gene-Peve_00024529	30.64745877	293
Porites_evermani_scaffold_329	248238	249126	gene-Peve_00024530	0.2564102692	26
Porites_evermani_scaffold_329	254103	262963	gene-Peve_00024531	80.34511327	128
Porites_evermani_scaffold_329	268682	285186	gene-Peve_00024533	0.5160487473	459
Porites_evermani_scaffold_329	289492	300882	gene-Peve_00024534	1.001137651	312
Porites_evermani_scaffold_3290	5193	6576	gene-Peve_00024538	43.53563882	34
Porites_evermani_scaffold_3290	10835	35895	gene-Peve_00024539	1.35166035	200
Porites_evermani_scaffold_3291	6326	8354	gene-Peve_00024543	.	0
Porites_evermani_scaffold_3291	19285	19889	gene-Peve_00024544	.	0
Porites_evermani_scaffold_3291	22131	25055	gene-Peve_00024545	.	0
Porites_evermani_scaffold_3291	32060	34087	gene-Peve_00024547	0	1
Porites_evermani_scaffold_3291	40916	41816	gene-Peve_00024540	.	0
Porites_evermani_scaffold_3291	43960	44533	gene-Peve_00024541	0	6
Porites_evermani_scaffold_3291	47678	48494	gene-Peve_00024542	0	1
Porites_evermani_scaffold_3292	11142	37361	gene-Peve_00024548	0.9236509265	340
Porites_evermani_scaffold_3293	5874	6393	gene-Peve_00024549	.	0
Porites_evermani_scaffold_3293	22564	23218	gene-Peve_00024550	93.697479	3
Porites_evermani_scaffold_3294	471	1107	gene-Peve_00024559	72.59147246	24
Porites_evermani_scaffold_3294	1152	1746	gene-Peve_00024558	85.99549614	21
Porites_evermani_scaffold_3294	5428	6884	gene-Peve_00024554	1.210385621	66
Porites_evermani_scaffold_3294	12143	13079	gene-Peve_00024560	0.1801801892	37
Porites_evermani_scaffold_3294	13356	13783	gene-Peve_00024561	.	0
Porites_evermani_scaffold_3294	25104	34955	gene-Peve_00024556	17.55282843	247
Porites_evermani_scaffold_3294	37790	38717	gene-Peve_00024557	0.2457002432	37
Porites_evermani_scaffold_3296	2317	8538	gene-Peve_00024562	88.70890333	15
Porites_evermani_scaffold_3296	16141	17197	gene-Peve_00024566	.	0
Porites_evermani_scaffold_3296	18831	28692	gene-Peve_00024567	30	1
Porites_evermani_scaffold_3296	29635	36055	gene-Peve_00024563	7.233201565	23
Porites_evermani_scaffold_3296	36087	39700	gene-Peve_00024564	.	0
Porites_evermani_scaffold_3296	40594	48902	gene-Peve_00024565	.	0
Porites_evermani_scaffold_3297	1101	15825	gene-Peve_00024569	0.2572912915	223
Porites_evermani_scaffold_3297	16035	26236	gene-Peve_00024570	0.3619924017	229
Porites_evermani_scaffold_3297	26838	32541	gene-Peve_00024571	36.09265565	75
Porites_evermani_scaffold_3297	32641	41583	gene-Peve_00024572	77.95942274	103
Porites_evermani_scaffold_3297	42619	46686	gene-Peve_00024573	43.51833811	35
Porites_evermani_scaffold_3298	1	4805	gene-Peve_00024574	50.27358197	37
Porites_evermani_scaffold_3298	6442	10189	gene-Peve_00024575	64.16736797	38
Porites_evermani_scaffold_3298	10520	21092	gene-Peve_00024576	16.57622105	156
Porites_evermani_scaffold_3298	26786	38203	gene-Peve_00024577	79.99137773	96
Porites_evermani_scaffold_3299	3419	6585	gene-Peve_00024581	0	6
Porites_evermani_scaffold_3299	7389	9578	gene-Peve_00024582	.	0
Porites_evermani_scaffold_3299	10409	11458	gene-Peve_00024578	.	0
Porites_evermani_scaffold_3299	15658	16510	gene-Peve_00024579	0	5
Porites_evermani_scaffold_3299	23011	43841	gene-Peve_00024580	1.5298996	65
Porites_evermani_scaffold_33	1263	5111	gene-Peve_00024583	0.4215704537	108
Porites_evermani_scaffold_33	15580	28209	gene-Peve_00024636	0.4568833726	365
Porites_evermani_scaffold_33	33707	47959	gene-Peve_00024595	2.127579444	329
Porites_evermani_scaffold_33	51937	65989	gene-Peve_00024610	0.3924367812	320
Porites_evermani_scaffold_33	66476	72459	gene-Peve_00024622	0.8033212835	194
Porites_evermani_scaffold_33	77035	89781	gene-Peve_00024623	22.51965074	145
Porites_evermani_scaffold_33	89881	92592	gene-Peve_00024624	29.67521887	24
Porites_evermani_scaffold_33	95114	102553	gene-Peve_00024625	61.82376857	90
Porites_evermani_scaffold_33	102930	117565	gene-Peve_00024626	29.88067261	199
Porites_evermani_scaffold_33	120650	126294	gene-Peve_00024627	0.5191285621	169
Porites_evermani_scaffold_33	129368	134202	gene-Peve_00024628	0.4408336765	102
Porites_evermani_scaffold_33	139397	142479	gene-Peve_00024629	0.7807878462	91
Porites_evermani_scaffold_33	145036	147064	gene-Peve_00024630	2.855548407	59
Porites_evermani_scaffold_33	154329	156411	gene-Peve_00024632	0.2747252778	54
Porites_evermani_scaffold_33	157134	157564	gene-Peve_00024633	0	8
Porites_evermani_scaffold_33	166147	168639	gene-Peve_00024631	2.64663997	66
Porites_evermani_scaffold_33	172917	176967	gene-Peve_00024634	0.1689291176	85
Porites_evermani_scaffold_33	181069	185136	gene-Peve_00024635	0.6828703611	36
Porites_evermani_scaffold_33	196994	199926	gene-Peve_00024638	0.1302083281	64
Porites_evermani_scaffold_33	200144	200490	gene-Peve_00024639	0	8
Porites_evermani_scaffold_33	204112	204637	gene-Peve_00024640	1.3809524	10
Porites_evermani_scaffold_33	205417	209275	gene-Peve_00024641	0.08453085714	91
Porites_evermani_scaffold_33	212738	247400	gene-Peve_00024642	0.8605632115	454
Porites_evermani_scaffold_33	250053	253398	gene-Peve_00024643	0.4387425568	88
Porites_evermani_scaffold_33	253849	254629	gene-Peve_00024644	0	32
Porites_evermani_scaffold_33	256565	259344	gene-Peve_00024645	0.3215689851	67
Porites_evermani_scaffold_33	261471	266037	gene-Peve_00024646	0.2934609259	135
Porites_evermani_scaffold_33	296655	298214	gene-Peve_00024648	0	26
Porites_evermani_scaffold_33	306132	313570	gene-Peve_00024649	0.5528579476	191
Porites_evermani_scaffold_33	326397	329635	gene-Peve_00024647	0.1400560294	34
Porites_evermani_scaffold_33	336858	346127	gene-Peve_00024653	0.23809525	28
Porites_evermani_scaffold_33	357428	367627	gene-Peve_00024652	0.4693933286	280
Porites_evermani_scaffold_33	359630	360043	gene-Peve_00024654	0	14
Porites_evermani_scaffold_33	369943	388041	gene-Peve_00024655	7.739543495	461
Porites_evermani_scaffold_33	393888	394308	gene-Peve_00024656	0	3
Porites_evermani_scaffold_33	399347	400877	gene-Peve_00024657	7.059440567	30
Porites_evermani_scaffold_33	404348	404928	gene-Peve_00024658	0	17
Porites_evermani_scaffold_33	409206	419206	gene-Peve_00024584	66.89998773	93
Porites_evermani_scaffold_33	422964	424665	gene-Peve_00024585	23.79971431	26
Porites_evermani_scaffold_33	425223	435178	gene-Peve_00024586	36.1103345	107
Porites_evermani_scaffold_33	437056	450795	gene-Peve_00024587	0.1465384857	315
Porites_evermani_scaffold_33	451483	468394	gene-Peve_00024588	14.06735955	204
Porites_evermani_scaffold_33	460018	460676	gene-Peve_00024590	0	8
Porites_evermani_scaffold_33	472346	476241	gene-Peve_00024591	64.08250249	78
Porites_evermani_scaffold_33	481109	486165	gene-Peve_00024592	42.37215227	48
Porites_evermani_scaffold_33	498501	501108	gene-Peve_00024593	15.32622784	32
Porites_evermani_scaffold_33	506169	515560	gene-Peve_00024594	0.3670789547	243
Porites_evermani_scaffold_33	528254	534228	gene-Peve_00024596	0.7855767234	47
Porites_evermani_scaffold_33	543096	553996	gene-Peve_00024597	0.4178130331	302
Porites_evermani_scaffold_33	554563	561287	gene-Peve_00024598	30.79955552	79
Porites_evermani_scaffold_33	568220	579924	gene-Peve_00024599	0.5901078761	339
Porites_evermani_scaffold_33	585046	586141	gene-Peve_00024600	0	45
Porites_evermani_scaffold_33	603986	609355	gene-Peve_00024602	0.2089627075	147
Porites_evermani_scaffold_33	610306	612138	gene-Peve_00024603	1.652153667	48
Porites_evermani_scaffold_33	630907	632029	gene-Peve_00024604	0.1785714286	35
Porites_evermani_scaffold_33	638217	639986	gene-Peve_00024605	0	57
Porites_evermani_scaffold_33	641750	659575	gene-Peve_00024606	0.9017676027	438
Porites_evermani_scaffold_33	664742	665951	gene-Peve_00024607	0	43
Porites_evermani_scaffold_33	682075	712863	gene-Peve_00024608	15.57823568	660
Porites_evermani_scaffold_33	713119	724230	gene-Peve_00024609	16.38324189	223
Porites_evermani_scaffold_33	726796	728665	gene-Peve_00024611	0.5850787647	34
Porites_evermani_scaffold_33	729846	730484	gene-Peve_00024612	0.1851851852	27
Porites_evermani_scaffold_33	741157	744277	gene-Peve_00024613	1.435422816	87
Porites_evermani_scaffold_33	753518	754139	gene-Peve_00024614	17.8179775	22
Porites_evermani_scaffold_33	759048	761515	gene-Peve_00024615	21.17387825	8
Porites_evermani_scaffold_33	767123	767988	gene-Peve_00024616	42.73088038	8
Porites_evermani_scaffold_33	770593	773572	gene-Peve_00024617	0.0892857125	80
Porites_evermani_scaffold_33	787767	788445	gene-Peve_00024618	1.388888833	6
Porites_evermani_scaffold_33	801322	802489	gene-Peve_00024619	0.7371795	24
Porites_evermani_scaffold_33	815948	817713	gene-Peve_00024621	.	0
Porites_evermani_scaffold_330	15231	90089	gene-Peve_00024659	0.861255321	1321
Porites_evermani_scaffold_330	67433	68012	gene-Peve_00024661	0.5059523929	28
Porites_evermani_scaffold_330	97302	97824	gene-Peve_00024662	0	21
Porites_evermani_scaffold_330	110294	110683	gene-Peve_00024663	.	0
Porites_evermani_scaffold_330	121847	122683	gene-Peve_00024664	0.7549858	10
Porites_evermani_scaffold_330	131481	132285	gene-Peve_00024665	0	20
Porites_evermani_scaffold_330	136308	194123	gene-Peve_00024666	0.6522097761	987
Porites_evermani_scaffold_330	202125	256723	gene-Peve_00024667	7.28894764	945
Porites_evermani_scaffold_330	262799	277689	gene-Peve_00024668	49.30559318	192
Porites_evermani_scaffold_330	270232	270572	gene-Peve_00024669	95.0211273	10
Porites_evermani_scaffold_330	283929	289292	gene-Peve_00024670	69.4049429	31
Porites_evermani_scaffold_330	289797	293001	gene-Peve_00024671	22.20439819	52
Porites_evermani_scaffold_330	295629	297521	gene-Peve_00024672	47.48503189	9
Porites_evermani_scaffold_330	297755	301599	gene-Peve_00024673	39.16569545	40
Porites_evermani_scaffold_3300	9309	9660	gene-Peve_00024676	.	0
Porites_evermani_scaffold_3300	10587	44797	gene-Peve_00024677	2.435466946	373
Porites_evermani_scaffold_3300	37862	38291	gene-Peve_00024674	0	1
Porites_evermani_scaffold_3301	925	4766	gene-Peve_00024678	1.164294856	90
Porites_evermani_scaffold_3301	8526	26937	gene-Peve_00024679	0.5338298905	411
Porites_evermani_scaffold_3301	30224	39799	gene-Peve_00024680	0.4701839336	211
Porites_evermani_scaffold_3302	1436	1905	gene-Peve_00024681	.	0
Porites_evermani_scaffold_3302	5881	8976	gene-Peve_00024685	0	8
Porites_evermani_scaffold_3302	12482	12854	gene-Peve_00024686	.	0
Porites_evermani_scaffold_3302	29345	32481	gene-Peve_00024683	1.239669409	22
Porites_evermani_scaffold_3302	33949	43206	gene-Peve_00024684	10.92024835	68
Porites_evermani_scaffold_3303	1515	1926	gene-Peve_00024692	54.545455	1
Porites_evermani_scaffold_3303	6943	12344	gene-Peve_00024693	.	0
Porites_evermani_scaffold_3303	31009	31951	gene-Peve_00024691	.	0
Porites_evermani_scaffold_3304	3147	26732	gene-Peve_00024694	13.34144758	79
Porites_evermani_scaffold_3304	35815	44366	gene-Peve_00024695	81.42857143	7
Porites_evermani_scaffold_3305	92	3551	gene-Peve_00024696	69.91621373	26
Porites_evermani_scaffold_3305	4171	9546	gene-Peve_00024697	17.58820129	38
Porites_evermani_scaffold_3305	13534	34247	gene-Peve_00024698	0.2570975278	72
Porites_evermani_scaffold_3305	35097	37902	gene-Peve_00024699	0.2776315225	111
Porites_evermani_scaffold_3305	41360	43844	gene-Peve_00024700	0.2136752051	39
Porites_evermani_scaffold_3306	10814	12816	gene-Peve_00024701	1.053515211	38
Porites_evermani_scaffold_3306	17670	18118	gene-Peve_00024704	0	8
Porites_evermani_scaffold_3306	19264	20104	gene-Peve_00024705	7.6721387	50
Porites_evermani_scaffold_3306	34216	36493	gene-Peve_00024702	1.080781971	68
Porites_evermani_scaffold_3306	44721	45258	gene-Peve_00024703	0.8479532632	19
Porites_evermani_scaffold_3307	2874	8659	gene-Peve_00024707	2.201139671	170
Porites_evermani_scaffold_3308	2729	3095	gene-Peve_00024710	1.25	8
Porites_evermani_scaffold_3308	5726	36527	gene-Peve_00024709	0.1668917248	545
Porites_evermani_scaffold_3308	15829	16261	gene-Peve_00024711	.	0
Porites_evermani_scaffold_3309	9504	34476	gene-Peve_00024712	7.241628267	352
Porites_evermani_scaffold_3309	37168	42264	gene-Peve_00024713	0.7463505059	85
Porites_evermani_scaffold_331	3544	5977	gene-Peve_00024717	.	0
Porites_evermani_scaffold_331	10250	11038	gene-Peve_00024737	0	12
Porites_evermani_scaffold_331	20190	27311	gene-Peve_00024714	2.916788	30
Porites_evermani_scaffold_331	32850	35283	gene-Peve_00024715	0	12
Porites_evermani_scaffold_331	40485	41845	gene-Peve_00024716	0	46
Porites_evermani_scaffold_331	47272	52930	gene-Peve_00024718	0.8600979358	187
Porites_evermani_scaffold_331	59946	66145	gene-Peve_00024719	0.2611470588	187
Porites_evermani_scaffold_331	71836	75040	gene-Peve_00024720	1.030303022	45
Porites_evermani_scaffold_331	78671	84454	gene-Peve_00024721	0.4579885123	162
Porites_evermani_scaffold_331	85781	92366	gene-Peve_00024722	70.31542443	148
Porites_evermani_scaffold_331	92442	112148	gene-Peve_00024723	22.85228458	356
Porites_evermani_scaffold_331	99970	100390	gene-Peve_00024724	13.26628927	15
Porites_evermani_scaffold_331	115144	120458	gene-Peve_00024725	1.312366237	156
Porites_evermani_scaffold_331	121456	187175	gene-Peve_00024726	0.8736181892	1332
Porites_evermani_scaffold_331	134482	134849	gene-Peve_00024727	33.39641825	8
Porites_evermani_scaffold_331	189322	189766	gene-Peve_00024729	14.80743686	7
Porites_evermani_scaffold_331	234775	241282	gene-Peve_00024730	61.7243822	46
Porites_evermani_scaffold_331	242372	255762	gene-Peve_00024731	77.90470647	208
Porites_evermani_scaffold_331	256739	260545	gene-Peve_00024732	26.81222441	44
Porites_evermani_scaffold_331	263722	271577	gene-Peve_00024733	20.61199101	181
Porites_evermani_scaffold_331	279305	284407	gene-Peve_00024734	0.4122854015	137
Porites_evermani_scaffold_331	290244	290829	gene-Peve_00024735	0	17
Porites_evermani_scaffold_331	297960	298764	gene-Peve_00024736	0	10
Porites_evermani_scaffold_3310	630	9793	gene-Peve_00024738	25.60582692	130
Porites_evermani_scaffold_3310	21824	22355	gene-Peve_00024740	0	19
Porites_evermani_scaffold_3310	22854	26098	gene-Peve_00024741	41.93783486	22
Porites_evermani_scaffold_3310	29257	37288	gene-Peve_00024742	4.256858835	121
Porites_evermani_scaffold_3310	38941	42821	gene-Peve_00024743	1.233736257	136
Porites_evermani_scaffold_3310	43814	48582	gene-Peve_00024739	0.7699205524	105
Porites_evermani_scaffold_3311	10874	14127	gene-Peve_00024747	36.4324207	20
Porites_evermani_scaffold_3311	15209	28025	gene-Peve_00024744	2.923076933	30
Porites_evermani_scaffold_3311	39938	42658	gene-Peve_00024746	0	3
Porites_evermani_scaffold_3312	19132	19468	gene-Peve_00024748	0	5
Porites_evermani_scaffold_3312	20633	21722	gene-Peve_00024749	0	5
Porites_evermani_scaffold_3313	289	4402	gene-Peve_00024751	25.45460982	51
Porites_evermani_scaffold_3313	18208	28972	gene-Peve_00024752	2.991331562	32
Porites_evermani_scaffold_3313	18448	29833	gene-Peve_00024753	2.991331562	32
Porites_evermani_scaffold_3313	44798	45888	gene-Peve_00024754	.	0
Porites_evermani_scaffold_3314	38	3630	gene-Peve_00024755	4.974582444	9
Porites_evermani_scaffold_3314	8708	9556	gene-Peve_00024757	0.5128205385	26
Porites_evermani_scaffold_3314	22441	23468	gene-Peve_00024758	0	27
Porites_evermani_scaffold_3314	28243	35559	gene-Peve_00024756	4.292359474	175
Porites_evermani_scaffold_3315	837	1569	gene-Peve_00024761	.	0
Porites_evermani_scaffold_3315	3775	10811	gene-Peve_00024762	0	10
Porites_evermani_scaffold_3315	31449	38087	gene-Peve_00024759	0.7692307692	13
Porites_evermani_scaffold_3316	6498	11899	gene-Peve_00024763	0	7
Porites_evermani_scaffold_3316	22783	47425	gene-Peve_00024764	0.3068535979	189
Porites_evermani_scaffold_3317	7467	9026	gene-Peve_00024765	15.055315	9
Porites_evermani_scaffold_3317	13963	14455	gene-Peve_00024766	74.79797983	6
Porites_evermani_scaffold_3317	22484	23522	gene-Peve_00024767	32.88461525	4
Porites_evermani_scaffold_3318	7677	28659	gene-Peve_00024769	0	27
Porites_evermani_scaffold_3318	30824	32075	gene-Peve_00024768	.	0
Porites_evermani_scaffold_3319	10976	12936	gene-Peve_00024775	.	0
Porites_evermani_scaffold_3319	14332	15490	gene-Peve_00024770	.	0
Porites_evermani_scaffold_3319	34711	37766	gene-Peve_00024771	.	0
Porites_evermani_scaffold_3319	44540	46739	gene-Peve_00024772	0	8
Porites_evermani_scaffold_3319	46140	46536	gene-Peve_00024774	.	0
Porites_evermani_scaffold_3319	46859	47877	gene-Peve_00024773	.	0
Porites_evermani_scaffold_332	2379	5720	gene-Peve_00024776	0.1283697073	41
Porites_evermani_scaffold_332	26386	63973	gene-Peve_00024779	0.8348313751	877
Porites_evermani_scaffold_332	37561	37966	gene-Peve_00024787	1.5288221	10
Porites_evermani_scaffold_332	67549	74883	gene-Peve_00024777	0.2448810823	158
Porites_evermani_scaffold_332	80762	81131	gene-Peve_00024778	0	6
Porites_evermani_scaffold_332	83213	161212	gene-Peve_00024780	3.075516888	792
Porites_evermani_scaffold_332	185042	224473	gene-Peve_00024781	0.9298787556	270
Porites_evermani_scaffold_332	220423	221554	gene-Peve_00024783	0.9090909	10
Porites_evermani_scaffold_332	230574	232704	gene-Peve_00024784	7.191528261	23
Porites_evermani_scaffold_332	261725	276486	gene-Peve_00024785	0.3323347007	411
Porites_evermani_scaffold_332	284391	300949	gene-Peve_00024786	5.569452474	95
Porites_evermani_scaffold_3321	4699	13497	gene-Peve_00024790	0	9
Porites_evermani_scaffold_3321	20594	21740	gene-Peve_00024793	0	2
Porites_evermani_scaffold_3321	33713	34460	gene-Peve_00024789	.	0
Porites_evermani_scaffold_3321	34707	35638	gene-Peve_00024791	0.2288329474	19
Porites_evermani_scaffold_3321	39316	42833	gene-Peve_00024792	3.333333333	3
Porites_evermani_scaffold_3322	10696	17946	gene-Peve_00024794	0.3893903249	237
Porites_evermani_scaffold_3322	26716	28255	gene-Peve_00024796	.	0
Porites_evermani_scaffold_3322	32642	36062	gene-Peve_00024797	.	0
Porites_evermani_scaffold_3322	39858	40317	gene-Peve_00024795	.	0
Porites_evermani_scaffold_3323	518	2476	gene-Peve_00024798	0.4410683585	53
Porites_evermani_scaffold_3323	7577	8108	gene-Peve_00024804	.	0
Porites_evermani_scaffold_3323	16068	17184	gene-Peve_00024805	0	31
Porites_evermani_scaffold_3323	17774	20011	gene-Peve_00024799	0.2024035484	62
Porites_evermani_scaffold_3323	25567	27499	gene-Peve_00024800	0	6
Porites_evermani_scaffold_3323	27569	28993	gene-Peve_00024801	0	1
Porites_evermani_scaffold_3323	30897	31446	gene-Peve_00024802	.	0
Porites_evermani_scaffold_3323	34068	47759	gene-Peve_00024803	42.45104105	21
Porites_evermani_scaffold_3324	29693	32905	gene-Peve_00024806	.	0
Porites_evermani_scaffold_3325	927	1506	gene-Peve_00024807	.	0
Porites_evermani_scaffold_3325	2649	6312	gene-Peve_00024809	5.7348486	5
Porites_evermani_scaffold_3325	8265	8844	gene-Peve_00024811	.	0
Porites_evermani_scaffold_3325	14227	33292	gene-Peve_00024810	72.9265209	80
Porites_evermani_scaffold_3325	33648	35946	gene-Peve_00024812	32.13037245	42
Porites_evermani_scaffold_3325	39974	46987	gene-Peve_00024808	41.24872293	129
Porites_evermani_scaffold_3326	6446	28166	gene-Peve_00024813	.	0
Porites_evermani_scaffold_3327	14367	14814	gene-Peve_00024816	0	6
Porites_evermani_scaffold_3327	24436	26060	gene-Peve_00024817	0	27
Porites_evermani_scaffold_3327	29002	31174	gene-Peve_00024818	0	18
Porites_evermani_scaffold_3328	5089	5728	gene-Peve_00024819	.	0
Porites_evermani_scaffold_3328	8089	34091	gene-Peve_00024820	16.18264017	303
Porites_evermani_scaffold_3328	15153	17606	gene-Peve_00024821	0.5	20
Porites_evermani_scaffold_3328	36077	45258	gene-Peve_00024822	50.18327507	40
Porites_evermani_scaffold_3329	1683	2013	gene-Peve_00024823	0	11
Porites_evermani_scaffold_3329	14141	16722	gene-Peve_00024824	0.5639097632	38
Porites_evermani_scaffold_3329	20031	20649	gene-Peve_00024825	.	0
Porites_evermani_scaffold_3329	22744	33886	gene-Peve_00024826	69.51264612	51
Porites_evermani_scaffold_3329	38216	46017	gene-Peve_00024827	0.6279991304	23
Porites_evermani_scaffold_333	2530	7120	gene-Peve_00024828	0.4788136316	114
Porites_evermani_scaffold_333	10498	13217	gene-Peve_00024841	0	7
Porites_evermani_scaffold_333	21626	26331	gene-Peve_00024850	0	5
Porites_evermani_scaffold_333	29341	29644	gene-Peve_00024857	.	0
Porites_evermani_scaffold_333	31027	50273	gene-Peve_00024829	45.44731028	191
Porites_evermani_scaffold_333	37354	41984	gene-Peve_00024830	5.454025647	51
Porites_evermani_scaffold_333	55239	60086	gene-Peve_00024832	3.774322085	47
Porites_evermani_scaffold_333	61145	61610	gene-Peve_00024833	0.4464285714	14
Porites_evermani_scaffold_333	70278	83105	gene-Peve_00024834	40.48646295	157
Porites_evermani_scaffold_333	83287	93397	gene-Peve_00024836	51.53915366	107
Porites_evermani_scaffold_333	96988	112588	gene-Peve_00024837	74.1149262	205
Porites_evermani_scaffold_333	114003	117107	gene-Peve_00024838	0.7158006129	62
Porites_evermani_scaffold_333	118482	122010	gene-Peve_00024839	42.36532811	56
Porites_evermani_scaffold_333	125550	135688	gene-Peve_00024840	16.29760103	232
Porites_evermani_scaffold_333	139012	147209	gene-Peve_00024842	0.7051129474	152
Porites_evermani_scaffold_333	149631	171357	gene-Peve_00024843	59.93471867	235
Porites_evermani_scaffold_333	190756	197319	gene-Peve_00024845	6.350515679	56
Porites_evermani_scaffold_333	217724	221438	gene-Peve_00024846	40.82044767	46
Porites_evermani_scaffold_333	221813	224824	gene-Peve_00024847	7.803030318	22
Porites_evermani_scaffold_333	228550	238704	gene-Peve_00024848	1.045289488	168
Porites_evermani_scaffold_333	240578	241493	gene-Peve_00024849	0.5555555333	15
Porites_evermani_scaffold_333	242586	243978	gene-Peve_00024851	.	0
Porites_evermani_scaffold_333	244241	244718	gene-Peve_00024852	0	4
Porites_evermani_scaffold_333	245696	246503	gene-Peve_00024853	0.7350427667	30
Porites_evermani_scaffold_333	251074	253122	gene-Peve_00024854	0.4807692308	13
Porites_evermani_scaffold_333	255685	272705	gene-Peve_00024855	0.2247888689	122
Porites_evermani_scaffold_333	278961	289166	gene-Peve_00024856	0.5439094813	214
Porites_evermani_scaffold_3330	540	22742	gene-Peve_00024858	1.654746773	44
Porites_evermani_scaffold_3330	25765	32288	gene-Peve_00024859	.	0
Porites_evermani_scaffold_3330	32388	44580	gene-Peve_00024860	6.735228918	134
Porites_evermani_scaffold_3330	46930	47918	gene-Peve_00024861	0.5347593529	17
Porites_evermani_scaffold_3331	1395	2427	gene-Peve_00024862	9.090909	2
Porites_evermani_scaffold_3331	23520	24478	gene-Peve_00024863	2.026551926	27
Porites_evermani_scaffold_3331	25478	31020	gene-Peve_00024864	63.21933275	16
Porites_evermani_scaffold_3331	33705	35807	gene-Peve_00024865	64.96989636	11
Porites_evermani_scaffold_3331	38863	48187	gene-Peve_00024866	48.74509372	69
Porites_evermani_scaffold_3332	5627	7879	gene-Peve_00024868	89.668852	20
Porites_evermani_scaffold_3332	9766	11530	gene-Peve_00024869	62.25387911	18
Porites_evermani_scaffold_3332	15477	35188	gene-Peve_00024870	10.11106145	280
Porites_evermani_scaffold_3332	38230	39268	gene-Peve_00024867	.	0
Porites_evermani_scaffold_3333	3563	5615	gene-Peve_00024873	0.3501400588	34
Porites_evermani_scaffold_3333	12125	22393	gene-Peve_00024874	0.3810091867	241
Porites_evermani_scaffold_3333	25587	26582	gene-Peve_00024871	0	30
Porites_evermani_scaffold_3333	31182	32585	gene-Peve_00024872	0	31
Porites_evermani_scaffold_3334	33167	45595	gene-Peve_00024875	5.932605333	69
Porites_evermani_scaffold_3335	848	17896	gene-Peve_00024876	2.785873504	349
Porites_evermani_scaffold_3335	21608	43664	gene-Peve_00024877	15.53154229	258
Porites_evermani_scaffold_3336	6779	19951	gene-Peve_00024878	2.308070168	380
Porites_evermani_scaffold_3336	27375	29021	gene-Peve_00024879	16.32550147	19
Porites_evermani_scaffold_3336	30326	30558	gene-Peve_00024880	41.6289595	2
Porites_evermani_scaffold_3336	32518	41781	gene-Peve_00024881	51.94873734	96
Porites_evermani_scaffold_3337	15258	16521	gene-Peve_00024888	57.36544953	15
Porites_evermani_scaffold_3337	32722	34809	gene-Peve_00024885	37.74748085	26
Porites_evermani_scaffold_3337	43077	46272	gene-Peve_00024887	47.70348466	32
Porites_evermani_scaffold_3338	25035	25932	gene-Peve_00024893	3.306507857	21
Porites_evermani_scaffold_3338	37883	39488	gene-Peve_00024890	2.739441933	15
Porites_evermani_scaffold_3338	40242	44214	gene-Peve_00024891	0	7
Porites_evermani_scaffold_3338	45905	46586	gene-Peve_00024892	0.1949317778	27
Porites_evermani_scaffold_3339	2	2435	gene-Peve_00024894	0.3634085238	42
Porites_evermani_scaffold_3339	22451	24542	gene-Peve_00024895	.	0
Porites_evermani_scaffold_3339	27951	31103	gene-Peve_00024896	6.806069	10
Porites_evermani_scaffold_3339	46859	47798	gene-Peve_00024897	.	0
Porites_evermani_scaffold_334	10213	11083	gene-Peve_00024910	0.256995	33
Porites_evermani_scaffold_334	14710	21629	gene-Peve_00024918	67.30897826	65
Porites_evermani_scaffold_334	24027	29226	gene-Peve_00024898	0.2422517419	155
Porites_evermani_scaffold_334	36602	44073	gene-Peve_00024899	57.9339631	99
Porites_evermani_scaffold_334	45348	46701	gene-Peve_00024900	50	2
Porites_evermani_scaffold_334	49554	55647	gene-Peve_00024901	0.6027877304	204
Porites_evermani_scaffold_334	63940	70703	gene-Peve_00024902	32.93445351	80
Porites_evermani_scaffold_334	72200	74210	gene-Peve_00024903	67.9132044	15
Porites_evermani_scaffold_334	75372	79700	gene-Peve_00024904	37.68289912	51
Porites_evermani_scaffold_334	79998	101479	gene-Peve_00024905	14.43174944	310
Porites_evermani_scaffold_334	102106	103231	gene-Peve_00024906	0	23
Porites_evermani_scaffold_334	112180	130264	gene-Peve_00024907	8.631980623	379
Porites_evermani_scaffold_334	151379	156016	gene-Peve_00024908	63.25622852	56
Porites_evermani_scaffold_334	157970	175117	gene-Peve_00024909	24.85613257	304
Porites_evermani_scaffold_334	178625	187581	gene-Peve_00024911	3.270218504	113
Porites_evermani_scaffold_334	194417	195524	gene-Peve_00024912	3.533490286	42
Porites_evermani_scaffold_334	197346	204670	gene-Peve_00024913	43.13630093	112
Porites_evermani_scaffold_334	204717	209951	gene-Peve_00024914	52.0881656	82
Porites_evermani_scaffold_334	212546	278060	gene-Peve_00024915	1.213726684	1032
Porites_evermani_scaffold_334	214479	215210	gene-Peve_00024916	.	0
Porites_evermani_scaffold_334	287911	295329	gene-Peve_00024917	0.1886902243	214
Porites_evermani_scaffold_3340	9050	15956	gene-Peve_00024919	0.2525569481	135
Porites_evermani_scaffold_3340	20320	20776	gene-Peve_00024920	0.2	20
Porites_evermani_scaffold_3340	41661	42507	gene-Peve_00024921	0.2976190476	21
Porites_evermani_scaffold_3341	3566	4172	gene-Peve_00024925	1.538806947	19
Porites_evermani_scaffold_3341	15162	15765	gene-Peve_00024926	0	6
Porites_evermani_scaffold_3341	18514	23379	gene-Peve_00024928	1.192358348	23
Porites_evermani_scaffold_3342	2176	13096	gene-Peve_00024930	15.44787633	117
Porites_evermani_scaffold_3342	15539	21247	gene-Peve_00024931	59.15995232	92
Porites_evermani_scaffold_3342	23910	26963	gene-Peve_00024932	43.99464312	43
Porites_evermani_scaffold_3342	28018	28423	gene-Peve_00024933	0	17
Porites_evermani_scaffold_3342	30618	40419	gene-Peve_00024934	0.2049480242	207
Porites_evermani_scaffold_3342	42008	46618	gene-Peve_00024929	85.89250097	31
Porites_evermani_scaffold_3343	35632	39558	gene-Peve_00024935	.	0
Porites_evermani_scaffold_3343	40458	41339	gene-Peve_00024936	.	0
Porites_evermani_scaffold_3344	5919	6903	gene-Peve_00024937	0	1
Porites_evermani_scaffold_3344	16573	17104	gene-Peve_00024939	.	0
Porites_evermani_scaffold_3344	17912	18254	gene-Peve_00024940	.	0
Porites_evermani_scaffold_3344	20545	21787	gene-Peve_00024941	.	0
Porites_evermani_scaffold_3344	26269	45501	gene-Peve_00024938	38.59341836	83
Porites_evermani_scaffold_3345	9482	18007	gene-Peve_00024942	0	4
Porites_evermani_scaffold_3345	27759	37344	gene-Peve_00024943	6.711229941	17
Porites_evermani_scaffold_3345	43691	44228	gene-Peve_00024944	.	0
Porites_evermani_scaffold_3346	4715	7809	gene-Peve_00024945	81.84555211	19
Porites_evermani_scaffold_3346	37441	38179	gene-Peve_00024946	.	0
Porites_evermani_scaffold_3346	41178	45007	gene-Peve_00024947	87.89173789	9
Porites_evermani_scaffold_3347	946	8072	gene-Peve_00024948	.	0
Porites_evermani_scaffold_3347	14781	23001	gene-Peve_00024949	.	0
Porites_evermani_scaffold_3348	2081	9709	gene-Peve_00024951	72.67978975	24
Porites_evermani_scaffold_3348	14408	43525	gene-Peve_00024952	4.252779618	686
Porites_evermani_scaffold_3348	43531	44679	gene-Peve_00024950	0	29
Porites_evermani_scaffold_3349	2300	4007	gene-Peve_00024953	0	5
Porites_evermani_scaffold_3349	8776	10825	gene-Peve_00024954	0	5
Porites_evermani_scaffold_3349	28581	38955	gene-Peve_00024955	7.058637195	113
Porites_evermani_scaffold_3349	42078	44154	gene-Peve_00024956	0	3
Porites_evermani_scaffold_335	16131	17791	gene-Peve_00024966	0	41
Porites_evermani_scaffold_335	37052	39056	gene-Peve_00024959	0	3
Porites_evermani_scaffold_335	43955	46475	gene-Peve_00024960	0.4079861042	48
Porites_evermani_scaffold_335	60092	61177	gene-Peve_00024961	0	20
Porites_evermani_scaffold_335	65357	66497	gene-Peve_00024962	0	30
Porites_evermani_scaffold_335	68771	72632	gene-Peve_00024963	1.469479225	80
Porites_evermani_scaffold_335	74128	76402	gene-Peve_00024964	1.215580414	29
Porites_evermani_scaffold_335	76620	78366	gene-Peve_00024965	0	4
Porites_evermani_scaffold_335	80413	91664	gene-Peve_00024967	0.5788249552	357
Porites_evermani_scaffold_335	96139	97622	gene-Peve_00024968	0.1984126905	42
Porites_evermani_scaffold_335	106802	107200	gene-Peve_00024969	.	0
Porites_evermani_scaffold_335	110161	111249	gene-Peve_00024970	0	43
Porites_evermani_scaffold_335	120079	126477	gene-Peve_00024971	0.3148010355	197
Porites_evermani_scaffold_335	129317	130492	gene-Peve_00024972	0.1111111111	36
Porites_evermani_scaffold_335	132116	147032	gene-Peve_00024973	12.40382002	179
Porites_evermani_scaffold_335	155677	159967	gene-Peve_00024975	72.43834597	30
Porites_evermani_scaffold_335	163968	176522	gene-Peve_00024976	11.2966595	245
Porites_evermani_scaffold_335	178993	184124	gene-Peve_00024977	81.63742625	55
Porites_evermani_scaffold_335	185976	192927	gene-Peve_00024978	32.88593872	99
Porites_evermani_scaffold_335	194226	204708	gene-Peve_00024979	1.406114207	82
Porites_evermani_scaffold_335	206144	217549	gene-Peve_00024980	0.2421265326	92
Porites_evermani_scaffold_335	220848	222180	gene-Peve_00024981	86.96399614	14
Porites_evermani_scaffold_335	223995	225363	gene-Peve_00024982	0.1748251731	52
Porites_evermani_scaffold_335	234548	237239	gene-Peve_00024983	0	1
Porites_evermani_scaffold_335	258732	265613	gene-Peve_00024984	.	0
Porites_evermani_scaffold_335	275228	283992	gene-Peve_00024986	.	0
Porites_evermani_scaffold_335	290553	296769	gene-Peve_00024958	0	1
Porites_evermani_scaffold_3350	12936	15306	gene-Peve_00024991	5.923410167	18
Porites_evermani_scaffold_3350	25111	31812	gene-Peve_00024987	7.626373629	35
Porites_evermani_scaffold_3350	32733	38651	gene-Peve_00024988	23.60587012	82
Porites_evermani_scaffold_3350	39641	41853	gene-Peve_00024989	0.2777777917	24
Porites_evermani_scaffold_3350	44709	47759	gene-Peve_00024990	.	0
Porites_evermani_scaffold_3351	4953	6659	gene-Peve_00024992	.	0
Porites_evermani_scaffold_3351	7767	10655	gene-Peve_00024996	.	0
Porites_evermani_scaffold_3351	12762	14256	gene-Peve_00024997	.	0
Porites_evermani_scaffold_3351	15657	18179	gene-Peve_00024998	.	0
Porites_evermani_scaffold_3351	23132	26931	gene-Peve_00024999	0.3703703704	27
Porites_evermani_scaffold_3351	28882	29400	gene-Peve_00024993	.	0
Porites_evermani_scaffold_3351	35576	36699	gene-Peve_00024994	.	0
Porites_evermani_scaffold_3351	45616	46093	gene-Peve_00024995	.	0
Porites_evermani_scaffold_3352	924	3675	gene-Peve_00025000	2.111162643	56
Porites_evermani_scaffold_3352	10869	21180	gene-Peve_00025001	65.7877535	115
Porites_evermani_scaffold_3352	28315	29017	gene-Peve_00025002	.	0
Porites_evermani_scaffold_3352	39902	40343	gene-Peve_00025003	.	0
Porites_evermani_scaffold_3353	4805	16616	gene-Peve_00025004	0.4	25
Porites_evermani_scaffold_3353	17644	19693	gene-Peve_00025006	.	0
Porites_evermani_scaffold_3353	20430	25643	gene-Peve_00025007	70	1
Porites_evermani_scaffold_3353	26244	45618	gene-Peve_00025008	.	0
Porites_evermani_scaffold_3353	47002	47686	gene-Peve_00025005	.	0
Porites_evermani_scaffold_3354	1049	4363	gene-Peve_00025009	20.01908	37
Porites_evermani_scaffold_3354	6530	18955	gene-Peve_00025011	0.9840470448	268
Porites_evermani_scaffold_3354	34229	39209	gene-Peve_00025010	0.3736263692	65
Porites_evermani_scaffold_3355	2252	14703	gene-Peve_00025013	29.82712089	98
Porites_evermani_scaffold_3355	18800	22121	gene-Peve_00025014	16.71717172	18
Porites_evermani_scaffold_3355	28328	29252	gene-Peve_00025015	.	0
Porites_evermani_scaffold_3355	33654	36538	gene-Peve_00025012	0	20
Porites_evermani_scaffold_3356	782	1154	gene-Peve_00025016	.	0
Porites_evermani_scaffold_3356	12020	21567	gene-Peve_00025019	48.75766875	48
Porites_evermani_scaffold_3356	34890	38793	gene-Peve_00025017	0	2
Porites_evermani_scaffold_3357	268	954	gene-Peve_00025020	.	0
Porites_evermani_scaffold_3357	11853	12558	gene-Peve_00025021	33.89789741	22
Porites_evermani_scaffold_3357	29506	34796	gene-Peve_00025022	2.039627083	12
Porites_evermani_scaffold_3358	149	4821	gene-Peve_00025023	79.41032628	86
Porites_evermani_scaffold_3358	32354	41318	gene-Peve_00025026	0.7815005969	258
Porites_evermani_scaffold_3358	42648	43508	gene-Peve_00025024	0	32
Porites_evermani_scaffold_3359	4370	8681	gene-Peve_00025027	12.2792629	42
Porites_evermani_scaffold_3359	10563	14369	gene-Peve_00025028	0	110
Porites_evermani_scaffold_3359	18701	26654	gene-Peve_00025030	14.47344412	17
Porites_evermani_scaffold_3359	40268	41346	gene-Peve_00025029	0	14
Porites_evermani_scaffold_336	30	1188	gene-Peve_00025031	.	0
Porites_evermani_scaffold_336	6259	9730	gene-Peve_00025041	3.170813861	108
Porites_evermani_scaffold_336	15130	16408	gene-Peve_00025042	.	0
Porites_evermani_scaffold_336	18975	29798	gene-Peve_00025043	0	120
Porites_evermani_scaffold_336	52110	53121	gene-Peve_00025051	1.380952371	35
Porites_evermani_scaffold_336	59827	64200	gene-Peve_00025032	0.2174296303	119
Porites_evermani_scaffold_336	72829	73813	gene-Peve_00025033	0	25
Porites_evermani_scaffold_336	105272	105812	gene-Peve_00025034	.	0
Porites_evermani_scaffold_336	109540	114191	gene-Peve_00025035	0.4707819826	115
Porites_evermani_scaffold_336	119620	122962	gene-Peve_00025036	58.36614618	44
Porites_evermani_scaffold_336	123373	141563	gene-Peve_00025037	39.03431031	109
Porites_evermani_scaffold_336	146690	147176	gene-Peve_00025038	.	0
Porites_evermani_scaffold_336	156400	158663	gene-Peve_00025039	0.106609806	67
Porites_evermani_scaffold_336	166270	182078	gene-Peve_00025040	66.15543185	46
Porites_evermani_scaffold_336	193205	194729	gene-Peve_00025044	37.88576733	43
Porites_evermani_scaffold_336	198621	198927	gene-Peve_00025046	.	0
Porites_evermani_scaffold_336	200952	202956	gene-Peve_00025045	35.40107239	23
Porites_evermani_scaffold_336	203031	234363	gene-Peve_00025047	23.85383734	85
Porites_evermani_scaffold_336	252300	273674	gene-Peve_00025048	1.524373317	82
Porites_evermani_scaffold_336	286959	291461	gene-Peve_00025049	16.68829779	19
Porites_evermani_scaffold_336	291582	297828	gene-Peve_00025050	0	6
Porites_evermani_scaffold_3360	511	820	gene-Peve_00025052	.	0
Porites_evermani_scaffold_3360	26490	27825	gene-Peve_00025055	.	0
Porites_evermani_scaffold_3360	31211	31526	gene-Peve_00025053	0	3
Porites_evermani_scaffold_3360	33835	41372	gene-Peve_00025054	2.716400643	42
Porites_evermani_scaffold_3361	4164	4941	gene-Peve_00025056	0	23
Porites_evermani_scaffold_3361	6405	13395	gene-Peve_00025057	0.7219274433	97
Porites_evermani_scaffold_3361	15559	19881	gene-Peve_00025058	0.09737098734	79
Porites_evermani_scaffold_3361	25602	26445	gene-Peve_00025059	.	0
Porites_evermani_scaffold_3361	31094	32464	gene-Peve_00025060	.	0
Porites_evermani_scaffold_3361	34478	47468	gene-Peve_00025061	33.6239089	67
Porites_evermani_scaffold_3362	5647	6205	gene-Peve_00025062	86.06469382	11
Porites_evermani_scaffold_3362	10840	13971	gene-Peve_00025064	14.22222224	25
Porites_evermani_scaffold_3362	19713	20487	gene-Peve_00025065	95.02060437	8
Porites_evermani_scaffold_3362	22270	34934	gene-Peve_00025063	11.18669516	173
Porites_evermani_scaffold_3363	12257	13352	gene-Peve_00025066	.	0
Porites_evermani_scaffold_3364	10957	31023	gene-Peve_00025068	.	0
Porites_evermani_scaffold_3364	33937	34857	gene-Peve_00025069	.	0
Porites_evermani_scaffold_3364	43261	43633	gene-Peve_00025070	.	0
Porites_evermani_scaffold_3365	1395	5443	gene-Peve_00025071	1.129420118	102
Porites_evermani_scaffold_3365	14674	46837	gene-Peve_00025072	8.957695962	260
Porites_evermani_scaffold_3366	1235	3135	gene-Peve_00025073	74.770104	13
Porites_evermani_scaffold_3366	4502	43556	gene-Peve_00025074	12.36748746	427
Porites_evermani_scaffold_3367	6784	8707	gene-Peve_00025075	0	1
Porites_evermani_scaffold_3367	14493	16227	gene-Peve_00025078	.	0
Porites_evermani_scaffold_3367	21361	23266	gene-Peve_00025076	.	0
Porites_evermani_scaffold_3367	29728	44777	gene-Peve_00025077	33.77410473	11
Porites_evermani_scaffold_3368	142	13494	gene-Peve_00025079	0.5134380691	391
Porites_evermani_scaffold_3368	17976	22203	gene-Peve_00025080	32.96360602	46
Porites_evermani_scaffold_3368	33185	41457	gene-Peve_00025081	0.6746059313	131
Porites_evermani_scaffold_3369	2866	22236	gene-Peve_00025082	0.8212441141	298
Porites_evermani_scaffold_3369	26327	41310	gene-Peve_00025083	75.55692688	48
Porites_evermani_scaffold_337	174	17687	gene-Peve_00025084	.	0
Porites_evermani_scaffold_337	37583	40701	gene-Peve_00025100	0	2
Porites_evermani_scaffold_337	60817	61263	gene-Peve_00025101	0	1
Porites_evermani_scaffold_337	63709	64125	gene-Peve_00025102	.	0
Porites_evermani_scaffold_337	71017	71776	gene-Peve_00025085	22.1114162	15
Porites_evermani_scaffold_337	73167	73551	gene-Peve_00025086	.	0
Porites_evermani_scaffold_337	77775	92059	gene-Peve_00025087	0.2986663935	155
Porites_evermani_scaffold_337	103208	134251	gene-Peve_00025088	1.077283033	394
Porites_evermani_scaffold_337	112511	112957	gene-Peve_00025089	.	0
Porites_evermani_scaffold_337	141403	142540	gene-Peve_00025090	0	20
Porites_evermani_scaffold_337	146927	153622	gene-Peve_00025091	0	6
Porites_evermani_scaffold_337	187433	188570	gene-Peve_00025092	5.397727125	8
Porites_evermani_scaffold_337	191047	192163	gene-Peve_00025093	0	19
Porites_evermani_scaffold_337	193099	200933	gene-Peve_00025094	0	115
Porites_evermani_scaffold_337	223588	224818	gene-Peve_00025095	0	28
Porites_evermani_scaffold_337	228612	229626	gene-Peve_00025096	0	25
Porites_evermani_scaffold_337	260862	264195	gene-Peve_00025097	1.16483516	25
Porites_evermani_scaffold_337	263665	294152	gene-Peve_00025098	0.6412667002	507
Porites_evermani_scaffold_337	296881	298472	gene-Peve_00025099	0.3525640962	52
Porites_evermani_scaffold_3370	19922	21875	gene-Peve_00025103	0	40
Porites_evermani_scaffold_3371	329	36884	gene-Peve_00025105	0.4525110687	291
Porites_evermani_scaffold_3372	10691	17762	gene-Peve_00025108	0.4965209665	209
Porites_evermani_scaffold_3372	23309	24739	gene-Peve_00025109	2.432203714	14
Porites_evermani_scaffold_3372	31058	33221	gene-Peve_00025110	0.8661674179	67
Porites_evermani_scaffold_3372	35356	36094	gene-Peve_00025106	1.621900818	22
Porites_evermani_scaffold_3372	36591	47121	gene-Peve_00025107	20.46143084	185
Porites_evermani_scaffold_3373	20066	20333	gene-Peve_00025111	.	0
Porites_evermani_scaffold_3374	1091	9022	gene-Peve_00025113	1.062647472	193
Porites_evermani_scaffold_3374	10227	12114	gene-Peve_00025112	0	41
Porites_evermani_scaffold_3374	12734	47079	gene-Peve_00025114	1.869296788	593
Porites_evermani_scaffold_3374	34723	43187	gene-Peve_00025115	0.6664344828	87
Porites_evermani_scaffold_3375	23425	28357	gene-Peve_00025116	0.41666665	20
Porites_evermani_scaffold_3375	39972	40992	gene-Peve_00025117	5	2
Porites_evermani_scaffold_3376	13836	23574	gene-Peve_00025119	0	8
Porites_evermani_scaffold_3376	30166	35846	gene-Peve_00025120	0.3251033333	114
Porites_evermani_scaffold_3376	36996	37632	gene-Peve_00025121	0	4
Porites_evermani_scaffold_3377	2448	7528	gene-Peve_00025122	.	0
Porites_evermani_scaffold_3377	9671	31714	gene-Peve_00025123	61.09747275	159
Porites_evermani_scaffold_3378	1769	3085	gene-Peve_00025124	17.5909905	12
Porites_evermani_scaffold_3378	10079	11168	gene-Peve_00025130	0	1
Porites_evermani_scaffold_3378	17017	17959	gene-Peve_00025125	0	5
Porites_evermani_scaffold_3378	19033	19444	gene-Peve_00025126	0.45454545	20
Porites_evermani_scaffold_3378	36469	37157	gene-Peve_00025127	0	11
Porites_evermani_scaffold_3378	44084	45959	gene-Peve_00025128	0	2
Porites_evermani_scaffold_3378	46157	46696	gene-Peve_00025129	.	0
Porites_evermani_scaffold_3379	1400	3859	gene-Peve_00025131	0.1446452174	92
Porites_evermani_scaffold_3379	7622	12336	gene-Peve_00025135	0.627501434	53
Porites_evermani_scaffold_3379	23316	24149	gene-Peve_00025132	0	1
Porites_evermani_scaffold_3379	24607	26273	gene-Peve_00025133	0	8
Porites_evermani_scaffold_3379	29552	35162	gene-Peve_00025134	0.3448441649	97
Porites_evermani_scaffold_338	281	2071	gene-Peve_00025136	67.22610714	14
Porites_evermani_scaffold_338	4974	8356	gene-Peve_00025144	57.84193626	43
Porites_evermani_scaffold_338	8596	13638	gene-Peve_00025150	1.412754868	144
Porites_evermani_scaffold_338	15923	22217	gene-Peve_00025152	29.11468642	107
Porites_evermani_scaffold_338	28765	33753	gene-Peve_00025155	46.29243203	98
Porites_evermani_scaffold_338	62776	77260	gene-Peve_00025137	42.76127576	45
Porites_evermani_scaffold_338	84294	85197	gene-Peve_00025139	0	3
Porites_evermani_scaffold_338	91106	99709	gene-Peve_00025138	0.3349282281	57
Porites_evermani_scaffold_338	102714	122621	gene-Peve_00025140	23.33701009	35
Porites_evermani_scaffold_338	124147	128547	gene-Peve_00025141	0.2192982368	38
Porites_evermani_scaffold_338	129743	130010	gene-Peve_00025142	0.6740196111	18
Porites_evermani_scaffold_338	134372	135350	gene-Peve_00025143	0	19
Porites_evermani_scaffold_338	139958	163255	gene-Peve_00025145	1.08363915	419
Porites_evermani_scaffold_338	174108	176966	gene-Peve_00025146	0.870222957	93
Porites_evermani_scaffold_338	194344	199238	gene-Peve_00025147	0.998076	42
Porites_evermani_scaffold_338	202859	203492	gene-Peve_00025148	.	0
Porites_evermani_scaffold_338	241222	266048	gene-Peve_00025149	0.7777546488	689
Porites_evermani_scaffold_338	280986	281454	gene-Peve_00025153	0	19
Porites_evermani_scaffold_338	296502	298117	gene-Peve_00025154	0	3
Porites_evermani_scaffold_3380	2	2390	gene-Peve_00025156	0.5347593529	17
Porites_evermani_scaffold_3380	7798	41500	gene-Peve_00025157	5.472933634	227
Porites_evermani_scaffold_3380	41914	45155	gene-Peve_00025158	18.03743325	4
Porites_evermani_scaffold_3381	21218	25573	gene-Peve_00025159	1.358013862	94
Porites_evermani_scaffold_3381	29671	44091	gene-Peve_00025160	6.060606	6
Porites_evermani_scaffold_3381	44166	45138	gene-Peve_00025161	.	0
Porites_evermani_scaffold_3382	3813	13064	gene-Peve_00025162	26.65352507	28
Porites_evermani_scaffold_3382	13583	15824	gene-Peve_00025163	0	14
Porites_evermani_scaffold_3382	18156	37746	gene-Peve_00025164	0	40
Porites_evermani_scaffold_3382	39344	42375	gene-Peve_00025165	.	0
Porites_evermani_scaffold_3383	36	5312	gene-Peve_00025166	0.5988351685	89
Porites_evermani_scaffold_3383	6305	6704	gene-Peve_00025172	0	13
Porites_evermani_scaffold_3383	9349	10009	gene-Peve_00025173	.	0
Porites_evermani_scaffold_3383	23481	25423	gene-Peve_00025168	0	6
Porites_evermani_scaffold_3383	27721	29291	gene-Peve_00025169	0	5
Porites_evermani_scaffold_3383	32715	39498	gene-Peve_00025170	0	9
Porites_evermani_scaffold_3383	33336	33735	gene-Peve_00025171	.	0
Porites_evermani_scaffold_3384	10768	11374	gene-Peve_00025174	0.2206891212	33
Porites_evermani_scaffold_3385	1532	12433	gene-Peve_00025175	1.089545394	264
Porites_evermani_scaffold_3385	18963	43459	gene-Peve_00025176	10.43832928	433
Porites_evermani_scaffold_3385	45922	46368	gene-Peve_00025177	.	0
Porites_evermani_scaffold_3386	636	1083	gene-Peve_00025178	.	0
Porites_evermani_scaffold_3386	7850	8480	gene-Peve_00025179	0	7
Porites_evermani_scaffold_3386	20669	21296	gene-Peve_00025180	.	0
Porites_evermani_scaffold_3386	32091	40249	gene-Peve_00025181	1.3712121	20
Porites_evermani_scaffold_3387	4509	21365	gene-Peve_00025183	19.49463376	54
Porites_evermani_scaffold_3387	25219	27141	gene-Peve_00025184	0	14
Porites_evermani_scaffold_3387	28412	46284	gene-Peve_00025182	7.528688473	336
Porites_evermani_scaffold_3388	16238	19836	gene-Peve_00025185	1.791600866	97
Porites_evermani_scaffold_3389	12679	18845	gene-Peve_00025186	0.7719396344	186
Porites_evermani_scaffold_339	84	3825	gene-Peve_00025187	0.04995005495	91
Porites_evermani_scaffold_339	8384	33773	gene-Peve_00025198	0.9359538957	374
Porites_evermani_scaffold_339	54236	54728	gene-Peve_00025200	0	12
Porites_evermani_scaffold_339	55125	68108	gene-Peve_00025199	55.01719649	97
Porites_evermani_scaffold_339	71339	103175	gene-Peve_00025201	30.69342195	348
Porites_evermani_scaffold_339	107899	109740	gene-Peve_00025188	.	0
Porites_evermani_scaffold_339	112752	113499	gene-Peve_00025190	.	0
Porites_evermani_scaffold_339	118167	125838	gene-Peve_00025189	51.97251538	52
Porites_evermani_scaffold_339	131484	132911	gene-Peve_00025191	0.5169561613	31
Porites_evermani_scaffold_339	158185	160491	gene-Peve_00025193	0.58181818	50
Porites_evermani_scaffold_339	183046	184339	gene-Peve_00025194	0	22
Porites_evermani_scaffold_339	190203	193656	gene-Peve_00025195	0.2149740563	71
Porites_evermani_scaffold_339	198183	199160	gene-Peve_00025196	0	8
Porites_evermani_scaffold_339	209157	230926	gene-Peve_00025197	32.97934443	304
Porites_evermani_scaffold_339	240474	255729	gene-Peve_00025202	29.92734534	195
Porites_evermani_scaffold_339	258801	273907	gene-Peve_00025203	0.7118303659	317
Porites_evermani_scaffold_339	274849	279586	gene-Peve_00025204	0.5317840105	95
Porites_evermani_scaffold_339	280566	288087	gene-Peve_00025205	0.5618831605	162
Porites_evermani_scaffold_339	290592	299114	gene-Peve_00025206	21.51839844	140
Porites_evermani_scaffold_3390	721	5972	gene-Peve_00025212	8.144910583	24
Porites_evermani_scaffold_3390	11778	12096	gene-Peve_00025215	1.388888833	6
Porites_evermani_scaffold_3390	17491	17959	gene-Peve_00025208	23.31672713	16
Porites_evermani_scaffold_3390	27408	27951	gene-Peve_00025211	.	0
Porites_evermani_scaffold_3390	28863	30694	gene-Peve_00025213	.	0
Porites_evermani_scaffold_3390	30781	31330	gene-Peve_00025214	.	0
Porites_evermani_scaffold_3391	1261	1729	gene-Peve_00025218	.	0
Porites_evermani_scaffold_3391	5537	8264	gene-Peve_00025219	0.3426188955	67
Porites_evermani_scaffold_3391	10897	34473	gene-Peve_00025220	5.891694587	477
Porites_evermani_scaffold_3391	34834	45998	gene-Peve_00025217	25.94752148	284
Porites_evermani_scaffold_3392	2	3936	gene-Peve_00025221	.	0
Porites_evermani_scaffold_3392	11645	12785	gene-Peve_00025224	12.15373742	19
Porites_evermani_scaffold_3392	14422	15556	gene-Peve_00025227	.	0
Porites_evermani_scaffold_3392	21856	22585	gene-Peve_00025222	.	0
Porites_evermani_scaffold_3392	23153	24152	gene-Peve_00025223	.	0
Porites_evermani_scaffold_3392	31845	32619	gene-Peve_00025225	.	0
Porites_evermani_scaffold_3392	32754	34185	gene-Peve_00025226	.	0
Porites_evermani_scaffold_3393	8326	9430	gene-Peve_00025228	.	0
Porites_evermani_scaffold_3395	3	4134	gene-Peve_00025232	1.282051333	6
Porites_evermani_scaffold_3395	22887	31922	gene-Peve_00025233	1.031894699	93
Porites_evermani_scaffold_3395	29585	30337	gene-Peve_00025234	1.5151515	6
Porites_evermani_scaffold_3396	13755	16548	gene-Peve_00025235	0.2840909062	32
Porites_evermani_scaffold_3396	33117	35746	gene-Peve_00025236	3.2467532	5
Porites_evermani_scaffold_3397	4926	5328	gene-Peve_00025237	.	0
Porites_evermani_scaffold_3397	18939	19725	gene-Peve_00025238	.	0
Porites_evermani_scaffold_3397	30705	32662	gene-Peve_00025239	.	0
Porites_evermani_scaffold_3398	6153	20399	gene-Peve_00025240	51.84665343	86
Porites_evermani_scaffold_3398	22644	25510	gene-Peve_00025241	40.53517004	26
Porites_evermani_scaffold_3398	32859	33288	gene-Peve_00025242	.	0
Porites_evermani_scaffold_3398	34685	39631	gene-Peve_00025243	0.4034163279	61
Porites_evermani_scaffold_3399	10313	29780	gene-Peve_00025245	1.88351874	419
Porites_evermani_scaffold_34	9105	26870	gene-Peve_00025246	53.92579634	151
Porites_evermani_scaffold_34	33342	37374	gene-Peve_00025291	0	61
Porites_evermani_scaffold_34	51080	57074	gene-Peve_00025258	0.346946351	151
Porites_evermani_scaffold_34	69950	70421	gene-Peve_00025263	0	14
Porites_evermani_scaffold_34	84888	86097	gene-Peve_00025272	0	53
Porites_evermani_scaffold_34	92619	93198	gene-Peve_00025273	.	0
Porites_evermani_scaffold_34	113234	142841	gene-Peve_00025274	0.7231460408	736
Porites_evermani_scaffold_34	150037	153181	gene-Peve_00025275	0.789961283	106
Porites_evermani_scaffold_34	178124	200999	gene-Peve_00025276	3.437871888	587
Porites_evermani_scaffold_34	206951	234074	gene-Peve_00025277	15.98747885	459
Porites_evermani_scaffold_34	236260	245577	gene-Peve_00025278	0.4299667351	151
Porites_evermani_scaffold_34	268188	279128	gene-Peve_00025280	23.22162268	237
Porites_evermani_scaffold_34	287401	288445	gene-Peve_00025281	0	23
Porites_evermani_scaffold_34	294508	295609	gene-Peve_00025282	0.4223227941	34
Porites_evermani_scaffold_34	302633	303758	gene-Peve_00025283	0	15
Porites_evermani_scaffold_34	308548	309685	gene-Peve_00025284	0	27
Porites_evermani_scaffold_34	315417	316425	gene-Peve_00025285	0	32
Porites_evermani_scaffold_34	325476	326610	gene-Peve_00025286	0	32
Porites_evermani_scaffold_34	335938	337018	gene-Peve_00025287	0	19
Porites_evermani_scaffold_34	340205	342888	gene-Peve_00025288	0.2913279146	82
Porites_evermani_scaffold_34	350819	352436	gene-Peve_00025289	1.677066422	64
Porites_evermani_scaffold_34	359096	396257	gene-Peve_00025290	4.103676665	726
Porites_evermani_scaffold_34	433420	434263	gene-Peve_00025292	0	41
Porites_evermani_scaffold_34	439901	444222	gene-Peve_00025293	0.3852028623	138
Porites_evermani_scaffold_34	450507	451437	gene-Peve_00025294	1.282051308	13
Porites_evermani_scaffold_34	455178	489149	gene-Peve_00025295	22.72028199	416
Porites_evermani_scaffold_34	512216	518576	gene-Peve_00025296	72.81236219	54
Porites_evermani_scaffold_34	520894	524696	gene-Peve_00025247	35.21825392	12
Porites_evermani_scaffold_34	525780	528192	gene-Peve_00025248	91.62027229	62
Porites_evermani_scaffold_34	533399	543958	gene-Peve_00025249	57.6758878	125
Porites_evermani_scaffold_34	561654	579193	gene-Peve_00025251	1.115660465	114
Porites_evermani_scaffold_34	580357	581895	gene-Peve_00025252	1.709401667	9
Porites_evermani_scaffold_34	588579	588915	gene-Peve_00025253	.	0
Porites_evermani_scaffold_34	599306	625375	gene-Peve_00025254	1.493807468	511
Porites_evermani_scaffold_34	644999	645683	gene-Peve_00025256	0	1
Porites_evermani_scaffold_34	665593	683376	gene-Peve_00025257	18.51849444	132
Porites_evermani_scaffold_34	708057	724563	gene-Peve_00025259	0.4562451299	177
Porites_evermani_scaffold_34	750873	751750	gene-Peve_00025261	.	0
Porites_evermani_scaffold_34	772324	784459	gene-Peve_00025264	19.52214433	3
Porites_evermani_scaffold_34	791248	798356	gene-Peve_00025265	.	0
Porites_evermani_scaffold_34	807537	811952	gene-Peve_00025268	.	0
Porites_evermani_scaffold_34	822973	827035	gene-Peve_00025270	3.812601429	42
Porites_evermani_scaffold_34	827117	828695	gene-Peve_00025271	.	0
Porites_evermani_scaffold_340	11693	12141	gene-Peve_00025307	.	0
Porites_evermani_scaffold_340	14365	14740	gene-Peve_00025312	.	0
Porites_evermani_scaffold_340	23346	24662	gene-Peve_00025297	.	0
Porites_evermani_scaffold_340	73976	83957	gene-Peve_00025300	13.73739833	39
Porites_evermani_scaffold_340	84071	84870	gene-Peve_00025301	11.64234929	7
Porites_evermani_scaffold_340	88812	89355	gene-Peve_00025304	.	0
Porites_evermani_scaffold_340	89551	90232	gene-Peve_00025305	.	0
Porites_evermani_scaffold_340	130933	135390	gene-Peve_00025311	13.92238049	133
Porites_evermani_scaffold_340	151781	152729	gene-Peve_00025315	.	0
Porites_evermani_scaffold_340	163835	192168	gene-Peve_00025314	0.7486874369	666
Porites_evermani_scaffold_340	167739	169073	gene-Peve_00025316	.	0
Porites_evermani_scaffold_340	169578	172621	gene-Peve_00025317	3.29319871	31
Porites_evermani_scaffold_340	201722	204475	gene-Peve_00025318	0.0925926	60
Porites_evermani_scaffold_340	234431	249964	gene-Peve_00025320	61.19862186	246
Porites_evermani_scaffold_340	252591	269594	gene-Peve_00025321	68.38313455	229
Porites_evermani_scaffold_340	275046	276676	gene-Peve_00025298	0.1366120164	61
Porites_evermani_scaffold_340	284539	295704	gene-Peve_00025299	53.72413992	189
Porites_evermani_scaffold_3400	3633	4405	gene-Peve_00025322	4.5454545	4
Porites_evermani_scaffold_3400	7366	8526	gene-Peve_00025323	93.89069267	9
Porites_evermani_scaffold_3400	8672	10667	gene-Peve_00025324	51.4921202	45
Porites_evermani_scaffold_3400	10881	18476	gene-Peve_00025325	0.285500379	124
Porites_evermani_scaffold_3400	25166	41821	gene-Peve_00025326	8.973335915	329
Porites_evermani_scaffold_3401	1591	3303	gene-Peve_00025327	65.909091	4
Porites_evermani_scaffold_3401	8314	18455	gene-Peve_00025328	42.44832502	56
Porites_evermani_scaffold_3401	22067	42970	gene-Peve_00025329	17.52317355	387
Porites_evermani_scaffold_3401	43249	44617	gene-Peve_00025330	10.50622173	26
Porites_evermani_scaffold_3402	292	17681	gene-Peve_00025332	9.226813031	32
Porites_evermani_scaffold_3402	20816	45987	gene-Peve_00025331	2.062494803	310
Porites_evermani_scaffold_3403	18	7505	gene-Peve_00025333	0.420575431	58
Porites_evermani_scaffold_3403	12040	25576	gene-Peve_00025334	40.22262635	132
Porites_evermani_scaffold_3403	30993	45879	gene-Peve_00025335	19.94314457	359
Porites_evermani_scaffold_3404	790	20920	gene-Peve_00025337	0.4024889556	293
Porites_evermani_scaffold_3404	44393	45462	gene-Peve_00025336	0	4
Porites_evermani_scaffold_3405	9277	9586	gene-Peve_00025338	0	4
Porites_evermani_scaffold_3405	21826	24730	gene-Peve_00025339	0.3830575233	86
Porites_evermani_scaffold_3406	0	639	gene-Peve_00025340	0	9
Porites_evermani_scaffold_3407	1	15302	gene-Peve_00025343	0.7824050692	448
Porites_evermani_scaffold_3407	17375	18413	gene-Peve_00025345	0.431547625	32
Porites_evermani_scaffold_3407	20599	22311	gene-Peve_00025344	0.3217503243	37
Porites_evermani_scaffold_3407	24177	25635	gene-Peve_00025346	.	0
Porites_evermani_scaffold_3407	34376	34787	gene-Peve_00025347	.	0
Porites_evermani_scaffold_3408	2544	2991	gene-Peve_00025348	.	0
Porites_evermani_scaffold_3408	9250	19976	gene-Peve_00025349	83.0409514	5
Porites_evermani_scaffold_3409	1546	27217	gene-Peve_00025350	1.22152377	226
Porites_evermani_scaffold_3409	38627	39487	gene-Peve_00025351	0	4
Porites_evermani_scaffold_341	4321	27791	gene-Peve_00025355	1.188507	194
Porites_evermani_scaffold_341	47262	71207	gene-Peve_00025356	0.965311	95
Porites_evermani_scaffold_341	93874	111063	gene-Peve_00025352	38.76440326	199
Porites_evermani_scaffold_341	116191	164396	gene-Peve_00025353	13.53987714	900
Porites_evermani_scaffold_341	144023	144510	gene-Peve_00025354	0	8
Porites_evermani_scaffold_341	169234	169617	gene-Peve_00025357	0.6493507143	7
Porites_evermani_scaffold_341	169711	203464	gene-Peve_00025358	20.84241079	223
Porites_evermani_scaffold_341	205518	208637	gene-Peve_00025359	0.8908578902	82
Porites_evermani_scaffold_341	208620	213983	gene-Peve_00025360	0.3039901712	111
Porites_evermani_scaffold_341	214052	228154	gene-Peve_00025361	0.1083423662	71
Porites_evermani_scaffold_341	297097	298014	gene-Peve_00025364	.	0
Porites_evermani_scaffold_3410	5390	6386	gene-Peve_00025371	0	5
Porites_evermani_scaffold_3410	12416	15568	gene-Peve_00025366	1.212651762	21
Porites_evermani_scaffold_3410	15732	16293	gene-Peve_00025367	1.098901143	14
Porites_evermani_scaffold_3410	16298	18101	gene-Peve_00025368	4.9092711	10
Porites_evermani_scaffold_3410	18669	19155	gene-Peve_00025369	9.090909	1
Porites_evermani_scaffold_3410	21839	22736	gene-Peve_00025370	15.384615	1
Porites_evermani_scaffold_3410	34188	38807	gene-Peve_00025372	0.09259258889	90
Porites_evermani_scaffold_3411	3799	5270	gene-Peve_00025375	0	28
Porites_evermani_scaffold_3411	25038	25401	gene-Peve_00025376	0	10
Porites_evermani_scaffold_3411	29788	30752	gene-Peve_00025378	0	20
Porites_evermani_scaffold_3412	23666	30420	gene-Peve_00025380	4.867772895	38
Porites_evermani_scaffold_3412	37846	42859	gene-Peve_00025381	0	43
Porites_evermani_scaffold_3412	44971	46141	gene-Peve_00025382	0	15
Porites_evermani_scaffold_3413	432	4664	gene-Peve_00025383	47.58908444	55
Porites_evermani_scaffold_3413	7686	32781	gene-Peve_00025384	7.670693855	525
Porites_evermani_scaffold_3414	416	32890	gene-Peve_00025385	1.036910205	484
Porites_evermani_scaffold_3414	41193	43847	gene-Peve_00025386	0	2
Porites_evermani_scaffold_3415	14404	21956	gene-Peve_00025387	0.6384152358	106
Porites_evermani_scaffold_3415	27464	36125	gene-Peve_00025388	25.04834507	100
Porites_evermani_scaffold_3415	36348	38481	gene-Peve_00025389	35.22783924	45
Porites_evermani_scaffold_3415	42030	45365	gene-Peve_00025390	41.5195668	55
Porites_evermani_scaffold_3416	139	1040	gene-Peve_00025391	0	27
Porites_evermani_scaffold_3416	14150	14975	gene-Peve_00025392	0	7
Porites_evermani_scaffold_3416	25739	26612	gene-Peve_00025393	0.1811594348	23
Porites_evermani_scaffold_3417	10426	16223	gene-Peve_00025394	67.17509046	70
Porites_evermani_scaffold_3417	16641	37695	gene-Peve_00025395	46.56986785	298
Porites_evermani_scaffold_3418	483	7135	gene-Peve_00025397	2.171230211	38
Porites_evermani_scaffold_3418	17085	19003	gene-Peve_00025396	0.462963	12
Porites_evermani_scaffold_3418	20476	21413	gene-Peve_00025398	.	0
Porites_evermani_scaffold_3418	38687	45518	gene-Peve_00025399	32.88701509	76
Porites_evermani_scaffold_3419	10573	11486	gene-Peve_00025400	0	11
Porites_evermani_scaffold_342	1074	6069	gene-Peve_00025401	0.7546901925	161
Porites_evermani_scaffold_342	8215	48865	gene-Peve_00025408	1.831255798	792
Porites_evermani_scaffold_342	60004	60994	gene-Peve_00025424	0	20
Porites_evermani_scaffold_342	63172	63850	gene-Peve_00025425	.	0
Porites_evermani_scaffold_342	65946	94443	gene-Peve_00025426	26.47771339	336
Porites_evermani_scaffold_342	96724	114086	gene-Peve_00025402	18.69387754	35
Porites_evermani_scaffold_342	122045	123101	gene-Peve_00025403	.	0
Porites_evermani_scaffold_342	126321	136354	gene-Peve_00025404	36.64143111	55
Porites_evermani_scaffold_342	136669	141230	gene-Peve_00025405	51.74405841	27
Porites_evermani_scaffold_342	141715	152005	gene-Peve_00025406	14.70461822	58
Porites_evermani_scaffold_342	152882	154900	gene-Peve_00025407	72.22932021	14
Porites_evermani_scaffold_342	155778	157750	gene-Peve_00025409	1.613190706	17
Porites_evermani_scaffold_342	158516	166947	gene-Peve_00025410	12.6314425	6
Porites_evermani_scaffold_342	168197	171383	gene-Peve_00025411	.	0
Porites_evermani_scaffold_342	172677	175525	gene-Peve_00025412	0.7232241447	76
Porites_evermani_scaffold_342	176476	201413	gene-Peve_00025413	5.931950468	188
Porites_evermani_scaffold_342	201602	219679	gene-Peve_00025414	18.64479605	175
Porites_evermani_scaffold_342	224932	231145	gene-Peve_00025415	38.31574585	91
Porites_evermani_scaffold_342	237549	237868	gene-Peve_00025416	0	4
Porites_evermani_scaffold_342	241385	245853	gene-Peve_00025417	15.28239988	64
Porites_evermani_scaffold_342	250263	261525	gene-Peve_00025418	62.62760778	73
Porites_evermani_scaffold_342	267649	268558	gene-Peve_00025419	1.6666666	5
Porites_evermani_scaffold_3420	929	16739	gene-Peve_00025427	73.94698289	106
Porites_evermani_scaffold_3420	27876	31789	gene-Peve_00025428	2.473912789	71
Porites_evermani_scaffold_3420	36020	41762	gene-Peve_00025429	0.7449747273	143
Porites_evermani_scaffold_3422	11666	12002	gene-Peve_00025437	.	0
Porites_evermani_scaffold_3422	16117	17223	gene-Peve_00025432	.	0
Porites_evermani_scaffold_3422	32019	34483	gene-Peve_00025433	2.447552444	18
Porites_evermani_scaffold_3422	41012	42964	gene-Peve_00025435	54.04543146	13
Porites_evermani_scaffold_3423	56	6045	gene-Peve_00025438	86.1428572	5
Porites_evermani_scaffold_3423	8309	9170	gene-Peve_00025440	.	0
Porites_evermani_scaffold_3423	12033	12894	gene-Peve_00025441	.	0
Porites_evermani_scaffold_3423	15850	33857	gene-Peve_00025442	31.92384117	66
Porites_evermani_scaffold_3423	36143	37656	gene-Peve_00025443	0	1
Porites_evermani_scaffold_3423	40911	43287	gene-Peve_00025439	96.6666666	5
Porites_evermani_scaffold_3424	4385	13664	gene-Peve_00025444	63.57160313	31
Porites_evermani_scaffold_3424	24019	29612	gene-Peve_00025446	60.71310717	47
Porites_evermani_scaffold_3424	29814	35921	gene-Peve_00025447	66.35055149	72
Porites_evermani_scaffold_3424	36531	40414	gene-Peve_00025448	5.454545455	11
Porites_evermani_scaffold_3425	12306	13071	gene-Peve_00025449	.	0
Porites_evermani_scaffold_3425	23962	24376	gene-Peve_00025452	0	19
Porites_evermani_scaffold_3425	30829	34810	gene-Peve_00025450	0.5832282459	61
Porites_evermani_scaffold_3425	35054	41823	gene-Peve_00025451	0.5740923797	187
Porites_evermani_scaffold_3426	9052	13858	gene-Peve_00025454	0.1495726563	96
Porites_evermani_scaffold_3426	22237	23338	gene-Peve_00025455	0	19
Porites_evermani_scaffold_3426	30729	41625	gene-Peve_00025456	0.6220792699	226
Porites_evermani_scaffold_3427	7242	27845	gene-Peve_00025458	0.7812578602	522
Porites_evermani_scaffold_3427	31354	31756	gene-Peve_00025457	.	0
Porites_evermani_scaffold_3428	2474	4780	gene-Peve_00025461	.	0
Porites_evermani_scaffold_3428	5154	30550	gene-Peve_00025462	19.64646457	14
Porites_evermani_scaffold_3428	32181	37890	gene-Peve_00025463	0	26
Porites_evermani_scaffold_3428	43139	44683	gene-Peve_00025464	.	0
Porites_evermani_scaffold_3429	5541	8421	gene-Peve_00025465	88.86346993	28
Porites_evermani_scaffold_3429	13019	15333	gene-Peve_00025466	64.36359939	18
Porites_evermani_scaffold_3429	15970	25471	gene-Peve_00025467	67.60980316	86
Porites_evermani_scaffold_3429	27924	31009	gene-Peve_00025468	73.37690633	3
Porites_evermani_scaffold_3429	32516	35517	gene-Peve_00025469	.	0
Porites_evermani_scaffold_3429	39837	41865	gene-Peve_00025470	0	2
Porites_evermani_scaffold_343	5111	16779	gene-Peve_00025471	0.9882613941	236
Porites_evermani_scaffold_343	19328	21233	gene-Peve_00025477	0.35343916	75
Porites_evermani_scaffold_343	27545	28040	gene-Peve_00025482	0	19
Porites_evermani_scaffold_343	33961	52957	gene-Peve_00025484	68.09946176	108
Porites_evermani_scaffold_343	57231	68293	gene-Peve_00025487	24.33778821	215
Porites_evermani_scaffold_343	73853	93056	gene-Peve_00025472	28.7744019	312
Porites_evermani_scaffold_343	99357	110483	gene-Peve_00025473	0.918539771	214
Porites_evermani_scaffold_343	126700	145176	gene-Peve_00025474	48.76695359	170
Porites_evermani_scaffold_343	149207	149876	gene-Peve_00025475	12.03463205	21
Porites_evermani_scaffold_343	150169	151072	gene-Peve_00025476	9.833916091	22
Porites_evermani_scaffold_343	177338	236967	gene-Peve_00025478	15.27596664	873
Porites_evermani_scaffold_343	237151	239836	gene-Peve_00025480	42.41771782	22
Porites_evermani_scaffold_343	241374	241746	gene-Peve_00025483	.	0
Porites_evermani_scaffold_343	242692	246612	gene-Peve_00025481	37.435713	40
Porites_evermani_scaffold_343	246698	255344	gene-Peve_00025479	13.70105785	159
Porites_evermani_scaffold_343	256574	259437	gene-Peve_00025485	0	39
Porites_evermani_scaffold_343	264745	287670	gene-Peve_00025486	16.22596044	140
Porites_evermani_scaffold_3430	41	440	gene-Peve_00025488	.	0
Porites_evermani_scaffold_3430	19695	35818	gene-Peve_00025489	1.743666164	61
Porites_evermani_scaffold_3431	1	25507	gene-Peve_00025490	5.274472171	175
Porites_evermani_scaffold_3431	27565	33655	gene-Peve_00025493	41.35710546	61
Porites_evermani_scaffold_3431	35577	38435	gene-Peve_00025494	60.70810127	33
Porites_evermani_scaffold_3431	43638	44695	gene-Peve_00025491	.	0
Porites_evermani_scaffold_3432	8951	10154	gene-Peve_00025497	11.61630265	34
Porites_evermani_scaffold_3432	11611	13115	gene-Peve_00025496	5.007661216	37
Porites_evermani_scaffold_3432	22024	22234	gene-Peve_00025499	.	0
Porites_evermani_scaffold_3433	2671	25071	gene-Peve_00025500	.	0
Porites_evermani_scaffold_3433	30645	33209	gene-Peve_00025501	.	0
Porites_evermani_scaffold_3433	38910	41310	gene-Peve_00025502	.	0
Porites_evermani_scaffold_3434	0	333	gene-Peve_00025503	.	0
Porites_evermani_scaffold_3434	17157	19911	gene-Peve_00025504	0	5
Porites_evermani_scaffold_3434	22868	23210	gene-Peve_00025505	.	0
Porites_evermani_scaffold_3434	36594	43208	gene-Peve_00025506	6.99807061	59
Porites_evermani_scaffold_3435	10866	34402	gene-Peve_00025507	14.79716492	141
Porites_evermani_scaffold_3436	20112	26880	gene-Peve_00025510	10.05561936	47
Porites_evermani_scaffold_3436	29234	40655	gene-Peve_00025508	0.1699809667	90
Porites_evermani_scaffold_3437	1488	15327	gene-Peve_00025511	0.4020979091	44
Porites_evermani_scaffold_3437	19928	20188	gene-Peve_00025512	.	0
Porites_evermani_scaffold_3437	34415	37262	gene-Peve_00025513	0.1893939375	32
Porites_evermani_scaffold_3438	247	32722	gene-Peve_00025514	16.39333943	417
Porites_evermani_scaffold_3438	3646	5606	gene-Peve_00025515	0.04545454545	110
Porites_evermani_scaffold_3439	3410	4842	gene-Peve_00025518	0	1
Porites_evermani_scaffold_3439	4250	5864	gene-Peve_00025522	0.2774377907	43
Porites_evermani_scaffold_3439	15111	16125	gene-Peve_00025524	.	0
Porites_evermani_scaffold_3439	19222	20278	gene-Peve_00025525	0.4132231364	22
Porites_evermani_scaffold_3439	33284	34994	gene-Peve_00025519	0	17
Porites_evermani_scaffold_3439	40671	41903	gene-Peve_00025520	0.8169065636	55
Porites_evermani_scaffold_344	1741	2572	gene-Peve_00025527	0	25
Porites_evermani_scaffold_344	8953	17024	gene-Peve_00025543	0.2336327282	103
Porites_evermani_scaffold_344	17440	17703	gene-Peve_00025556	0	6
Porites_evermani_scaffold_344	20518	24510	gene-Peve_00025558	.	0
Porites_evermani_scaffold_344	25824	26935	gene-Peve_00025563	.	0
Porites_evermani_scaffold_344	28225	31869	gene-Peve_00025528	.	0
Porites_evermani_scaffold_344	34862	36542	gene-Peve_00025541	2.523191071	14
Porites_evermani_scaffold_344	42315	44055	gene-Peve_00025542	0	10
Porites_evermani_scaffold_344	45791	55734	gene-Peve_00025544	95	2
Porites_evermani_scaffold_344	56033	61253	gene-Peve_00025545	0.6944444167	12
Porites_evermani_scaffold_344	68252	68952	gene-Peve_00025546	.	0
Porites_evermani_scaffold_344	91713	94066	gene-Peve_00025548	.	0
Porites_evermani_scaffold_344	100884	157730	gene-Peve_00025549	5.938781399	148
Porites_evermani_scaffold_344	123582	131511	gene-Peve_00025550	0	4
Porites_evermani_scaffold_344	131494	136439	gene-Peve_00025551	0	14
Porites_evermani_scaffold_344	142278	149874	gene-Peve_00025552	0.270459125	56
Porites_evermani_scaffold_344	151448	154573	gene-Peve_00025553	0	1
Porites_evermani_scaffold_344	160545	161420	gene-Peve_00025555	.	0
Porites_evermani_scaffold_344	165889	170409	gene-Peve_00025554	0	5
Porites_evermani_scaffold_344	174624	177325	gene-Peve_00025557	.	0
Porites_evermani_scaffold_344	176329	176760	gene-Peve_00025559	.	0
Porites_evermani_scaffold_344	187697	188298	gene-Peve_00025560	.	0
Porites_evermani_scaffold_344	191814	192183	gene-Peve_00025561	.	0
Porites_evermani_scaffold_344	192787	193663	gene-Peve_00025562	0	11
Porites_evermani_scaffold_344	202240	206986	gene-Peve_00025564	0	17
Porites_evermani_scaffold_344	208990	222581	gene-Peve_00025565	0	2
Porites_evermani_scaffold_344	226179	227052	gene-Peve_00025566	0	31
Porites_evermani_scaffold_344	232449	232911	gene-Peve_00025529	7.90459525	4
Porites_evermani_scaffold_344	233506	239265	gene-Peve_00025530	3.166725036	28
Porites_evermani_scaffold_344	241641	242040	gene-Peve_00025531	0	6
Porites_evermani_scaffold_344	245086	245962	gene-Peve_00025532	.	0
Porites_evermani_scaffold_344	250093	250969	gene-Peve_00025533	.	0
Porites_evermani_scaffold_344	252357	253212	gene-Peve_00025534	.	0
Porites_evermani_scaffold_344	254512	256641	gene-Peve_00025535	0	47
Porites_evermani_scaffold_344	260296	261160	gene-Peve_00025536	.	0
Porites_evermani_scaffold_344	265917	266799	gene-Peve_00025537	0	4
Porites_evermani_scaffold_344	272777	279869	gene-Peve_00025538	.	0
Porites_evermani_scaffold_344	285562	286354	gene-Peve_00025539	.	0
Porites_evermani_scaffold_344	289513	290320	gene-Peve_00025540	.	0
Porites_evermani_scaffold_3440	4148	7506	gene-Peve_00025568	.	0
Porites_evermani_scaffold_3440	19793	20881	gene-Peve_00025569	.	0
Porites_evermani_scaffold_3440	24236	28122	gene-Peve_00025567	.	0
Porites_evermani_scaffold_3441	493	8742	gene-Peve_00025570	65.45406551	84
Porites_evermani_scaffold_3441	8986	21433	gene-Peve_00025571	70.01710389	92
Porites_evermani_scaffold_3441	22528	34246	gene-Peve_00025572	81.88478546	172
Porites_evermani_scaffold_3441	35875	41730	gene-Peve_00025573	0.4979395625	80
Porites_evermani_scaffold_3442	3133	17853	gene-Peve_00025574	1.190476167	6
Porites_evermani_scaffold_3442	29799	32169	gene-Peve_00025575	0	9
Porites_evermani_scaffold_3442	39898	40294	gene-Peve_00025576	0.6493506364	11
Porites_evermani_scaffold_3443	1711	24615	gene-Peve_00025577	0.7631741487	195
Porites_evermani_scaffold_3443	13682	14498	gene-Peve_00025578	0	1
Porites_evermani_scaffold_3443	26323	31049	gene-Peve_00025579	4.779668824	34
Porites_evermani_scaffold_3443	32144	34792	gene-Peve_00025580	30.769231	1
Porites_evermani_scaffold_3444	2705	8510	gene-Peve_00025581	0	7
Porites_evermani_scaffold_3444	11552	40836	gene-Peve_00025582	6.934084521	167
Porites_evermani_scaffold_3445	1111	2679	gene-Peve_00025583	0.780964625	48
Porites_evermani_scaffold_3445	7902	9922	gene-Peve_00025586	0.1068376111	72
Porites_evermani_scaffold_3445	27639	29000	gene-Peve_00025584	1.040263043	46
Porites_evermani_scaffold_3445	42715	44528	gene-Peve_00025585	1.887755095	21
Porites_evermani_scaffold_3446	12708	31471	gene-Peve_00025588	0.2673796818	22
Porites_evermani_scaffold_3446	37786	45131	gene-Peve_00025587	.	0
Porites_evermani_scaffold_3447	3183	7349	gene-Peve_00025589	0.4445773509	57
Porites_evermani_scaffold_3447	18334	22300	gene-Peve_00025594	11.51116385	85
Porites_evermani_scaffold_3447	28608	34675	gene-Peve_00025590	0.9579834365	126
Porites_evermani_scaffold_3447	38717	39512	gene-Peve_00025593	1.581647412	34
Porites_evermani_scaffold_3448	4714	18100	gene-Peve_00025595	0.1791689271	192
Porites_evermani_scaffold_3448	8940	9366	gene-Peve_00025599	.	0
Porites_evermani_scaffold_3448	23640	24516	gene-Peve_00025596	.	0
Porites_evermani_scaffold_3448	32361	39592	gene-Peve_00025597	0.2260541189	143
Porites_evermani_scaffold_3448	41679	42075	gene-Peve_00025598	0.5213061818	11
Porites_evermani_scaffold_3449	87	13310	gene-Peve_00025600	23.52724205	115
Porites_evermani_scaffold_3449	21501	31825	gene-Peve_00025601	13.54830439	164
Porites_evermani_scaffold_3449	32135	39379	gene-Peve_00025603	45.37610156	45
Porites_evermani_scaffold_345	2300	3187	gene-Peve_00025608	0.2279007812	32
Porites_evermani_scaffold_345	14403	14939	gene-Peve_00025616	0.3900463846	13
Porites_evermani_scaffold_345	15966	22650	gene-Peve_00025613	0.9233846617	269
Porites_evermani_scaffold_345	28091	39390	gene-Peve_00025617	18.74542811	196
Porites_evermani_scaffold_345	33816	34186	gene-Peve_00025618	58.2717845	10
Porites_evermani_scaffold_345	41808	46542	gene-Peve_00025619	38.15811887	61
Porites_evermani_scaffold_345	49260	88511	gene-Peve_00025604	7.304992929	1078
Porites_evermani_scaffold_345	91758	92118	gene-Peve_00025606	.	0
Porites_evermani_scaffold_345	97420	98152	gene-Peve_00025607	12.66771028	18
Porites_evermani_scaffold_345	98956	100270	gene-Peve_00025609	14.47510817	12
Porites_evermani_scaffold_345	131698	141335	gene-Peve_00025610	83.30488072	54
Porites_evermani_scaffold_345	145878	150363	gene-Peve_00025611	19.3943266	55
Porites_evermani_scaffold_345	154382	234739	gene-Peve_00025612	2.941639206	1628
Porites_evermani_scaffold_345	242415	255332	gene-Peve_00025614	0.4928117184	380
Porites_evermani_scaffold_345	262915	289681	gene-Peve_00025615	1.203459487	692
Porites_evermani_scaffold_3450	1003	7867	gene-Peve_00025620	2.064856034	204
Porites_evermani_scaffold_3450	12394	34230	gene-Peve_00025621	0.8715216064	343
Porites_evermani_scaffold_3451	9627	26764	gene-Peve_00025622	6.468115227	44
Porites_evermani_scaffold_3451	28499	29686	gene-Peve_00025624	.	0
Porites_evermani_scaffold_3451	31201	44962	gene-Peve_00025623	0.3885804948	97
Porites_evermani_scaffold_3452	704	26763	gene-Peve_00025628	8.401059358	165
Porites_evermani_scaffold_3452	27162	30455	gene-Peve_00025625	0	14
Porites_evermani_scaffold_3452	32198	32972	gene-Peve_00025626	0	7
Porites_evermani_scaffold_3452	32968	35253	gene-Peve_00025627	0	3
Porites_evermani_scaffold_3452	37207	43830	gene-Peve_00025629	25.79124583	6
Porites_evermani_scaffold_3453	935	1727	gene-Peve_00025630	0	15
Porites_evermani_scaffold_3453	16820	17690	gene-Peve_00025633	.	0
Porites_evermani_scaffold_3453	17724	24497	gene-Peve_00025632	37.4714152	35
Porites_evermani_scaffold_3453	24666	26931	gene-Peve_00025634	39.67912812	48
Porites_evermani_scaffold_3453	31256	31682	gene-Peve_00025635	.	0
Porites_evermani_scaffold_3453	35421	35769	gene-Peve_00025631	.	0
Porites_evermani_scaffold_3454	2	3299	gene-Peve_00025636	58.22858729	77
Porites_evermani_scaffold_3454	3351	7292	gene-Peve_00025640	54.92622073	30
Porites_evermani_scaffold_3454	8281	10186	gene-Peve_00025641	53.33978326	19
Porites_evermani_scaffold_3454	16772	25754	gene-Peve_00025642	9.479584121	206
Porites_evermani_scaffold_3454	27364	28507	gene-Peve_00025637	2.644855143	28
Porites_evermani_scaffold_3454	32367	34471	gene-Peve_00025638	0	17
Porites_evermani_scaffold_3454	35895	44139	gene-Peve_00025639	8.465938821	56
Porites_evermani_scaffold_3456	8245	11521	gene-Peve_00025643	0.126262625	72
Porites_evermani_scaffold_3456	16016	24113	gene-Peve_00025644	7.976114818	33
Porites_evermani_scaffold_3456	25956	31566	gene-Peve_00025645	15.38461538	13
Porites_evermani_scaffold_3456	32614	43664	gene-Peve_00025646	17.71302681	138
Porites_evermani_scaffold_3457	8377	25746	gene-Peve_00025647	1.409840156	77
Porites_evermani_scaffold_3457	26173	31879	gene-Peve_00025648	49.16666675	8
Porites_evermani_scaffold_3457	32910	38362	gene-Peve_00025649	.	0
Porites_evermani_scaffold_3457	43084	44858	gene-Peve_00025650	0	14
Porites_evermani_scaffold_3458	2	11057	gene-Peve_00025651	51.624576	70
Porites_evermani_scaffold_3458	22557	23489	gene-Peve_00025652	.	0
Porites_evermani_scaffold_3458	24584	26720	gene-Peve_00025653	82.77369694	17
Porites_evermani_scaffold_3458	34998	37390	gene-Peve_00025654	67.56944977	13
Porites_evermani_scaffold_3458	38504	38826	gene-Peve_00025655	.	0
Porites_evermani_scaffold_3458	40899	41624	gene-Peve_00025656	95	2
Porites_evermani_scaffold_3458	42898	44827	gene-Peve_00025657	76.010101	3
Porites_evermani_scaffold_3459	118	541	gene-Peve_00025658	0	3
Porites_evermani_scaffold_3459	25139	27497	gene-Peve_00025659	0	15
Porites_evermani_scaffold_3459	39598	40887	gene-Peve_00025661	0	6
Porites_evermani_scaffold_346	16261	17742	gene-Peve_00025666	0	27
Porites_evermani_scaffold_346	19044	25236	gene-Peve_00025670	9.649714048	124
Porites_evermani_scaffold_346	21899	24812	gene-Peve_00025676	9.037326945	91
Porites_evermani_scaffold_346	44385	65175	gene-Peve_00025667	8.571640249	398
Porites_evermani_scaffold_346	71464	72281	gene-Peve_00025665	0.4347826087	23
Porites_evermani_scaffold_346	113588	114813	gene-Peve_00025671	0	25
Porites_evermani_scaffold_346	140506	161644	gene-Peve_00025674	0.3867831375	240
Porites_evermani_scaffold_346	180304	180727	gene-Peve_00025679	3.125	6
Porites_evermani_scaffold_346	181491	182076	gene-Peve_00025680	3.4640524	5
Porites_evermani_scaffold_346	263977	266441	gene-Peve_00025681	0.4675752474	97
Porites_evermani_scaffold_346	265563	266088	gene-Peve_00025682	0.5928392	20
Porites_evermani_scaffold_346	267218	267927	gene-Peve_00025683	0.3822393929	28
Porites_evermani_scaffold_346	269113	270159	gene-Peve_00025684	0.4658935833	36
Porites_evermani_scaffold_346	270242	270716	gene-Peve_00025685	0.7466025714	21
Porites_evermani_scaffold_3460	6887	8183	gene-Peve_00025686	0	29
Porites_evermani_scaffold_3460	11635	12586	gene-Peve_00025687	0	31
Porites_evermani_scaffold_3460	18255	18843	gene-Peve_00025688	1.4973262	10
Porites_evermani_scaffold_3460	21941	43850	gene-Peve_00025689	1.13664819	337
Porites_evermani_scaffold_3461	3642	8518	gene-Peve_00025690	1.58951915	40
Porites_evermani_scaffold_3461	34420	35227	gene-Peve_00025691	.	0
Porites_evermani_scaffold_3461	37228	37471	gene-Peve_00025693	6.388889	3
Porites_evermani_scaffold_3462	211	517	gene-Peve_00025694	80.793207	5
Porites_evermani_scaffold_3463	0	9485	gene-Peve_00025697	0.457976335	197
Porites_evermani_scaffold_3463	18704	38370	gene-Peve_00025698	19.36886655	308
Porites_evermani_scaffold_3463	41697	44495	gene-Peve_00025699	2.509331727	88
Porites_evermani_scaffold_3464	1144	6917	gene-Peve_00025700	2.294347033	30
Porites_evermani_scaffold_3464	19493	28409	gene-Peve_00025701	15.96998546	157
Porites_evermani_scaffold_3465	850	2417	gene-Peve_00025702	0.36363636	25
Porites_evermani_scaffold_3465	9188	10091	gene-Peve_00025703	.	0
Porites_evermani_scaffold_3465	21581	22379	gene-Peve_00025704	0	1
Porites_evermani_scaffold_3465	32187	32889	gene-Peve_00025705	.	0
Porites_evermani_scaffold_3465	34205	43867	gene-Peve_00025706	0.1923076923	52
Porites_evermani_scaffold_3466	3113	6119	gene-Peve_00025707	0.4887992069	116
Porites_evermani_scaffold_3466	22915	27001	gene-Peve_00025708	.	0
Porites_evermani_scaffold_3467	1041	18744	gene-Peve_00025709	0.7497540769	52
Porites_evermani_scaffold_3467	21214	33117	gene-Peve_00025710	1.421270114	44
Porites_evermani_scaffold_3467	37199	40862	gene-Peve_00025711	0.8630210312	64
Porites_evermani_scaffold_3468	4567	6145	gene-Peve_00025712	0	3
Porites_evermani_scaffold_3468	18122	20553	gene-Peve_00025713	40.4761905	14
Porites_evermani_scaffold_3468	22321	42879	gene-Peve_00025714	79.914834	14
Porites_evermani_scaffold_3469	690	11526	gene-Peve_00025715	0.9996818627	51
Porites_evermani_scaffold_3469	13349	14612	gene-Peve_00025716	0.981685	35
Porites_evermani_scaffold_3469	18261	21179	gene-Peve_00025717	0	25
Porites_evermani_scaffold_3469	24756	31213	gene-Peve_00025718	0.2180743881	67
Porites_evermani_scaffold_347	26848	38058	gene-Peve_00025735	0	61
Porites_evermani_scaffold_347	59407	63216	gene-Peve_00025739	0.2109541504	113
Porites_evermani_scaffold_347	66316	67752	gene-Peve_00025740	0.1234568	45
Porites_evermani_scaffold_347	73195	76759	gene-Peve_00025719	0.4431679359	78
Porites_evermani_scaffold_347	79714	80486	gene-Peve_00025720	0.5	20
Porites_evermani_scaffold_347	84396	85521	gene-Peve_00025721	0	45
Porites_evermani_scaffold_347	94427	97948	gene-Peve_00025722	0.2008032169	83
Porites_evermani_scaffold_347	99159	100368	gene-Peve_00025723	0.2032520244	41
Porites_evermani_scaffold_347	124826	139120	gene-Peve_00025726	40.98487331	32
Porites_evermani_scaffold_347	142203	145771	gene-Peve_00025727	0.4038800741	27
Porites_evermani_scaffold_347	151683	162830	gene-Peve_00025728	0.4170359677	279
Porites_evermani_scaffold_347	167508	179514	gene-Peve_00025729	1.266653345	328
Porites_evermani_scaffold_347	186222	205786	gene-Peve_00025730	1.132187403	395
Porites_evermani_scaffold_347	214687	239333	gene-Peve_00025732	0.8397258176	318
Porites_evermani_scaffold_347	266430	268296	gene-Peve_00025733	0	54
Porites_evermani_scaffold_347	271895	283745	gene-Peve_00025734	0.4784880037	273
Porites_evermani_scaffold_347	293769	294128	gene-Peve_00025738	0	6
Porites_evermani_scaffold_347	293837	294390	gene-Peve_00025737	0	7
Porites_evermani_scaffold_3470	9167	10530	gene-Peve_00025741	0.5372553243	37
Porites_evermani_scaffold_3470	20727	25576	gene-Peve_00025742	0.348512609	133
Porites_evermani_scaffold_3470	30582	43867	gene-Peve_00025743	1.485795113	291
Porites_evermani_scaffold_3471	1065	1998	gene-Peve_00025744	0.3030303	30
Porites_evermani_scaffold_3471	3798	4719	gene-Peve_00025746	0.295858	26
Porites_evermani_scaffold_3471	6585	22412	gene-Peve_00025747	19.74646342	233
Porites_evermani_scaffold_3471	27425	30947	gene-Peve_00025748	57.49555828	39
Porites_evermani_scaffold_3471	31145	44477	gene-Peve_00025745	31.37528231	145
Porites_evermani_scaffold_3472	9754	10349	gene-Peve_00025749	0	2
Porites_evermani_scaffold_3472	13993	16498	gene-Peve_00025750	0	4
Porites_evermani_scaffold_3473	1799	26151	gene-Peve_00025751	21.4411688	51
Porites_evermani_scaffold_3473	32176	34624	gene-Peve_00025752	0.1754386053	38
Porites_evermani_scaffold_3473	39733	43372	gene-Peve_00025753	0	53
Porites_evermani_scaffold_3474	285	25099	gene-Peve_00025754	50.25013017	174
Porites_evermani_scaffold_3474	24420	28581	gene-Peve_00025755	79.13105411	9
Porites_evermani_scaffold_3475	1503	2580	gene-Peve_00025756	0.2262443529	34
Porites_evermani_scaffold_3475	27835	42391	gene-Peve_00025757	1.668682931	408
Porites_evermani_scaffold_3476	17188	18363	gene-Peve_00025760	.	0
Porites_evermani_scaffold_3476	19390	20923	gene-Peve_00025758	.	0
Porites_evermani_scaffold_3476	43711	44356	gene-Peve_00025761	.	0
Porites_evermani_scaffold_3477	4997	8931	gene-Peve_00025763	.	0
Porites_evermani_scaffold_3477	9318	12182	gene-Peve_00025764	0	23
Porites_evermani_scaffold_3477	19537	22900	gene-Peve_00025765	1.429403919	62
Porites_evermani_scaffold_3477	28537	42417	gene-Peve_00025762	0.1838235294	34
Porites_evermani_scaffold_3478	3605	4963	gene-Peve_00025767	0	1
Porites_evermani_scaffold_3478	8910	9267	gene-Peve_00025768	.	0
Porites_evermani_scaffold_3478	10468	17883	gene-Peve_00025769	0	1
Porites_evermani_scaffold_3478	21060	30829	gene-Peve_00025770	0.155599117	265
Porites_evermani_scaffold_3478	31708	32161	gene-Peve_00025771	0	9
Porites_evermani_scaffold_3478	32817	44482	gene-Peve_00025766	15.86440693	43
Porites_evermani_scaffold_3479	16025	23079	gene-Peve_00025772	2.351407613	163
Porites_evermani_scaffold_3479	26275	30102	gene-Peve_00025773	47.09499267	18
Porites_evermani_scaffold_3479	40194	42397	gene-Peve_00025774	0.3719245902	61
Porites_evermani_scaffold_3479	42807	44508	gene-Peve_00025775	1.239669409	22
Porites_evermani_scaffold_348	710	1013	gene-Peve_00025776	.	0
Porites_evermani_scaffold_348	10673	11555	gene-Peve_00025778	.	0
Porites_evermani_scaffold_348	18529	19343	gene-Peve_00025779	0	14
Porites_evermani_scaffold_348	19535	21689	gene-Peve_00025780	0.2040816327	49
Porites_evermani_scaffold_348	23071	24167	gene-Peve_00025781	0	26
Porites_evermani_scaffold_348	26929	65942	gene-Peve_00025782	2.552613194	720
Porites_evermani_scaffold_348	49064	54539	gene-Peve_00025783	0	70
Porites_evermani_scaffold_348	67252	69841	gene-Peve_00025785	.	0
Porites_evermani_scaffold_348	71424	73872	gene-Peve_00025786	.	0
Porites_evermani_scaffold_348	75464	79913	gene-Peve_00025787	0.4571086767	133
Porites_evermani_scaffold_348	86444	90387	gene-Peve_00025788	0.2072002099	81
Porites_evermani_scaffold_348	91558	96223	gene-Peve_00025789	27.18137245	62
Porites_evermani_scaffold_348	96820	121401	gene-Peve_00025790	22.4918541	146
Porites_evermani_scaffold_348	146194	146832	gene-Peve_00025792	.	0
Porites_evermani_scaffold_348	180551	189944	gene-Peve_00025794	48.07998113	166
Porites_evermani_scaffold_348	193578	200660	gene-Peve_00025795	38.4514755	155
Porites_evermani_scaffold_348	200744	213283	gene-Peve_00025796	10.50165921	234
Porites_evermani_scaffold_348	220357	221287	gene-Peve_00025797	0.1231527241	29
Porites_evermani_scaffold_348	223876	224691	gene-Peve_00025798	.	0
Porites_evermani_scaffold_348	235850	236540	gene-Peve_00025799	34.476912	11
Porites_evermani_scaffold_348	238643	239573	gene-Peve_00025800	0	32
Porites_evermani_scaffold_348	246220	246784	gene-Peve_00025801	0	9
Porites_evermani_scaffold_348	254813	255779	gene-Peve_00025802	0.8645124762	21
Porites_evermani_scaffold_348	262313	290162	gene-Peve_00025803	13.28541043	589
Porites_evermani_scaffold_348	293760	295906	gene-Peve_00025777	72.77757095	20
Porites_evermani_scaffold_3480	1298	4585	gene-Peve_00025804	1.740333586	116
Porites_evermani_scaffold_3480	13945	15144	gene-Peve_00025808	26.87747033	3
Porites_evermani_scaffold_3480	15626	16955	gene-Peve_00025809	11.27966338	21
Porites_evermani_scaffold_3480	20836	22027	gene-Peve_00025805	.	0
Porites_evermani_scaffold_3480	25279	26600	gene-Peve_00025807	0.1112346897	29
Porites_evermani_scaffold_3481	5959	9079	gene-Peve_00025810	1.101581717	120
Porites_evermani_scaffold_3482	10218	12379	gene-Peve_00025811	.	0
Porites_evermani_scaffold_3482	17922	20594	gene-Peve_00025812	.	0
Porites_evermani_scaffold_3482	33373	40618	gene-Peve_00025813	.	0
Porites_evermani_scaffold_3483	0	1170	gene-Peve_00025814	2.08333325	4
Porites_evermani_scaffold_3483	5308	9407	gene-Peve_00025815	0.3571428571	14
Porites_evermani_scaffold_3483	10467	10962	gene-Peve_00025816	1.190476167	6
Porites_evermani_scaffold_3484	743	3290	gene-Peve_00025817	.	0
Porites_evermani_scaffold_3484	7159	9381	gene-Peve_00025820	.	0
Porites_evermani_scaffold_3484	11246	11813	gene-Peve_00025821	0	5
Porites_evermani_scaffold_3484	18746	25675	gene-Peve_00025822	.	0
Porites_evermani_scaffold_3484	32298	39394	gene-Peve_00025819	0	13
Porites_evermani_scaffold_3485	5940	10256	gene-Peve_00025825	93.6666666	10
Porites_evermani_scaffold_3485	12097	13399	gene-Peve_00025826	.	0
Porites_evermani_scaffold_3485	25801	35846	gene-Peve_00025827	0	8
Porites_evermani_scaffold_3485	41993	42299	gene-Peve_00025824	0	4
Porites_evermani_scaffold_3486	10897	12049	gene-Peve_00025828	20.8333335	2
Porites_evermani_scaffold_3487	2285	26540	gene-Peve_00025829	29.72111471	376
Porites_evermani_scaffold_3487	36002	44437	gene-Peve_00025830	0.2711187123	146
Porites_evermani_scaffold_3488	4197	6685	gene-Peve_00025831	.	0
Porites_evermani_scaffold_3488	6768	10155	gene-Peve_00025832	70	1
Porites_evermani_scaffold_3488	10607	35677	gene-Peve_00025833	54.0681818	20
Porites_evermani_scaffold_3488	36023	40288	gene-Peve_00025834	82.03044367	3
Porites_evermani_scaffold_3488	41621	44228	gene-Peve_00025835	.	0
Porites_evermani_scaffold_3489	8889	10033	gene-Peve_00025839	82.09735913	15
Porites_evermani_scaffold_3489	10562	11354	gene-Peve_00025840	76.79536583	24
Porites_evermani_scaffold_3489	23653	24049	gene-Peve_00025836	.	0
Porites_evermani_scaffold_3489	24372	25390	gene-Peve_00025841	.	0
Porites_evermani_scaffold_3489	32975	34003	gene-Peve_00025837	.	0
Porites_evermani_scaffold_349	263	22502	gene-Peve_00025842	0.5449568387	186
Porites_evermani_scaffold_349	46276	47706	gene-Peve_00025854	0	10
Porites_evermani_scaffold_349	50698	52027	gene-Peve_00025855	0.166666675	40
Porites_evermani_scaffold_349	60101	94770	gene-Peve_00025843	0.3116391136	88
Porites_evermani_scaffold_349	95292	103195	gene-Peve_00025844	65.08387183	86
Porites_evermani_scaffold_349	105343	118323	gene-Peve_00025845	66.71647343	147
Porites_evermani_scaffold_349	118550	152192	gene-Peve_00025846	12.50668612	512
Porites_evermani_scaffold_349	156765	160667	gene-Peve_00025847	39.77387203	40
Porites_evermani_scaffold_349	163953	199400	gene-Peve_00025848	0.2186495683	637
Porites_evermani_scaffold_349	204703	212165	gene-Peve_00025849	16.27924598	160
Porites_evermani_scaffold_349	212859	245171	gene-Peve_00025850	10.81520415	611
Porites_evermani_scaffold_349	247875	252703	gene-Peve_00025851	0.6448116016	128
Porites_evermani_scaffold_349	277388	290308	gene-Peve_00025852	0.4251877786	271
Porites_evermani_scaffold_349	291454	294525	gene-Peve_00025853	0.09652509459	74
Porites_evermani_scaffold_3490	1598	2821	gene-Peve_00025856	4.834054778	9
Porites_evermani_scaffold_3490	10975	14791	gene-Peve_00025857	0.2216792	100
Porites_evermani_scaffold_3490	39412	40960	gene-Peve_00025858	0.5681818125	32
Porites_evermani_scaffold_3491	12191	14040	gene-Peve_00025859	.	0
Porites_evermani_scaffold_3491	29094	37048	gene-Peve_00025861	0.7954487159	176
Porites_evermani_scaffold_3492	215	9923	gene-Peve_00025862	22.2749177	124
Porites_evermani_scaffold_3492	10136	13060	gene-Peve_00025864	38.78491566	38
Porites_evermani_scaffold_3492	21308	29585	gene-Peve_00025865	40.54805314	56
Porites_evermani_scaffold_3492	29799	40379	gene-Peve_00025863	84.6446886	10
Porites_evermani_scaffold_3493	1093	6099	gene-Peve_00025866	0.4504504595	37
Porites_evermani_scaffold_3494	2	1790	gene-Peve_00025867	84.8316545	12
Porites_evermani_scaffold_3494	2491	30870	gene-Peve_00025868	3.906703905	744
Porites_evermani_scaffold_3494	32809	33652	gene-Peve_00025869	0	3
Porites_evermani_scaffold_3495	784	8584	gene-Peve_00025870	12.80081923	31
Porites_evermani_scaffold_3495	13609	13906	gene-Peve_00025874	.	0
Porites_evermani_scaffold_3495	31176	32839	gene-Peve_00025872	.	0
Porites_evermani_scaffold_3495	39348	40029	gene-Peve_00025873	.	0
Porites_evermani_scaffold_3496	1093	2871	gene-Peve_00025875	.	0
Porites_evermani_scaffold_3496	9454	15934	gene-Peve_00025877	.	0
Porites_evermani_scaffold_3496	18553	22096	gene-Peve_00025876	.	0
Porites_evermani_scaffold_3496	25554	34657	gene-Peve_00025878	50	1
Porites_evermani_scaffold_3496	36100	37856	gene-Peve_00025879	52.747253	2
Porites_evermani_scaffold_3497	654	1241	gene-Peve_00025880	.	0
Porites_evermani_scaffold_3497	12473	13244	gene-Peve_00025881	0.2341129355	31
Porites_evermani_scaffold_3497	13607	14105	gene-Peve_00025882	0.1365214545	22
Porites_evermani_scaffold_3497	14878	15628	gene-Peve_00025883	0.569193087	23
Porites_evermani_scaffold_3497	15689	20403	gene-Peve_00025884	0.6695274522	115
Porites_evermani_scaffold_3497	21724	22132	gene-Peve_00025885	0	2
Porites_evermani_scaffold_3497	22582	23233	gene-Peve_00025886	0.2380952667	15
Porites_evermani_scaffold_3497	25704	26187	gene-Peve_00025887	0	5
Porites_evermani_scaffold_3497	29153	33310	gene-Peve_00025888	0	22
Porites_evermani_scaffold_3497	40185	41676	gene-Peve_00025889	.	0
Porites_evermani_scaffold_3498	14269	14763	gene-Peve_00025896	.	0
Porites_evermani_scaffold_3498	22507	25989	gene-Peve_00025897	1.447368429	14
Porites_evermani_scaffold_3498	29795	30319	gene-Peve_00025891	.	0
Porites_evermani_scaffold_3498	36526	37576	gene-Peve_00025892	11.09647488	17
Porites_evermani_scaffold_3498	38430	41633	gene-Peve_00025893	13.32564504	145
Porites_evermani_scaffold_3498	42915	43530	gene-Peve_00025894	23.06032608	38
Porites_evermani_scaffold_3499	11680	15945	gene-Peve_00025898	0	92
Porites_evermani_scaffold_3499	15997	16598	gene-Peve_00025899	0	14
Porites_evermani_scaffold_3499	20966	31401	gene-Peve_00025900	0.5476621595	257
Porites_evermani_scaffold_3499	38156	39524	gene-Peve_00025901	0.9284697143	21
Porites_evermani_scaffold_35	1437	5406	gene-Peve_00025935	8.06417287	131
Porites_evermani_scaffold_35	19846	20827	gene-Peve_00025906	0.3333333333	30
Porites_evermani_scaffold_35	21825	66061	gene-Peve_00025909	19.13266359	801
Porites_evermani_scaffold_35	55279	56137	gene-Peve_00025948	51.44793415	13
Porites_evermani_scaffold_35	57472	62299	gene-Peve_00025949	.	0
Porites_evermani_scaffold_35	89733	94007	gene-Peve_00025950	66.40295453	60
Porites_evermani_scaffold_35	103880	117335	gene-Peve_00025951	72.76199619	253
Porites_evermani_scaffold_35	117817	118104	gene-Peve_00025952	96.66666667	3
Porites_evermani_scaffold_35	123307	123856	gene-Peve_00025954	85.15834108	25
Porites_evermani_scaffold_35	125310	348002	gene-Peve_00025955	5.784157836	4518
Porites_evermani_scaffold_35	130026	130344	gene-Peve_00025956	0	5
Porites_evermani_scaffold_35	194004	194976	gene-Peve_00025958	4.643962842	19
Porites_evermani_scaffold_35	297667	298373	gene-Peve_00025902	23.14732331	16
Porites_evermani_scaffold_35	306375	308017	gene-Peve_00025905	1.754211558	52
Porites_evermani_scaffold_35	346783	347235	gene-Peve_00025907	5.79725825	12
Porites_evermani_scaffold_35	359422	359753	gene-Peve_00025908	0	10
Porites_evermani_scaffold_35	391154	391648	gene-Peve_00025911	0	28
Porites_evermani_scaffold_35	398523	511017	gene-Peve_00025912	1.432395248	2486
Porites_evermani_scaffold_35	413515	413990	gene-Peve_00025913	4.621660385	13
Porites_evermani_scaffold_35	428043	428533	gene-Peve_00025915	19.940992	24
Porites_evermani_scaffold_35	472564	474408	gene-Peve_00025917	0.03324468085	47
Porites_evermani_scaffold_35	477044	478225	gene-Peve_00025918	.	0
Porites_evermani_scaffold_35	519157	519538	gene-Peve_00025919	0.5494505385	13
Porites_evermani_scaffold_35	523090	523839	gene-Peve_00025920	0	24
Porites_evermani_scaffold_35	535145	541292	gene-Peve_00025923	0.4003264716	176
Porites_evermani_scaffold_35	536245	536641	gene-Peve_00025924	0.4545454545	11
Porites_evermani_scaffold_35	554303	554927	gene-Peve_00025925	0.2392344545	22
Porites_evermani_scaffold_35	566858	583316	gene-Peve_00025926	2.894598362	221
Porites_evermani_scaffold_35	588149	588974	gene-Peve_00025927	.	0
Porites_evermani_scaffold_35	605973	607414	gene-Peve_00025928	.	0
Porites_evermani_scaffold_35	613696	622358	gene-Peve_00025929	0.3101104486	107
Porites_evermani_scaffold_35	625784	632718	gene-Peve_00025930	2.058477424	85
Porites_evermani_scaffold_35	634492	708215	gene-Peve_00025931	10.59607418	1147
Porites_evermani_scaffold_35	682878	730233	gene-Peve_00025932	0.6812480154	650
Porites_evermani_scaffold_35	733157	735406	gene-Peve_00025938	0.557041	66
Porites_evermani_scaffold_35	737228	738938	gene-Peve_00025939	2.030807462	52
Porites_evermani_scaffold_35	744880	751286	gene-Peve_00025940	37.16242374	96
Porites_evermani_scaffold_35	754055	769241	gene-Peve_00025941	0.5081057133	300
Porites_evermani_scaffold_35	769961	773387	gene-Peve_00025942	0.4270530381	105
Porites_evermani_scaffold_35	774326	788816	gene-Peve_00025943	61.67426762	133
Porites_evermani_scaffold_35	791397	793785	gene-Peve_00025944	95	2
Porites_evermani_scaffold_35	795753	800328	gene-Peve_00025945	35.45776828	53
Porites_evermani_scaffold_35	803844	812328	gene-Peve_00025946	0.7571511646	243
Porites_evermani_scaffold_35	822883	823417	gene-Peve_00025947	0.2747252692	26
Porites_evermani_scaffold_350	1790	5459	gene-Peve_00025964	.	0
Porites_evermani_scaffold_350	18763	19135	gene-Peve_00025968	.	0
Porites_evermani_scaffold_350	37060	38173	gene-Peve_00025961	.	0
Porites_evermani_scaffold_350	40131	40474	gene-Peve_00025962	.	0
Porites_evermani_scaffold_350	53698	60618	gene-Peve_00025963	0	11
Porites_evermani_scaffold_350	63817	64086	gene-Peve_00025965	0	4
Porites_evermani_scaffold_350	64674	66383	gene-Peve_00025966	.	0
Porites_evermani_scaffold_350	75812	83989	gene-Peve_00025967	0.4656319268	41
Porites_evermani_scaffold_350	92639	93076	gene-Peve_00025970	0	3
Porites_evermani_scaffold_350	95282	104411	gene-Peve_00025972	4.795499468	171
Porites_evermani_scaffold_350	105909	108021	gene-Peve_00025971	0	14
Porites_evermani_scaffold_350	109960	116159	gene-Peve_00025973	0.8185196815	157
Porites_evermani_scaffold_350	114796	115413	gene-Peve_00025975	4.370591545	22
Porites_evermani_scaffold_350	121144	133431	gene-Peve_00025976	0.5479730961	333
Porites_evermani_scaffold_350	135173	135671	gene-Peve_00025978	0	3
Porites_evermani_scaffold_350	142726	145896	gene-Peve_00025979	0	69
Porites_evermani_scaffold_350	149894	157489	gene-Peve_00025977	0.2894498156	141
Porites_evermani_scaffold_350	158562	163897	gene-Peve_00025981	3.27235973	111
Porites_evermani_scaffold_350	166880	168004	gene-Peve_00025982	0.4952830189	53
Porites_evermani_scaffold_350	173543	195545	gene-Peve_00025983	6.607788364	426
Porites_evermani_scaffold_350	198169	204276	gene-Peve_00025984	37.60584662	55
Porites_evermani_scaffold_350	205791	207339	gene-Peve_00025985	20.4046951	21
Porites_evermani_scaffold_350	207819	209268	gene-Peve_00025986	13.41991343	21
Porites_evermani_scaffold_350	238341	265057	gene-Peve_00025987	0.2507960097	616
Porites_evermani_scaffold_350	282476	293839	gene-Peve_00025988	25.76111705	298
Porites_evermani_scaffold_3500	20063	28571	gene-Peve_00025990	0.2980615063	79
Porites_evermani_scaffold_3501	3390	4326	gene-Peve_00025991	.	0
Porites_evermani_scaffold_3501	6558	25074	gene-Peve_00025992	2.888888084	167
Porites_evermani_scaffold_3501	26639	29735	gene-Peve_00025993	37.14605269	45
Porites_evermani_scaffold_3501	35638	36197	gene-Peve_00025994	2.003205125	8
Porites_evermani_scaffold_3501	39743	39992	gene-Peve_00025995	0	5
Porites_evermani_scaffold_3502	4144	9474	gene-Peve_00025997	0	27
Porites_evermani_scaffold_3502	26643	34914	gene-Peve_00025998	58.767507	17
Porites_evermani_scaffold_3502	31875	32391	gene-Peve_00025999	.	0
Porites_evermani_scaffold_3502	37890	40658	gene-Peve_00025996	13.51082251	35
Porites_evermani_scaffold_3503	186	8124	gene-Peve_00026000	0.1234311651	218
Porites_evermani_scaffold_3503	30580	43795	gene-Peve_00026001	0.7359529714	350
Porites_evermani_scaffold_3504	8225	18641	gene-Peve_00026002	0.3336090538	93
Porites_evermani_scaffold_3504	19642	26871	gene-Peve_00026003	0.1371416968	188
Porites_evermani_scaffold_3504	37287	43068	gene-Peve_00026004	10.06200452	29
Porites_evermani_scaffold_3505	2878	3719	gene-Peve_00026005	.	0
Porites_evermani_scaffold_3505	9101	10511	gene-Peve_00026006	2.020202	9
Porites_evermani_scaffold_3505	13298	24750	gene-Peve_00026007	0.9704652808	146
Porites_evermani_scaffold_3505	26716	36671	gene-Peve_00026008	12.76879372	32
Porites_evermani_scaffold_3505	39523	40033	gene-Peve_00026009	.	0
Porites_evermani_scaffold_3506	8830	29337	gene-Peve_00026010	24.57133047	245
Porites_evermani_scaffold_3506	29402	40047	gene-Peve_00026011	71.36144647	88
Porites_evermani_scaffold_3506	41243	43891	gene-Peve_00026012	45.45803997	39
Porites_evermani_scaffold_3507	1434	18349	gene-Peve_00026013	4.134866538	39
Porites_evermani_scaffold_3507	28784	30550	gene-Peve_00026014	2.871806271	48
Porites_evermani_scaffold_3508	11930	25392	gene-Peve_00026015	14.35770606	174
Porites_evermani_scaffold_3508	39163	40923	gene-Peve_00026016	0.7570269483	58
Porites_evermani_scaffold_3508	42619	43084	gene-Peve_00026017	0	4
Porites_evermani_scaffold_3509	1046	2030	gene-Peve_00026018	.	0
Porites_evermani_scaffold_351	15831	17073	gene-Peve_00026032	0	12
Porites_evermani_scaffold_351	30906	34176	gene-Peve_00026036	1.1124209	70
Porites_evermani_scaffold_351	34897	35365	gene-Peve_00026037	.	0
Porites_evermani_scaffold_351	35535	42445	gene-Peve_00026038	1.278772353	17
Porites_evermani_scaffold_351	51552	57980	gene-Peve_00026020	5.092160397	78
Porites_evermani_scaffold_351	59588	62115	gene-Peve_00026019	1.004018966	29
Porites_evermani_scaffold_351	69898	94684	gene-Peve_00026021	0.84935064	25
Porites_evermani_scaffold_351	107865	108941	gene-Peve_00026022	0	1
Porites_evermani_scaffold_351	111798	122966	gene-Peve_00026023	44.40918974	66
Porites_evermani_scaffold_351	136387	139812	gene-Peve_00026024	.	0
Porites_evermani_scaffold_351	155044	155483	gene-Peve_00026025	0	1
Porites_evermani_scaffold_351	198579	199662	gene-Peve_00026026	0.7095343659	41
Porites_evermani_scaffold_351	207804	208893	gene-Peve_00026028	0	37
Porites_evermani_scaffold_351	222014	230817	gene-Peve_00026029	0.3517026723	235
Porites_evermani_scaffold_351	227987	228995	gene-Peve_00026030	0	28
Porites_evermani_scaffold_351	242150	243101	gene-Peve_00026031	0	33
Porites_evermani_scaffold_351	252010	265025	gene-Peve_00026033	22.98033913	203
Porites_evermani_scaffold_351	263281	276187	gene-Peve_00026034	8.001178759	174
Porites_evermani_scaffold_351	281924	288938	gene-Peve_00026035	0.1315888387	186
Porites_evermani_scaffold_3510	1406	9394	gene-Peve_00026039	72.60274944	61
Porites_evermani_scaffold_3510	13701	33260	gene-Peve_00026040	11.542868	319
Porites_evermani_scaffold_3510	17730	18661	gene-Peve_00026041	81.99294533	9
Porites_evermani_scaffold_3510	37532	37961	gene-Peve_00026042	.	0
Porites_evermani_scaffold_3511	13604	20019	gene-Peve_00026043	0	21
Porites_evermani_scaffold_3511	21763	38404	gene-Peve_00026045	0	3
Porites_evermani_scaffold_3511	28525	30233	gene-Peve_00026044	.	0
Porites_evermani_scaffold_3512	296	1109	gene-Peve_00026046	.	0
Porites_evermani_scaffold_3512	1760	8055	gene-Peve_00026049	0	2
Porites_evermani_scaffold_3512	14524	14884	gene-Peve_00026047	0	2
Porites_evermani_scaffold_3512	17201	40645	gene-Peve_00026048	0	6
Porites_evermani_scaffold_3513	1083	2013	gene-Peve_00026051	0.2770083158	19
Porites_evermani_scaffold_3513	20283	35020	gene-Peve_00026052	0.4316647076	277
Porites_evermani_scaffold_3513	40678	41143	gene-Peve_00026053	.	0
Porites_evermani_scaffold_3514	20140	21052	gene-Peve_00026054	0	36
Porites_evermani_scaffold_3514	22464	39003	gene-Peve_00026055	1.3296471	418
Porites_evermani_scaffold_3515	317	7302	gene-Peve_00026056	0.1737273736	182
Porites_evermani_scaffold_3515	25058	26058	gene-Peve_00026057	0	6
Porites_evermani_scaffold_3515	34583	35346	gene-Peve_00026058	.	0
Porites_evermani_scaffold_3515	36251	38123	gene-Peve_00026059	0	9
Porites_evermani_scaffold_3517	0	37269	gene-Peve_00026061	0.1572326981	53
Porites_evermani_scaffold_3517	20358	23070	gene-Peve_00026062	.	0
Porites_evermani_scaffold_3517	26916	30615	gene-Peve_00026063	0	3
Porites_evermani_scaffold_3518	1192	6283	gene-Peve_00026065	0.5358387867	75
Porites_evermani_scaffold_3518	10117	14043	gene-Peve_00026066	41.82234438	13
Porites_evermani_scaffold_3518	18521	19549	gene-Peve_00026067	3.139865741	27
Porites_evermani_scaffold_3518	21765	31710	gene-Peve_00026068	0	4
Porites_evermani_scaffold_3518	35286	40479	gene-Peve_00026064	.	0
Porites_evermani_scaffold_3519	360	19090	gene-Peve_00026069	37.42819493	29
Porites_evermani_scaffold_3519	20885	21830	gene-Peve_00026070	0	19
Porites_evermani_scaffold_3519	23292	36789	gene-Peve_00026071	0.3763491582	335
Porites_evermani_scaffold_3519	37124	41098	gene-Peve_00026072	0	9
Porites_evermani_scaffold_352	2116	25539	gene-Peve_00026073	63.52496147	273
Porites_evermani_scaffold_352	32063	45449	gene-Peve_00026086	52.57198168	87
Porites_evermani_scaffold_352	46420	46732	gene-Peve_00026089	.	0
Porites_evermani_scaffold_352	49582	49947	gene-Peve_00026091	0	11
Porites_evermani_scaffold_352	53604	58640	gene-Peve_00026074	0.406351319	116
Porites_evermani_scaffold_352	65040	65502	gene-Peve_00026075	0	8
Porites_evermani_scaffold_352	94404	125854	gene-Peve_00026076	35.70302444	298
Porites_evermani_scaffold_352	129741	150396	gene-Peve_00026077	17.29676627	280
Porites_evermani_scaffold_352	172610	175037	gene-Peve_00026078	0	48
Porites_evermani_scaffold_352	179628	180378	gene-Peve_00026079	0.396825381	21
Porites_evermani_scaffold_352	181017	183786	gene-Peve_00026080	0.5116959123	57
Porites_evermani_scaffold_352	186243	249924	gene-Peve_00026081	0.4130182633	1409
Porites_evermani_scaffold_352	193866	200248	gene-Peve_00026082	0.256158705	139
Porites_evermani_scaffold_352	206412	212344	gene-Peve_00026083	0.3613503581	148
Porites_evermani_scaffold_352	213643	219937	gene-Peve_00026084	0.1336898409	44
Porites_evermani_scaffold_352	222173	226426	gene-Peve_00026085	0.3931639286	112
Porites_evermani_scaffold_352	240048	243330	gene-Peve_00026087	0.42361112	100
Porites_evermani_scaffold_352	255008	278796	gene-Peve_00026088	35.88084999	445
Porites_evermani_scaffold_352	283350	294850	gene-Peve_00026090	0.4866716038	260
Porites_evermani_scaffold_3520	32	21386	gene-Peve_00026092	0.9755689554	157
Porites_evermani_scaffold_3521	4640	4991	gene-Peve_00026095	0	1
Porites_evermani_scaffold_3521	6065	6749	gene-Peve_00026093	0.9170653684	19
Porites_evermani_scaffold_3521	11536	21830	gene-Peve_00026096	0.2522397991	234
Porites_evermani_scaffold_3522	45	28440	gene-Peve_00026097	8.721718426	305
Porites_evermani_scaffold_3522	32407	42701	gene-Peve_00026098	89.18414919	26
Porites_evermani_scaffold_3523	383	2658	gene-Peve_00026099	0.4524887059	17
Porites_evermani_scaffold_3523	26689	30792	gene-Peve_00026101	2.112877732	41
Porites_evermani_scaffold_3523	26982	27351	gene-Peve_00026100	.	0
Porites_evermani_scaffold_3524	1166	3663	gene-Peve_00026102	0	3
Porites_evermani_scaffold_3524	4973	6049	gene-Peve_00026103	.	0
Porites_evermani_scaffold_3524	15024	16496	gene-Peve_00026104	0	2
Porites_evermani_scaffold_3524	17054	20851	gene-Peve_00026105	.	0
Porites_evermani_scaffold_3524	24960	38003	gene-Peve_00026106	38.64144553	120
Porites_evermani_scaffold_3524	40254	42762	gene-Peve_00026107	84.86037933	21
Porites_evermani_scaffold_3525	3944	6991	gene-Peve_00026108	0	16
Porites_evermani_scaffold_3525	9368	11505	gene-Peve_00026109	.	0
Porites_evermani_scaffold_3525	17478	24915	gene-Peve_00026110	17.87985158	55
Porites_evermani_scaffold_3525	30278	31336	gene-Peve_00026111	0	5
Porites_evermani_scaffold_3525	35602	36917	gene-Peve_00026112	0	16
Porites_evermani_scaffold_3526	3790	5962	gene-Peve_00026113	0	3
Porites_evermani_scaffold_3526	18466	20660	gene-Peve_00026114	0	15
Porites_evermani_scaffold_3526	26221	28394	gene-Peve_00026115	0	17
Porites_evermani_scaffold_3527	2319	5224	gene-Peve_00026116	2	5
Porites_evermani_scaffold_3527	41067	42180	gene-Peve_00026117	0.5555555556	9
Porites_evermani_scaffold_3528	3648	13871	gene-Peve_00026118	0.5583573203	231
Porites_evermani_scaffold_3528	32815	37070	gene-Peve_00026120	0.4921697981	104
Porites_evermani_scaffold_3529	39489	42970	gene-Peve_00026121	0.9240499198	162
Porites_evermani_scaffold_353	3913	6406	gene-Peve_00026122	.	0
Porites_evermani_scaffold_353	10060	18420	gene-Peve_00026129	0.1893621729	214
Porites_evermani_scaffold_353	46234	53852	gene-Peve_00026143	0.92566035	180
Porites_evermani_scaffold_353	63334	84662	gene-Peve_00026123	0.4370084465	439
Porites_evermani_scaffold_353	87398	89614	gene-Peve_00026124	0.3226711481	54
Porites_evermani_scaffold_353	94724	97816	gene-Peve_00026125	0	71
Porites_evermani_scaffold_353	107986	108511	gene-Peve_00026126	.	0
Porites_evermani_scaffold_353	121031	124330	gene-Peve_00026127	0.2963182768	112
Porites_evermani_scaffold_353	129401	129881	gene-Peve_00026130	0.5263157895	19
Porites_evermani_scaffold_353	142168	151292	gene-Peve_00026131	0.60814524	200
Porites_evermani_scaffold_353	162378	162915	gene-Peve_00026132	0	9
Porites_evermani_scaffold_353	164811	165577	gene-Peve_00026133	0	7
Porites_evermani_scaffold_353	170271	176214	gene-Peve_00026134	0.5052361549	142
Porites_evermani_scaffold_353	179911	202364	gene-Peve_00026135	40.742944	503
Porites_evermani_scaffold_353	204332	223699	gene-Peve_00026136	72.42152173	312
Porites_evermani_scaffold_353	230007	241922	gene-Peve_00026137	25.03630997	221
Porites_evermani_scaffold_353	245869	257379	gene-Peve_00026138	0.5337399456	331
Porites_evermani_scaffold_353	259343	260384	gene-Peve_00026139	2.652823381	21
Porites_evermani_scaffold_353	260505	272020	gene-Peve_00026140	0.3853635669	157
Porites_evermani_scaffold_353	274741	285707	gene-Peve_00026141	0.2665402007	304
Porites_evermani_scaffold_353	288968	293534	gene-Peve_00026142	.	0
Porites_evermani_scaffold_3530	4656	9429	gene-Peve_00026144	.	0
Porites_evermani_scaffold_3530	17210	24987	gene-Peve_00026145	73.31984041	17
Porites_evermani_scaffold_3530	26870	29186	gene-Peve_00026146	.	0
Porites_evermani_scaffold_3531	1471	3185	gene-Peve_00026147	.	0
Porites_evermani_scaffold_3531	10364	18002	gene-Peve_00026149	1.252567196	199
Porites_evermani_scaffold_3531	26330	43378	gene-Peve_00026148	33.61860254	125
Porites_evermani_scaffold_3532	17608	31352	gene-Peve_00026150	13.77303596	68
Porites_evermani_scaffold_3533	7939	9841	gene-Peve_00026151	0.5882352941	17
Porites_evermani_scaffold_3534	10008	15123	gene-Peve_00026153	51.15699139	71
Porites_evermani_scaffold_3534	15224	18136	gene-Peve_00026154	30.00202626	46
Porites_evermani_scaffold_3534	19197	20647	gene-Peve_00026155	2.295744974	38
Porites_evermani_scaffold_3534	27861	32642	gene-Peve_00026156	1.550853341	88
Porites_evermani_scaffold_3535	1378	8693	gene-Peve_00026157	.	0
Porites_evermani_scaffold_3535	9720	11347	gene-Peve_00026158	.	0
Porites_evermani_scaffold_3535	12284	18820	gene-Peve_00026159	0	13
Porites_evermani_scaffold_3535	21523	25369	gene-Peve_00026160	0.2262443529	34
Porites_evermani_scaffold_3535	26509	27933	gene-Peve_00026161	.	0
Porites_evermani_scaffold_3535	29958	39566	gene-Peve_00026162	74.56824373	33
Porites_evermani_scaffold_3536	20500	25524	gene-Peve_00026164	0.05746287719	57
Porites_evermani_scaffold_3536	28091	29540	gene-Peve_00026165	0	11
Porites_evermani_scaffold_3536	36125	41621	gene-Peve_00026163	0.2525252727	44
Porites_evermani_scaffold_3537	1128	2938	gene-Peve_00026166	2.5	4
Porites_evermani_scaffold_3537	14582	16497	gene-Peve_00026167	1.666666667	6
Porites_evermani_scaffold_3538	2754	3657	gene-Peve_00026168	.	0
Porites_evermani_scaffold_3538	8441	38707	gene-Peve_00026170	74.52014053	60
Porites_evermani_scaffold_3538	39218	43253	gene-Peve_00026169	.	0
Porites_evermani_scaffold_3539	2879	6523	gene-Peve_00026171	0.3977272708	48
Porites_evermani_scaffold_3539	9712	17304	gene-Peve_00026174	0.09966329778	225
Porites_evermani_scaffold_3539	19220	35347	gene-Peve_00026172	8.608354016	124
Porites_evermani_scaffold_3539	39895	42534	gene-Peve_00026173	1.004174393	56
Porites_evermani_scaffold_354	591	1634	gene-Peve_00026175	.	0
Porites_evermani_scaffold_354	26217	27429	gene-Peve_00026184	.	0
Porites_evermani_scaffold_354	76961	77279	gene-Peve_00026176	.	0
Porites_evermani_scaffold_354	85500	87711	gene-Peve_00026177	33.39120982	39
Porites_evermani_scaffold_354	88021	93379	gene-Peve_00026178	42.379336	34
Porites_evermani_scaffold_354	111877	112114	gene-Peve_00026179	.	0
Porites_evermani_scaffold_354	115330	115747	gene-Peve_00026180	13.3226382	5
Porites_evermani_scaffold_354	123450	128786	gene-Peve_00026182	.	0
Porites_evermani_scaffold_354	130319	138915	gene-Peve_00026183	1.416644571	49
Porites_evermani_scaffold_354	153695	154138	gene-Peve_00026185	0	7
Porites_evermani_scaffold_354	162791	175125	gene-Peve_00026187	0.4306625592	245
Porites_evermani_scaffold_354	204290	206403	gene-Peve_00026189	.	0
Porites_evermani_scaffold_354	210688	219097	gene-Peve_00026190	80.52489816	61
Porites_evermani_scaffold_354	225153	225710	gene-Peve_00026191	84.11821573	11
Porites_evermani_scaffold_354	270890	293095	gene-Peve_00026192	34.33338246	76
Porites_evermani_scaffold_3540	35036	35699	gene-Peve_00026195	.	0
Porites_evermani_scaffold_3541	2312	2587	gene-Peve_00026196	.	0
Porites_evermani_scaffold_3541	3583	4146	gene-Peve_00026205	.	0
Porites_evermani_scaffold_3541	4252	5791	gene-Peve_00026206	.	0
Porites_evermani_scaffold_3541	7796	8066	gene-Peve_00026197	.	0
Porites_evermani_scaffold_3541	8317	9355	gene-Peve_00026198	.	0
Porites_evermani_scaffold_3541	10457	11132	gene-Peve_00026200	.	0
Porites_evermani_scaffold_3541	11668	12640	gene-Peve_00026199	.	0
Porites_evermani_scaffold_3541	25831	26879	gene-Peve_00026201	18.20233992	13
Porites_evermani_scaffold_3541	29428	31070	gene-Peve_00026202	20.25537132	19
Porites_evermani_scaffold_3541	33700	37327	gene-Peve_00026204	33.68571391	32
Porites_evermani_scaffold_3541	37583	41996	gene-Peve_00026203	16.44441488	34
Porites_evermani_scaffold_3542	3651	5039	gene-Peve_00026207	.	0
Porites_evermani_scaffold_3542	10789	11350	gene-Peve_00026208	0	13
Porites_evermani_scaffold_3542	24871	41446	gene-Peve_00026209	0.2915472082	389
Porites_evermani_scaffold_3543	823	41952	gene-Peve_00026210	14.39732027	460
Porites_evermani_scaffold_3543	6376	6791	gene-Peve_00026211	80.936819	3
Porites_evermani_scaffold_3544	779	1628	gene-Peve_00026212	0.2314815	24
Porites_evermani_scaffold_3544	18634	21191	gene-Peve_00026214	44.03508767	3
Porites_evermani_scaffold_3544	22370	23696	gene-Peve_00026213	4.5719412	10
Porites_evermani_scaffold_3545	40270	42646	gene-Peve_00026215	.	0
Porites_evermani_scaffold_3546	222	8648	gene-Peve_00026216	0	8
Porites_evermani_scaffold_3546	8665	16505	gene-Peve_00026217	0	15
Porites_evermani_scaffold_3546	17342	18847	gene-Peve_00026218	.	0
Porites_evermani_scaffold_3546	31990	33322	gene-Peve_00026219	0	2
Porites_evermani_scaffold_3547	1233	5044	gene-Peve_00026220	30.49450548	31
Porites_evermani_scaffold_3547	13175	16578	gene-Peve_00026223	27.03863596	28
Porites_evermani_scaffold_3547	17977	20961	gene-Peve_00026224	91.30952383	6
Porites_evermani_scaffold_3547	22008	24316	gene-Peve_00026221	0	1
Porites_evermani_scaffold_3547	29247	36794	gene-Peve_00026222	0.6817737722	237
Porites_evermani_scaffold_3548	7188	13713	gene-Peve_00026225	0.50324675	44
Porites_evermani_scaffold_3548	14854	24705	gene-Peve_00026226	0.13333334	50
Porites_evermani_scaffold_3548	38885	40869	gene-Peve_00026227	.	0
Porites_evermani_scaffold_3549	15750	16731	gene-Peve_00026228	1.126700714	14
Porites_evermani_scaffold_3549	23204	24185	gene-Peve_00026229	1.497290875	24
Porites_evermani_scaffold_3549	27955	28936	gene-Peve_00026230	0	7
Porites_evermani_scaffold_3549	32610	33204	gene-Peve_00026231	.	0
Porites_evermani_scaffold_355	148	849	gene-Peve_00026232	0.9226190714	14
Porites_evermani_scaffold_355	13377	15037	gene-Peve_00026234	44.55339713	8
Porites_evermani_scaffold_355	15428	17174	gene-Peve_00026237	.	0
Porites_evermani_scaffold_355	33641	34645	gene-Peve_00026243	0.2564102667	30
Porites_evermani_scaffold_355	58184	103369	gene-Peve_00026235	11.55517364	55
Porites_evermani_scaffold_355	68845	69331	gene-Peve_00026236	.	0
Porites_evermani_scaffold_355	116284	117499	gene-Peve_00026238	1.828917615	39
Porites_evermani_scaffold_355	121232	121568	gene-Peve_00026240	.	0
Porites_evermani_scaffold_355	123809	126986	gene-Peve_00026239	63.17460319	27
Porites_evermani_scaffold_355	127052	181582	gene-Peve_00026241	35.11014164	152
Porites_evermani_scaffold_355	137554	138039	gene-Peve_00026242	73.80428476	17
Porites_evermani_scaffold_355	153563	155746	gene-Peve_00026244	.	0
Porites_evermani_scaffold_355	169671	172368	gene-Peve_00026245	.	0
Porites_evermani_scaffold_355	182205	184954	gene-Peve_00026246	0.2673796849	73
Porites_evermani_scaffold_355	203338	204264	gene-Peve_00026247	1.085642667	24
Porites_evermani_scaffold_355	207291	224532	gene-Peve_00026248	0.4882929591	416
Porites_evermani_scaffold_355	222220	251623	gene-Peve_00026249	1.265147542	821
Porites_evermani_scaffold_355	255880	258639	gene-Peve_00026250	0.256600338	71
Porites_evermani_scaffold_355	264291	288876	gene-Peve_00026233	1.85444597	658
Porites_evermani_scaffold_3550	554	11246	gene-Peve_00026251	50.86231728	57
Porites_evermani_scaffold_3550	20784	31056	gene-Peve_00026252	2.981127232	285
Porites_evermani_scaffold_3550	34941	35550	gene-Peve_00026253	0	26
Porites_evermani_scaffold_3550	38425	39505	gene-Peve_00026254	0.752818619	42
Porites_evermani_scaffold_3552	835	11032	gene-Peve_00026255	0.0826692968	219
Porites_evermani_scaffold_3552	15591	32692	gene-Peve_00026256	10.53944772	369
Porites_evermani_scaffold_3552	36667	41883	gene-Peve_00026257	48.49042639	98
Porites_evermani_scaffold_3553	1495	1828	gene-Peve_00026258	0	8
Porites_evermani_scaffold_3553	5695	16337	gene-Peve_00026259	1.579130327	226
Porites_evermani_scaffold_3553	21275	30761	gene-Peve_00026260	1.396476654	243
Porites_evermani_scaffold_3553	34601	35780	gene-Peve_00026261	0.5654762	20
Porites_evermani_scaffold_3554	96	2951	gene-Peve_00026262	0.4550438611	72
Porites_evermani_scaffold_3554	15762	16956	gene-Peve_00026264	0.1960784412	34
Porites_evermani_scaffold_3554	22481	26572	gene-Peve_00026265	5.269831121	33
Porites_evermani_scaffold_3554	27716	41319	gene-Peve_00026266	9.007643109	137
Porites_evermani_scaffold_3555	29301	29922	gene-Peve_00026269	.	0
Porites_evermani_scaffold_3555	31565	32408	gene-Peve_00026271	3.872917259	27
Porites_evermani_scaffold_3555	32982	34905	gene-Peve_00026272	0.7644167	50
Porites_evermani_scaffold_3555	37431	38443	gene-Peve_00026267	0.2936658387	31
Porites_evermani_scaffold_3556	35012	38338	gene-Peve_00026273	0.229885069	29
Porites_evermani_scaffold_3557	7435	19666	gene-Peve_00026275	0	1
Porites_evermani_scaffold_3557	27878	29770	gene-Peve_00026276	.	0
Porites_evermani_scaffold_3558	155	779	gene-Peve_00026277	58.46115842	12
Porites_evermani_scaffold_3558	1407	1811	gene-Peve_00026280	62.53793829	7
Porites_evermani_scaffold_3558	12400	20232	gene-Peve_00026281	7.169182556	9
Porites_evermani_scaffold_3558	25564	28956	gene-Peve_00026278	0	3
Porites_evermani_scaffold_3559	989	1313	gene-Peve_00026283	8.03571425	4
Porites_evermani_scaffold_3559	9914	13087	gene-Peve_00026284	5.966337588	34
Porites_evermani_scaffold_356	17	1595	gene-Peve_00026285	.	0
Porites_evermani_scaffold_356	3283	4855	gene-Peve_00026305	.	0
Porites_evermani_scaffold_356	7012	18096	gene-Peve_00026306	35.17034881	147
Porites_evermani_scaffold_356	20673	22571	gene-Peve_00026307	.	0
Porites_evermani_scaffold_356	25620	26490	gene-Peve_00026286	0.1960784412	34
Porites_evermani_scaffold_356	28505	29486	gene-Peve_00026287	0	25
Porites_evermani_scaffold_356	51015	52431	gene-Peve_00026288	.	0
Porites_evermani_scaffold_356	52943	57056	gene-Peve_00026290	.	0
Porites_evermani_scaffold_356	60097	67200	gene-Peve_00026289	.	0
Porites_evermani_scaffold_356	96593	100822	gene-Peve_00026294	.	0
Porites_evermani_scaffold_356	101186	107704	gene-Peve_00026295	59.83604723	81
Porites_evermani_scaffold_356	109475	113579	gene-Peve_00026296	0.1683501667	108
Porites_evermani_scaffold_356	121475	130181	gene-Peve_00026297	49.88437853	131
Porites_evermani_scaffold_356	130324	162052	gene-Peve_00026298	25.77250056	569
Porites_evermani_scaffold_356	171758	178765	gene-Peve_00026299	68.29568212	172
Porites_evermani_scaffold_356	183009	206187	gene-Peve_00026300	15.29695819	514
Porites_evermani_scaffold_356	207902	227495	gene-Peve_00026301	0.4180348742	604
Porites_evermani_scaffold_356	242578	253780	gene-Peve_00026302	11.36903562	248
Porites_evermani_scaffold_356	256792	272832	gene-Peve_00026303	7.580036322	425
Porites_evermani_scaffold_356	273250	278082	gene-Peve_00026304	51.52970776	101
Porites_evermani_scaffold_3560	7622	17645	gene-Peve_00026308	50.81431858	104
Porites_evermani_scaffold_3560	24323	33048	gene-Peve_00026310	21.93359153	76
Porites_evermani_scaffold_3560	36217	37078	gene-Peve_00026311	1.860141862	29
Porites_evermani_scaffold_3560	39564	40689	gene-Peve_00026309	0	14
Porites_evermani_scaffold_3561	6016	8386	gene-Peve_00026313	2.882566087	23
Porites_evermani_scaffold_3561	6312	7016	gene-Peve_00026314	5.099924615	13
Porites_evermani_scaffold_3561	18754	31797	gene-Peve_00026312	14.17074293	279
Porites_evermani_scaffold_3562	4196	5054	gene-Peve_00026315	0.3620710323	31
Porites_evermani_scaffold_3562	9540	22929	gene-Peve_00026316	17.44016743	279
Porites_evermani_scaffold_3562	28136	42389	gene-Peve_00026317	26.97499814	233
Porites_evermani_scaffold_3563	19938	20329	gene-Peve_00026318	.	0
Porites_evermani_scaffold_3563	21562	28626	gene-Peve_00026320	0	27
Porites_evermani_scaffold_3563	30833	41609	gene-Peve_00026319	0.3916029149	94
Porites_evermani_scaffold_3564	11665	15160	gene-Peve_00026322	25	4
Porites_evermani_scaffold_3564	15299	17572	gene-Peve_00026323	.	0
Porites_evermani_scaffold_3564	19159	39958	gene-Peve_00026324	84.18685023	44
Porites_evermani_scaffold_3565	32174	41505	gene-Peve_00026325	1.866542134	253
Porites_evermani_scaffold_3566	2492	9375	gene-Peve_00026326	40.23674632	25
Porites_evermani_scaffold_3566	35746	36274	gene-Peve_00026327	.	0
Porites_evermani_scaffold_3567	269	14384	gene-Peve_00026328	48.31630986	119
Porites_evermani_scaffold_3567	16336	33386	gene-Peve_00026329	19.31029878	27
Porites_evermani_scaffold_3567	35468	42419	gene-Peve_00026330	76.86507933	6
Porites_evermani_scaffold_3568	816	11028	gene-Peve_00026331	3.357715952	105
Porites_evermani_scaffold_3568	13292	13913	gene-Peve_00026334	.	0
Porites_evermani_scaffold_3568	16724	17345	gene-Peve_00026335	.	0
Porites_evermani_scaffold_3568	20420	21100	gene-Peve_00026332	.	0
Porites_evermani_scaffold_3568	23501	36262	gene-Peve_00026333	64.85369214	83
Porites_evermani_scaffold_3569	102	1474	gene-Peve_00026336	.	0
Porites_evermani_scaffold_3569	2333	7875	gene-Peve_00026338	28.81075958	31
Porites_evermani_scaffold_3569	14812	16273	gene-Peve_00026339	90	1
Porites_evermani_scaffold_3569	17180	20740	gene-Peve_00026340	92.5	4
Porites_evermani_scaffold_3569	23541	29198	gene-Peve_00026341	0	7
Porites_evermani_scaffold_3569	30704	31067	gene-Peve_00026342	.	0
Porites_evermani_scaffold_3569	37205	38536	gene-Peve_00026337	48.89860136	14
Porites_evermani_scaffold_357	3993	7985	gene-Peve_00026343	2.109214268	123
Porites_evermani_scaffold_357	19940	79850	gene-Peve_00026360	1.752466977	1254
Porites_evermani_scaffold_357	64052	64447	gene-Peve_00026344	3.401360571	7
Porites_evermani_scaffold_357	96177	118044	gene-Peve_00026347	0.5322471662	343
Porites_evermani_scaffold_357	148555	148975	gene-Peve_00026348	.	0
Porites_evermani_scaffold_357	169757	170106	gene-Peve_00026349	0	3
Porites_evermani_scaffold_357	172333	173491	gene-Peve_00026350	0.2688171935	31
Porites_evermani_scaffold_357	192930	194886	gene-Peve_00026351	4.79761905	20
Porites_evermani_scaffold_357	197363	241657	gene-Peve_00026352	10.86647872	949
Porites_evermani_scaffold_357	221868	222315	gene-Peve_00026353	.	0
Porites_evermani_scaffold_357	230465	231143	gene-Peve_00026354	3.075396833	12
Porites_evermani_scaffold_357	248521	249830	gene-Peve_00026355	0.64935064	25
Porites_evermani_scaffold_357	252617	255285	gene-Peve_00026356	0.9369202143	28
Porites_evermani_scaffold_357	261548	261899	gene-Peve_00026357	0	12
Porites_evermani_scaffold_357	263900	281356	gene-Peve_00026358	12.75000481	280
Porites_evermani_scaffold_357	292981	293209	gene-Peve_00026359	0	1
Porites_evermani_scaffold_3570	187	41876	gene-Peve_00026362	9.377407875	721
Porites_evermani_scaffold_3571	1200	11404	gene-Peve_00026363	0.7194049401	217
Porites_evermani_scaffold_3571	16000	18952	gene-Peve_00026364	0.8591543827	81
Porites_evermani_scaffold_3571	25340	26186	gene-Peve_00026365	.	0
Porites_evermani_scaffold_3571	29326	31651	gene-Peve_00026366	.	0
Porites_evermani_scaffold_3572	4800	27139	gene-Peve_00026367	76.13077208	161
Porites_evermani_scaffold_3572	27168	33302	gene-Peve_00026368	18.71399712	25
Porites_evermani_scaffold_3572	36163	42031	gene-Peve_00026369	65.715594	14
Porites_evermani_scaffold_3573	7392	17718	gene-Peve_00026370	0	11
Porites_evermani_scaffold_3573	23586	24470	gene-Peve_00026371	.	0
Porites_evermani_scaffold_3573	33145	38982	gene-Peve_00026372	.	0
Porites_evermani_scaffold_3574	1519	4894	gene-Peve_00026373	0.1082251061	66
Porites_evermani_scaffold_3574	9770	12500	gene-Peve_00026374	0.135685209	67
Porites_evermani_scaffold_3574	22742	27788	gene-Peve_00026375	0.3528180897	223
Porites_evermani_scaffold_3575	9508	28525	gene-Peve_00026376	16.47780926	190
Porites_evermani_scaffold_3575	29448	29754	gene-Peve_00026377	0	1
Porites_evermani_scaffold_3575	33640	42415	gene-Peve_00026378	39.11988822	122
Porites_evermani_scaffold_3575	39344	40370	gene-Peve_00026379	.	0
Porites_evermani_scaffold_3576	1164	10658	gene-Peve_00026381	86.6697915	60
Porites_evermani_scaffold_3576	11678	23710	gene-Peve_00026382	58.02563991	55
Porites_evermani_scaffold_3576	25360	36338	gene-Peve_00026383	0.09661836232	69
Porites_evermani_scaffold_3576	40970	42334	gene-Peve_00026380	96.09863814	7
Porites_evermani_scaffold_3577	20266	34085	gene-Peve_00026386	42.98141145	249
Porites_evermani_scaffold_3577	40076	40511	gene-Peve_00026385	0	3
Porites_evermani_scaffold_3578	15140	19055	gene-Peve_00026390	1.304450261	119
Porites_evermani_scaffold_3578	36455	37429	gene-Peve_00026389	1.055363324	34
Porites_evermani_scaffold_3579	11965	18691	gene-Peve_00026391	0.1853063022	139
Porites_evermani_scaffold_358	15027	15852	gene-Peve_00026407	0.7518796842	19
Porites_evermani_scaffold_358	24880	25816	gene-Peve_00026411	0.4048583158	19
Porites_evermani_scaffold_358	30163	31105	gene-Peve_00026419	0.3125	32
Porites_evermani_scaffold_358	34052	44273	gene-Peve_00026420	0.2511959392	263
Porites_evermani_scaffold_358	47544	48066	gene-Peve_00026393	0	13
Porites_evermani_scaffold_358	54349	64545	gene-Peve_00026396	0.3526524981	259
Porites_evermani_scaffold_358	65575	76744	gene-Peve_00026395	0.185500127	189
Porites_evermani_scaffold_358	77535	88763	gene-Peve_00026399	0.6462779958	239
Porites_evermani_scaffold_358	94680	106134	gene-Peve_00026400	0.6918591232	276
Porites_evermani_scaffold_358	119698	120247	gene-Peve_00026401	0.2100840357	28
Porites_evermani_scaffold_358	132578	141945	gene-Peve_00026403	1.172431881	194
Porites_evermani_scaffold_358	152587	155038	gene-Peve_00026404	22.62577975	81
Porites_evermani_scaffold_358	172125	172530	gene-Peve_00026406	34.14682543	7
Porites_evermani_scaffold_358	179767	180273	gene-Peve_00026408	.	0
Porites_evermani_scaffold_358	182236	183541	gene-Peve_00026409	87.5160256	10
Porites_evermani_scaffold_358	187959	189172	gene-Peve_00026410	2.247945273	11
Porites_evermani_scaffold_358	196554	197956	gene-Peve_00026416	9.237633	24
Porites_evermani_scaffold_358	198877	199840	gene-Peve_00026417	8.989136786	14
Porites_evermani_scaffold_358	203919	208070	gene-Peve_00026418	7.926629478	23
Porites_evermani_scaffold_358	222234	222743	gene-Peve_00026421	68.974359	5
Porites_evermani_scaffold_358	276641	278711	gene-Peve_00026397	.	0
Porites_evermani_scaffold_358	284911	291311	gene-Peve_00026398	1.926936338	65
Porites_evermani_scaffold_3580	509	3614	gene-Peve_00026422	55.55981192	36
Porites_evermani_scaffold_3580	3755	16647	gene-Peve_00026423	16.195755	191
Porites_evermani_scaffold_3580	21292	28282	gene-Peve_00026425	41.4089169	83
Porites_evermani_scaffold_3580	34340	41971	gene-Peve_00026426	3.556873903	124
Porites_evermani_scaffold_3581	24822	26316	gene-Peve_00026428	0.3993211552	58
Porites_evermani_scaffold_3581	31344	31722	gene-Peve_00026429	.	0
Porites_evermani_scaffold_3582	8305	10184	gene-Peve_00026431	0	6
Porites_evermani_scaffold_3582	13637	15336	gene-Peve_00026432	.	0
Porites_evermani_scaffold_3582	29690	31082	gene-Peve_00026433	.	0
Porites_evermani_scaffold_3583	7379	22591	gene-Peve_00026434	0.5240367486	179
Porites_evermani_scaffold_3584	7107	9721	gene-Peve_00026435	.	0
Porites_evermani_scaffold_3584	16046	16946	gene-Peve_00026436	1.212121231	13
Porites_evermani_scaffold_3584	29682	31598	gene-Peve_00026437	0.6030303	30
Porites_evermani_scaffold_3584	32687	39746	gene-Peve_00026438	0.3526917939	131
Porites_evermani_scaffold_3585	6830	14406	gene-Peve_00026439	0	16
Porites_evermani_scaffold_3585	21980	32008	gene-Peve_00026440	0	3
Porites_evermani_scaffold_3585	36131	38267	gene-Peve_00026441	.	0
Porites_evermani_scaffold_3585	39626	41327	gene-Peve_00026442	.	0
Porites_evermani_scaffold_3586	3750	21354	gene-Peve_00026446	68.38289711	180
Porites_evermani_scaffold_3586	25941	28860	gene-Peve_00026443	40.08138914	43
Porites_evermani_scaffold_3586	30303	39761	gene-Peve_00026444	56.40460444	106
Porites_evermani_scaffold_3586	40020	41249	gene-Peve_00026445	0.9765922093	43
Porites_evermani_scaffold_3588	165	675	gene-Peve_00026448	.	0
Porites_evermani_scaffold_3588	5988	12721	gene-Peve_00026449	.	0
Porites_evermani_scaffold_3588	21312	31187	gene-Peve_00026450	.	0
Porites_evermani_scaffold_3589	5103	35986	gene-Peve_00026451	40.01371349	280
Porites_evermani_scaffold_3589	37617	41887	gene-Peve_00026452	0.8945748161	87
Porites_evermani_scaffold_359	1732	10743	gene-Peve_00026453	0.4037122753	287
Porites_evermani_scaffold_359	31075	64421	gene-Peve_00026458	0.9100307362	724
Porites_evermani_scaffold_359	97394	115378	gene-Peve_00026456	0.4424914667	420
Porites_evermani_scaffold_359	116029	116470	gene-Peve_00026457	.	0
Porites_evermani_scaffold_359	119821	132005	gene-Peve_00026459	39.02438251	68
Porites_evermani_scaffold_359	145751	164825	gene-Peve_00026460	20.63728391	108
Porites_evermani_scaffold_359	172276	180938	gene-Peve_00026462	6.605198779	136
Porites_evermani_scaffold_359	189555	196364	gene-Peve_00026463	8.663315808	125
Porites_evermani_scaffold_359	197012	197465	gene-Peve_00026464	.	0
Porites_evermani_scaffold_359	200205	204249	gene-Peve_00026465	0.8642236197	142
Porites_evermani_scaffold_359	209144	266536	gene-Peve_00026466	0.3898425708	445
Porites_evermani_scaffold_359	222718	223410	gene-Peve_00026467	.	0
Porites_evermani_scaffold_359	228982	229674	gene-Peve_00026468	.	0
Porites_evermani_scaffold_359	245685	246592	gene-Peve_00026469	0	11
Porites_evermani_scaffold_359	263914	279543	gene-Peve_00026470	0.3163967292	288
Porites_evermani_scaffold_359	273157	274132	gene-Peve_00026471	0	17
Porites_evermani_scaffold_3590	1699	5484	gene-Peve_00026476	0.5904818375	80
Porites_evermani_scaffold_3590	6374	12015	gene-Peve_00026473	0.3577487296	159
Porites_evermani_scaffold_3590	21645	22584	gene-Peve_00026475	0.365079375	24
Porites_evermani_scaffold_3590	28717	40907	gene-Peve_00026474	0.9520573622	312
Porites_evermani_scaffold_3591	25589	32952	gene-Peve_00026477	52.03127105	78
Porites_evermani_scaffold_3592	6569	8928	gene-Peve_00026478	81.1309525	8
Porites_evermani_scaffold_3592	12576	12939	gene-Peve_00026479	.	0
Porites_evermani_scaffold_3592	20796	21177	gene-Peve_00026480	.	0
Porites_evermani_scaffold_3592	22938	42016	gene-Peve_00026481	10.56150201	338
Porites_evermani_scaffold_3594	1206	5920	gene-Peve_00026484	.	0
Porites_evermani_scaffold_3594	13123	15144	gene-Peve_00026485	0	1
Porites_evermani_scaffold_3594	16244	18552	gene-Peve_00026486	54.545455	1
Porites_evermani_scaffold_3594	23946	32631	gene-Peve_00026483	0	5
Porites_evermani_scaffold_3595	4383	4878	gene-Peve_00026487	.	0
Porites_evermani_scaffold_3595	34413	34869	gene-Peve_00026489	.	0
Porites_evermani_scaffold_3595	37534	39753	gene-Peve_00026490	20.81681233	6
Porites_evermani_scaffold_3595	40971	42076	gene-Peve_00026488	.	0
Porites_evermani_scaffold_3596	4725	9177	gene-Peve_00026491	71.3636365	8
Porites_evermani_scaffold_3596	28781	30251	gene-Peve_00026492	0	4
Porites_evermani_scaffold_3597	632	4068	gene-Peve_00026493	83.69619273	15
Porites_evermani_scaffold_3597	6751	9170	gene-Peve_00026495	.	0
Porites_evermani_scaffold_3597	9519	18172	gene-Peve_00026496	.	0
Porites_evermani_scaffold_3597	19504	23512	gene-Peve_00026497	13.61525718	17
Porites_evermani_scaffold_3597	25717	29890	gene-Peve_00026498	.	0
Porites_evermani_scaffold_3597	41162	41543	gene-Peve_00026494	.	0
Porites_evermani_scaffold_3598	6765	10382	gene-Peve_00026499	0	28
Porites_evermani_scaffold_3598	13922	18247	gene-Peve_00026502	0.8668064639	97
Porites_evermani_scaffold_3598	21956	27864	gene-Peve_00026504	0.6313850741	162
Porites_evermani_scaffold_3598	30010	36289	gene-Peve_00026503	0.2748981131	221
Porites_evermani_scaffold_3598	38583	41992	gene-Peve_00026501	6.739902949	98
Porites_evermani_scaffold_3599	1702	7907	gene-Peve_00026505	40.36194479	43
Porites_evermani_scaffold_3599	29422	33431	gene-Peve_00026506	0.3347465135	74
Porites_evermani_scaffold_36	1556	6579	gene-Peve_00026507	3.030303	3
Porites_evermani_scaffold_36	18299	18719	gene-Peve_00026533	.	0
Porites_evermani_scaffold_36	21871	37180	gene-Peve_00026541	0.7439251852	27
Porites_evermani_scaffold_36	41371	49295	gene-Peve_00026554	14.00813579	19
Porites_evermani_scaffold_36	57373	57991	gene-Peve_00026530	.	0
Porites_evermani_scaffold_36	59877	65892	gene-Peve_00026532	4.254955474	19
Porites_evermani_scaffold_36	67428	69557	gene-Peve_00026534	0	89
Porites_evermani_scaffold_36	77187	82504	gene-Peve_00026535	2.646061127	157
Porites_evermani_scaffold_36	97802	98741	gene-Peve_00026538	0	24
Porites_evermani_scaffold_36	103568	129172	gene-Peve_00026536	22.39081088	514
Porites_evermani_scaffold_36	132946	139312	gene-Peve_00026540	0.848870784	162
Porites_evermani_scaffold_36	147455	148281	gene-Peve_00026539	1.353276333	18
Porites_evermani_scaffold_36	158979	159886	gene-Peve_00026542	0	34
Porites_evermani_scaffold_36	163236	164782	gene-Peve_00026543	0.6451800469	64
Porites_evermani_scaffold_36	169519	170035	gene-Peve_00026544	.	0
Porites_evermani_scaffold_36	179101	183763	gene-Peve_00026545	29.76495727	15
Porites_evermani_scaffold_36	184281	184797	gene-Peve_00026546	.	0
Porites_evermani_scaffold_36	188366	200938	gene-Peve_00026547	1.693880478	209
Porites_evermani_scaffold_36	210366	219644	gene-Peve_00026549	41.31372605	120
Porites_evermani_scaffold_36	219760	224664	gene-Peve_00026551	41.24469671	85
Porites_evermani_scaffold_36	225053	240827	gene-Peve_00026552	0.862240463	460
Porites_evermani_scaffold_36	248756	249158	gene-Peve_00026553	0	7
Porites_evermani_scaffold_36	258901	261575	gene-Peve_00026555	0.4610237927	82
Porites_evermani_scaffold_36	270647	276190	gene-Peve_00026556	30.99034456	114
Porites_evermani_scaffold_36	288708	295304	gene-Peve_00026557	0.066313	116
Porites_evermani_scaffold_36	321195	349381	gene-Peve_00026558	8.95754909	558
Porites_evermani_scaffold_36	353744	358627	gene-Peve_00026559	37.33046728	47
Porites_evermani_scaffold_36	358848	363714	gene-Peve_00026560	34.30231476	41
Porites_evermani_scaffold_36	366207	375309	gene-Peve_00026561	68.5422413	74
Porites_evermani_scaffold_36	379497	391510	gene-Peve_00026508	20.04047814	250
Porites_evermani_scaffold_36	393873	394632	gene-Peve_00026509	.	0
Porites_evermani_scaffold_36	398134	398749	gene-Peve_00026510	.	0
Porites_evermani_scaffold_36	406581	410833	gene-Peve_00026511	0.04830917778	90
Porites_evermani_scaffold_36	417958	444342	gene-Peve_00026512	0.2012758146	615
Porites_evermani_scaffold_36	447804	488608	gene-Peve_00026513	4.572633612	510
Porites_evermani_scaffold_36	491151	500091	gene-Peve_00026514	12.39962789	106
Porites_evermani_scaffold_36	513385	520903	gene-Peve_00026515	0.5553726809	257
Porites_evermani_scaffold_36	527606	562462	gene-Peve_00026516	0.4294617541	972
Porites_evermani_scaffold_36	600803	624682	gene-Peve_00026517	0.7084818528	625
Porites_evermani_scaffold_36	626831	628199	gene-Peve_00026518	0	41
Porites_evermani_scaffold_36	637873	642854	gene-Peve_00026520	41.89685349	45
Porites_evermani_scaffold_36	647031	650989	gene-Peve_00026519	76.82751145	29
Porites_evermani_scaffold_36	652140	659865	gene-Peve_00026521	30.09663073	93
Porites_evermani_scaffold_36	659908	699977	gene-Peve_00026523	1.297115664	717
Porites_evermani_scaffold_36	666541	668258	gene-Peve_00026525	0.147929	52
Porites_evermani_scaffold_36	672616	680008	gene-Peve_00026526	0	61
Porites_evermani_scaffold_36	679984	682989	gene-Peve_00026527	0	7
Porites_evermani_scaffold_36	696541	724848	gene-Peve_00026524	5.663614273	517
Porites_evermani_scaffold_36	726202	744776	gene-Peve_00026528	14.79489176	442
Porites_evermani_scaffold_36	752687	780737	gene-Peve_00026529	8.575988238	625
Porites_evermani_scaffold_36	792542	801202	gene-Peve_00026531	66.35323036	64
Porites_evermani_scaffold_360	1787	9744	gene-Peve_00026562	90.84923335	121
Porites_evermani_scaffold_360	16241	46812	gene-Peve_00026572	6.132755319	601
Porites_evermani_scaffold_360	53508	74322	gene-Peve_00026573	9.437292771	410
Porites_evermani_scaffold_360	74362	84951	gene-Peve_00026563	57.20153435	114
Porites_evermani_scaffold_360	95525	129881	gene-Peve_00026564	5.03637407	940
Porites_evermani_scaffold_360	130351	146277	gene-Peve_00026565	11.22616092	357
Porites_evermani_scaffold_360	154105	162921	gene-Peve_00026566	0.5657757526	287
Porites_evermani_scaffold_360	167268	181780	gene-Peve_00026567	9.993335938	242
Porites_evermani_scaffold_360	191344	228430	gene-Peve_00026568	0.8064902827	1001
Porites_evermani_scaffold_360	199607	209737	gene-Peve_00026569	0.5005463894	303
Porites_evermani_scaffold_360	254840	268599	gene-Peve_00026570	0.4659138427	286
Porites_evermani_scaffold_3600	21445	35824	gene-Peve_00026574	7.345709981	216
Porites_evermani_scaffold_3600	23587	24403	gene-Peve_00026575	0.3787878636	22
Porites_evermani_scaffold_3601	22260	24158	gene-Peve_00026578	0.25593956	25
Porites_evermani_scaffold_3601	26449	27312	gene-Peve_00026580	0	22
Porites_evermani_scaffold_3601	27500	31479	gene-Peve_00026579	0.9436987946	112
Porites_evermani_scaffold_3601	39493	40033	gene-Peve_00026581	0.3787661176	17
Porites_evermani_scaffold_3602	15833	18416	gene-Peve_00026582	.	0
Porites_evermani_scaffold_3602	31564	41389	gene-Peve_00026583	0	5
Porites_evermani_scaffold_3603	12549	22169	gene-Peve_00026584	0	6
Porites_evermani_scaffold_3603	30114	30801	gene-Peve_00026586	.	0
Porites_evermani_scaffold_3603	38594	39284	gene-Peve_00026587	.	0
Porites_evermani_scaffold_3604	15101	18380	gene-Peve_00026588	0.3154924767	86
Porites_evermani_scaffold_3604	19584	41820	gene-Peve_00026589	0.8443929178	572
Porites_evermani_scaffold_3605	15488	22294	gene-Peve_00026590	89.28534064	103
Porites_evermani_scaffold_3605	34254	39010	gene-Peve_00026591	29.0798675	38
Porites_evermani_scaffold_3606	26	34857	gene-Peve_00026592	24.2427023	156
Porites_evermani_scaffold_3606	38599	41736	gene-Peve_00026593	78.78312515	33
Porites_evermani_scaffold_3607	2262	9264	gene-Peve_00026594	20.99911588	58
Porites_evermani_scaffold_3608	2124	5216	gene-Peve_00026595	58.12766247	17
Porites_evermani_scaffold_3608	6575	13105	gene-Peve_00026596	82.42562539	62
Porites_evermani_scaffold_3608	13209	17960	gene-Peve_00026597	47.96513222	27
Porites_evermani_scaffold_3608	18041	24314	gene-Peve_00026598	79.4141746	20
Porites_evermani_scaffold_3608	24386	26698	gene-Peve_00026599	95	2
Porites_evermani_scaffold_3608	30249	41404	gene-Peve_00026600	0.4132231364	22
Porites_evermani_scaffold_3609	8132	26120	gene-Peve_00026601	0.1818181818	55
Porites_evermani_scaffold_361	8025	20206	gene-Peve_00026602	0.4600906154	182
Porites_evermani_scaffold_361	43374	58947	gene-Peve_00026608	0.36363636	25
Porites_evermani_scaffold_361	69371	77801	gene-Peve_00026609	5.219159939	33
Porites_evermani_scaffold_361	81470	84918	gene-Peve_00026610	0	3
Porites_evermani_scaffold_361	89981	108415	gene-Peve_00026611	0.3577866899	129
Porites_evermani_scaffold_361	116595	128259	gene-Peve_00026612	0.9893235213	94
Porites_evermani_scaffold_361	132457	132844	gene-Peve_00026614	.	0
Porites_evermani_scaffold_361	138330	142169	gene-Peve_00026615	0	31
Porites_evermani_scaffold_361	171652	172210	gene-Peve_00026617	.	0
Porites_evermani_scaffold_361	180846	181646	gene-Peve_00026620	.	0
Porites_evermani_scaffold_361	182701	196546	gene-Peve_00026621	4.532466545	22
Porites_evermani_scaffold_361	213412	232364	gene-Peve_00026624	0.6493506429	14
Porites_evermani_scaffold_361	228682	229338	gene-Peve_00026603	.	0
Porites_evermani_scaffold_361	233211	235550	gene-Peve_00026604	26.49581217	36
Porites_evermani_scaffold_361	247779	248416	gene-Peve_00026605	.	0
Porites_evermani_scaffold_361	256437	256848	gene-Peve_00026606	.	0
Porites_evermani_scaffold_361	288502	288868	gene-Peve_00026607	.	0
Porites_evermani_scaffold_3610	3541	6888	gene-Peve_00026625	0.5208333125	16
Porites_evermani_scaffold_3610	15843	17088	gene-Peve_00026628	0	1
Porites_evermani_scaffold_3610	23119	29098	gene-Peve_00026629	0.3595890411	73
Porites_evermani_scaffold_3610	35737	37072	gene-Peve_00026626	.	0
Porites_evermani_scaffold_3610	38782	40117	gene-Peve_00026627	.	0
Porites_evermani_scaffold_3611	3113	5878	gene-Peve_00026630	1.550755415	65
Porites_evermani_scaffold_3611	7682	11886	gene-Peve_00026631	0.2761044096	83
Porites_evermani_scaffold_3611	14180	17105	gene-Peve_00026632	89.44145483	40
Porites_evermani_scaffold_3611	20113	31733	gene-Peve_00026633	60.58476805	109
Porites_evermani_scaffold_3611	32134	33065	gene-Peve_00026635	0.45454545	20
Porites_evermani_scaffold_3611	33800	38023	gene-Peve_00026634	0	5
Porites_evermani_scaffold_3612	4182	4547	gene-Peve_00026637	13.372859	3
Porites_evermani_scaffold_3612	7273	14507	gene-Peve_00026638	0.7870370278	36
Porites_evermani_scaffold_3612	17841	24503	gene-Peve_00026639	0	38
Porites_evermani_scaffold_3612	37375	41659	gene-Peve_00026636	0.3262287955	44
Porites_evermani_scaffold_3613	8985	30108	gene-Peve_00026640	6.614583333	24
Porites_evermani_scaffold_3613	33725	34475	gene-Peve_00026641	.	0
Porites_evermani_scaffold_3614	4446	38207	gene-Peve_00026642	1.161252783	508
Porites_evermani_scaffold_3614	34861	35626	gene-Peve_00026643	0.6553320625	16
Porites_evermani_scaffold_3615	12008	36805	gene-Peve_00026644	8.818857314	328
Porites_evermani_scaffold_3616	7257	8294	gene-Peve_00026645	16.67170582	38
Porites_evermani_scaffold_3616	8332	11615	gene-Peve_00026646	10.87991086	69
Porites_evermani_scaffold_3616	18734	21738	gene-Peve_00026647	23.80372247	88
Porites_evermani_scaffold_3617	1586	2192	gene-Peve_00026649	1.428571429	7
Porites_evermani_scaffold_3617	18069	20270	gene-Peve_00026653	0.9985637273	66
Porites_evermani_scaffold_3617	25293	26418	gene-Peve_00026654	0.66666665	40
Porites_evermani_scaffold_3617	28504	33647	gene-Peve_00026650	1.109518832	113
Porites_evermani_scaffold_3617	35211	36990	gene-Peve_00026651	0	2
Porites_evermani_scaffold_3617	39095	40115	gene-Peve_00026652	0.30769232	25
Porites_evermani_scaffold_3618	3297	3811	gene-Peve_00026658	.	0
Porites_evermani_scaffold_3618	3939	4367	gene-Peve_00026659	.	0
Porites_evermani_scaffold_3618	10494	10914	gene-Peve_00026660	.	0
Porites_evermani_scaffold_3618	18913	20638	gene-Peve_00026655	30.2651515	16
Porites_evermani_scaffold_3619	7429	9220	gene-Peve_00026661	.	0
Porites_evermani_scaffold_3619	17424	20931	gene-Peve_00026662	.	0
Porites_evermani_scaffold_3619	35228	36518	gene-Peve_00026663	.	0
Porites_evermani_scaffold_3619	36670	38761	gene-Peve_00026664	.	0
Porites_evermani_scaffold_362	9735	12533	gene-Peve_00026673	1.373480123	57
Porites_evermani_scaffold_362	36345	72527	gene-Peve_00026687	1.205308749	724
Porites_evermani_scaffold_362	80387	83213	gene-Peve_00026666	0.4495504545	33
Porites_evermani_scaffold_362	95699	103491	gene-Peve_00026667	1.726525404	99
Porites_evermani_scaffold_362	96732	98283	gene-Peve_00026668	5.81995287	23
Porites_evermani_scaffold_362	99235	101103	gene-Peve_00026669	.	0
Porites_evermani_scaffold_362	101191	101973	gene-Peve_00026670	.	0
Porites_evermani_scaffold_362	115039	134143	gene-Peve_00026671	67.1243727	274
Porites_evermani_scaffold_362	137887	138544	gene-Peve_00026672	.	0
Porites_evermani_scaffold_362	141899	144002	gene-Peve_00026674	27.4031524	48
Porites_evermani_scaffold_362	145360	191675	gene-Peve_00026675	13.57496732	735
Porites_evermani_scaffold_362	155256	155683	gene-Peve_00026676	.	0
Porites_evermani_scaffold_362	157576	158042	gene-Peve_00026677	0	10
Porites_evermani_scaffold_362	169938	181091	gene-Peve_00026678	0.4052648454	97
Porites_evermani_scaffold_362	200249	201185	gene-Peve_00026679	0	16
Porites_evermani_scaffold_362	207983	216849	gene-Peve_00026680	66.1920928	107
Porites_evermani_scaffold_362	217333	221420	gene-Peve_00026681	63.01874948	61
Porites_evermani_scaffold_362	259358	262276	gene-Peve_00026683	19.18470419	42
Porites_evermani_scaffold_362	273334	276748	gene-Peve_00026686	0.3107311522	46
Porites_evermani_scaffold_3621	2127	20426	gene-Peve_00026689	0.5113724416	351
Porites_evermani_scaffold_3621	26005	35965	gene-Peve_00026690	0.59101315	160
Porites_evermani_scaffold_3621	38051	41469	gene-Peve_00026691	0.631910991	111
Porites_evermani_scaffold_3622	2759	15017	gene-Peve_00026693	1.048163731	308
Porites_evermani_scaffold_3622	9247	9695	gene-Peve_00026695	0	12
Porites_evermani_scaffold_3622	15967	16306	gene-Peve_00026692	0	5
Porites_evermani_scaffold_3622	30112	33642	gene-Peve_00026696	0.4492819032	93
Porites_evermani_scaffold_3622	37012	38918	gene-Peve_00026694	14.92354918	11
Porites_evermani_scaffold_3623	3473	4418	gene-Peve_00026698	1.111111111	9
Porites_evermani_scaffold_3623	36002	37581	gene-Peve_00026697	2.056883854	41
Porites_evermani_scaffold_3624	28320	28963	gene-Peve_00026701	.	0
Porites_evermani_scaffold_3624	36081	36442	gene-Peve_00026702	0	1
Porites_evermani_scaffold_3625	7439	40075	gene-Peve_00026703	0.4377205524	802
Porites_evermani_scaffold_3626	12530	16124	gene-Peve_00026706	.	0
Porites_evermani_scaffold_3626	19142	22700	gene-Peve_00026708	15.98031578	9
Porites_evermani_scaffold_3626	24586	28257	gene-Peve_00026709	0	1
Porites_evermani_scaffold_3626	31406	36044	gene-Peve_00026704	4.857829233	86
Porites_evermani_scaffold_3626	36731	37870	gene-Peve_00026705	.	0
Porites_evermani_scaffold_3627	4498	7779	gene-Peve_00026710	.	0
Porites_evermani_scaffold_3627	14429	15788	gene-Peve_00026713	.	0
Porites_evermani_scaffold_3628	14461	25508	gene-Peve_00026714	1.786299091	121
Porites_evermani_scaffold_3628	30687	35294	gene-Peve_00026716	0.5800546744	215
Porites_evermani_scaffold_3629	1455	7467	gene-Peve_00026717	15.48063358	120
Porites_evermani_scaffold_3629	12954	13311	gene-Peve_00026718	86.996337	7
Porites_evermani_scaffold_363	5914	11948	gene-Peve_00026720	0	5
Porites_evermani_scaffold_363	15531	22281	gene-Peve_00026721	0.878819991	111
Porites_evermani_scaffold_363	26676	132490	gene-Peve_00026728	11.82554604	1314
Porites_evermani_scaffold_363	139799	140095	gene-Peve_00026722	0	10
Porites_evermani_scaffold_363	146220	206435	gene-Peve_00026729	1.122590012	1183
Porites_evermani_scaffold_363	157637	157902	gene-Peve_00026723	0	2
Porites_evermani_scaffold_363	220070	225204	gene-Peve_00026724	0.09671179787	94
Porites_evermani_scaffold_363	230924	253504	gene-Peve_00026725	6.772002159	320
Porites_evermani_scaffold_363	258952	265031	gene-Peve_00026726	0.04226542604	169
Porites_evermani_scaffold_363	275140	278936	gene-Peve_00026727	0	35
Porites_evermani_scaffold_3630	20518	24014	gene-Peve_00026730	0.1217055221	113
Porites_evermani_scaffold_3631	10270	12934	gene-Peve_00026731	.	0
Porites_evermani_scaffold_3631	14270	27220	gene-Peve_00026732	0	28
Porites_evermani_scaffold_3631	29173	41255	gene-Peve_00026733	10.44746917	24
Porites_evermani_scaffold_3632	43	973	gene-Peve_00026734	0.8259491429	28
Porites_evermani_scaffold_3632	12021	14394	gene-Peve_00026735	0	8
Porites_evermani_scaffold_3632	19374	24679	gene-Peve_00026736	2.022008253	91
Porites_evermani_scaffold_3632	31601	38808	gene-Peve_00026737	44.28359788	33
Porites_evermani_scaffold_3632	40163	41186	gene-Peve_00026738	.	0
Porites_evermani_scaffold_3633	16802	22294	gene-Peve_00026739	0.3544511595	163
Porites_evermani_scaffold_3633	36317	40601	gene-Peve_00026740	3.630197962	26
Porites_evermani_scaffold_3634	488	10871	gene-Peve_00026741	39.24806929	173
Porites_evermani_scaffold_3634	14402	41180	gene-Peve_00026742	2.358953663	442
Porites_evermani_scaffold_3634	25013	28751	gene-Peve_00026743	0.1567398103	58
Porites_evermani_scaffold_3635	2030	10494	gene-Peve_00026744	40.5458515	160
Porites_evermani_scaffold_3635	8109	9114	gene-Peve_00026745	0.6634391282	39
Porites_evermani_scaffold_3636	13155	14983	gene-Peve_00026746	0.6788056333	30
Porites_evermani_scaffold_3636	15690	24038	gene-Peve_00026747	0.9401798994	159
Porites_evermani_scaffold_3637	268	21136	gene-Peve_00026748	42.61212232	312
Porites_evermani_scaffold_3637	7028	9831	gene-Peve_00026751	74.31848613	38
Porites_evermani_scaffold_3637	21336	40988	gene-Peve_00026750	77.74235352	126
Porites_evermani_scaffold_3638	4374	22408	gene-Peve_00026752	50.46313954	113
Porites_evermani_scaffold_3638	23389	30814	gene-Peve_00026754	73.76831011	120
Porites_evermani_scaffold_3638	35072	38736	gene-Peve_00026755	65.81620177	39
Porites_evermani_scaffold_3639	344	942	gene-Peve_00026756	.	0
Porites_evermani_scaffold_3639	1005	14288	gene-Peve_00026758	0.3932790339	177
Porites_evermani_scaffold_3639	21975	25915	gene-Peve_00026759	6.585179543	70
Porites_evermani_scaffold_3639	27473	41005	gene-Peve_00026757	43.04971637	86
Porites_evermani_scaffold_364	7600	9612	gene-Peve_00026763	.	0
Porites_evermani_scaffold_364	66457	85835	gene-Peve_00026761	0.3318232421	413
Porites_evermani_scaffold_364	117051	118178	gene-Peve_00026764	7.023818235	17
Porites_evermani_scaffold_364	121911	123582	gene-Peve_00026765	0	21
Porites_evermani_scaffold_364	124027	124532	gene-Peve_00026766	.	0
Porites_evermani_scaffold_364	148063	148534	gene-Peve_00026769	19.02727825	12
Porites_evermani_scaffold_364	157467	167089	gene-Peve_00026771	0.1148105672	67
Porites_evermani_scaffold_364	191247	210525	gene-Peve_00026772	4.650557792	48
Porites_evermani_scaffold_364	227540	232001	gene-Peve_00026773	0	3
Porites_evermani_scaffold_364	240018	240417	gene-Peve_00026775	.	0
Porites_evermani_scaffold_3640	2525	9190	gene-Peve_00026778	0.5247602823	124
Porites_evermani_scaffold_3640	10611	13365	gene-Peve_00026779	0.2996670377	53
Porites_evermani_scaffold_3640	22672	23602	gene-Peve_00026780	0.5357142857	28
Porites_evermani_scaffold_3640	28562	33221	gene-Peve_00026781	0.7905983	30
Porites_evermani_scaffold_3640	33831	40895	gene-Peve_00026782	0.2308802333	60
Porites_evermani_scaffold_3641	1105	2172	gene-Peve_00026783	.	0
Porites_evermani_scaffold_3642	485	2459	gene-Peve_00026787	0.9090909091	11
Porites_evermani_scaffold_3642	7190	14028	gene-Peve_00026785	25.68145406	90
Porites_evermani_scaffold_3642	18298	20897	gene-Peve_00026784	72.56991906	16
Porites_evermani_scaffold_3642	24578	28068	gene-Peve_00026786	58.89774267	45
Porites_evermani_scaffold_3643	14145	14928	gene-Peve_00026790	0.9275931316	38
Porites_evermani_scaffold_3643	17310	17608	gene-Peve_00026791	0	19
Porites_evermani_scaffold_3643	22579	23560	gene-Peve_00026792	0	8
Porites_evermani_scaffold_3643	26742	27961	gene-Peve_00026793	1.484640385	26
Porites_evermani_scaffold_3643	28216	29434	gene-Peve_00026794	16.00293233	39
Porites_evermani_scaffold_3643	32508	33129	gene-Peve_00026788	0	1
Porites_evermani_scaffold_3644	1967	6317	gene-Peve_00026795	0	25
Porites_evermani_scaffold_3644	18663	19371	gene-Peve_00026796	0	10
Porites_evermani_scaffold_3644	31287	32184	gene-Peve_00026797	.	0
Porites_evermani_scaffold_3645	6183	38766	gene-Peve_00026798	1.442590342	407
Porites_evermani_scaffold_3647	5518	15119	gene-Peve_00026801	0.9380992421	347
Porites_evermani_scaffold_3647	15146	24304	gene-Peve_00026802	1.964885	150
Porites_evermani_scaffold_3648	4666	5523	gene-Peve_00026805	0.8764228889	27
Porites_evermani_scaffold_3648	18966	32636	gene-Peve_00026806	0.7807834934	458
Porites_evermani_scaffold_3648	34818	40199	gene-Peve_00026807	0.06738545283	53
Porites_evermani_scaffold_3649	6235	12586	gene-Peve_00026809	0.8985671667	108
Porites_evermani_scaffold_3649	15466	25327	gene-Peve_00026810	0.7258177727	330
Porites_evermani_scaffold_3649	29110	37497	gene-Peve_00026811	25.96480545	60
Porites_evermani_scaffold_3649	37826	38629	gene-Peve_00026808	0.2380952333	30
Porites_evermani_scaffold_365	25341	25644	gene-Peve_00026821	4.307570583	12
Porites_evermani_scaffold_365	32642	33186	gene-Peve_00026826	.	0
Porites_evermani_scaffold_365	36181	37103	gene-Peve_00026829	.	0
Porites_evermani_scaffold_365	37192	37513	gene-Peve_00026812	2	10
Porites_evermani_scaffold_365	37724	38051	gene-Peve_00026814	0	3
Porites_evermani_scaffold_365	41317	41683	gene-Peve_00026815	0	10
Porites_evermani_scaffold_365	41704	42086	gene-Peve_00026816	0	7
Porites_evermani_scaffold_365	42187	44435	gene-Peve_00026817	0.2830349478	115
Porites_evermani_scaffold_365	48954	49644	gene-Peve_00026818	0.5845543667	30
Porites_evermani_scaffold_365	57867	60397	gene-Peve_00026819	43.11653571	17
Porites_evermani_scaffold_365	71980	72702	gene-Peve_00026820	0	18
Porites_evermani_scaffold_365	76428	79119	gene-Peve_00026822	41.50307041	29
Porites_evermani_scaffold_365	84057	193213	gene-Peve_00026823	4.030159026	2171
Porites_evermani_scaffold_365	201301	204684	gene-Peve_00026828	1.142438476	63
Porites_evermani_scaffold_365	205490	219619	gene-Peve_00026830	15.18606507	123
Porites_evermani_scaffold_365	239967	240306	gene-Peve_00026831	0	1
Porites_evermani_scaffold_365	243453	243906	gene-Peve_00026832	12.95419863	16
Porites_evermani_scaffold_365	245172	246947	gene-Peve_00026833	0.6633180566	53
Porites_evermani_scaffold_365	256268	258465	gene-Peve_00026834	24.5454545	4
Porites_evermani_scaffold_365	260572	261365	gene-Peve_00026835	0	8
Porites_evermani_scaffold_365	262331	283606	gene-Peve_00026836	9.369447083	48
Porites_evermani_scaffold_365	289932	290553	gene-Peve_00026813	.	0
Porites_evermani_scaffold_3650	1360	13586	gene-Peve_00026837	1.635864141	64
Porites_evermani_scaffold_3650	14735	15676	gene-Peve_00026838	0	6
Porites_evermani_scaffold_3650	26421	27778	gene-Peve_00026839	.	0
Porites_evermani_scaffold_3650	39241	40711	gene-Peve_00026840	1.99441988	50
Porites_evermani_scaffold_3651	7680	9920	gene-Peve_00026841	.	0
Porites_evermani_scaffold_3651	15673	18290	gene-Peve_00026842	.	0
Porites_evermani_scaffold_3651	24399	26856	gene-Peve_00026843	.	0
Porites_evermani_scaffold_3651	32658	34942	gene-Peve_00026844	.	0
Porites_evermani_scaffold_3652	10719	40021	gene-Peve_00026845	5.822393903	31
Porites_evermani_scaffold_3653	886	5908	gene-Peve_00026846	69.29514425	8
Porites_evermani_scaffold_3653	12090	19295	gene-Peve_00026847	0.1616031071	84
Porites_evermani_scaffold_3653	20023	21671	gene-Peve_00026848	.	0
Porites_evermani_scaffold_3653	30697	31699	gene-Peve_00026849	.	0
Porites_evermani_scaffold_3653	36499	38716	gene-Peve_00026850	0.5715002973	37
Porites_evermani_scaffold_3654	63	8640	gene-Peve_00026851	1.472219278	187
Porites_evermani_scaffold_3654	9723	15060	gene-Peve_00026852	0	78
Porites_evermani_scaffold_3655	25259	27164	gene-Peve_00026853	61.5384615	2
Porites_evermani_scaffold_3656	39190	39852	gene-Peve_00026854	0	1
Porites_evermani_scaffold_3657	3	12678	gene-Peve_00026855	0	6
Porites_evermani_scaffold_3657	14552	17216	gene-Peve_00026857	0	4
Porites_evermani_scaffold_3657	24013	34712	gene-Peve_00026858	78.13069955	40
Porites_evermani_scaffold_3657	35113	39638	gene-Peve_00026856	78.63636367	6
Porites_evermani_scaffold_3658	4102	4507	gene-Peve_00026859	0	19
Porites_evermani_scaffold_3658	14321	29792	gene-Peve_00026860	36.56681595	59
Porites_evermani_scaffold_3658	36182	40165	gene-Peve_00026861	0	12
Porites_evermani_scaffold_3659	12297	12999	gene-Peve_00026864	.	0
Porites_evermani_scaffold_3659	22512	23497	gene-Peve_00026862	0.8333333	10
Porites_evermani_scaffold_3659	32319	40536	gene-Peve_00026863	0.4811614184	196
Porites_evermani_scaffold_366	7705	8866	gene-Peve_00026865	.	0
Porites_evermani_scaffold_366	18825	25681	gene-Peve_00026876	0.3234501321	53
Porites_evermani_scaffold_366	32065	34248	gene-Peve_00026877	0.1025641067	75
Porites_evermani_scaffold_366	48416	51038	gene-Peve_00026866	0	56
Porites_evermani_scaffold_366	53492	53888	gene-Peve_00026867	0.6993006923	13
Porites_evermani_scaffold_366	56450	65645	gene-Peve_00026868	0.3734043333	255
Porites_evermani_scaffold_366	69632	70022	gene-Peve_00026869	0	4
Porites_evermani_scaffold_366	73403	77793	gene-Peve_00026870	1.679344018	57
Porites_evermani_scaffold_366	82568	91465	gene-Peve_00026871	0.1845005076	132
Porites_evermani_scaffold_366	125741	126005	gene-Peve_00026872	0	2
Porites_evermani_scaffold_366	161210	176097	gene-Peve_00026873	1.047782427	143
Porites_evermani_scaffold_366	181523	186177	gene-Peve_00026874	.	0
Porites_evermani_scaffold_366	194640	216528	gene-Peve_00026875	0.1041666625	80
Porites_evermani_scaffold_366	211936	215075	gene-Peve_00026878	.	0
Porites_evermani_scaffold_366	233513	238202	gene-Peve_00026879	.	0
Porites_evermani_scaffold_366	239299	256953	gene-Peve_00026880	0	33
Porites_evermani_scaffold_366	258332	282014	gene-Peve_00026881	6.597501299	127
Porites_evermani_scaffold_3660	738	2751	gene-Peve_00026882	0	23
Porites_evermani_scaffold_3660	5798	6883	gene-Peve_00026885	0	10
Porites_evermani_scaffold_3660	30417	30801	gene-Peve_00026883	.	0
Porites_evermani_scaffold_3660	37587	38853	gene-Peve_00026884	0.4022763036	56
Porites_evermani_scaffold_3661	9308	10169	gene-Peve_00026886	.	0
Porites_evermani_scaffold_3661	11231	14970	gene-Peve_00026887	0	31
Porites_evermani_scaffold_3661	21785	22760	gene-Peve_00026888	1.010101	9
Porites_evermani_scaffold_3662	20545	21016	gene-Peve_00026889	.	0
Porites_evermani_scaffold_3662	21622	22447	gene-Peve_00026890	.	0
Porites_evermani_scaffold_3663	10814	13611	gene-Peve_00026892	8.181818182	11
Porites_evermani_scaffold_3663	39299	39665	gene-Peve_00026893	.	0
Porites_evermani_scaffold_3664	11470	40449	gene-Peve_00026894	21.93839494	35
Porites_evermani_scaffold_3665	4286	21202	gene-Peve_00026895	16.36813228	173
Porites_evermani_scaffold_3665	25370	29128	gene-Peve_00026896	22.65239977	22
Porites_evermani_scaffold_3665	32470	40048	gene-Peve_00026897	9.388251675	40
Porites_evermani_scaffold_3666	3950	11784	gene-Peve_00026899	0.370370381	42
Porites_evermani_scaffold_3666	12837	15978	gene-Peve_00026898	0.5599337037	54
Porites_evermani_scaffold_3666	23339	33548	gene-Peve_00026900	40.73397052	156
Porites_evermani_scaffold_3666	35928	36834	gene-Peve_00026901	0.7564102667	30
Porites_evermani_scaffold_3667	13717	14879	gene-Peve_00026902	.	0
Porites_evermani_scaffold_3667	16458	16872	gene-Peve_00026903	.	0
Porites_evermani_scaffold_3667	20182	38210	gene-Peve_00026904	26.65334665	49
Porites_evermani_scaffold_3668	872	2639	gene-Peve_00026906	0	18
Porites_evermani_scaffold_3668	24750	28955	gene-Peve_00026905	0.1435185222	90
Porites_evermani_scaffold_3668	33510	36693	gene-Peve_00026907	0.4460245714	70
Porites_evermani_scaffold_3669	27559	31553	gene-Peve_00026909	12.87842458	12
Porites_evermani_scaffold_3669	34080	38734	gene-Peve_00026908	0	22
Porites_evermani_scaffold_367	1287	14429	gene-Peve_00026912	0	17
Porites_evermani_scaffold_367	37172	44359	gene-Peve_00026910	.	0
Porites_evermani_scaffold_367	63935	68886	gene-Peve_00026913	.	0
Porites_evermani_scaffold_367	89412	98649	gene-Peve_00026914	1.249445672	186
Porites_evermani_scaffold_367	115541	131815	gene-Peve_00026915	50.04261416	277
Porites_evermani_scaffold_367	132221	134003	gene-Peve_00026916	24.44719255	56
Porites_evermani_scaffold_367	140695	143885	gene-Peve_00026918	38.46680397	38
Porites_evermani_scaffold_367	146484	156593	gene-Peve_00026917	37.62182047	105
Porites_evermani_scaffold_367	160992	173010	gene-Peve_00026919	19.40853656	250
Porites_evermani_scaffold_367	177958	189814	gene-Peve_00026920	1.337757308	354
Porites_evermani_scaffold_367	191783	192487	gene-Peve_00026921	75	2
Porites_evermani_scaffold_367	194138	194699	gene-Peve_00026922	27.92785485	13
Porites_evermani_scaffold_367	195869	196247	gene-Peve_00026923	0	6
Porites_evermani_scaffold_367	208392	238062	gene-Peve_00026925	1.391446358	296
Porites_evermani_scaffold_367	280683	284362	gene-Peve_00026926	0.7342657308	26
Porites_evermani_scaffold_3670	5228	12590	gene-Peve_00026930	.	0
Porites_evermani_scaffold_3670	17282	18168	gene-Peve_00026928	.	0
Porites_evermani_scaffold_3670	18430	19613	gene-Peve_00026929	.	0
Porites_evermani_scaffold_3671	2879	9421	gene-Peve_00026931	34.04205344	68
Porites_evermani_scaffold_3671	18561	37479	gene-Peve_00026932	29.61171567	228
Porites_evermani_scaffold_3672	12878	36543	gene-Peve_00026934	64.03800596	53
Porites_evermani_scaffold_3672	14950	30846	gene-Peve_00026935	48.93664655	20
Porites_evermani_scaffold_3672	24665	28294	gene-Peve_00026933	.	0
Porites_evermani_scaffold_3673	69	472	gene-Peve_00026936	1.388888833	6
Porites_evermani_scaffold_3673	2057	2576	gene-Peve_00026940	.	0
Porites_evermani_scaffold_3673	8138	16249	gene-Peve_00026941	0	8
Porites_evermani_scaffold_3673	21312	22642	gene-Peve_00026937	.	0
Porites_evermani_scaffold_3673	31445	39403	gene-Peve_00026939	68.46056722	36
Porites_evermani_scaffold_3674	7232	8618	gene-Peve_00026942	0.3350815769	52
Porites_evermani_scaffold_3674	11524	33014	gene-Peve_00026943	25.35500769	406
Porites_evermani_scaffold_3674	33070	39679	gene-Peve_00026944	28.24799864	76
Porites_evermani_scaffold_3675	13689	14496	gene-Peve_00026945	46.27534818	28
Porites_evermani_scaffold_3675	16565	17897	gene-Peve_00026946	42.45596057	44
Porites_evermani_scaffold_3675	23328	23853	gene-Peve_00026947	12.86306973	22
Porites_evermani_scaffold_3676	21925	39968	gene-Peve_00026948	1.595653028	178
Porites_evermani_scaffold_3677	10625	18072	gene-Peve_00026950	0.6143358077	78
Porites_evermani_scaffold_3677	33655	38970	gene-Peve_00026951	2.579384271	85
Porites_evermani_scaffold_3678	9	4873	gene-Peve_00026952	0.05027652137	117
Porites_evermani_scaffold_3678	16214	17413	gene-Peve_00026953	0	47
Porites_evermani_scaffold_3678	33656	36855	gene-Peve_00026954	2.768651345	110
Porites_evermani_scaffold_3679	85	5312	gene-Peve_00026955	2.350007683	41
Porites_evermani_scaffold_3679	10675	29074	gene-Peve_00026956	1.589889262	160
Porites_evermani_scaffold_3679	36962	39828	gene-Peve_00026957	0	3
Porites_evermani_scaffold_368	113	16215	gene-Peve_00026958	0.6700613597	139
Porites_evermani_scaffold_368	19661	27141	gene-Peve_00026973	0.8812032552	145
Porites_evermani_scaffold_368	32402	33446	gene-Peve_00026959	.	0
Porites_evermani_scaffold_368	35552	36596	gene-Peve_00026960	.	0
Porites_evermani_scaffold_368	41086	42109	gene-Peve_00026961	0	37
Porites_evermani_scaffold_368	49480	64455	gene-Peve_00026962	9.635015721	294
Porites_evermani_scaffold_368	65196	72083	gene-Peve_00026963	23.39304525	103
Porites_evermani_scaffold_368	74843	82363	gene-Peve_00026964	13.94984821	135
Porites_evermani_scaffold_368	86579	100027	gene-Peve_00026965	1.980850648	341
Porites_evermani_scaffold_368	96069	96729	gene-Peve_00026966	6	5
Porites_evermani_scaffold_368	113265	151263	gene-Peve_00026967	5.578995317	851
Porites_evermani_scaffold_368	151646	155884	gene-Peve_00026968	49.34632208	38
Porites_evermani_scaffold_368	159231	159900	gene-Peve_00026969	18.28332043	23
Porites_evermani_scaffold_368	162635	162956	gene-Peve_00026970	2.08333325	4
Porites_evermani_scaffold_368	165408	172985	gene-Peve_00026971	0.6358743957	230
Porites_evermani_scaffold_368	203682	221037	gene-Peve_00026974	1.139268942	417
Porites_evermani_scaffold_368	236918	248224	gene-Peve_00026975	1.281271034	261
Porites_evermani_scaffold_368	261783	262740	gene-Peve_00026977	0	26
Porites_evermani_scaffold_368	268771	270417	gene-Peve_00026978	0.5830484545	33
Porites_evermani_scaffold_368	271584	272798	gene-Peve_00026979	0.6944444375	16
Porites_evermani_scaffold_368	289273	289925	gene-Peve_00026980	0.6468863529	17
Porites_evermani_scaffold_3680	13073	15443	gene-Peve_00026982	.	0
Porites_evermani_scaffold_3680	19886	20258	gene-Peve_00026983	.	0
Porites_evermani_scaffold_3680	27845	34661	gene-Peve_00026984	2.817460312	48
Porites_evermani_scaffold_3681	20084	29502	gene-Peve_00026985	0.5282034892	231
Porites_evermani_scaffold_3682	3901	15702	gene-Peve_00026987	1.343797011	183
Porites_evermani_scaffold_3682	29623	36987	gene-Peve_00026988	0.1888183237	173
Porites_evermani_scaffold_3684	27679	28282	gene-Peve_00026989	0	16
Porites_evermani_scaffold_3684	30967	39901	gene-Peve_00026990	0.42457378	200
Porites_evermani_scaffold_3685	7472	9304	gene-Peve_00026994	60.0497324	43
Porites_evermani_scaffold_3685	11696	12080	gene-Peve_00026996	76.60863537	8
Porites_evermani_scaffold_3685	28218	28807	gene-Peve_00026991	77.28035438	8
Porites_evermani_scaffold_3685	29446	29974	gene-Peve_00026992	89.31843883	12
Porites_evermani_scaffold_3686	145	15796	gene-Peve_00026997	0.3466100468	534
Porites_evermani_scaffold_3687	4282	10318	gene-Peve_00026998	0.6091803092	152
Porites_evermani_scaffold_3687	8637	11612	gene-Peve_00026999	4.031905594	32
Porites_evermani_scaffold_3687	14181	25249	gene-Peve_00027000	0.4789812646	359
Porites_evermani_scaffold_3688	634	20001	gene-Peve_00027001	0.5882352941	17
Porites_evermani_scaffold_3689	1133	14257	gene-Peve_00027002	.	0
Porites_evermani_scaffold_369	1741	5269	gene-Peve_00027005	0.341394027	74
Porites_evermani_scaffold_369	12404	26079	gene-Peve_00027008	0.5685288657	335
Porites_evermani_scaffold_369	34378	39532	gene-Peve_00027003	5.640354727	66
Porites_evermani_scaffold_369	59319	63579	gene-Peve_00027004	68.13517407	69
Porites_evermani_scaffold_369	67986	87880	gene-Peve_00027006	17.47324826	398
Porites_evermani_scaffold_369	91297	106771	gene-Peve_00027007	64.92524368	146
Porites_evermani_scaffold_369	111570	112530	gene-Peve_00027009	0	27
Porites_evermani_scaffold_369	114521	149373	gene-Peve_00027010	8.275952002	603
Porites_evermani_scaffold_369	151062	152772	gene-Peve_00027011	2.652897116	43
Porites_evermani_scaffold_369	156024	161542	gene-Peve_00027012	59.19661416	70
Porites_evermani_scaffold_369	163490	169237	gene-Peve_00027013	0.4017067469	162
Porites_evermani_scaffold_369	170615	176642	gene-Peve_00027014	0.2184210361	194
Porites_evermani_scaffold_369	177966	179745	gene-Peve_00027015	0	35
Porites_evermani_scaffold_369	196539	206735	gene-Peve_00027016	0.7411614483	232
Porites_evermani_scaffold_369	214598	252859	gene-Peve_00027017	5.576712537	856
Porites_evermani_scaffold_369	252918	265502	gene-Peve_00027018	66.20439065	150
Porites_evermani_scaffold_369	266331	269432	gene-Peve_00027019	17.52031596	83
Porites_evermani_scaffold_369	272327	289130	gene-Peve_00027020	39.75850638	156
Porites_evermani_scaffold_3690	2	5511	gene-Peve_00027021	26.77668087	77
Porites_evermani_scaffold_3690	5859	26899	gene-Peve_00027022	26.23801878	244
Porites_evermani_scaffold_3690	28823	38665	gene-Peve_00027023	68.77249865	100
Porites_evermani_scaffold_3691	852	6635	gene-Peve_00027024	1.979166656	32
Porites_evermani_scaffold_3691	11030	23694	gene-Peve_00027025	53.17522122	51
Porites_evermani_scaffold_3691	24352	33511	gene-Peve_00027026	38.60982455	33
Porites_evermani_scaffold_3692	10754	12715	gene-Peve_00027030	.	0
Porites_evermani_scaffold_3692	17102	23761	gene-Peve_00027031	.	0
Porites_evermani_scaffold_3692	18647	21212	gene-Peve_00027032	.	0
Porites_evermani_scaffold_3692	23427	25291	gene-Peve_00027033	.	0
Porites_evermani_scaffold_3692	26558	31094	gene-Peve_00027027	51.818182	2
Porites_evermani_scaffold_3692	31515	32674	gene-Peve_00027028	.	0
Porites_evermani_scaffold_3692	37110	37989	gene-Peve_00027029	.	0
Porites_evermani_scaffold_3693	5079	5967	gene-Peve_00027034	.	0
Porites_evermani_scaffold_3693	10818	29844	gene-Peve_00027035	0	9
Porites_evermani_scaffold_3694	4460	8044	gene-Peve_00027036	67.61904757	7
Porites_evermani_scaffold_3694	8980	9382	gene-Peve_00027037	.	0
Porites_evermani_scaffold_3694	20568	34431	gene-Peve_00027038	2.654808967	92
Porites_evermani_scaffold_3695	8915	31316	gene-Peve_00027039	6.849784169	278
Porites_evermani_scaffold_3697	31103	34531	gene-Peve_00027040	.	0
Porites_evermani_scaffold_3697	35061	35385	gene-Peve_00027041	.	0
Porites_evermani_scaffold_3698	3503	4499	gene-Peve_00027043	9.797979818	33
Porites_evermani_scaffold_3698	4688	14729	gene-Peve_00027044	51.7692308	40
Porites_evermani_scaffold_3698	21798	23579	gene-Peve_00027042	0	43
Porites_evermani_scaffold_3699	8252	8821	gene-Peve_00027045	.	0
Porites_evermani_scaffold_3699	15134	35462	gene-Peve_00027046	0	14
Porites_evermani_scaffold_37	5014	17100	gene-Peve_00027080	1.36214048	223
Porites_evermani_scaffold_37	22676	29955	gene-Peve_00027097	0.8990235	180
Porites_evermani_scaffold_37	35119	50875	gene-Peve_00027048	17.9736529	193
Porites_evermani_scaffold_37	53723	60718	gene-Peve_00027055	48.20955567	93
Porites_evermani_scaffold_37	63320	63695	gene-Peve_00027060	0	4
Porites_evermani_scaffold_37	67617	73520	gene-Peve_00027063	0.3204236859	191
Porites_evermani_scaffold_37	76131	76561	gene-Peve_00027072	92.5	4
Porites_evermani_scaffold_37	80146	154477	gene-Peve_00027075	16.98864373	906
Porites_evermani_scaffold_37	87685	88940	gene-Peve_00027078	0.4510578909	55
Porites_evermani_scaffold_37	120083	121934	gene-Peve_00027081	2.5	4
Porites_evermani_scaffold_37	124938	126267	gene-Peve_00027082	5.03367	6
Porites_evermani_scaffold_37	154742	166064	gene-Peve_00027083	47.39489301	105
Porites_evermani_scaffold_37	168800	169853	gene-Peve_00027084	0	19
Porites_evermani_scaffold_37	178306	183504	gene-Peve_00027085	65.53026257	37
Porites_evermani_scaffold_37	183612	186499	gene-Peve_00027086	57.79113245	44
Porites_evermani_scaffold_37	190016	191075	gene-Peve_00027087	0	24
Porites_evermani_scaffold_37	197435	199318	gene-Peve_00027088	0.2631578947	38
Porites_evermani_scaffold_37	199793	204046	gene-Peve_00027089	0.7885248171	82
Porites_evermani_scaffold_37	207474	208767	gene-Peve_00027090	0.48076925	8
Porites_evermani_scaffold_37	210641	224421	gene-Peve_00027091	16.44399572	98
Porites_evermani_scaffold_37	224857	231811	gene-Peve_00027092	48.81175833	55
Porites_evermani_scaffold_37	236961	253827	gene-Peve_00027093	36.40682897	151
Porites_evermani_scaffold_37	244719	245389	gene-Peve_00027094	.	0
Porites_evermani_scaffold_37	258698	272309	gene-Peve_00027095	28.17686025	167
Porites_evermani_scaffold_37	278965	296030	gene-Peve_00027096	8.300765741	367
Porites_evermani_scaffold_37	318390	321449	gene-Peve_00027099	22.85808463	71
Porites_evermani_scaffold_37	355511	359966	gene-Peve_00027100	0.2621999174	121
Porites_evermani_scaffold_37	374884	401692	gene-Peve_00027047	0.7510394183	459
Porites_evermani_scaffold_37	416542	419509	gene-Peve_00027049	2.012203471	17
Porites_evermani_scaffold_37	430551	441567	gene-Peve_00027050	0.6709151437	160
Porites_evermani_scaffold_37	446634	450267	gene-Peve_00027051	78.20030534	29
Porites_evermani_scaffold_37	451179	452357	gene-Peve_00027052	2.5	4
Porites_evermani_scaffold_37	456421	474688	gene-Peve_00027053	59.48603137	144
Porites_evermani_scaffold_37	476449	477235	gene-Peve_00027054	0.3703703704	27
Porites_evermani_scaffold_37	478611	480124	gene-Peve_00027056	0.8437460465	43
Porites_evermani_scaffold_37	490397	534287	gene-Peve_00027057	11.92844624	1121
Porites_evermani_scaffold_37	534537	541161	gene-Peve_00027061	53.09622214	74
Porites_evermani_scaffold_37	547526	558305	gene-Peve_00027062	0.5492729697	198
Porites_evermani_scaffold_37	567422	610495	gene-Peve_00027064	14.13448352	107
Porites_evermani_scaffold_37	613016	614045	gene-Peve_00027065	0.4166666667	24
Porites_evermani_scaffold_37	618942	619890	gene-Peve_00027066	0.563186825	40
Porites_evermani_scaffold_37	625520	632348	gene-Peve_00027067	17.40070048	144
Porites_evermani_scaffold_37	640842	657665	gene-Peve_00027069	0.6637998735	245
Porites_evermani_scaffold_37	662555	663655	gene-Peve_00027071	0.4065040488	41
Porites_evermani_scaffold_37	679800	680817	gene-Peve_00027073	0.4166666667	24
Porites_evermani_scaffold_37	720772	728386	gene-Peve_00027074	0.5271199294	85
Porites_evermani_scaffold_37	748802	752009	gene-Peve_00027076	1.185207333	48
Porites_evermani_scaffold_37	754188	776372	gene-Peve_00027077	1.173913043	69
Porites_evermani_scaffold_370	940	18175	gene-Peve_00027101	0.5486914	505
Porites_evermani_scaffold_370	20687	21481	gene-Peve_00027121	0.1515151667	30
Porites_evermani_scaffold_370	22174	22696	gene-Peve_00027103	0.8403361429	7
Porites_evermani_scaffold_370	24527	26816	gene-Peve_00027107	42.795031	7
Porites_evermani_scaffold_370	26838	30048	gene-Peve_00027108	.	0
Porites_evermani_scaffold_370	34604	38744	gene-Peve_00027109	30.86599519	47
Porites_evermani_scaffold_370	47805	49010	gene-Peve_00027110	2.352756895	19
Porites_evermani_scaffold_370	49992	51120	gene-Peve_00027111	0.6410256667	6
Porites_evermani_scaffold_370	51181	52392	gene-Peve_00027112	.	0
Porites_evermani_scaffold_370	54141	54825	gene-Peve_00027113	0.5952380833	12
Porites_evermani_scaffold_370	60512	62718	gene-Peve_00027114	2.414860684	19
Porites_evermani_scaffold_370	74455	76470	gene-Peve_00027116	0	13
Porites_evermani_scaffold_370	80941	84478	gene-Peve_00027117	39.8740911	62
Porites_evermani_scaffold_370	86939	88872	gene-Peve_00027118	16.45505992	36
Porites_evermani_scaffold_370	100419	100725	gene-Peve_00027119	87.85935986	7
Porites_evermani_scaffold_370	103839	104172	gene-Peve_00027120	89.00523417	6
Porites_evermani_scaffold_370	110017	130515	gene-Peve_00027122	71.53111005	196
Porites_evermani_scaffold_370	132682	137334	gene-Peve_00027123	44.23560188	59
Porites_evermani_scaffold_370	148901	162032	gene-Peve_00027124	48.42767257	240
Porites_evermani_scaffold_370	162204	163143	gene-Peve_00027126	8.812415684	19
Porites_evermani_scaffold_370	164789	165755	gene-Peve_00027127	4.756410267	30
Porites_evermani_scaffold_370	167297	190415	gene-Peve_00027128	8.825046723	422
Porites_evermani_scaffold_370	195669	207567	gene-Peve_00027129	37.74092291	197
Porites_evermani_scaffold_370	208526	220890	gene-Peve_00027130	0.4823542477	323
Porites_evermani_scaffold_370	232247	250325	gene-Peve_00027102	0.3625617286	479
Porites_evermani_scaffold_370	263468	273153	gene-Peve_00027104	0.5880189021	286
Porites_evermani_scaffold_370	278515	280108	gene-Peve_00027105	0.155526625	64
Porites_evermani_scaffold_370	284252	284763	gene-Peve_00027106	0	16
Porites_evermani_scaffold_3700	5958	11136	gene-Peve_00027131	0	4
Porites_evermani_scaffold_3700	34584	39390	gene-Peve_00027132	0.9243697353	34
Porites_evermani_scaffold_3701	8313	13199	gene-Peve_00027135	0.1461988246	57
Porites_evermani_scaffold_3701	14391	17639	gene-Peve_00027136	0	5
Porites_evermani_scaffold_3701	25053	30457	gene-Peve_00027133	2.823791838	216
Porites_evermani_scaffold_3702	1261	10105	gene-Peve_00027137	0.1889823955	177
Porites_evermani_scaffold_3702	11048	17215	gene-Peve_00027138	0.8381730323	31
Porites_evermani_scaffold_3702	23494	25397	gene-Peve_00027139	0.5952380714	14
Porites_evermani_scaffold_3702	29201	30314	gene-Peve_00027140	.	0
Porites_evermani_scaffold_3702	32338	39320	gene-Peve_00027141	0.3023137342	79
Porites_evermani_scaffold_3703	23962	25438	gene-Peve_00027142	.	0
Porites_evermani_scaffold_3703	26758	31144	gene-Peve_00027143	.	0
Porites_evermani_scaffold_3704	11797	14733	gene-Peve_00027144	0.3027065641	39
Porites_evermani_scaffold_3704	15468	17300	gene-Peve_00027145	.	0
Porites_evermani_scaffold_3704	27838	29897	gene-Peve_00027146	70	1
Porites_evermani_scaffold_3705	296	4569	gene-Peve_00027147	1.43224734	100
Porites_evermani_scaffold_3705	12939	16588	gene-Peve_00027148	93.49960026	34
Porites_evermani_scaffold_3705	28820	39549	gene-Peve_00027149	17.85958655	183
Porites_evermani_scaffold_3706	2478	8253	gene-Peve_00027150	0.1808406636	110
Porites_evermani_scaffold_3706	5023	5223	gene-Peve_00027152	.	0
Porites_evermani_scaffold_3706	11687	17807	gene-Peve_00027153	61.65950303	33
Porites_evermani_scaffold_3706	20709	22227	gene-Peve_00027154	.	0
Porites_evermani_scaffold_3706	28058	32344	gene-Peve_00027151	36.21918371	42
Porites_evermani_scaffold_3707	122	2439	gene-Peve_00027155	81.46225381	16
Porites_evermani_scaffold_3707	4139	33741	gene-Peve_00027156	1.229937139	324
Porites_evermani_scaffold_3708	4046	14525	gene-Peve_00027157	0.1905922749	291
Porites_evermani_scaffold_3708	25612	25972	gene-Peve_00027158	0.2469136	15
Porites_evermani_scaffold_3709	613	7249	gene-Peve_00027159	33.06678883	118
Porites_evermani_scaffold_3709	12119	14858	gene-Peve_00027160	27.49961497	29
Porites_evermani_scaffold_3709	15482	30083	gene-Peve_00027161	0.7173314227	220
Porites_evermani_scaffold_3709	32894	36045	gene-Peve_00027162	.	0
Porites_evermani_scaffold_371	13639	27925	gene-Peve_00027163	0.8848653636	286
Porites_evermani_scaffold_371	38470	49079	gene-Peve_00027164	20.38374184	100
Porites_evermani_scaffold_371	57350	78049	gene-Peve_00027165	0.9572752932	515
Porites_evermani_scaffold_371	101316	161435	gene-Peve_00027166	6.393261353	1131
Porites_evermani_scaffold_371	193440	193959	gene-Peve_00027167	10	1
Porites_evermani_scaffold_371	199229	214509	gene-Peve_00027168	13.84336059	246
Porites_evermani_scaffold_371	214548	241337	gene-Peve_00027169	10.11804799	330
Porites_evermani_scaffold_371	243335	270509	gene-Peve_00027170	6.055161603	443
Porites_evermani_scaffold_371	256910	264776	gene-Peve_00027171	1.370147859	170
Porites_evermani_scaffold_371	280032	280341	gene-Peve_00027172	0	16
Porites_evermani_scaffold_3710	19987	33466	gene-Peve_00027173	2.796370292	65
Porites_evermani_scaffold_3711	0	477	gene-Peve_00027175	.	0
Porites_evermani_scaffold_3711	3712	19137	gene-Peve_00027177	0.8403361176	17
Porites_evermani_scaffold_3711	22888	31644	gene-Peve_00027176	0.2272727273	44
Porites_evermani_scaffold_3712	6212	26113	gene-Peve_00027178	1.030411649	168
Porites_evermani_scaffold_3713	5889	14634	gene-Peve_00027179	45.72743677	62
Porites_evermani_scaffold_3713	18065	22316	gene-Peve_00027180	11.61182375	81
Porites_evermani_scaffold_3713	22873	29050	gene-Peve_00027181	7.2427805	38
Porites_evermani_scaffold_3713	29300	38941	gene-Peve_00027182	66.26867921	118
Porites_evermani_scaffold_3714	1570	12373	gene-Peve_00027183	71.00563003	154
Porites_evermani_scaffold_3714	17014	20447	gene-Peve_00027184	7.786081849	53
Porites_evermani_scaffold_3715	1104	6065	gene-Peve_00027185	0.2680652615	65
Porites_evermani_scaffold_3715	9572	22481	gene-Peve_00027186	0.78074866	50
Porites_evermani_scaffold_3715	25852	30572	gene-Peve_00027187	63.26244047	43
Porites_evermani_scaffold_3715	33329	33946	gene-Peve_00027188	.	0
Porites_evermani_scaffold_3716	10457	11539	gene-Peve_00027190	.	0
Porites_evermani_scaffold_3716	16201	16678	gene-Peve_00027189	.	0
Porites_evermani_scaffold_3716	19870	33646	gene-Peve_00027191	0.0821018046	87
Porites_evermani_scaffold_3716	35319	38689	gene-Peve_00027192	.	0
Porites_evermani_scaffold_3717	600	1832	gene-Peve_00027193	78.45157275	4
Porites_evermani_scaffold_3717	6465	17436	gene-Peve_00027194	46.14407241	98
Porites_evermani_scaffold_3717	22779	23715	gene-Peve_00027195	0	29
Porites_evermani_scaffold_3717	33009	33375	gene-Peve_00027196	.	0
Porites_evermani_scaffold_3718	3905	10742	gene-Peve_00027197	1.170802983	238
Porites_evermani_scaffold_3718	24416	33536	gene-Peve_00027198	0.5549106114	211
Porites_evermani_scaffold_3719	34462	38325	gene-Peve_00027199	1.465053774	31
Porites_evermani_scaffold_372	7245	14421	gene-Peve_00027207	83.40633139	111
Porites_evermani_scaffold_372	16674	27889	gene-Peve_00027211	92.55711791	105
Porites_evermani_scaffold_372	33571	34576	gene-Peve_00027200	1.464919286	42
Porites_evermani_scaffold_372	37672	47666	gene-Peve_00027201	26.93536856	169
Porites_evermani_scaffold_372	49947	55667	gene-Peve_00027202	68.93438044	104
Porites_evermani_scaffold_372	67260	68166	gene-Peve_00027203	0.78125	32
Porites_evermani_scaffold_372	80681	98070	gene-Peve_00027204	0.337977567	388
Porites_evermani_scaffold_372	108106	112380	gene-Peve_00027205	.	0
Porites_evermani_scaffold_372	115783	128892	gene-Peve_00027206	1.230122601	393
Porites_evermani_scaffold_372	156534	189515	gene-Peve_00027208	0.5639282494	882
Porites_evermani_scaffold_372	191448	196201	gene-Peve_00027209	20.21536635	78
Porites_evermani_scaffold_372	198464	203458	gene-Peve_00027210	0.4126822416	149
Porites_evermani_scaffold_372	207863	217188	gene-Peve_00027212	0.238602682	283
Porites_evermani_scaffold_372	220539	236204	gene-Peve_00027214	57.11083142	139
Porites_evermani_scaffold_372	238024	241432	gene-Peve_00027213	26.57454222	60
Porites_evermani_scaffold_372	241782	246986	gene-Peve_00027215	66.67102498	51
Porites_evermani_scaffold_372	248770	273017	gene-Peve_00027216	13.16845225	310
Porites_evermani_scaffold_372	273323	279799	gene-Peve_00027217	64.15259243	79
Porites_evermani_scaffold_372	282853	287973	gene-Peve_00027218	29.21712546	65
Porites_evermani_scaffold_3721	25604	26474	gene-Peve_00027219	0	13
Porites_evermani_scaffold_3722	598	1549	gene-Peve_00027220	0	20
Porites_evermani_scaffold_3722	3099	27345	gene-Peve_00027221	3.582289329	283
Porites_evermani_scaffold_3722	6557	13802	gene-Peve_00027222	0	22
Porites_evermani_scaffold_3723	3192	16194	gene-Peve_00027223	12.39204816	73
Porites_evermani_scaffold_3723	18043	26950	gene-Peve_00027224	76.14709368	62
Porites_evermani_scaffold_3724	4491	10195	gene-Peve_00027225	1.193181812	16
Porites_evermani_scaffold_3724	16496	25354	gene-Peve_00027228	34.30261775	40
Porites_evermani_scaffold_3724	25942	29092	gene-Peve_00027226	0.3448275862	29
Porites_evermani_scaffold_3724	31890	36653	gene-Peve_00027227	0.3448275862	29
Porites_evermani_scaffold_3725	11381	38508	gene-Peve_00027229	0.4062140507	828
Porites_evermani_scaffold_3726	8672	9529	gene-Peve_00027231	.	0
Porites_evermani_scaffold_3727	17297	20891	gene-Peve_00027232	31.6666666	5
Porites_evermani_scaffold_3727	21797	22505	gene-Peve_00027233	.	0
Porites_evermani_scaffold_3727	22839	25765	gene-Peve_00027234	.	0
Porites_evermani_scaffold_3727	37038	38361	gene-Peve_00027235	.	0
Porites_evermani_scaffold_3728	2204	3842	gene-Peve_00027236	11.91479304	27
Porites_evermani_scaffold_3728	10543	15838	gene-Peve_00027237	0.3455951237	97
Porites_evermani_scaffold_373	41	12313	gene-Peve_00027238	0.5570179418	189
Porites_evermani_scaffold_373	13765	22196	gene-Peve_00027239	3.169824101	217
Porites_evermani_scaffold_373	30065	33959	gene-Peve_00027240	49.86067233	55
Porites_evermani_scaffold_373	39479	82505	gene-Peve_00027241	11.6013976	916
Porites_evermani_scaffold_373	88200	108861	gene-Peve_00027242	20.31348828	183
Porites_evermani_scaffold_373	111950	122677	gene-Peve_00027243	0.3544638201	239
Porites_evermani_scaffold_373	125624	128377	gene-Peve_00027244	0.2419391358	81
Porites_evermani_scaffold_373	137001	150655	gene-Peve_00027245	0.737222165	412
Porites_evermani_scaffold_373	161209	172439	gene-Peve_00027246	0.5571683832	321
Porites_evermani_scaffold_373	180666	191106	gene-Peve_00027247	0.1996790075	266
Porites_evermani_scaffold_373	200987	213736	gene-Peve_00027248	0.3174042943	282
Porites_evermani_scaffold_373	217227	226869	gene-Peve_00027249	0.3752763696	184
Porites_evermani_scaffold_373	234843	245877	gene-Peve_00027250	0.6517862723	213
Porites_evermani_scaffold_373	251792	256272	gene-Peve_00027251	72.6578345	50
Porites_evermani_scaffold_373	258989	271075	gene-Peve_00027252	17.57566214	152
Porites_evermani_scaffold_373	277864	279334	gene-Peve_00027253	0	13
Porites_evermani_scaffold_3730	7753	14743	gene-Peve_00027254	1.543453578	83
Porites_evermani_scaffold_3730	26927	27419	gene-Peve_00027255	92.3636364	5
Porites_evermani_scaffold_3731	8441	29146	gene-Peve_00027256	0.5050505	18
Porites_evermani_scaffold_3732	7491	14729	gene-Peve_00027257	.	0
Porites_evermani_scaffold_3732	19356	33266	gene-Peve_00027259	32.3953257	183
Porites_evermani_scaffold_3732	35554	38623	gene-Peve_00027258	0.5946434416	77
Porites_evermani_scaffold_3733	6969	8247	gene-Peve_00027260	73.22775256	16
Porites_evermani_scaffold_3733	9130	10276	gene-Peve_00027261	3.333333333	18
Porites_evermani_scaffold_3733	26847	27189	gene-Peve_00027262	0	1
Porites_evermani_scaffold_3734	1371	28529	gene-Peve_00027264	0.2108636974	76
Porites_evermani_scaffold_3734	31963	32958	gene-Peve_00027263	.	0
Porites_evermani_scaffold_3735	1	30837	gene-Peve_00027265	26.4914835	364
Porites_evermani_scaffold_3735	31100	38818	gene-Peve_00027266	79.04334015	54
Porites_evermani_scaffold_3736	3596	10314	gene-Peve_00027267	43.86064101	79
Porites_evermani_scaffold_3736	15309	25364	gene-Peve_00027269	58.57200429	102
Porites_evermani_scaffold_3736	27928	30247	gene-Peve_00027270	0	2
Porites_evermani_scaffold_3736	34719	36596	gene-Peve_00027271	11.42857143	7
Porites_evermani_scaffold_3736	38216	38637	gene-Peve_00027268	0	9
Porites_evermani_scaffold_3737	9286	17314	gene-Peve_00027273	0.6732371085	129
Porites_evermani_scaffold_3737	27333	27795	gene-Peve_00027272	.	0
Porites_evermani_scaffold_3738	1702	2266	gene-Peve_00027274	.	0
Porites_evermani_scaffold_3739	859	1399	gene-Peve_00027275	.	0
Porites_evermani_scaffold_3739	8316	28680	gene-Peve_00027277	0.2754820909	33
Porites_evermani_scaffold_3739	14173	15125	gene-Peve_00027278	.	0
Porites_evermani_scaffold_374	11374	25571	gene-Peve_00027282	0.8806027895	38
Porites_evermani_scaffold_374	25708	77920	gene-Peve_00027283	0	13
Porites_evermani_scaffold_374	78782	107060	gene-Peve_00027281	.	0
Porites_evermani_scaffold_374	188155	190175	gene-Peve_00027285	0.1210653729	59
Porites_evermani_scaffold_374	190348	190948	gene-Peve_00027286	0	18
Porites_evermani_scaffold_374	216784	253323	gene-Peve_00027287	5.155809208	101
Porites_evermani_scaffold_374	253416	263784	gene-Peve_00027288	0.08223684211	76
Porites_evermani_scaffold_374	269146	271687	gene-Peve_00027289	0.4181100526	95
Porites_evermani_scaffold_374	274224	286501	gene-Peve_00027290	14.24122876	313
Porites_evermani_scaffold_3740	164	941	gene-Peve_00027291	0.4351204545	33
Porites_evermani_scaffold_3740	10944	14616	gene-Peve_00027293	1.388888875	8
Porites_evermani_scaffold_3740	23291	30697	gene-Peve_00027292	0.3341658357	140
Porites_evermani_scaffold_3741	1103	4144	gene-Peve_00027294	0.8307119559	68
Porites_evermani_scaffold_3741	7069	9939	gene-Peve_00027295	35.61479458	38
Porites_evermani_scaffold_3741	13317	15328	gene-Peve_00027296	0.3872212609	46
Porites_evermani_scaffold_3741	26202	27264	gene-Peve_00027297	1.330532206	34
Porites_evermani_scaffold_3741	30505	31693	gene-Peve_00027298	1.33916085	20
Porites_evermani_scaffold_3742	14947	20274	gene-Peve_00027300	1.298185993	142
Porites_evermani_scaffold_3742	21438	36677	gene-Peve_00027302	0.5266603642	162
Porites_evermani_scaffold_3742	25037	27640	gene-Peve_00027301	57.894737	1
Porites_evermani_scaffold_3743	2887	4198	gene-Peve_00027303	0.9943977647	34
Porites_evermani_scaffold_3743	8863	9838	gene-Peve_00027306	0.75757575	12
Porites_evermani_scaffold_3743	22068	27449	gene-Peve_00027304	1.521722573	117
Porites_evermani_scaffold_3743	27911	38567	gene-Peve_00027305	51.43576496	98
Porites_evermani_scaffold_3744	559	5119	gene-Peve_00027307	0.3128849512	123
Porites_evermani_scaffold_3744	7522	8542	gene-Peve_00027308	0	52
Porites_evermani_scaffold_3744	18556	27425	gene-Peve_00027309	0.2004482179	179
Porites_evermani_scaffold_3745	579	5867	gene-Peve_00027310	.	0
Porites_evermani_scaffold_3745	13478	15980	gene-Peve_00027314	.	0
Porites_evermani_scaffold_3745	18719	20315	gene-Peve_00027311	.	0
Porites_evermani_scaffold_3745	24690	25206	gene-Peve_00027312	0	18
Porites_evermani_scaffold_3746	3221	5789	gene-Peve_00027316	0.1886792453	53
Porites_evermani_scaffold_3746	7983	8315	gene-Peve_00027321	.	0
Porites_evermani_scaffold_3746	10816	11214	gene-Peve_00027317	.	0
Porites_evermani_scaffold_3746	11857	13267	gene-Peve_00027318	0	8
Porites_evermani_scaffold_3746	16131	19457	gene-Peve_00027315	0.1838235313	32
Porites_evermani_scaffold_3746	27197	28553	gene-Peve_00027319	0	29
Porites_evermani_scaffold_3746	34011	38577	gene-Peve_00027320	0.5179610521	96
Porites_evermani_scaffold_3747	31346	32749	gene-Peve_00027322	26.1915584	10
Porites_evermani_scaffold_3747	33899	34918	gene-Peve_00027323	28.59732215	27
Porites_evermani_scaffold_3748	32691	34212	gene-Peve_00027324	0	2
Porites_evermani_scaffold_3749	1459	9206	gene-Peve_00027325	19.24291449	45
Porites_evermani_scaffold_375	3931	5404	gene-Peve_00027326	0	72
Porites_evermani_scaffold_375	7560	29165	gene-Peve_00027332	70.33974288	91
Porites_evermani_scaffold_375	29294	30959	gene-Peve_00027342	70.83333325	4
Porites_evermani_scaffold_375	30757	31011	gene-Peve_00027343	61.111111	3
Porites_evermani_scaffold_375	31998	33327	gene-Peve_00027351	.	0
Porites_evermani_scaffold_375	41360	47249	gene-Peve_00027327	0	43
Porites_evermani_scaffold_375	50889	64185	gene-Peve_00027328	21.60641455	214
Porites_evermani_scaffold_375	73738	96326	gene-Peve_00027329	49.77109794	278
Porites_evermani_scaffold_375	106231	109087	gene-Peve_00027330	44.46201565	34
Porites_evermani_scaffold_375	109416	109797	gene-Peve_00027331	1.899918333	12
Porites_evermani_scaffold_375	114585	115478	gene-Peve_00027333	0	16
Porites_evermani_scaffold_375	117848	118603	gene-Peve_00027334	0	17
Porites_evermani_scaffold_375	121816	123405	gene-Peve_00027335	0.2703645714	49
Porites_evermani_scaffold_375	133516	135265	gene-Peve_00027336	24.71267008	12
Porites_evermani_scaffold_375	138966	141192	gene-Peve_00027337	37.15036507	54
Porites_evermani_scaffold_375	143938	145856	gene-Peve_00027338	1.647374791	67
Porites_evermani_scaffold_375	147518	155075	gene-Peve_00027339	82.62725471	34
Porites_evermani_scaffold_375	162446	207005	gene-Peve_00027341	7.652049208	960
Porites_evermani_scaffold_375	217973	229816	gene-Peve_00027340	0.4383520156	321
Porites_evermani_scaffold_375	247667	249788	gene-Peve_00027344	0.1748251731	52
Porites_evermani_scaffold_375	255658	258602	gene-Peve_00027346	8.35493484	25
Porites_evermani_scaffold_375	257160	257701	gene-Peve_00027347	18.513986	4
Porites_evermani_scaffold_375	259203	259559	gene-Peve_00027348	.	0
Porites_evermani_scaffold_375	260386	262222	gene-Peve_00027345	0.1602564167	48
Porites_evermani_scaffold_375	267973	270881	gene-Peve_00027349	0	50
Porites_evermani_scaffold_375	275087	277910	gene-Peve_00027350	0.8333333333	12
Porites_evermani_scaffold_3750	10782	15324	gene-Peve_00027355	.	0
Porites_evermani_scaffold_3750	15661	17750	gene-Peve_00027356	.	0
Porites_evermani_scaffold_3750	24780	26653	gene-Peve_00027352	.	0
Porites_evermani_scaffold_3750	31845	32788	gene-Peve_00027353	.	0
Porites_evermani_scaffold_3751	17510	17909	gene-Peve_00027358	.	0
Porites_evermani_scaffold_3751	21550	22681	gene-Peve_00027359	0.8807801176	17
Porites_evermani_scaffold_3752	5335	8571	gene-Peve_00027360	47.22031233	6
Porites_evermani_scaffold_3752	12961	25299	gene-Peve_00027361	0.09835194545	110
Porites_evermani_scaffold_3752	20562	21838	gene-Peve_00027362	0	14
Porites_evermani_scaffold_3752	26886	27168	gene-Peve_00027363	.	0
Porites_evermani_scaffold_3753	2794	17569	gene-Peve_00027364	54.8076925	2
Porites_evermani_scaffold_3753	27590	35094	gene-Peve_00027365	70	1
Porites_evermani_scaffold_3754	5913	8055	gene-Peve_00027366	0	17
Porites_evermani_scaffold_3754	22029	26470	gene-Peve_00027367	0.9041225	88
Porites_evermani_scaffold_3754	35373	36509	gene-Peve_00027368	0.1623376818	22
Porites_evermani_scaffold_3755	2512	16862	gene-Peve_00027369	82.60964917	18
Porites_evermani_scaffold_3755	16772	37935	gene-Peve_00027370	72.59120794	120
Porites_evermani_scaffold_3756	2896	19330	gene-Peve_00027371	26.03926076	50
Porites_evermani_scaffold_3756	22032	23838	gene-Peve_00027372	45.32291235	17
Porites_evermani_scaffold_3756	29507	37763	gene-Peve_00027373	87.70288503	30
Porites_evermani_scaffold_3757	6007	12172	gene-Peve_00027374	0.3191476404	178
Porites_evermani_scaffold_3758	3521	4178	gene-Peve_00027375	0	10
Porites_evermani_scaffold_3758	11609	12503	gene-Peve_00027378	25.45271031	36
Porites_evermani_scaffold_3758	26481	27354	gene-Peve_00027379	0.6578947368	19
Porites_evermani_scaffold_3758	33224	37022	gene-Peve_00027376	8.689199667	60
Porites_evermani_scaffold_3759	13981	15607	gene-Peve_00027380	.	0
Porites_evermani_scaffold_3759	17040	18390	gene-Peve_00027381	.	0
Porites_evermani_scaffold_3759	32219	37728	gene-Peve_00027382	4.781488583	12
Porites_evermani_scaffold_376	1570	10919	gene-Peve_00027383	19.64653771	107
Porites_evermani_scaffold_376	13129	19294	gene-Peve_00027396	0.08928571429	112
Porites_evermani_scaffold_376	21431	29078	gene-Peve_00027399	63.77489936	22
Porites_evermani_scaffold_376	33046	42079	gene-Peve_00027400	73.07990832	19
Porites_evermani_scaffold_376	42733	47025	gene-Peve_00027384	48.81104494	50
Porites_evermani_scaffold_376	47223	54510	gene-Peve_00027385	24.5159314	80
Porites_evermani_scaffold_376	54866	55802	gene-Peve_00027386	0	9
Porites_evermani_scaffold_376	57637	69657	gene-Peve_00027387	0.1695467195	303
Porites_evermani_scaffold_376	76386	90775	gene-Peve_00027388	0.523320827	289
Porites_evermani_scaffold_376	96433	109612	gene-Peve_00027389	1.310121819	171
Porites_evermani_scaffold_376	115982	116486	gene-Peve_00027390	0.22727275	20
Porites_evermani_scaffold_376	117709	121131	gene-Peve_00027391	0.2259436491	57
Porites_evermani_scaffold_376	123918	149282	gene-Peve_00027392	19.50023249	335
Porites_evermani_scaffold_376	150738	163423	gene-Peve_00027393	0.42637026	250
Porites_evermani_scaffold_376	164282	191048	gene-Peve_00027394	41.13540491	331
Porites_evermani_scaffold_376	191827	194847	gene-Peve_00027395	46.99809453	36
Porites_evermani_scaffold_376	195875	211341	gene-Peve_00027397	26.37290303	246
Porites_evermani_scaffold_376	214915	220309	gene-Peve_00027398	46.37497456	50
Porites_evermani_scaffold_3760	5043	11579	gene-Peve_00027402	0.2840909091	66
Porites_evermani_scaffold_3760	15273	19246	gene-Peve_00027401	.	0
Porites_evermani_scaffold_3760	20562	32926	gene-Peve_00027403	.	0
Porites_evermani_scaffold_3760	35080	35899	gene-Peve_00027404	.	0
Porites_evermani_scaffold_3761	4853	6906	gene-Peve_00027405	0.4048583158	19
Porites_evermani_scaffold_3761	36135	36945	gene-Peve_00027406	0.2314815	24
Porites_evermani_scaffold_3762	0	37813	gene-Peve_00027407	.	0
Porites_evermani_scaffold_3763	7410	12310	gene-Peve_00027408	0.7785749496	139
Porites_evermani_scaffold_3763	12358	15299	gene-Peve_00027410	0	62
Porites_evermani_scaffold_3763	19065	34249	gene-Peve_00027411	28.06731857	234
Porites_evermani_scaffold_3763	36576	38103	gene-Peve_00027409	2.415986769	26
Porites_evermani_scaffold_3764	16267	18103	gene-Peve_00027412	.	0
Porites_evermani_scaffold_3764	27183	28747	gene-Peve_00027414	.	0
Porites_evermani_scaffold_3764	32421	38121	gene-Peve_00027413	.	0
Porites_evermani_scaffold_3765	19201	28654	gene-Peve_00027416	0.3800373514	222
Porites_evermani_scaffold_3766	1003	1837	gene-Peve_00027417	.	0
Porites_evermani_scaffold_3766	5404	11442	gene-Peve_00027420	.	0
Porites_evermani_scaffold_3766	11671	12913	gene-Peve_00027421	.	0
Porites_evermani_scaffold_3766	20671	21814	gene-Peve_00027422	0	7
Porites_evermani_scaffold_3766	24813	25488	gene-Peve_00027423	.	0
Porites_evermani_scaffold_3766	25987	26407	gene-Peve_00027418	0	1
Porites_evermani_scaffold_3766	34727	35849	gene-Peve_00027419	0	12
Porites_evermani_scaffold_3767	10923	12940	gene-Peve_00027424	.	0
Porites_evermani_scaffold_3767	20795	21869	gene-Peve_00027425	0	3
Porites_evermani_scaffold_3767	26019	29300	gene-Peve_00027426	.	0
Porites_evermani_scaffold_3767	37341	37992	gene-Peve_00027427	0	3
Porites_evermani_scaffold_3768	2514	7587	gene-Peve_00027428	10.34536893	14
Porites_evermani_scaffold_3768	5347	15081	gene-Peve_00027429	67.12903264	67
Porites_evermani_scaffold_3768	26480	37935	gene-Peve_00027430	40.33630847	19
Porites_evermani_scaffold_3769	589	2358	gene-Peve_00027431	0	1
Porites_evermani_scaffold_3769	6609	17351	gene-Peve_00027432	21.30204037	56
Porites_evermani_scaffold_377	7166	7775	gene-Peve_00027435	0.3030303182	22
Porites_evermani_scaffold_377	12202	14497	gene-Peve_00027433	0.08097166154	65
Porites_evermani_scaffold_377	29767	33058	gene-Peve_00027444	1.469105657	108
Porites_evermani_scaffold_377	57669	76526	gene-Peve_00027434	0.1407828278	180
Porites_evermani_scaffold_377	90211	92451	gene-Peve_00027436	38.82122726	43
Porites_evermani_scaffold_377	96157	116455	gene-Peve_00027437	14.76695223	410
Porites_evermani_scaffold_377	123897	163828	gene-Peve_00027438	0.5770921944	782
Porites_evermani_scaffold_377	167468	167801	gene-Peve_00027439	5.111416333	12
Porites_evermani_scaffold_377	178669	213889	gene-Peve_00027440	0.9162444934	533
Porites_evermani_scaffold_377	216356	237677	gene-Peve_00027441	1.330552695	315
Porites_evermani_scaffold_377	269614	279854	gene-Peve_00027442	60.37585709	65
Porites_evermani_scaffold_377	280019	287362	gene-Peve_00027443	73.46429596	49
Porites_evermani_scaffold_3770	6992	9098	gene-Peve_00027449	14.090909	2
Porites_evermani_scaffold_3770	9152	20458	gene-Peve_00027450	9.6314154	25
Porites_evermani_scaffold_3770	13104	15342	gene-Peve_00027451	0	2
Porites_evermani_scaffold_3770	25589	28434	gene-Peve_00027448	.	0
Porites_evermani_scaffold_3771	28794	29803	gene-Peve_00027452	0.8333333333	6
Porites_evermani_scaffold_3771	32057	32426	gene-Peve_00027454	0.1515151333	15
Porites_evermani_scaffold_3772	13406	22283	gene-Peve_00027455	0	34
Porites_evermani_scaffold_3774	9089	10754	gene-Peve_00027459	73.99118494	31
Porites_evermani_scaffold_3774	19795	20675	gene-Peve_00027458	63.61435343	23
Porites_evermani_scaffold_3775	12363	13248	gene-Peve_00027460	.	0
Porites_evermani_scaffold_3775	18131	19028	gene-Peve_00027462	0	3
Porites_evermani_scaffold_3775	21807	22206	gene-Peve_00027463	.	0
Porites_evermani_scaffold_3775	25552	26293	gene-Peve_00027464	.	0
Porites_evermani_scaffold_3775	28917	30337	gene-Peve_00027461	1.831501833	12
Porites_evermani_scaffold_3776	52	5757	gene-Peve_00027465	9.996511429	63
Porites_evermani_scaffold_3776	19694	37786	gene-Peve_00027466	42.06367925	111
Porites_evermani_scaffold_3777	309	19209	gene-Peve_00027467	8.908645279	140
Porites_evermani_scaffold_3777	14025	14396	gene-Peve_00027468	0	9
Porites_evermani_scaffold_3777	21365	26636	gene-Peve_00027469	80.59364283	30
Porites_evermani_scaffold_3777	29645	31944	gene-Peve_00027470	0.2222222222	45
Porites_evermani_scaffold_3778	365	30598	gene-Peve_00027471	1.220445341	138
Porites_evermani_scaffold_3778	32699	36871	gene-Peve_00027473	24.37305173	15
Porites_evermani_scaffold_3779	4637	4982	gene-Peve_00027474	.	0
Porites_evermani_scaffold_378	15035	22597	gene-Peve_00027475	0.410366104	202
Porites_evermani_scaffold_378	45030	50438	gene-Peve_00027488	1.349302848	165
Porites_evermani_scaffold_378	54334	56235	gene-Peve_00027491	95.86080583	6
Porites_evermani_scaffold_378	56838	79878	gene-Peve_00027476	46.37029582	105
Porites_evermani_scaffold_378	83734	86567	gene-Peve_00027477	0	4
Porites_evermani_scaffold_378	87806	93933	gene-Peve_00027478	14.68746124	55
Porites_evermani_scaffold_378	96931	98866	gene-Peve_00027479	0.6054465745	47
Porites_evermani_scaffold_378	103382	107699	gene-Peve_00027480	64.52217559	51
Porites_evermani_scaffold_378	108987	110727	gene-Peve_00027481	0.3311965897	39
Porites_evermani_scaffold_378	112017	128415	gene-Peve_00027482	10.22587866	304
Porites_evermani_scaffold_378	136302	146883	gene-Peve_00027483	0.573959378	127
Porites_evermani_scaffold_378	186686	189530	gene-Peve_00027484	0.2092951754	57
Porites_evermani_scaffold_378	195704	216901	gene-Peve_00027485	6.76849551	257
Porites_evermani_scaffold_378	204150	206239	gene-Peve_00027486	.	0
Porites_evermani_scaffold_378	238975	249624	gene-Peve_00027487	3.964065766	128
Porites_evermani_scaffold_378	282037	286508	gene-Peve_00027489	.	0
Porites_evermani_scaffold_3780	12224	16428	gene-Peve_00027492	.	0
Porites_evermani_scaffold_3780	16582	36875	gene-Peve_00027493	8.465558835	164
Porites_evermani_scaffold_3781	3383	4601	gene-Peve_00027494	.	0
Porites_evermani_scaffold_3781	21675	30456	gene-Peve_00027495	0.5808080667	30
Porites_evermani_scaffold_3782	2121	3680	gene-Peve_00027496	.	0
Porites_evermani_scaffold_3782	5953	12054	gene-Peve_00027497	0	34
Porites_evermani_scaffold_3782	15869	16835	gene-Peve_00027498	0	9
Porites_evermani_scaffold_3782	19755	23093	gene-Peve_00027499	57.902098	5
Porites_evermani_scaffold_3782	27810	32294	gene-Peve_00027500	76.69288223	13
Porites_evermani_scaffold_3783	9548	10582	gene-Peve_00027501	0	8
Porites_evermani_scaffold_3783	15555	19952	gene-Peve_00027503	76.76865029	49
Porites_evermani_scaffold_3783	21304	21865	gene-Peve_00027504	29.857558	23
Porites_evermani_scaffold_3783	26417	27430	gene-Peve_00027502	.	0
Porites_evermani_scaffold_3784	14409	16591	gene-Peve_00027505	0.06688963077	65
Porites_evermani_scaffold_3784	30435	33671	gene-Peve_00027506	0.3702121818	88
Porites_evermani_scaffold_3785	273	7148	gene-Peve_00027508	0.1633986863	51
Porites_evermani_scaffold_3785	8938	22008	gene-Peve_00027509	5.128089286	126
Porites_evermani_scaffold_3785	23488	36300	gene-Peve_00027510	2.032869349	186
Porites_evermani_scaffold_3785	26317	27046	gene-Peve_00027511	10.29544562	21
Porites_evermani_scaffold_3786	3987	11345	gene-Peve_00027512	0	13
Porites_evermani_scaffold_3787	884	2359	gene-Peve_00027513	.	0
Porites_evermani_scaffold_3787	3095	10934	gene-Peve_00027515	0.2161420968	124
Porites_evermani_scaffold_3787	13615	27424	gene-Peve_00027516	0.7867569251	334
Porites_evermani_scaffold_3787	34412	36267	gene-Peve_00027514	15.90374082	28
Porites_evermani_scaffold_3788	2644	6691	gene-Peve_00027517	0.3233539368	95
Porites_evermani_scaffold_3788	15103	15412	gene-Peve_00027519	0	8
Porites_evermani_scaffold_3788	16995	23213	gene-Peve_00027520	0.8139401081	148
Porites_evermani_scaffold_3788	28210	29617	gene-Peve_00027518	0	37
Porites_evermani_scaffold_3789	903	9702	gene-Peve_00027523	20.24592832	22
Porites_evermani_scaffold_3789	10205	11203	gene-Peve_00027524	.	0
Porites_evermani_scaffold_3789	17344	19631	gene-Peve_00027525	.	0
Porites_evermani_scaffold_379	17483	19555	gene-Peve_00027529	0.07936508571	70
Porites_evermani_scaffold_379	64590	67282	gene-Peve_00027526	0.634920625	48
Porites_evermani_scaffold_379	77557	93237	gene-Peve_00027527	0.5004329349	338
Porites_evermani_scaffold_379	99159	111345	gene-Peve_00027528	1.569611873	213
Porites_evermani_scaffold_379	117279	133570	gene-Peve_00027530	0.4949272643	401
Porites_evermani_scaffold_379	138914	142511	gene-Peve_00027531	0.1850780857	70
Porites_evermani_scaffold_379	143329	147281	gene-Peve_00027532	41.83967476	46
Porites_evermani_scaffold_379	150833	162839	gene-Peve_00027533	47.85864486	367
Porites_evermani_scaffold_379	168251	172943	gene-Peve_00027535	42.98977796	82
Porites_evermani_scaffold_379	176131	190173	gene-Peve_00027534	0.5212326967	333
Porites_evermani_scaffold_379	195725	207327	gene-Peve_00027536	0.2829168059	237
Porites_evermani_scaffold_379	197596	198400	gene-Peve_00027537	0	22
Porites_evermani_scaffold_379	212143	221479	gene-Peve_00027538	7.1098932	240
Porites_evermani_scaffold_379	221854	224284	gene-Peve_00027539	1.291011618	76
Porites_evermani_scaffold_379	226750	236813	gene-Peve_00027540	20.84583992	193
Porites_evermani_scaffold_379	239006	241389	gene-Peve_00027541	9.0625	32
Porites_evermani_scaffold_379	243156	260549	gene-Peve_00027542	8.8639575	326
Porites_evermani_scaffold_3790	15759	16413	gene-Peve_00027543	0	10
Porites_evermani_scaffold_3790	17154	25169	gene-Peve_00027544	1.09127714	114
Porites_evermani_scaffold_3791	960	16352	gene-Peve_00027546	3.851981375	16
Porites_evermani_scaffold_3791	30717	37512	gene-Peve_00027547	75.14913562	26
Porites_evermani_scaffold_3792	11080	15853	gene-Peve_00027548	0	1
Porites_evermani_scaffold_3792	22503	33159	gene-Peve_00027550	0	13
Porites_evermani_scaffold_3793	7900	8344	gene-Peve_00027556	.	0
Porites_evermani_scaffold_3793	17348	17753	gene-Peve_00027553	14.84593843	7
Porites_evermani_scaffold_3793	25184	25994	gene-Peve_00027554	63.47343628	32
Porites_evermani_scaffold_3793	29701	30559	gene-Peve_00027555	18.948718	5
Porites_evermani_scaffold_3794	1530	10559	gene-Peve_00027558	68.21115423	13
Porites_evermani_scaffold_3794	15292	27477	gene-Peve_00027559	85.46939115	41
Porites_evermani_scaffold_3794	27816	32127	gene-Peve_00027560	97.010101	15
Porites_evermani_scaffold_3795	208	31097	gene-Peve_00027561	13.25340393	151
Porites_evermani_scaffold_3796	33565	35632	gene-Peve_00027562	.	0
Porites_evermani_scaffold_3797	12699	26977	gene-Peve_00027566	1.641821592	292
Porites_evermani_scaffold_3797	23783	24205	gene-Peve_00027564	7.084950708	24
Porites_evermani_scaffold_3797	34157	35237	gene-Peve_00027565	0.7919818537	41
Porites_evermani_scaffold_3799	250	2708	gene-Peve_00027567	58.593351	22
Porites_evermani_scaffold_3799	7862	12221	gene-Peve_00027568	63.6321034	52
Porites_evermani_scaffold_3799	13985	25852	gene-Peve_00027569	80.19354737	27
Porites_evermani_scaffold_3799	26059	30971	gene-Peve_00027570	49.9707224	10
Porites_evermani_scaffold_38	7383	16423	gene-Peve_00027571	0	70
Porites_evermani_scaffold_38	18687	23995	gene-Peve_00027612	0.6229579225	129
Porites_evermani_scaffold_38	28516	38258	gene-Peve_00027616	41.10306178	174
Porites_evermani_scaffold_38	41164	46187	gene-Peve_00027572	61.1254969	52
Porites_evermani_scaffold_38	49043	50324	gene-Peve_00027574	25.36289464	11
Porites_evermani_scaffold_38	52195	66216	gene-Peve_00027579	7.435092655	325
Porites_evermani_scaffold_38	70285	75504	gene-Peve_00027584	0.2079002027	74
Porites_evermani_scaffold_38	75540	76289	gene-Peve_00027588	0.7974481667	18
Porites_evermani_scaffold_38	83484	87238	gene-Peve_00027595	8.923284586	29
Porites_evermani_scaffold_38	88808	97848	gene-Peve_00027609	0.2929298366	202
Porites_evermani_scaffold_38	106664	112217	gene-Peve_00027611	1.021825389	36
Porites_evermani_scaffold_38	115057	140554	gene-Peve_00027610	2.735712355	138
Porites_evermani_scaffold_38	145131	169014	gene-Peve_00027613	9.503073739	276
Porites_evermani_scaffold_38	169884	172065	gene-Peve_00027614	0	4
Porites_evermani_scaffold_38	182952	201689	gene-Peve_00027615	12.86930788	296
Porites_evermani_scaffold_38	203345	205814	gene-Peve_00027617	40.52469434	47
Porites_evermani_scaffold_38	210747	216169	gene-Peve_00027618	0.7409852	140
Porites_evermani_scaffold_38	217680	223529	gene-Peve_00027619	0.5274725412	85
Porites_evermani_scaffold_38	226284	230145	gene-Peve_00027620	41.59167316	68
Porites_evermani_scaffold_38	230704	243749	gene-Peve_00027621	0.615769	226
Porites_evermani_scaffold_38	252412	255575	gene-Peve_00027622	18.05422647	30
Porites_evermani_scaffold_38	260794	262316	gene-Peve_00027624	0.2468120182	55
Porites_evermani_scaffold_38	265948	271943	gene-Peve_00027623	0.84454891	100
Porites_evermani_scaffold_38	323911	335327	gene-Peve_00027626	0.1361655752	153
Porites_evermani_scaffold_38	335528	352035	gene-Peve_00027628	0.2709172895	228
Porites_evermani_scaffold_38	354543	392405	gene-Peve_00027627	3.338398701	388
Porites_evermani_scaffold_38	392538	392969	gene-Peve_00027573	.	0
Porites_evermani_scaffold_38	399388	406543	gene-Peve_00027625	0.1700680238	42
Porites_evermani_scaffold_38	411025	418949	gene-Peve_00027575	0.1908123373	169
Porites_evermani_scaffold_38	425384	426326	gene-Peve_00027576	0	31
Porites_evermani_scaffold_38	435497	453311	gene-Peve_00027578	4.258339943	370
Porites_evermani_scaffold_38	463294	473190	gene-Peve_00027581	41.90762369	179
Porites_evermani_scaffold_38	476225	501911	gene-Peve_00027582	5.828737454	524
Porites_evermani_scaffold_38	509924	512089	gene-Peve_00027583	0	35
Porites_evermani_scaffold_38	516784	525311	gene-Peve_00027585	0.2342133029	241
Porites_evermani_scaffold_38	532215	533265	gene-Peve_00027586	0.1587301714	35
Porites_evermani_scaffold_38	542097	545793	gene-Peve_00027589	0.9339975068	73
Porites_evermani_scaffold_38	544260	556118	gene-Peve_00027590	0.9443397934	334
Porites_evermani_scaffold_38	561378	564758	gene-Peve_00027591	0.09803922059	68
Porites_evermani_scaffold_38	566034	576089	gene-Peve_00027592	17.42705544	229
Porites_evermani_scaffold_38	577212	577982	gene-Peve_00027593	2.020202	9
Porites_evermani_scaffold_38	582138	584360	gene-Peve_00027594	0.1960784375	64
Porites_evermani_scaffold_38	593554	616022	gene-Peve_00027596	0.2070898116	398
Porites_evermani_scaffold_38	619067	620062	gene-Peve_00027598	0.15625	40
Porites_evermani_scaffold_38	621089	625470	gene-Peve_00027597	0.06609385393	89
Porites_evermani_scaffold_38	628528	629068	gene-Peve_00027599	0.4830917778	9
Porites_evermani_scaffold_38	642269	643394	gene-Peve_00027600	0.303030303	33
Porites_evermani_scaffold_38	651774	652719	gene-Peve_00027601	0	10
Porites_evermani_scaffold_38	655087	656050	gene-Peve_00027602	0	14
Porites_evermani_scaffold_38	659824	681609	gene-Peve_00027603	0.8869485049	406
Porites_evermani_scaffold_38	682678	683704	gene-Peve_00027604	.	0
Porites_evermani_scaffold_38	689764	690640	gene-Peve_00027605	0	4
Porites_evermani_scaffold_38	734968	754941	gene-Peve_00027606	0.5220720217	553
Porites_evermani_scaffold_38	768833	771009	gene-Peve_00027607	1.754307167	72
Porites_evermani_scaffold_38	771480	780547	gene-Peve_00027608	0.791830976	167
Porites_evermani_scaffold_380	5797	20232	gene-Peve_00027629	0.6938837735	287
Porites_evermani_scaffold_380	24301	33388	gene-Peve_00027635	0.8159764177	237
Porites_evermani_scaffold_380	35759	54266	gene-Peve_00027638	0.5882011823	587
Porites_evermani_scaffold_380	40558	42675	gene-Peve_00027647	0.4770295405	111
Porites_evermani_scaffold_380	66421	80019	gene-Peve_00027630	2.640936102	304
Porites_evermani_scaffold_380	84823	98310	gene-Peve_00027631	3.82534742	295
Porites_evermani_scaffold_380	99302	114375	gene-Peve_00027632	0.4153540279	287
Porites_evermani_scaffold_380	146028	157272	gene-Peve_00027633	1.666666652	23
Porites_evermani_scaffold_380	160315	173107	gene-Peve_00027634	1.396103893	28
Porites_evermani_scaffold_380	185574	186591	gene-Peve_00027636	0.3225806452	31
Porites_evermani_scaffold_380	203212	203683	gene-Peve_00027637	17.857143	2
Porites_evermani_scaffold_380	204682	205335	gene-Peve_00027640	.	0
Porites_evermani_scaffold_380	205862	207579	gene-Peve_00027639	1.028551824	17
Porites_evermani_scaffold_380	214222	216038	gene-Peve_00027641	.	0
Porites_evermani_scaffold_380	227527	228674	gene-Peve_00027643	4.229194944	18
Porites_evermani_scaffold_380	229470	230238	gene-Peve_00027644	0.8333333	10
Porites_evermani_scaffold_380	250980	268727	gene-Peve_00027645	.	0
Porites_evermani_scaffold_380	253915	255504	gene-Peve_00027646	.	0
Porites_evermani_scaffold_3800	20323	21487	gene-Peve_00027649	0.9090909091	11
Porites_evermani_scaffold_3800	35371	36446	gene-Peve_00027648	.	0
Porites_evermani_scaffold_3801	9076	9845	gene-Peve_00027651	10.54859875	20
Porites_evermani_scaffold_3801	10546	13632	gene-Peve_00027652	20.8607011	20
Porites_evermani_scaffold_3801	14961	16957	gene-Peve_00027650	6.677671	7
Porites_evermani_scaffold_3801	29761	30079	gene-Peve_00027653	0	5
Porites_evermani_scaffold_3802	1031	7369	gene-Peve_00027654	0	15
Porites_evermani_scaffold_3802	16328	17228	gene-Peve_00027655	0.2747252692	26
Porites_evermani_scaffold_3802	19278	25714	gene-Peve_00027656	0.160827378	164
Porites_evermani_scaffold_3802	32330	33428	gene-Peve_00027657	1.560707806	36
Porites_evermani_scaffold_3803	12227	18876	gene-Peve_00027659	0.4215625714	98
Porites_evermani_scaffold_3803	23899	36155	gene-Peve_00027660	2.603166862	80
Porites_evermani_scaffold_3803	29517	30062	gene-Peve_00027658	.	0
Porites_evermani_scaffold_3804	509	6837	gene-Peve_00027661	.	0
Porites_evermani_scaffold_3804	7056	10702	gene-Peve_00027662	.	0
Porites_evermani_scaffold_3804	14575	18739	gene-Peve_00027663	.	0
Porites_evermani_scaffold_3805	1075	2668	gene-Peve_00027664	0.310559	23
Porites_evermani_scaffold_3805	5189	32920	gene-Peve_00027665	5.883228903	518
Porites_evermani_scaffold_3806	18220	20161	gene-Peve_00027666	.	0
Porites_evermani_scaffold_3806	21880	22825	gene-Peve_00027667	.	0
Porites_evermani_scaffold_3807	4326	12798	gene-Peve_00027668	22.28910474	31
Porites_evermani_scaffold_3807	14477	27055	gene-Peve_00027669	27.10558692	61
Porites_evermani_scaffold_3807	27048	35225	gene-Peve_00027670	11.00790513	23
Porites_evermani_scaffold_3808	1416	14596	gene-Peve_00027671	60.83967512	17
Porites_evermani_scaffold_3808	13079	27085	gene-Peve_00027672	6.313686308	26
Porites_evermani_scaffold_3808	31117	37212	gene-Peve_00027673	35.40487729	77
Porites_evermani_scaffold_3809	2390	5671	gene-Peve_00027677	0.1451378868	53
Porites_evermani_scaffold_3809	9333	9837	gene-Peve_00027678	0	21
Porites_evermani_scaffold_3809	14646	15126	gene-Peve_00027679	0	16
Porites_evermani_scaffold_3809	17206	17710	gene-Peve_00027674	0	21
Porites_evermani_scaffold_3809	25449	25941	gene-Peve_00027675	0	1
Porites_evermani_scaffold_3809	34816	36915	gene-Peve_00027676	0.9289796933	75
Porites_evermani_scaffold_381	9913	12069	gene-Peve_00027683	2.892767276	58
Porites_evermani_scaffold_381	12364	12739	gene-Peve_00027687	0	1
Porites_evermani_scaffold_381	31190	42548	gene-Peve_00027695	20.56290211	224
Porites_evermani_scaffold_381	47453	59540	gene-Peve_00027702	19.5025954	290
Porites_evermani_scaffold_381	63309	64383	gene-Peve_00027680	0	35
Porites_evermani_scaffold_381	69034	70609	gene-Peve_00027681	56.67964241	17
Porites_evermani_scaffold_381	94289	94766	gene-Peve_00027682	0	6
Porites_evermani_scaffold_381	101509	103369	gene-Peve_00027684	22.76352805	41
Porites_evermani_scaffold_381	116506	118261	gene-Peve_00027685	57.10909039	28
Porites_evermani_scaffold_381	127631	128591	gene-Peve_00027686	1.5882855	44
Porites_evermani_scaffold_381	130551	146004	gene-Peve_00027688	12.12014713	196
Porites_evermani_scaffold_381	146293	166405	gene-Peve_00027689	6.746322372	406
Porites_evermani_scaffold_381	180051	180963	gene-Peve_00027692	0.3401360476	21
Porites_evermani_scaffold_381	183117	185373	gene-Peve_00027693	0.07127583607	61
Porites_evermani_scaffold_381	190414	198801	gene-Peve_00027694	0.6328941783	157
Porites_evermani_scaffold_381	202999	203347	gene-Peve_00027696	0	16
Porites_evermani_scaffold_381	220948	225420	gene-Peve_00027697	0.2464494586	133
Porites_evermani_scaffold_381	231995	239441	gene-Peve_00027698	0.9769307809	178
Porites_evermani_scaffold_381	255176	256748	gene-Peve_00027699	3.433478667	21
Porites_evermani_scaffold_381	266806	267132	gene-Peve_00027700	0.6535947778	9
Porites_evermani_scaffold_381	276797	277460	gene-Peve_00027701	.	0
Porites_evermani_scaffold_381	280924	284778	gene-Peve_00027703	0.394408	97
Porites_evermani_scaffold_3810	6586	15178	gene-Peve_00027704	0.9889743247	194
Porites_evermani_scaffold_3810	21189	26888	gene-Peve_00027705	0	10
Porites_evermani_scaffold_3810	31179	36729	gene-Peve_00027706	0.3825089091	99
Porites_evermani_scaffold_3811	8757	13077	gene-Peve_00027707	2.980204242	33
Porites_evermani_scaffold_3812	6826	36696	gene-Peve_00027708	5.091711256	579
Porites_evermani_scaffold_3813	520	11896	gene-Peve_00027709	32.5160287	128
Porites_evermani_scaffold_3813	12305	34769	gene-Peve_00027710	60.98752065	127
Porites_evermani_scaffold_3814	2	14986	gene-Peve_00027711	73.33145455	125
Porites_evermani_scaffold_3814	19294	20049	gene-Peve_00027712	0	4
Porites_evermani_scaffold_3814	24971	35614	gene-Peve_00027713	3.191905758	91
Porites_evermani_scaffold_3815	21632	31314	gene-Peve_00027714	0	46
Porites_evermani_scaffold_3815	34376	34955	gene-Peve_00027716	.	0
Porites_evermani_scaffold_3816	19	9913	gene-Peve_00027717	80	1
Porites_evermani_scaffold_3816	16127	24351	gene-Peve_00027718	7.5	4
Porites_evermani_scaffold_3816	30622	31892	gene-Peve_00027719	.	0
Porites_evermani_scaffold_3816	35602	37088	gene-Peve_00027720	.	0
Porites_evermani_scaffold_3817	150	1221	gene-Peve_00027721	0	24
Porites_evermani_scaffold_3817	4237	8257	gene-Peve_00027725	0.24676436	100
Porites_evermani_scaffold_3817	12339	13788	gene-Peve_00027722	0	30
Porites_evermani_scaffold_3817	23986	25835	gene-Peve_00027723	0	2
Porites_evermani_scaffold_3817	33292	37069	gene-Peve_00027724	3.449247864	88
Porites_evermani_scaffold_3818	7	15589	gene-Peve_00027726	37.67446587	120
Porites_evermani_scaffold_3818	15854	17513	gene-Peve_00027728	27.93333332	25
Porites_evermani_scaffold_3818	31128	35366	gene-Peve_00027729	2.262826775	71
Porites_evermani_scaffold_3818	35505	36966	gene-Peve_00027727	.	0
Porites_evermani_scaffold_3819	11	11398	gene-Peve_00027730	0.7385380298	168
Porites_evermani_scaffold_3819	16623	22213	gene-Peve_00027731	1.64046152	125
Porites_evermani_scaffold_3819	24398	30832	gene-Peve_00027732	0.1579520667	90
Porites_evermani_scaffold_3819	35529	35967	gene-Peve_00027733	0	16
Porites_evermani_scaffold_382	4629	16146	gene-Peve_00027741	1.555885032	253
Porites_evermani_scaffold_382	20561	25440	gene-Peve_00027734	37.04460613	40
Porites_evermani_scaffold_382	28441	37920	gene-Peve_00027735	54.75565356	99
Porites_evermani_scaffold_382	45773	46373	gene-Peve_00027737	0.289855087	23
Porites_evermani_scaffold_382	52221	53205	gene-Peve_00027739	17.78320631	32
Porites_evermani_scaffold_382	53956	55960	gene-Peve_00027738	8.892378185	27
Porites_evermani_scaffold_382	59763	63748	gene-Peve_00027740	5.26379708	251
Porites_evermani_scaffold_382	92154	94546	gene-Peve_00027744	29.27476307	29
Porites_evermani_scaffold_382	94836	100351	gene-Peve_00027745	30.39360505	74
Porites_evermani_scaffold_382	118314	170215	gene-Peve_00027747	3.488209561	1007
Porites_evermani_scaffold_382	142373	142664	gene-Peve_00027748	.	0
Porites_evermani_scaffold_382	174401	190615	gene-Peve_00027749	1.775806138	435
Porites_evermani_scaffold_382	193772	197931	gene-Peve_00027750	0.1185636829	123
Porites_evermani_scaffold_382	206928	216454	gene-Peve_00027751	0.6053482525	301
Porites_evermani_scaffold_382	217776	246678	gene-Peve_00027752	1.524975386	875
Porites_evermani_scaffold_382	248636	249473	gene-Peve_00027753	0	9
Porites_evermani_scaffold_382	255717	259140	gene-Peve_00027754	0.5181716383	47
Porites_evermani_scaffold_382	265604	266546	gene-Peve_00027755	0	21
Porites_evermani_scaffold_382	277890	283288	gene-Peve_00027756	0.2428821154	130
Porites_evermani_scaffold_3820	7952	9053	gene-Peve_00027757	.	0
Porites_evermani_scaffold_3820	25797	26808	gene-Peve_00027758	.	0
Porites_evermani_scaffold_3820	27111	28250	gene-Peve_00027759	68.23877867	3
Porites_evermani_scaffold_3820	28584	30373	gene-Peve_00027760	.	0
Porites_evermani_scaffold_3821	2	752	gene-Peve_00027761	0	17
Porites_evermani_scaffold_3821	4245	7600	gene-Peve_00027764	0	66
Porites_evermani_scaffold_3821	12292	16268	gene-Peve_00027765	21.88059241	44
Porites_evermani_scaffold_3821	16555	24218	gene-Peve_00027766	40.95149149	90
Porites_evermani_scaffold_3821	26863	28657	gene-Peve_00027762	0.2774363816	76
Porites_evermani_scaffold_3821	31440	36288	gene-Peve_00027763	62.71708723	35
Porites_evermani_scaffold_3822	8	29777	gene-Peve_00027767	13.17173305	249
Porites_evermani_scaffold_3823	4510	4738	gene-Peve_00027768	1.666666667	6
Porites_evermani_scaffold_3823	14305	17236	gene-Peve_00027769	0.1810689351	77
Porites_evermani_scaffold_3824	3170	12952	gene-Peve_00027770	30.30631946	145
Porites_evermani_scaffold_3824	15166	29165	gene-Peve_00027771	0.2562528817	338
Porites_evermani_scaffold_3824	30990	32421	gene-Peve_00027772	.	0
Porites_evermani_scaffold_3825	8023	12075	gene-Peve_00027773	0.4960317407	27
Porites_evermani_scaffold_3825	17493	36921	gene-Peve_00027775	13.45654351	142
Porites_evermani_scaffold_3826	15938	31853	gene-Peve_00027778	1.115151683	142
Porites_evermani_scaffold_3826	34284	36812	gene-Peve_00027777	0.6473829091	55
Porites_evermani_scaffold_3827	4311	7722	gene-Peve_00027779	0	16
Porites_evermani_scaffold_3828	21577	22413	gene-Peve_00027781	68.1360637	10
Porites_evermani_scaffold_3829	28963	35259	gene-Peve_00027782	0	7
Porites_evermani_scaffold_383	3430	3760	gene-Peve_00027787	0	10
Porites_evermani_scaffold_383	9424	15815	gene-Peve_00027791	27.53318213	92
Porites_evermani_scaffold_383	24373	25092	gene-Peve_00027799	0.6493506429	14
Porites_evermani_scaffold_383	28198	29883	gene-Peve_00027800	0.8272138108	74
Porites_evermani_scaffold_383	31578	32217	gene-Peve_00027783	0.5699255556	27
Porites_evermani_scaffold_383	35108	49202	gene-Peve_00027784	14.75339318	158
Porites_evermani_scaffold_383	49482	66058	gene-Peve_00027785	21.17498733	314
Porites_evermani_scaffold_383	75402	80966	gene-Peve_00027786	0.6995819022	225
Porites_evermani_scaffold_383	82999	90234	gene-Peve_00027788	0.1970166053	76
Porites_evermani_scaffold_383	102995	117014	gene-Peve_00027789	43.2163956	290
Porites_evermani_scaffold_383	122279	129815	gene-Peve_00027790	1.013885581	203
Porites_evermani_scaffold_383	135819	136437	gene-Peve_00027792	0	17
Porites_evermani_scaffold_383	152877	183801	gene-Peve_00027793	0.5390800278	396
Porites_evermani_scaffold_383	184437	210694	gene-Peve_00027794	0.6690306627	510
Porites_evermani_scaffold_383	213284	230535	gene-Peve_00027795	0.3617167124	445
Porites_evermani_scaffold_383	233498	239917	gene-Peve_00027796	40.89142504	69
Porites_evermani_scaffold_383	247589	263791	gene-Peve_00027797	5.222037203	300
Porites_evermani_scaffold_383	268333	277887	gene-Peve_00027798	4.458919503	199
Porites_evermani_scaffold_3830	3330	7782	gene-Peve_00027801	3.89609762	108
Porites_evermani_scaffold_3830	29158	30402	gene-Peve_00027803	0	10
Porites_evermani_scaffold_3831	6138	27598	gene-Peve_00027805	48.82783885	13
Porites_evermani_scaffold_3832	5394	7835	gene-Peve_00027806	0.9775896757	74
Porites_evermani_scaffold_3834	529	27730	gene-Peve_00027807	35.05028002	210
Porites_evermani_scaffold_3835	3642	5654	gene-Peve_00027808	.	0
Porites_evermani_scaffold_3835	10127	12004	gene-Peve_00027809	.	0
Porites_evermani_scaffold_3835	13664	24105	gene-Peve_00027810	91.15617117	54
Porites_evermani_scaffold_3835	25089	28799	gene-Peve_00027811	44.31310367	15
Porites_evermani_scaffold_3835	29055	34678	gene-Peve_00027812	58.54769755	53
Porites_evermani_scaffold_3836	15693	35905	gene-Peve_00027813	2.446810521	365
Porites_evermani_scaffold_3837	4510	5327	gene-Peve_00027814	0	33
Porites_evermani_scaffold_3837	26609	28658	gene-Peve_00027815	0.1424501538	39
Porites_evermani_scaffold_3838	5051	16467	gene-Peve_00027816	26.11919937	63
Porites_evermani_scaffold_3838	20314	36737	gene-Peve_00027817	0.4910578444	450
Porites_evermani_scaffold_3839	500	18004	gene-Peve_00027819	40.67083967	90
Porites_evermani_scaffold_3839	27426	35673	gene-Peve_00027820	2.178259382	228
Porites_evermani_scaffold_384	1	2650	gene-Peve_00027821	0.3156565682	44
Porites_evermani_scaffold_384	21365	27219	gene-Peve_00027829	0.1893753084	107
Porites_evermani_scaffold_384	29494	29977	gene-Peve_00027841	.	0
Porites_evermani_scaffold_384	35753	64909	gene-Peve_00027822	16.06159591	307
Porites_evermani_scaffold_384	64959	71820	gene-Peve_00027823	56.36564313	85
Porites_evermani_scaffold_384	73421	76891	gene-Peve_00027824	59.90910656	32
Porites_evermani_scaffold_384	77081	79387	gene-Peve_00027825	7.261904786	14
Porites_evermani_scaffold_384	89838	91932	gene-Peve_00027826	0	84
Porites_evermani_scaffold_384	108838	115323	gene-Peve_00027827	5.44543173	111
Porites_evermani_scaffold_384	119907	122590	gene-Peve_00027828	0.4093170448	67
Porites_evermani_scaffold_384	127484	132855	gene-Peve_00027830	0.5542406308	65
Porites_evermani_scaffold_384	134033	141563	gene-Peve_00027831	23.24370726	129
Porites_evermani_scaffold_384	145509	170765	gene-Peve_00027832	7.927686838	557
Porites_evermani_scaffold_384	172254	184290	gene-Peve_00027833	43.95251782	185
Porites_evermani_scaffold_384	187814	195399	gene-Peve_00027834	25.14527586	138
Porites_evermani_scaffold_384	196149	199859	gene-Peve_00027836	0.4062009405	84
Porites_evermani_scaffold_384	206933	208705	gene-Peve_00027835	0.1149425345	58
Porites_evermani_scaffold_384	212335	217042	gene-Peve_00027837	0.340184375	168
Porites_evermani_scaffold_384	248764	269894	gene-Peve_00027839	0.3051393228	378
Porites_evermani_scaffold_3840	2192	12512	gene-Peve_00027842	34.96479366	86
Porites_evermani_scaffold_3840	14790	18653	gene-Peve_00027844	0	11
Porites_evermani_scaffold_3840	20431	29349	gene-Peve_00027843	59.41246737	75
Porites_evermani_scaffold_3841	13469	17557	gene-Peve_00027845	0.5702432381	84
Porites_evermani_scaffold_3841	20886	30960	gene-Peve_00027846	0.3683219163	251
Porites_evermani_scaffold_3842	1930	5333	gene-Peve_00027847	.	0
Porites_evermani_scaffold_3843	894	33809	gene-Peve_00027848	28.50659843	173
Porites_evermani_scaffold_3843	35979	36609	gene-Peve_00027850	0	2
Porites_evermani_scaffold_3844	276	8645	gene-Peve_00027851	43.64853096	26
Porites_evermani_scaffold_3844	13918	14296	gene-Peve_00027852	1.428571429	7
Porites_evermani_scaffold_3845	9548	10259	gene-Peve_00027860	0	14
Porites_evermani_scaffold_3845	11159	12153	gene-Peve_00027863	2.727272714	7
Porites_evermani_scaffold_3845	14186	14567	gene-Peve_00027864	.	0
Porites_evermani_scaffold_3845	17225	17765	gene-Peve_00027853	3.418803444	9
Porites_evermani_scaffold_3845	18618	18999	gene-Peve_00027854	9.550693412	17
Porites_evermani_scaffold_3845	21634	22189	gene-Peve_00027855	2.247293167	24
Porites_evermani_scaffold_3845	26485	26800	gene-Peve_00027858	0	4
Porites_evermani_scaffold_3845	33447	33825	gene-Peve_00027861	0	2
Porites_evermani_scaffold_3845	34832	35327	gene-Peve_00027862	0	11
Porites_evermani_scaffold_3846	13404	19456	gene-Peve_00027865	0.1501155855	234
Porites_evermani_scaffold_3847	2	10548	gene-Peve_00027867	25.10316786	193
Porites_evermani_scaffold_3847	10737	13600	gene-Peve_00027868	62.36446048	31
Porites_evermani_scaffold_3847	13884	18050	gene-Peve_00027869	34.43457126	42
Porites_evermani_scaffold_3847	19789	23379	gene-Peve_00027870	0.5379038767	73
Porites_evermani_scaffold_3848	6	9111	gene-Peve_00027871	0.4012345556	54
Porites_evermani_scaffold_3848	11888	36257	gene-Peve_00027873	0.4522183504	254
Porites_evermani_scaffold_3849	11263	11680	gene-Peve_00027874	.	0
Porites_evermani_scaffold_3849	15861	16797	gene-Peve_00027875	.	0
Porites_evermani_scaffold_385	4184	12689	gene-Peve_00027881	10.23827323	99
Porites_evermani_scaffold_385	15658	19236	gene-Peve_00027885	1.790037299	87
Porites_evermani_scaffold_385	20808	27143	gene-Peve_00027888	46.53318083	89
Porites_evermani_scaffold_385	27145	37441	gene-Peve_00027894	71.30621061	51
Porites_evermani_scaffold_385	29235	29616	gene-Peve_00027900	.	0
Porites_evermani_scaffold_385	52100	54409	gene-Peve_00027878	0	6
Porites_evermani_scaffold_385	57107	59354	gene-Peve_00027877	0	2
Porites_evermani_scaffold_385	60507	60768	gene-Peve_00027880	0	5
Porites_evermani_scaffold_385	61260	65798	gene-Peve_00027879	0	6
Porites_evermani_scaffold_385	85946	86402	gene-Peve_00027883	.	0
Porites_evermani_scaffold_385	126144	133479	gene-Peve_00027884	0.5951178611	36
Porites_evermani_scaffold_385	163194	165207	gene-Peve_00027886	2.941176471	34
Porites_evermani_scaffold_385	180636	183383	gene-Peve_00027887	0.08196721311	61
Porites_evermani_scaffold_385	190254	206252	gene-Peve_00027890	1.096256676	34
Porites_evermani_scaffold_385	213311	220612	gene-Peve_00027891	2.750029561	82
Porites_evermani_scaffold_385	224439	231003	gene-Peve_00027892	0	34
Porites_evermani_scaffold_385	242727	249882	gene-Peve_00027893	6.664609846	26
Porites_evermani_scaffold_385	255741	256493	gene-Peve_00027895	0	5
Porites_evermani_scaffold_385	258932	259476	gene-Peve_00027896	0	2
Porites_evermani_scaffold_385	271511	271997	gene-Peve_00027901	0	4
Porites_evermani_scaffold_385	278689	279233	gene-Peve_00027902	0.6410256667	12
Porites_evermani_scaffold_385	279678	280692	gene-Peve_00027903	0.370553375	24
Porites_evermani_scaffold_3850	3310	3789	gene-Peve_00027904	.	0
Porites_evermani_scaffold_3850	13006	13485	gene-Peve_00027905	.	0
Porites_evermani_scaffold_3850	19092	20197	gene-Peve_00027906	0.4273504444	18
Porites_evermani_scaffold_3850	21836	31098	gene-Peve_00027907	0.8614594963	135
Porites_evermani_scaffold_3851	7834	11421	gene-Peve_00027910	.	0
Porites_evermani_scaffold_3851	10180	34460	gene-Peve_00027909	.	0
Porites_evermani_scaffold_3851	29248	31248	gene-Peve_00027911	.	0
Porites_evermani_scaffold_3852	13658	26416	gene-Peve_00027912	12.21932705	242
Porites_evermani_scaffold_3852	28524	33503	gene-Peve_00027913	0.9380227069	116
Porites_evermani_scaffold_3853	20852	25286	gene-Peve_00027914	.	0
Porites_evermani_scaffold_3854	9424	12107	gene-Peve_00027915	85.9935895	4
Porites_evermani_scaffold_3854	16254	17023	gene-Peve_00027916	.	0
Porites_evermani_scaffold_3854	21192	26953	gene-Peve_00027917	.	0
Porites_evermani_scaffold_3855	1535	3669	gene-Peve_00027918	0.4935064909	55
Porites_evermani_scaffold_3855	21990	22674	gene-Peve_00027919	.	0
Porites_evermani_scaffold_3856	18580	23113	gene-Peve_00027920	38.50665453	64
Porites_evermani_scaffold_3856	32013	35181	gene-Peve_00027921	12.01417851	59
Porites_evermani_scaffold_3857	10965	11805	gene-Peve_00027924	0	2
Porites_evermani_scaffold_3857	15243	17537	gene-Peve_00027925	0	3
Porites_evermani_scaffold_3857	22516	23374	gene-Peve_00027926	0.6535947778	9
Porites_evermani_scaffold_3857	27415	28846	gene-Peve_00027923	0	1
Porites_evermani_scaffold_3858	4832	6252	gene-Peve_00027928	0.7520708478	46
Porites_evermani_scaffold_3858	15035	25462	gene-Peve_00027930	0.3225806452	31
Porites_evermani_scaffold_3859	6972	10935	gene-Peve_00027932	.	0
Porites_evermani_scaffold_3859	12806	13408	gene-Peve_00027931	0	12
Porites_evermani_scaffold_386	2616	3129	gene-Peve_00027933	27.15791787	8
Porites_evermani_scaffold_386	4312	6658	gene-Peve_00027943	20.74817016	25
Porites_evermani_scaffold_386	7525	7861	gene-Peve_00027952	6.0724638	5
Porites_evermani_scaffold_386	15023	20567	gene-Peve_00027934	.	0
Porites_evermani_scaffold_386	38555	39318	gene-Peve_00027935	.	0
Porites_evermani_scaffold_386	51612	76781	gene-Peve_00027936	1.303449184	450
Porites_evermani_scaffold_386	68398	72306	gene-Peve_00027937	0.4435205288	104
Porites_evermani_scaffold_386	90841	91902	gene-Peve_00027939	73.8095235	2
Porites_evermani_scaffold_386	96679	128557	gene-Peve_00027940	37.55841859	552
Porites_evermani_scaffold_386	131140	132626	gene-Peve_00027941	27.47872248	33
Porites_evermani_scaffold_386	132806	168674	gene-Peve_00027942	9.197498279	578
Porites_evermani_scaffold_386	169295	176061	gene-Peve_00027944	8.150921645	31
Porites_evermani_scaffold_386	183642	184704	gene-Peve_00027945	0.14285714	50
Porites_evermani_scaffold_386	192957	195134	gene-Peve_00027946	0.5681818125	32
Porites_evermani_scaffold_386	196153	199912	gene-Peve_00027947	0	9
Porites_evermani_scaffold_386	202921	206690	gene-Peve_00027948	0	4
Porites_evermani_scaffold_386	214655	217479	gene-Peve_00027949	.	0
Porites_evermani_scaffold_386	222922	237246	gene-Peve_00027950	0.393178254	189
Porites_evermani_scaffold_386	244788	259782	gene-Peve_00027951	0.5703574845	97
Porites_evermani_scaffold_3860	20483	24019	gene-Peve_00027956	90.909091	3
Porites_evermani_scaffold_3860	25962	29664	gene-Peve_00027955	71.06435318	33
Porites_evermani_scaffold_3860	31472	36424	gene-Peve_00027953	25.51282046	13
Porites_evermani_scaffold_3861	21867	22561	gene-Peve_00027957	0.735294125	8
Porites_evermani_scaffold_3861	22805	24364	gene-Peve_00027958	0.192165561	41
Porites_evermani_scaffold_3862	14849	15623	gene-Peve_00027959	0	2
Porites_evermani_scaffold_3862	27276	36047	gene-Peve_00027960	27.50733997	142
Porites_evermani_scaffold_3863	2147	12677	gene-Peve_00027963	87.066835	40
Porites_evermani_scaffold_3863	29740	30042	gene-Peve_00027961	89.28571433	3
Porites_evermani_scaffold_3863	32862	36403	gene-Peve_00027962	74.6666666	5
Porites_evermani_scaffold_3864	13732	24860	gene-Peve_00027965	0.7342657308	26
Porites_evermani_scaffold_3864	31234	34832	gene-Peve_00027966	0.7848164783	92
Porites_evermani_scaffold_3864	34838	35702	gene-Peve_00027967	.	0
Porites_evermani_scaffold_3865	5694	6169	gene-Peve_00027970	61.64529933	6
Porites_evermani_scaffold_3865	6806	9297	gene-Peve_00027971	70.18285458	67
Porites_evermani_scaffold_3865	9709	10375	gene-Peve_00027972	65.76043831	13
Porites_evermani_scaffold_3865	18567	19620	gene-Peve_00027973	95	2
Porites_evermani_scaffold_3865	22309	22933	gene-Peve_00027968	72.72454308	24
Porites_evermani_scaffold_3865	33495	34542	gene-Peve_00027969	70.04499121	28
Porites_evermani_scaffold_3866	2314	3523	gene-Peve_00027974	.	0
Porites_evermani_scaffold_3866	6027	13369	gene-Peve_00027975	93.33333333	3
Porites_evermani_scaffold_3866	15109	33465	gene-Peve_00027976	12.55418365	62
Porites_evermani_scaffold_3867	15833	28537	gene-Peve_00027978	0.2146000269	297
Porites_evermani_scaffold_3868	14061	15135	gene-Peve_00027979	0	11
Porites_evermani_scaffold_3868	18583	24119	gene-Peve_00027980	35	2
Porites_evermani_scaffold_3868	27173	27824	gene-Peve_00027981	1.666666667	6
Porites_evermani_scaffold_3868	30433	31594	gene-Peve_00027982	0	45
Porites_evermani_scaffold_3868	33678	34389	gene-Peve_00027983	0	23
Porites_evermani_scaffold_3869	0	4513	gene-Peve_00027984	12.11180121	14
Porites_evermani_scaffold_3869	13098	15327	gene-Peve_00027985	1.595086442	77
Porites_evermani_scaffold_3869	19150	28501	gene-Peve_00027986	59.70733878	91
Porites_evermani_scaffold_387	3131	21520	gene-Peve_00027987	0.2252252162	37
Porites_evermani_scaffold_387	28166	31467	gene-Peve_00027997	0.4802703011	93
Porites_evermani_scaffold_387	51679	58405	gene-Peve_00028001	0.6329468662	142
Porites_evermani_scaffold_387	61005	63304	gene-Peve_00028002	0.3496503542	48
Porites_evermani_scaffold_387	93985	94778	gene-Peve_00027988	.	0
Porites_evermani_scaffold_387	97603	98396	gene-Peve_00027989	.	0
Porites_evermani_scaffold_387	108012	111999	gene-Peve_00027990	1.6666666	5
Porites_evermani_scaffold_387	131363	182619	gene-Peve_00027991	3.39162934	53
Porites_evermani_scaffold_387	149622	151721	gene-Peve_00027992	0	17
Porites_evermani_scaffold_387	151901	152235	gene-Peve_00027993	.	0
Porites_evermani_scaffold_387	202315	208219	gene-Peve_00027996	.	0
Porites_evermani_scaffold_387	212749	227653	gene-Peve_00027998	.	0
Porites_evermani_scaffold_387	243635	272009	gene-Peve_00027999	5.840363615	26
Porites_evermani_scaffold_387	279359	279872	gene-Peve_00028000	3.024691444	9
Porites_evermani_scaffold_3870	4651	22865	gene-Peve_00028004	15.80259567	148
Porites_evermani_scaffold_3870	24018	27810	gene-Peve_00028005	0	29
Porites_evermani_scaffold_3871	4024	4723	gene-Peve_00028006	0	23
Porites_evermani_scaffold_3871	6895	31367	gene-Peve_00028007	7.028754976	168
Porites_evermani_scaffold_3872	4209	36078	gene-Peve_00028008	0	11
Porites_evermani_scaffold_3873	4737	5983	gene-Peve_00028009	0	10
Porites_evermani_scaffold_3873	25957	29987	gene-Peve_00028011	0.6104615238	147
Porites_evermani_scaffold_3874	6586	9691	gene-Peve_00028012	0	72
Porites_evermani_scaffold_3874	12251	17380	gene-Peve_00028013	0.3672942016	129
Porites_evermani_scaffold_3874	22143	23328	gene-Peve_00028014	0.4040404242	33
Porites_evermani_scaffold_3874	31791	34245	gene-Peve_00028015	0.4545454545	22
Porites_evermani_scaffold_3875	3047	9428	gene-Peve_00028016	1.334440024	41
Porites_evermani_scaffold_3875	11396	11744	gene-Peve_00028017	0	8
Porites_evermani_scaffold_3875	16924	25381	gene-Peve_00028018	2.486896583	48
Porites_evermani_scaffold_3876	1207	8092	gene-Peve_00028019	54.09739496	27
Porites_evermani_scaffold_3876	8320	13773	gene-Peve_00028020	63.13228333	66
Porites_evermani_scaffold_3877	5049	5676	gene-Peve_00028021	.	0
Porites_evermani_scaffold_3877	10962	11481	gene-Peve_00028022	.	0
Porites_evermani_scaffold_3877	15241	15823	gene-Peve_00028023	0.1792114839	31
Porites_evermani_scaffold_3878	7894	10515	gene-Peve_00028024	0	3
Porites_evermani_scaffold_3878	33901	35390	gene-Peve_00028025	0	23
Porites_evermani_scaffold_388	1370	27879	gene-Peve_00028026	3.275826203	487
Porites_evermani_scaffold_388	30430	31036	gene-Peve_00028031	0	8
Porites_evermani_scaffold_388	43148	46211	gene-Peve_00028048	0	8
Porites_evermani_scaffold_388	58499	59513	gene-Peve_00028049	90	2
Porites_evermani_scaffold_388	60787	71707	gene-Peve_00028027	16.67001913	45
Porites_evermani_scaffold_388	71825	77401	gene-Peve_00028028	6.666666667	12
Porites_evermani_scaffold_388	81001	83542	gene-Peve_00028029	.	0
Porites_evermani_scaffold_388	84046	87896	gene-Peve_00028030	.	0
Porites_evermani_scaffold_388	94619	110803	gene-Peve_00028032	0.7418876754	268
Porites_evermani_scaffold_388	100073	115055	gene-Peve_00028033	1.018525876	170
Porites_evermani_scaffold_388	116738	121921	gene-Peve_00028034	0.104945562	121
Porites_evermani_scaffold_388	122868	133048	gene-Peve_00028035	9.949611452	166
Porites_evermani_scaffold_388	133120	143437	gene-Peve_00028036	51.98324982	102
Porites_evermani_scaffold_388	151934	161396	gene-Peve_00028037	0.1812473233	266
Porites_evermani_scaffold_388	164856	172769	gene-Peve_00028038	15.88539595	82
Porites_evermani_scaffold_388	177505	184133	gene-Peve_00028039	9.026957864	44
Porites_evermani_scaffold_388	188706	199036	gene-Peve_00028040	29.32808393	98
Porites_evermani_scaffold_388	201310	209105	gene-Peve_00028041	7.878787867	30
Porites_evermani_scaffold_388	223826	229300	gene-Peve_00028042	0.4605887949	117
Porites_evermani_scaffold_388	230286	237559	gene-Peve_00028043	14.47101504	93
Porites_evermani_scaffold_388	240910	241783	gene-Peve_00028044	0	28
Porites_evermani_scaffold_388	243231	244083	gene-Peve_00028045	0.3341687667	30
Porites_evermani_scaffold_388	248085	269523	gene-Peve_00028046	0.398018641	195
Porites_evermani_scaffold_388	277615	282486	gene-Peve_00028047	.	0
Porites_evermani_scaffold_3880	1066	10890	gene-Peve_00028050	0	7
Porites_evermani_scaffold_3880	15364	17414	gene-Peve_00028051	.	0
Porites_evermani_scaffold_3880	19054	19615	gene-Peve_00028052	.	0
Porites_evermani_scaffold_3880	30462	34968	gene-Peve_00028053	0	4
Porites_evermani_scaffold_3881	2571	6280	gene-Peve_00028054	1.358641346	26
Porites_evermani_scaffold_3881	7862	18459	gene-Peve_00028056	15.43250731	71
Porites_evermani_scaffold_3881	22461	23565	gene-Peve_00028057	15.58441533	3
Porites_evermani_scaffold_3881	24878	33829	gene-Peve_00028055	83.97459248	80
Porites_evermani_scaffold_3882	11510	13036	gene-Peve_00028059	0.4525089643	56
Porites_evermani_scaffold_3882	29607	30941	gene-Peve_00028060	0	6
Porites_evermani_scaffold_3883	4127	6060	gene-Peve_00028061	0.08417509091	66
Porites_evermani_scaffold_3883	8341	19541	gene-Peve_00028062	0.3378378378	74
Porites_evermani_scaffold_3884	229	28319	gene-Peve_00028063	50.14304373	146
Porites_evermani_scaffold_3884	29212	35975	gene-Peve_00028065	70.06060613	15
Porites_evermani_scaffold_3885	18541	23366	gene-Peve_00028066	.	0
Porites_evermani_scaffold_3886	8617	11408	gene-Peve_00028067	1.4410005	46
Porites_evermani_scaffold_3886	12182	17904	gene-Peve_00028068	1.13940347	66
Porites_evermani_scaffold_3886	29243	33516	gene-Peve_00028069	3.051830391	46
Porites_evermani_scaffold_3887	748	24757	gene-Peve_00028070	6.757086984	62
Porites_evermani_scaffold_3888	5593	18681	gene-Peve_00028071	.	0
Porites_evermani_scaffold_3889	16242	22298	gene-Peve_00028072	.	0
Porites_evermani_scaffold_389	1518	18098	gene-Peve_00028073	2.170797638	196
Porites_evermani_scaffold_389	18927	19236	gene-Peve_00028080	0	5
Porites_evermani_scaffold_389	20844	28151	gene-Peve_00028084	.	0
Porites_evermani_scaffold_389	32497	38758	gene-Peve_00028096	0.2518396667	90
Porites_evermani_scaffold_389	51573	64325	gene-Peve_00028074	1.33208461	228
Porites_evermani_scaffold_389	66952	68046	gene-Peve_00028075	0.1443001515	33
Porites_evermani_scaffold_389	91119	95400	gene-Peve_00028076	44.42323671	52
Porites_evermani_scaffold_389	98424	109461	gene-Peve_00028077	58.86844868	68
Porites_evermani_scaffold_389	114898	133245	gene-Peve_00028078	0.7496697307	453
Porites_evermani_scaffold_389	141440	145038	gene-Peve_00028079	1.002088178	107
Porites_evermani_scaffold_389	151825	159082	gene-Peve_00028081	29.9375004	93
Porites_evermani_scaffold_389	159487	165404	gene-Peve_00028082	72.74381049	35
Porites_evermani_scaffold_389	178271	178820	gene-Peve_00028085	.	0
Porites_evermani_scaffold_389	179566	204603	gene-Peve_00028083	39.86465207	104
Porites_evermani_scaffold_389	186732	191401	gene-Peve_00028086	100	1
Porites_evermani_scaffold_389	211588	213387	gene-Peve_00028087	2.403846154	26
Porites_evermani_scaffold_389	214559	217692	gene-Peve_00028088	1.017287905	74
Porites_evermani_scaffold_389	224822	227178	gene-Peve_00028089	0.1400560196	51
Porites_evermani_scaffold_389	229412	229874	gene-Peve_00028090	0	18
Porites_evermani_scaffold_389	234808	236433	gene-Peve_00028091	0.4524886923	13
Porites_evermani_scaffold_389	238014	239106	gene-Peve_00028092	.	0
Porites_evermani_scaffold_389	241415	260495	gene-Peve_00028093	59.51518598	145
Porites_evermani_scaffold_389	266244	269583	gene-Peve_00028094	40.50157692	38
Porites_evermani_scaffold_389	277509	282278	gene-Peve_00028095	55.66959084	32
Porites_evermani_scaffold_3890	6666	7888	gene-Peve_00028097	.	0
Porites_evermani_scaffold_3890	10144	13906	gene-Peve_00028098	0.4444444444	45
Porites_evermani_scaffold_3890	19442	26672	gene-Peve_00028099	0.3972193218	174
Porites_evermani_scaffold_3890	30422	31900	gene-Peve_00028100	0	6
Porites_evermani_scaffold_3891	6256	16862	gene-Peve_00028102	48.7670255	8
Porites_evermani_scaffold_3891	28346	30345	gene-Peve_00028101	.	0
Porites_evermani_scaffold_3892	202	4816	gene-Peve_00028103	50.59830368	25
Porites_evermani_scaffold_3892	6185	9988	gene-Peve_00028104	56.0445805	8
Porites_evermani_scaffold_3892	11346	26820	gene-Peve_00028105	21.65582931	96
Porites_evermani_scaffold_3893	4162	12719	gene-Peve_00028106	83.888889	3
Porites_evermani_scaffold_3893	14514	25977	gene-Peve_00028107	79.37821255	47
Porites_evermani_scaffold_3895	7579	8883	gene-Peve_00028108	.	0
Porites_evermani_scaffold_3895	9634	10147	gene-Peve_00028109	90	1
Porites_evermani_scaffold_3895	15842	17267	gene-Peve_00028110	1.4285714	5
Porites_evermani_scaffold_3895	23126	26294	gene-Peve_00028111	66.5151516	5
Porites_evermani_scaffold_3896	3765	4632	gene-Peve_00028112	.	0
Porites_evermani_scaffold_3896	5120	5651	gene-Peve_00028113	.	0
Porites_evermani_scaffold_3896	11588	12395	gene-Peve_00028114	.	0
Porites_evermani_scaffold_3897	1	20662	gene-Peve_00028116	78.99744858	254
Porites_evermani_scaffold_3897	24027	34304	gene-Peve_00028117	0.666190835	309
Porites_evermani_scaffold_3898	12919	16103	gene-Peve_00028119	0.4901960588	17
Porites_evermani_scaffold_3898	20610	21321	gene-Peve_00028120	0.9868421053	19
Porites_evermani_scaffold_3898	22695	27827	gene-Peve_00028121	.	0
Porites_evermani_scaffold_3898	29802	30231	gene-Peve_00028118	.	0
Porites_evermani_scaffold_39	10053	12423	gene-Peve_00028148	4.056073292	106
Porites_evermani_scaffold_39	21623	22538	gene-Peve_00028125	0	3
Porites_evermani_scaffold_39	33938	42138	gene-Peve_00028153	45.98278813	149
Porites_evermani_scaffold_39	50553	110290	gene-Peve_00028154	0.7492644681	1551
Porites_evermani_scaffold_39	113223	114052	gene-Peve_00028177	0	24
Porites_evermani_scaffold_39	128572	129877	gene-Peve_00028178	0	35
Porites_evermani_scaffold_39	131570	133073	gene-Peve_00028179	0	6
Porites_evermani_scaffold_39	163415	163958	gene-Peve_00028181	0	3
Porites_evermani_scaffold_39	167734	187936	gene-Peve_00028182	28.23569665	433
Porites_evermani_scaffold_39	188092	193428	gene-Peve_00028183	63.48997872	103
Porites_evermani_scaffold_39	195312	197508	gene-Peve_00028184	0.8004574151	53
Porites_evermani_scaffold_39	210492	230265	gene-Peve_00028185	51.48547291	382
Porites_evermani_scaffold_39	231528	280006	gene-Peve_00028186	19.85620682	809
Porites_evermani_scaffold_39	270032	270578	gene-Peve_00028122	80.97166	3
Porites_evermani_scaffold_39	281634	282688	gene-Peve_00028123	88.11402351	55
Porites_evermani_scaffold_39	283639	285308	gene-Peve_00028124	71.27705627	11
Porites_evermani_scaffold_39	292575	295176	gene-Peve_00028126	32.88973217	23
Porites_evermani_scaffold_39	308341	309652	gene-Peve_00028129	68.81274186	14
Porites_evermani_scaffold_39	314644	318136	gene-Peve_00028130	1.467891	19
Porites_evermani_scaffold_39	321496	328744	gene-Peve_00028131	34.98173903	137
Porites_evermani_scaffold_39	325920	326374	gene-Peve_00028132	1.25	8
Porites_evermani_scaffold_39	329679	358344	gene-Peve_00028133	26.6734522	495
Porites_evermani_scaffold_39	362881	415518	gene-Peve_00028134	65.04468313	638
Porites_evermani_scaffold_39	388080	391681	gene-Peve_00028135	66.67230958	45
Porites_evermani_scaffold_39	401492	402538	gene-Peve_00028137	63.07719867	12
Porites_evermani_scaffold_39	419221	420034	gene-Peve_00028138	0	22
Porites_evermani_scaffold_39	421437	424023	gene-Peve_00028139	.	0
Porites_evermani_scaffold_39	425508	429073	gene-Peve_00028140	.	0
Porites_evermani_scaffold_39	434988	439995	gene-Peve_00028141	0.4952667255	102
Porites_evermani_scaffold_39	435846	436344	gene-Peve_00028142	0.4901960588	17
Porites_evermani_scaffold_39	443749	463491	gene-Peve_00028143	29.18542448	120
Porites_evermani_scaffold_39	465205	473254	gene-Peve_00028144	1.933166188	170
Porites_evermani_scaffold_39	474587	489780	gene-Peve_00028145	50.17129698	273
Porites_evermani_scaffold_39	490075	508256	gene-Peve_00028146	27.64189725	279
Porites_evermani_scaffold_39	512682	596229	gene-Peve_00028147	22.78961521	1926
Porites_evermani_scaffold_39	540381	541364	gene-Peve_00028149	1.397107192	26
Porites_evermani_scaffold_39	545110	545612	gene-Peve_00028151	7.426210182	11
Porites_evermani_scaffold_39	546047	547124	gene-Peve_00028152	8.164043	38
Porites_evermani_scaffold_39	562009	563601	gene-Peve_00028155	4.657454319	47
Porites_evermani_scaffold_39	569458	572026	gene-Peve_00028156	27.06891739	31
Porites_evermani_scaffold_39	575392	576088	gene-Peve_00028157	63.12094375	28
Porites_evermani_scaffold_39	596352	597399	gene-Peve_00028158	7.179487192	26
Porites_evermani_scaffold_39	602848	609036	gene-Peve_00028159	0.3013663072	166
Porites_evermani_scaffold_39	619036	623287	gene-Peve_00028161	42.23128135	75
Porites_evermani_scaffold_39	645570	647372	gene-Peve_00028162	0.46753246	50
Porites_evermani_scaffold_39	650113	651216	gene-Peve_00028163	0	27
Porites_evermani_scaffold_39	654603	681202	gene-Peve_00028164	0.9060764685	555
Porites_evermani_scaffold_39	658244	658791	gene-Peve_00028165	1.652892545	11
Porites_evermani_scaffold_39	677665	678029	gene-Peve_00028168	.	0
Porites_evermani_scaffold_39	695693	705935	gene-Peve_00028169	39.07080701	173
Porites_evermani_scaffold_39	712317	723194	gene-Peve_00028170	47.17241103	132
Porites_evermani_scaffold_39	728585	737330	gene-Peve_00028171	30.23849138	82
Porites_evermani_scaffold_39	737507	738764	gene-Peve_00028172	0.8222195882	34
Porites_evermani_scaffold_39	739626	746049	gene-Peve_00028173	60.44407469	42
Porites_evermani_scaffold_39	746586	761305	gene-Peve_00028174	1.445913053	377
Porites_evermani_scaffold_39	764211	781080	gene-Peve_00028175	12.30416552	110
Porites_evermani_scaffold_390	1231	14279	gene-Peve_00028187	35.08585858	208
Porites_evermani_scaffold_390	15974	24464	gene-Peve_00028192	50.17298255	144
Porites_evermani_scaffold_390	24752	54050	gene-Peve_00028195	16.39806213	119
Porites_evermani_scaffold_390	56237	66460	gene-Peve_00028201	75.09935373	100
Porites_evermani_scaffold_390	70499	83314	gene-Peve_00028203	80.83578298	180
Porites_evermani_scaffold_390	115370	119197	gene-Peve_00028204	0.7151121884	69
Porites_evermani_scaffold_390	121140	134101	gene-Peve_00028188	7.893914437	378
Porites_evermani_scaffold_390	134538	135813	gene-Peve_00028189	27.13438272	43
Porites_evermani_scaffold_390	138513	163041	gene-Peve_00028190	86.86510701	290
Porites_evermani_scaffold_390	164604	169828	gene-Peve_00028191	56.52448449	78
Porites_evermani_scaffold_390	176137	177783	gene-Peve_00028193	0	13
Porites_evermani_scaffold_390	182632	184347	gene-Peve_00028194	.	0
Porites_evermani_scaffold_390	193818	194556	gene-Peve_00028196	.	0
Porites_evermani_scaffold_390	200269	200755	gene-Peve_00028197	12.857143	3
Porites_evermani_scaffold_390	201650	202064	gene-Peve_00028198	.	0
Porites_evermani_scaffold_390	213932	215152	gene-Peve_00028199	.	0
Porites_evermani_scaffold_390	225174	230931	gene-Peve_00028200	.	0
Porites_evermani_scaffold_3900	208	12480	gene-Peve_00028205	0.2255881223	319
Porites_evermani_scaffold_3900	16248	24701	gene-Peve_00028206	19.33139176	87
Porites_evermani_scaffold_3900	24870	27704	gene-Peve_00028207	33.75968971	34
Porites_evermani_scaffold_3900	32239	33946	gene-Peve_00028208	13.09523814	14
Porites_evermani_scaffold_3901	1781	12817	gene-Peve_00028209	0.2869157544	281
Porites_evermani_scaffold_3902	8803	16415	gene-Peve_00028210	1.064993514	208
Porites_evermani_scaffold_3902	30080	31913	gene-Peve_00028211	0.135685209	67
Porites_evermani_scaffold_3903	3599	15867	gene-Peve_00028212	17.59783203	71
Porites_evermani_scaffold_3903	17811	22065	gene-Peve_00028213	67.19114223	13
Porites_evermani_scaffold_3903	25091	34667	gene-Peve_00028214	84.7609463	20
Porites_evermani_scaffold_3904	2459	7035	gene-Peve_00028216	0.3906791681	119
Porites_evermani_scaffold_3904	18122	18485	gene-Peve_00028217	0	7
Porites_evermani_scaffold_3904	26753	29135	gene-Peve_00028215	0	18
Porites_evermani_scaffold_3905	2795	4286	gene-Peve_00028220	.	0
Porites_evermani_scaffold_3905	10611	25122	gene-Peve_00028221	4.211669485	97
Porites_evermani_scaffold_3905	28089	29382	gene-Peve_00028222	22.1256685	8
Porites_evermani_scaffold_3906	6855	7563	gene-Peve_00028223	.	0
Porites_evermani_scaffold_3906	20590	20884	gene-Peve_00028224	.	0
Porites_evermani_scaffold_3907	2267	24640	gene-Peve_00028225	0.7428909443	449
Porites_evermani_scaffold_3907	28631	29888	gene-Peve_00028226	2.242132875	16
Porites_evermani_scaffold_3908	101	20216	gene-Peve_00028228	24.17579817	64
Porites_evermani_scaffold_3908	32947	35390	gene-Peve_00028229	0	26
Porites_evermani_scaffold_3909	5473	32651	gene-Peve_00028230	0.3452381	40
Porites_evermani_scaffold_3909	22310	26421	gene-Peve_00028231	0	3
Porites_evermani_scaffold_3909	27774	28679	gene-Peve_00028232	.	0
Porites_evermani_scaffold_391	284	1475	gene-Peve_00028233	0.3469387714	35
Porites_evermani_scaffold_391	29285	34897	gene-Peve_00028234	85.82376885	46
Porites_evermani_scaffold_391	37819	39171	gene-Peve_00028235	3.693528667	33
Porites_evermani_scaffold_391	39554	40355	gene-Peve_00028236	0.9803921765	17
Porites_evermani_scaffold_391	44156	46979	gene-Peve_00028237	42.76859505	22
Porites_evermani_scaffold_391	49688	51496	gene-Peve_00028238	0	17
Porites_evermani_scaffold_391	58455	61693	gene-Peve_00028239	0.1394335556	90
Porites_evermani_scaffold_391	64851	67168	gene-Peve_00028240	.	0
Porites_evermani_scaffold_391	67121	67925	gene-Peve_00028241	.	0
Porites_evermani_scaffold_391	73161	92148	gene-Peve_00028242	0.4527771361	463
Porites_evermani_scaffold_391	83515	89751	gene-Peve_00028243	0.3850448655	171
Porites_evermani_scaffold_391	132460	144549	gene-Peve_00028244	0.4725771891	312
Porites_evermani_scaffold_391	150700	181774	gene-Peve_00028245	0.2486121804	632
Porites_evermani_scaffold_391	162584	165530	gene-Peve_00028246	0.6829063253	83
Porites_evermani_scaffold_391	175962	176544	gene-Peve_00028247	0	5
Porites_evermani_scaffold_391	184516	203531	gene-Peve_00028248	0.4908533316	392
Porites_evermani_scaffold_391	205873	209958	gene-Peve_00028249	42.21304622	45
Porites_evermani_scaffold_391	213064	226073	gene-Peve_00028250	70.51238823	104
Porites_evermani_scaffold_391	227451	256217	gene-Peve_00028251	1.905734629	178
Porites_evermani_scaffold_391	256770	271634	gene-Peve_00028252	10.18619816	88
Porites_evermani_scaffold_391	275992	281544	gene-Peve_00028253	0.5817099524	21
Porites_evermani_scaffold_3910	657	5477	gene-Peve_00028254	31.24489984	50
Porites_evermani_scaffold_3910	10278	17474	gene-Peve_00028255	43.83535033	45
Porites_evermani_scaffold_3910	18377	34786	gene-Peve_00028256	67.26342864	109
Porites_evermani_scaffold_3910	20836	21369	gene-Peve_00028257	.	0
Porites_evermani_scaffold_3911	16556	27158	gene-Peve_00028260	.	0
Porites_evermani_scaffold_3912	2299	3137	gene-Peve_00028261	0.41666665	20
Porites_evermani_scaffold_3912	9839	10110	gene-Peve_00028263	0	16
Porites_evermani_scaffold_3912	10222	11170	gene-Peve_00028264	13.66383609	11
Porites_evermani_scaffold_3912	25011	25806	gene-Peve_00028262	0.378787875	24
Porites_evermani_scaffold_3913	9148	10072	gene-Peve_00028265	0	9
Porites_evermani_scaffold_3913	17293	21287	gene-Peve_00028266	90	1
Porites_evermani_scaffold_3913	22292	25588	gene-Peve_00028267	.	0
Porites_evermani_scaffold_3913	28515	30257	gene-Peve_00028268	.	0
Porites_evermani_scaffold_3913	29442	34105	gene-Peve_00028269	78.61111117	6
Porites_evermani_scaffold_3913	34620	35004	gene-Peve_00028270	95.4545455	2
Porites_evermani_scaffold_3914	3435	12384	gene-Peve_00028271	64.02326225	56
Porites_evermani_scaffold_3914	12571	15245	gene-Peve_00028273	16.29870131	16
Porites_evermani_scaffold_3914	16723	18081	gene-Peve_00028274	.	0
Porites_evermani_scaffold_3914	22495	23704	gene-Peve_00028275	.	0
Porites_evermani_scaffold_3914	28517	29867	gene-Peve_00028276	.	0
Porites_evermani_scaffold_3914	31512	33239	gene-Peve_00028272	84.6695838	15
Porites_evermani_scaffold_3915	3479	7447	gene-Peve_00028286	0.6251085102	98
Porites_evermani_scaffold_3915	8795	9176	gene-Peve_00028277	1.122994647	17
Porites_evermani_scaffold_3915	9656	15495	gene-Peve_00028278	6.980889682	173
Porites_evermani_scaffold_3915	20217	21315	gene-Peve_00028281	.	0
Porites_evermani_scaffold_3916	604	25367	gene-Peve_00028287	1.090311	102
Porites_evermani_scaffold_3917	3742	14109	gene-Peve_00028291	0.04025765217	138
Porites_evermani_scaffold_3917	16991	22082	gene-Peve_00028289	0	3
Porites_evermani_scaffold_3917	26879	30891	gene-Peve_00028290	0.1392257381	126
Porites_evermani_scaffold_3918	1323	10493	gene-Peve_00028292	0.1748251818	44
Porites_evermani_scaffold_3918	15029	15786	gene-Peve_00028294	0	18
Porites_evermani_scaffold_3918	17011	30428	gene-Peve_00028295	0.4508983122	189
Porites_evermani_scaffold_3918	32432	33803	gene-Peve_00028293	0.2136752051	39
Porites_evermani_scaffold_3919	509	968	gene-Peve_00028296	66.66666667	3
Porites_evermani_scaffold_3919	3971	4688	gene-Peve_00028299	51.4076487	10
Porites_evermani_scaffold_3919	28090	29715	gene-Peve_00028298	89.40073724	17
Porites_evermani_scaffold_392	2	22307	gene-Peve_00028300	0.4515170134	597
Porites_evermani_scaffold_392	29441	30242	gene-Peve_00028301	.	0
Porites_evermani_scaffold_392	33152	33953	gene-Peve_00028302	0	18
Porites_evermani_scaffold_392	41756	48911	gene-Peve_00028303	0.1075268817	93
Porites_evermani_scaffold_392	59090	72420	gene-Peve_00028304	29.22978202	85
Porites_evermani_scaffold_392	89234	89678	gene-Peve_00028305	.	0
Porites_evermani_scaffold_392	100200	104490	gene-Peve_00028307	0	9
Porites_evermani_scaffold_392	109825	117215	gene-Peve_00028308	39.26958467	82
Porites_evermani_scaffold_392	119711	129566	gene-Peve_00028309	0.4663019116	215
Porites_evermani_scaffold_392	146420	147335	gene-Peve_00028311	0	30
Porites_evermani_scaffold_392	148700	189243	gene-Peve_00028312	1.495764276	829
Porites_evermani_scaffold_392	209556	220674	gene-Peve_00028313	48.58472383	139
Porites_evermani_scaffold_392	220976	229539	gene-Peve_00028314	67.61313462	107
Porites_evermani_scaffold_392	234093	247089	gene-Peve_00028315	83.70062808	95
Porites_evermani_scaffold_392	261162	264303	gene-Peve_00028316	54.28159563	19
Porites_evermani_scaffold_392	270740	282654	gene-Peve_00028317	40.52359506	120
Porites_evermani_scaffold_3920	11310	25602	gene-Peve_00028319	78.1818182	5
Porites_evermani_scaffold_3920	28926	29766	gene-Peve_00028318	38.55636807	15
Porites_evermani_scaffold_3921	33	16186	gene-Peve_00028320	10.87901905	19
Porites_evermani_scaffold_3921	24656	32603	gene-Peve_00028321	.	0
Porites_evermani_scaffold_3922	3486	8725	gene-Peve_00028322	0	123
Porites_evermani_scaffold_3923	6576	8263	gene-Peve_00028323	0	12
Porites_evermani_scaffold_3923	8203	10054	gene-Peve_00028324	0	51
Porites_evermani_scaffold_3923	11660	21546	gene-Peve_00028325	0.5434928587	361
Porites_evermani_scaffold_3924	7029	31551	gene-Peve_00028326	1.345682729	129
Porites_evermani_scaffold_3925	30	9170	gene-Peve_00028328	1.268999632	239
Porites_evermani_scaffold_3925	30543	31658	gene-Peve_00028329	0.141135	48
Porites_evermani_scaffold_3926	1099	28922	gene-Peve_00028330	0.6710555321	280
Porites_evermani_scaffold_3926	29214	29828	gene-Peve_00028331	0	8
Porites_evermani_scaffold_3927	11489	11972	gene-Peve_00028335	0	9
Porites_evermani_scaffold_3927	29352	33426	gene-Peve_00028333	0.4993895045	111
Porites_evermani_scaffold_3928	2796	3771	gene-Peve_00028337	85.50627433	40
Porites_evermani_scaffold_3928	3789	7322	gene-Peve_00028336	82.91687507	110
Porites_evermani_scaffold_3929	710	1224	gene-Peve_00028339	0	1
Porites_evermani_scaffold_393	45447	50914	gene-Peve_00028348	40.49396896	75
Porites_evermani_scaffold_393	51033	58757	gene-Peve_00028352	30.21791276	122
Porites_evermani_scaffold_393	60144	61203	gene-Peve_00028359	0.1851852	30
Porites_evermani_scaffold_393	62059	71782	gene-Peve_00028366	0.5609099508	183
Porites_evermani_scaffold_393	73703	82678	gene-Peve_00028340	22.53719227	135
Porites_evermani_scaffold_393	98672	98933	gene-Peve_00028342	6.820727	8
Porites_evermani_scaffold_393	106853	112864	gene-Peve_00028343	78.30774571	110
Porites_evermani_scaffold_393	107414	107845	gene-Peve_00028344	37.8408985	6
Porites_evermani_scaffold_393	115855	121205	gene-Peve_00028345	45.33412269	35
Porites_evermani_scaffold_393	121305	153739	gene-Peve_00028346	8.345499882	697
Porites_evermani_scaffold_393	159629	173056	gene-Peve_00028347	49.13035351	169
Porites_evermani_scaffold_393	181146	189752	gene-Peve_00028349	77.71494655	64
Porites_evermani_scaffold_393	196115	206596	gene-Peve_00028350	89.26397954	46
Porites_evermani_scaffold_393	214736	215186	gene-Peve_00028354	0	11
Porites_evermani_scaffold_393	215233	216875	gene-Peve_00028353	6.3535572	50
Porites_evermani_scaffold_393	217497	218557	gene-Peve_00028355	0.2695860571	35
Porites_evermani_scaffold_393	219755	220322	gene-Peve_00028356	1.835699071	14
Porites_evermani_scaffold_393	220751	223410	gene-Peve_00028357	0.8788724516	93
Porites_evermani_scaffold_393	229631	230579	gene-Peve_00028358	0.76363636	25
Porites_evermani_scaffold_393	248923	251328	gene-Peve_00028360	0.8205729189	37
Porites_evermani_scaffold_393	261857	262601	gene-Peve_00028364	28.42300313	8
Porites_evermani_scaffold_393	263140	272703	gene-Peve_00028365	75.54240428	80
Porites_evermani_scaffold_3930	2348	8589	gene-Peve_00028370	0.2136918098	184
Porites_evermani_scaffold_3930	19818	23775	gene-Peve_00028368	0.5952380714	14
Porites_evermani_scaffold_3930	31148	32171	gene-Peve_00028369	0.6078437097	31
Porites_evermani_scaffold_3931	995	17610	gene-Peve_00028371	0.3969703865	445
Porites_evermani_scaffold_3931	20036	22209	gene-Peve_00028372	0.4944178596	57
Porites_evermani_scaffold_3931	23790	34357	gene-Peve_00028373	0.9763876197	234
Porites_evermani_scaffold_3932	3537	4509	gene-Peve_00028374	0.4154447742	31
Porites_evermani_scaffold_3932	10829	11801	gene-Peve_00028375	0.9740259643	28
Porites_evermani_scaffold_3932	19290	31043	gene-Peve_00028376	0.1681245861	244
Porites_evermani_scaffold_3934	14611	20964	gene-Peve_00028377	0.2206809235	183
Porites_evermani_scaffold_3934	27732	28794	gene-Peve_00028378	0	25
Porites_evermani_scaffold_3934	31017	34556	gene-Peve_00028379	0.9818826944	72
Porites_evermani_scaffold_3935	847	1186	gene-Peve_00028380	2.310370917	12
Porites_evermani_scaffold_3935	6603	10154	gene-Peve_00028381	0	10
Porites_evermani_scaffold_3935	13813	30375	gene-Peve_00028382	0	44
Porites_evermani_scaffold_3935	31882	34873	gene-Peve_00028383	0.2857142833	60
Porites_evermani_scaffold_3936	364	1634	gene-Peve_00028384	.	0
Porites_evermani_scaffold_3936	4965	5550	gene-Peve_00028385	.	0
Porites_evermani_scaffold_3936	10995	16792	gene-Peve_00028386	.	0
Porites_evermani_scaffold_3937	11230	22586	gene-Peve_00028387	7.063716222	54
Porites_evermani_scaffold_3938	957	7142	gene-Peve_00028388	0	1
Porites_evermani_scaffold_3938	17846	18788	gene-Peve_00028389	0.3401360476	21
Porites_evermani_scaffold_3938	25862	28258	gene-Peve_00028391	0	11
Porites_evermani_scaffold_3938	33325	34270	gene-Peve_00028390	.	0
Porites_evermani_scaffold_3939	1746	3351	gene-Peve_00028392	0	15
Porites_evermani_scaffold_3939	13346	16297	gene-Peve_00028393	.	0
Porites_evermani_scaffold_3939	17186	25582	gene-Peve_00028395	0.4042075236	191
Porites_evermani_scaffold_394	22301	22850	gene-Peve_00028406	.	0
Porites_evermani_scaffold_394	28788	49265	gene-Peve_00028409	.	0
Porites_evermani_scaffold_394	72907	104844	gene-Peve_00028398	10.0172917	89
Porites_evermani_scaffold_394	83722	87221	gene-Peve_00028399	.	0
Porites_evermani_scaffold_394	87494	88246	gene-Peve_00028400	.	0
Porites_evermani_scaffold_394	131133	131652	gene-Peve_00028403	.	0
Porites_evermani_scaffold_394	131719	132121	gene-Peve_00028404	.	0
Porites_evermani_scaffold_394	143307	145125	gene-Peve_00028405	0.7575757273	11
Porites_evermani_scaffold_394	145475	149713	gene-Peve_00028407	62.01534881	16
Porites_evermani_scaffold_394	149775	184996	gene-Peve_00028408	10.51493856	95
Porites_evermani_scaffold_394	194877	196141	gene-Peve_00028411	0.5790043214	56
Porites_evermani_scaffold_394	198824	199379	gene-Peve_00028412	0	13
Porites_evermani_scaffold_394	207845	217237	gene-Peve_00028410	43.2323232	15
Porites_evermani_scaffold_394	221380	227963	gene-Peve_00028414	0	8
Porites_evermani_scaffold_394	230160	231015	gene-Peve_00028415	0.2525252727	22
Porites_evermani_scaffold_394	232056	232659	gene-Peve_00028416	0.25	20
Porites_evermani_scaffold_394	232752	233322	gene-Peve_00028417	0	11
Porites_evermani_scaffold_394	238476	243166	gene-Peve_00028418	83.84086072	29
Porites_evermani_scaffold_394	249819	253618	gene-Peve_00028419	45.36746412	25
Porites_evermani_scaffold_394	253778	261146	gene-Peve_00028420	67.65344061	80
Porites_evermani_scaffold_394	262812	263125	gene-Peve_00028421	2.7485381	10
Porites_evermani_scaffold_394	265024	265647	gene-Peve_00028422	0.5102040714	14
Porites_evermani_scaffold_394	271733	282282	gene-Peve_00028423	38.09531511	148
Porites_evermani_scaffold_3940	6625	6976	gene-Peve_00028426	1.428571474	19
Porites_evermani_scaffold_3940	10279	10777	gene-Peve_00028427	1.559580875	16
Porites_evermani_scaffold_3940	14626	19676	gene-Peve_00028428	0.3411330889	90
Porites_evermani_scaffold_3940	20673	22945	gene-Peve_00028424	0.7674971333	75
Porites_evermani_scaffold_3940	26366	35134	gene-Peve_00028425	5.426164848	79
Porites_evermani_scaffold_3943	10613	11816	gene-Peve_00028433	0	7
Porites_evermani_scaffold_3943	28842	29786	gene-Peve_00028434	0.1627218974	39
Porites_evermani_scaffold_3944	1875	15673	gene-Peve_00028435	0.2450980294	34
Porites_evermani_scaffold_3944	17683	18199	gene-Peve_00028436	.	0
Porites_evermani_scaffold_3944	26788	33869	gene-Peve_00028437	0.7274483125	80
Porites_evermani_scaffold_3945	1522	33781	gene-Peve_00028438	1.989592608	171
Porites_evermani_scaffold_3946	3606	35068	gene-Peve_00028439	0.2512610265	264
Porites_evermani_scaffold_3947	8922	18866	gene-Peve_00028440	1.221134126	159
Porites_evermani_scaffold_3947	23603	25826	gene-Peve_00028441	0.2465834815	81
Porites_evermani_scaffold_3947	28444	29032	gene-Peve_00028442	0	30
Porites_evermani_scaffold_3947	29351	31603	gene-Peve_00028443	0.1490312951	61
Porites_evermani_scaffold_3948	11991	12969	gene-Peve_00028445	0.1897860625	48
Porites_evermani_scaffold_3948	23267	23603	gene-Peve_00028446	0.3921568667	15
Porites_evermani_scaffold_3948	26463	26961	gene-Peve_00028448	8.013258727	22
Porites_evermani_scaffold_3948	28569	28965	gene-Peve_00028449	1.25	4
Porites_evermani_scaffold_3948	29861	32409	gene-Peve_00028444	2.137161091	33
Porites_evermani_scaffold_3949	2491	3376	gene-Peve_00028453	2.612881707	41
Porites_evermani_scaffold_3949	4046	6498	gene-Peve_00028454	6.862324633	60
Porites_evermani_scaffold_3949	9719	13943	gene-Peve_00028451	0.1616979538	130
Porites_evermani_scaffold_395	244	8445	gene-Peve_00028455	0.2803030227	44
Porites_evermani_scaffold_395	12851	16062	gene-Peve_00028470	5.974254045	44
Porites_evermani_scaffold_395	19401	26328	gene-Peve_00028456	38.88167389	35
Porites_evermani_scaffold_395	24869	29521	gene-Peve_00028457	73.88679734	58
Porites_evermani_scaffold_395	32736	40308	gene-Peve_00028458	35.78917017	41
Porites_evermani_scaffold_395	43330	122109	gene-Peve_00028459	4.691706679	1302
Porites_evermani_scaffold_395	55094	64959	gene-Peve_00028460	1.241471071	226
Porites_evermani_scaffold_395	124122	140633	gene-Peve_00028461	2.830617995	222
Porites_evermani_scaffold_395	144053	155132	gene-Peve_00028462	12.12975408	252
Porites_evermani_scaffold_395	155246	155555	gene-Peve_00028463	4.057239	9
Porites_evermani_scaffold_395	158480	168818	gene-Peve_00028464	8.65512393	43
Porites_evermani_scaffold_395	192471	196272	gene-Peve_00028467	0.31233766	100
Porites_evermani_scaffold_395	196374	202753	gene-Peve_00028468	0.295713669	142
Porites_evermani_scaffold_395	238585	239813	gene-Peve_00028469	62.48444263	8
Porites_evermani_scaffold_395	242952	243378	gene-Peve_00028471	.	0
Porites_evermani_scaffold_395	254361	255237	gene-Peve_00028472	1.037851083	12
Porites_evermani_scaffold_395	262288	269188	gene-Peve_00028474	0.6839867541	244
Porites_evermani_scaffold_3950	14191	22377	gene-Peve_00028475	29.52095728	89
Porites_evermani_scaffold_3950	25058	26318	gene-Peve_00028476	0	9
Porites_evermani_scaffold_3950	29075	33863	gene-Peve_00028477	.	0
Porites_evermani_scaffold_3951	466	9732	gene-Peve_00028478	0.2635046087	69
Porites_evermani_scaffold_3951	20863	33602	gene-Peve_00028480	20.51661747	94
Porites_evermani_scaffold_3952	617	4892	gene-Peve_00028483	.	0
Porites_evermani_scaffold_3952	7770	9979	gene-Peve_00028482	.	0
Porites_evermani_scaffold_3952	22595	26457	gene-Peve_00028481	0.3625541059	85
Porites_evermani_scaffold_3953	4161	4473	gene-Peve_00028484	.	0
Porites_evermani_scaffold_3953	18410	18716	gene-Peve_00028486	.	0
Porites_evermani_scaffold_3954	6333	11292	gene-Peve_00028488	89.12601019	43
Porites_evermani_scaffold_3954	16802	18556	gene-Peve_00028491	.	0
Porites_evermani_scaffold_3954	24371	34916	gene-Peve_00028489	0.120772942	69
Porites_evermani_scaffold_3955	165	26583	gene-Peve_00028492	6.535061511	544
Porites_evermani_scaffold_3955	27062	34924	gene-Peve_00028493	54.37465976	92
Porites_evermani_scaffold_3956	10489	14631	gene-Peve_00028496	0	12
Porites_evermani_scaffold_3956	31649	32650	gene-Peve_00028495	1.14628528	25
Porites_evermani_scaffold_3957	1932	8681	gene-Peve_00028497	.	0
Porites_evermani_scaffold_3957	8753	11066	gene-Peve_00028498	50	2
Porites_evermani_scaffold_3957	15326	23714	gene-Peve_00028499	0.7853206016	128
Porites_evermani_scaffold_3957	27460	28585	gene-Peve_00028500	0.2100840294	34
Porites_evermani_scaffold_3958	8706	24699	gene-Peve_00028501	0.2808302857	63
Porites_evermani_scaffold_3959	16218	16629	gene-Peve_00028502	0	5
Porites_evermani_scaffold_3959	16825	17200	gene-Peve_00028503	0	4
Porites_evermani_scaffold_3959	27581	29540	gene-Peve_00028504	0	1
Porites_evermani_scaffold_396	34421	35912	gene-Peve_00028523	8.7304974	20
Porites_evermani_scaffold_396	39979	46620	gene-Peve_00028505	1.607490485	202
Porites_evermani_scaffold_396	56186	56531	gene-Peve_00028506	8.971834286	7
Porites_evermani_scaffold_396	61052	61994	gene-Peve_00028508	38.458919	11
Porites_evermani_scaffold_396	62009	62648	gene-Peve_00028507	31.3892062	5
Porites_evermani_scaffold_396	66673	66979	gene-Peve_00028513	7.959157636	11
Porites_evermani_scaffold_396	68947	69472	gene-Peve_00028514	0	5
Porites_evermani_scaffold_396	77051	96155	gene-Peve_00028515	0.8460078437	320
Porites_evermani_scaffold_396	101831	172744	gene-Peve_00028516	0.8081221137	1082
Porites_evermani_scaffold_396	104587	108418	gene-Peve_00028517	0	1
Porites_evermani_scaffold_396	122703	133895	gene-Peve_00028518	0.4438570694	144
Porites_evermani_scaffold_396	211251	212207	gene-Peve_00028519	0	3
Porites_evermani_scaffold_396	219199	258657	gene-Peve_00028520	1.513827341	390
Porites_evermani_scaffold_396	239376	240678	gene-Peve_00028521	0	3
Porites_evermani_scaffold_396	252870	253113	gene-Peve_00028522	8.04195825	4
Porites_evermani_scaffold_3960	3535	4956	gene-Peve_00028524	.	0
Porites_evermani_scaffold_3960	10252	11672	gene-Peve_00028525	.	0
Porites_evermani_scaffold_3960	12051	22523	gene-Peve_00028526	10	1
Porites_evermani_scaffold_3960	23421	33514	gene-Peve_00028527	0	4
Porites_evermani_scaffold_3961	7305	7674	gene-Peve_00028528	.	0
Porites_evermani_scaffold_3961	8284	9448	gene-Peve_00028529	.	0
Porites_evermani_scaffold_3961	11623	13291	gene-Peve_00028530	.	0
Porites_evermani_scaffold_3961	17612	18638	gene-Peve_00028531	.	0
Porites_evermani_scaffold_3961	19703	25688	gene-Peve_00028532	.	0
Porites_evermani_scaffold_3962	5303	34712	gene-Peve_00028533	1.092913217	669
Porites_evermani_scaffold_3963	2157	2622	gene-Peve_00028534	.	0
Porites_evermani_scaffold_3963	9774	22828	gene-Peve_00028536	0.527806959	122
Porites_evermani_scaffold_3963	32539	33888	gene-Peve_00028535	.	0
Porites_evermani_scaffold_3965	2304	7248	gene-Peve_00028537	0.3835558512	121
Porites_evermani_scaffold_3965	19721	34621	gene-Peve_00028538	0.3274510909	363
Porites_evermani_scaffold_3966	756	3024	gene-Peve_00028543	0.4411837206	68
Porites_evermani_scaffold_3966	3133	3930	gene-Peve_00028544	0.2070393478	23
Porites_evermani_scaffold_3966	13379	15161	gene-Peve_00028545	0.2022178767	73
Porites_evermani_scaffold_3966	30620	30935	gene-Peve_00028542	0.6620411053	19
Porites_evermani_scaffold_3967	1806	2346	gene-Peve_00028546	.	0
Porites_evermani_scaffold_3967	9881	13425	gene-Peve_00028547	0.2170868333	60
Porites_evermani_scaffold_3967	24313	33525	gene-Peve_00028548	0.351994086	93
Porites_evermani_scaffold_3968	10314	24469	gene-Peve_00028551	2.425460023	215
Porites_evermani_scaffold_3969	1	6132	gene-Peve_00028552	55.0154451	73
Porites_evermani_scaffold_3969	7435	14462	gene-Peve_00028553	0.2776687582	182
Porites_evermani_scaffold_3969	18407	34042	gene-Peve_00028554	0.6153846	25
Porites_evermani_scaffold_397	5173	42200	gene-Peve_00028555	0.377134244	459
Porites_evermani_scaffold_397	13253	19220	gene-Peve_00028566	0.6191950526	19
Porites_evermani_scaffold_397	20600	20927	gene-Peve_00028556	.	0
Porites_evermani_scaffold_397	26124	32073	gene-Peve_00028557	0.2986026296	135
Porites_evermani_scaffold_397	60229	70188	gene-Peve_00028558	0.1311982451	257
Porites_evermani_scaffold_397	70261	93711	gene-Peve_00028559	0.3285831684	570
Porites_evermani_scaffold_397	104286	104724	gene-Peve_00028560	1.111111111	9
Porites_evermani_scaffold_397	109380	110611	gene-Peve_00028561	0	6
Porites_evermani_scaffold_397	112446	125873	gene-Peve_00028562	0.9342317143	231
Porites_evermani_scaffold_397	126619	150075	gene-Peve_00028563	1.098491953	572
Porites_evermani_scaffold_397	155784	157077	gene-Peve_00028564	0.5664877907	43
Porites_evermani_scaffold_397	168251	186958	gene-Peve_00028565	40.30819943	241
Porites_evermani_scaffold_397	189370	207248	gene-Peve_00028567	22.53293467	220
Porites_evermani_scaffold_397	209206	225897	gene-Peve_00028568	68.64692777	253
Porites_evermani_scaffold_397	228691	238172	gene-Peve_00028569	81.2082272	238
Porites_evermani_scaffold_397	250620	255999	gene-Peve_00028570	38.59000221	90
Porites_evermani_scaffold_397	261805	272863	gene-Peve_00028571	28.565769	9
Porites_evermani_scaffold_397	275730	280902	gene-Peve_00028572	.	0
Porites_evermani_scaffold_3970	5632	7792	gene-Peve_00028573	0.30769232	25
Porites_evermani_scaffold_3970	8672	24132	gene-Peve_00028574	1.20294326	319
Porites_evermani_scaffold_3970	30103	32570	gene-Peve_00028575	1.428571429	7
Porites_evermani_scaffold_3971	450	6120	gene-Peve_00028576	65.10822509	11
Porites_evermani_scaffold_3971	17388	29628	gene-Peve_00028577	22.8229045	103
Porites_evermani_scaffold_3971	29919	34282	gene-Peve_00028578	61.22762148	23
Porites_evermani_scaffold_3972	11263	16266	gene-Peve_00028579	0.9090909062	32
Porites_evermani_scaffold_3973	1192	28014	gene-Peve_00028580	0.4546487428	626
Porites_evermani_scaffold_3973	32253	32574	gene-Peve_00028581	5.243867133	15
Porites_evermani_scaffold_3974	4560	15362	gene-Peve_00028582	0.246684858	169
Porites_evermani_scaffold_3974	31779	33791	gene-Peve_00028583	.	0
Porites_evermani_scaffold_3975	1314	1830	gene-Peve_00028584	0	13
Porites_evermani_scaffold_3975	4199	6073	gene-Peve_00028586	34.38382829	41
Porites_evermani_scaffold_3975	6421	29377	gene-Peve_00028587	78.1538188	128
Porites_evermani_scaffold_3975	32165	34383	gene-Peve_00028585	91.47602391	11
Porites_evermani_scaffold_3976	23247	33903	gene-Peve_00028589	0.2403846154	26
Porites_evermani_scaffold_3977	16978	28512	gene-Peve_00028590	1.724137931	29
Porites_evermani_scaffold_3978	4739	5612	gene-Peve_00028592	0	15
Porites_evermani_scaffold_3978	13512	14258	gene-Peve_00028596	7.253162304	23
Porites_evermani_scaffold_3978	14688	15621	gene-Peve_00028593	2.15762444	25
Porites_evermani_scaffold_3978	16866	23647	gene-Peve_00028594	72.96914656	59
Porites_evermani_scaffold_3978	32249	33947	gene-Peve_00028595	.	0
Porites_evermani_scaffold_398	6592	8158	gene-Peve_00028597	0.8903133889	18
Porites_evermani_scaffold_398	9603	17058	gene-Peve_00028600	21.31495823	52
Porites_evermani_scaffold_398	19256	29640	gene-Peve_00028605	12.73710314	153
Porites_evermani_scaffold_398	30434	79555	gene-Peve_00028608	6.152998524	1165
Porites_evermani_scaffold_398	87703	117265	gene-Peve_00028599	3.730022046	673
Porites_evermani_scaffold_398	119323	144387	gene-Peve_00028601	21.03791551	237
Porites_evermani_scaffold_398	150587	190815	gene-Peve_00028602	0.6152456217	846
Porites_evermani_scaffold_398	166253	166758	gene-Peve_00028603	0.4048583158	19
Porites_evermani_scaffold_398	199110	200748	gene-Peve_00028604	.	0
Porites_evermani_scaffold_398	214365	278347	gene-Peve_00028606	4.228298451	812
Porites_evermani_scaffold_398	237402	237824	gene-Peve_00028607	.	0
Porites_evermani_scaffold_3980	1372	2044	gene-Peve_00028610	0	5
Porites_evermani_scaffold_3980	2331	6790	gene-Peve_00028613	12.74573839	31
Porites_evermani_scaffold_3980	10427	15198	gene-Peve_00028611	1.388888833	6
Porites_evermani_scaffold_3980	17249	27407	gene-Peve_00028612	0	57
Porites_evermani_scaffold_3981	876	7009	gene-Peve_00028614	0.1764705956	136
Porites_evermani_scaffold_3981	19734	32413	gene-Peve_00028615	0.2514752263	137
Porites_evermani_scaffold_3982	22002	22879	gene-Peve_00028616	0	32
Porites_evermani_scaffold_3983	12565	13167	gene-Peve_00028617	.	0
Porites_evermani_scaffold_3983	21966	23290	gene-Peve_00028618	.	0
Porites_evermani_scaffold_3983	32052	33458	gene-Peve_00028619	0	21
Porites_evermani_scaffold_3984	6259	6871	gene-Peve_00028620	.	0
Porites_evermani_scaffold_3984	10490	25933	gene-Peve_00028621	0.4901960833	12
Porites_evermani_scaffold_3985	14403	15699	gene-Peve_00028627	.	0
Porites_evermani_scaffold_3985	15795	16311	gene-Peve_00028626	.	0
Porites_evermani_scaffold_3985	31262	33587	gene-Peve_00028625	54.99412175	48
Porites_evermani_scaffold_3986	518	5491	gene-Peve_00028628	.	0
Porites_evermani_scaffold_3986	9909	21253	gene-Peve_00028629	50.41666675	4
Porites_evermani_scaffold_3986	22738	28646	gene-Peve_00028630	75.01465792	60
Porites_evermani_scaffold_3986	30092	33867	gene-Peve_00028631	1.428571429	7
Porites_evermani_scaffold_3987	436	1264	gene-Peve_00028632	0.3030303	30
Porites_evermani_scaffold_3987	12951	34056	gene-Peve_00028634	3.461649533	285
Porites_evermani_scaffold_3988	1128	4024	gene-Peve_00028638	0.8160594444	54
Porites_evermani_scaffold_3988	13372	17484	gene-Peve_00028641	2.4242425	6
Porites_evermani_scaffold_3988	19930	22720	gene-Peve_00028642	5.108980389	18
Porites_evermani_scaffold_3988	23210	23861	gene-Peve_00028635	1.363636357	14
Porites_evermani_scaffold_3988	25990	27271	gene-Peve_00028636	2.2835165	10
Porites_evermani_scaffold_3988	27875	31358	gene-Peve_00028637	17.52062086	21
Porites_evermani_scaffold_3988	33069	33489	gene-Peve_00028640	16.666667	1
Porites_evermani_scaffold_3989	1	22197	gene-Peve_00028643	0.8958376495	408
Porites_evermani_scaffold_3989	30864	32539	gene-Peve_00028644	77.46621041	17
Porites_evermani_scaffold_399	533	9087	gene-Peve_00028645	33.99271326	77
Porites_evermani_scaffold_399	15185	17150	gene-Peve_00028651	0.1934235957	47
Porites_evermani_scaffold_399	28939	30099	gene-Peve_00028654	0.2392768548	62
Porites_evermani_scaffold_399	38515	82441	gene-Peve_00028658	0.5759420233	1158
Porites_evermani_scaffold_399	95368	107412	gene-Peve_00028659	55.62906646	107
Porites_evermani_scaffold_399	102451	102860	gene-Peve_00028660	.	0
Porites_evermani_scaffold_399	110472	115312	gene-Peve_00028646	79.67858271	119
Porites_evermani_scaffold_399	117343	118315	gene-Peve_00028647	0.1876172683	41
Porites_evermani_scaffold_399	121984	132235	gene-Peve_00028649	30.3856293	207
Porites_evermani_scaffold_399	126945	161736	gene-Peve_00028650	3.776119816	560
Porites_evermani_scaffold_399	133083	134231	gene-Peve_00028648	0.2331002308	39
Porites_evermani_scaffold_399	163517	167008	gene-Peve_00028652	.	0
Porites_evermani_scaffold_399	180580	190468	gene-Peve_00028653	0.4393777963	270
Porites_evermani_scaffold_399	194650	203115	gene-Peve_00028655	0	41
Porites_evermani_scaffold_399	218506	219532	gene-Peve_00028656	0.3038194375	48
Porites_evermani_scaffold_399	233598	270588	gene-Peve_00028657	40.63180178	398
Porites_evermani_scaffold_3990	1471	33134	gene-Peve_00028661	1.095973468	316
Porites_evermani_scaffold_3991	164	5773	gene-Peve_00028662	0.2422198286	105
Porites_evermani_scaffold_3991	22005	25354	gene-Peve_00028664	1.974785818	66
Porites_evermani_scaffold_3991	32341	34087	gene-Peve_00028665	0.2703984839	31
Porites_evermani_scaffold_3992	10672	11925	gene-Peve_00028666	0.2457002432	37
Porites_evermani_scaffold_3992	16774	19860	gene-Peve_00028667	13.2156913	64
Porites_evermani_scaffold_3992	22355	34037	gene-Peve_00028668	36.29779479	87
Porites_evermani_scaffold_3993	18831	19731	gene-Peve_00028670	0.79758432	25
Porites_evermani_scaffold_3994	3122	4544	gene-Peve_00028671	0	13
Porites_evermani_scaffold_3995	4025	10600	gene-Peve_00028672	0	8
Porites_evermani_scaffold_3995	21158	26660	gene-Peve_00028673	0.2542102313	134
Porites_evermani_scaffold_3996	16	24639	gene-Peve_00028674	7.138744684	95
Porites_evermani_scaffold_3996	24766	30195	gene-Peve_00028675	61.50793667	3
Porites_evermani_scaffold_3996	33385	33952	gene-Peve_00028676	.	0
Porites_evermani_scaffold_3997	885	5635	gene-Peve_00028677	100	2
Porites_evermani_scaffold_3997	8176	8531	gene-Peve_00028678	.	0
Porites_evermani_scaffold_3997	8818	10761	gene-Peve_00028679	82.77622167	6
Porites_evermani_scaffold_3997	19371	26387	gene-Peve_00028681	0.5601067349	166
Porites_evermani_scaffold_3998	13236	20240	gene-Peve_00028682	0.6944444167	36
Porites_evermani_scaffold_3999	1944	18516	gene-Peve_00028683	49.5291121	188
Porites_evermani_scaffold_3999	26628	27195	gene-Peve_00028684	.	0
Porites_evermani_scaffold_3999	29753	33372	gene-Peve_00028685	1.298701286	7
Porites_evermani_scaffold_4	40391	41121	gene-Peve_00028779	67.467949	4
Porites_evermani_scaffold_4	51278	54061	gene-Peve_00028688	4.682539667	9
Porites_evermani_scaffold_4	54151	56912	gene-Peve_00028695	.	0
Porites_evermani_scaffold_4	58476	69960	gene-Peve_00028712	80.14743615	97
Porites_evermani_scaffold_4	71742	79879	gene-Peve_00028718	0.6272834512	164
Porites_evermani_scaffold_4	81818	87063	gene-Peve_00028719	0.4184825263	152
Porites_evermani_scaffold_4	99640	100877	gene-Peve_00028720	0	28
Porites_evermani_scaffold_4	101993	109584	gene-Peve_00028731	0.4804754118	204
Porites_evermani_scaffold_4	111027	116461	gene-Peve_00028735	0.1006441232	138
Porites_evermani_scaffold_4	118847	122967	gene-Peve_00028736	0.2648061897	116
Porites_evermani_scaffold_4	126106	139924	gene-Peve_00028739	0.5655951804	327
Porites_evermani_scaffold_4	142801	157950	gene-Peve_00028743	6.961958615	288
Porites_evermani_scaffold_4	158130	162680	gene-Peve_00028749	39.52344823	44
Porites_evermani_scaffold_4	166319	177386	gene-Peve_00028748	0.7810674429	280
Porites_evermani_scaffold_4	181549	182233	gene-Peve_00028770	0	12
Porites_evermani_scaffold_4	186412	186880	gene-Peve_00028771	0	21
Porites_evermani_scaffold_4	189750	190581	gene-Peve_00028773	0	24
Porites_evermani_scaffold_4	193242	205564	gene-Peve_00028772	1.218291524	288
Porites_evermani_scaffold_4	210575	211110	gene-Peve_00028774	100	1
Porites_evermani_scaffold_4	246158	253916	gene-Peve_00028775	1.316557474	133
Porites_evermani_scaffold_4	259119	259551	gene-Peve_00028776	0	11
Porites_evermani_scaffold_4	266028	270202	gene-Peve_00028777	0.6405631389	144
Porites_evermani_scaffold_4	275920	277622	gene-Peve_00028778	17.69230771	17
Porites_evermani_scaffold_4	278160	297771	gene-Peve_00028780	17.25079474	353
Porites_evermani_scaffold_4	298572	301404	gene-Peve_00028781	0.9163266739	46
Porites_evermani_scaffold_4	309250	369544	gene-Peve_00028782	14.75592691	1174
Porites_evermani_scaffold_4	314025	314860	gene-Peve_00028783	91.13861963	16
Porites_evermani_scaffold_4	376143	387018	gene-Peve_00028686	29.19915883	202
Porites_evermani_scaffold_4	388694	404538	gene-Peve_00028687	29.09497312	196
Porites_evermani_scaffold_4	407095	420082	gene-Peve_00028689	1.15829034	288
Porites_evermani_scaffold_4	423826	424555	gene-Peve_00028690	.	0
Porites_evermani_scaffold_4	465964	466509	gene-Peve_00028693	69.51568471	7
Porites_evermani_scaffold_4	471995	485954	gene-Peve_00028694	25.24822244	158
Porites_evermani_scaffold_4	489775	516438	gene-Peve_00028696	32.29075021	502
Porites_evermani_scaffold_4	522521	526039	gene-Peve_00028697	20.94744582	51
Porites_evermani_scaffold_4	527722	532882	gene-Peve_00028698	0.6035417521	117
Porites_evermani_scaffold_4	534696	536082	gene-Peve_00028699	0.428628386	57
Porites_evermani_scaffold_4	540904	542242	gene-Peve_00028700	0.1893939375	48
Porites_evermani_scaffold_4	547148	548552	gene-Peve_00028701	0	37
Porites_evermani_scaffold_4	563439	564762	gene-Peve_00028702	0.1515151591	44
Porites_evermani_scaffold_4	568095	570430	gene-Peve_00028703	0.1682045441	68
Porites_evermani_scaffold_4	574631	592061	gene-Peve_00028704	0.7427464449	245
Porites_evermani_scaffold_4	601936	605106	gene-Peve_00028705	0.1094206986	73
Porites_evermani_scaffold_4	608364	627138	gene-Peve_00028706	59.55456597	240
Porites_evermani_scaffold_4	629672	630616	gene-Peve_00028707	88.06019386	7
Porites_evermani_scaffold_4	632800	634345	gene-Peve_00028708	0.7274448864	44
Porites_evermani_scaffold_4	636883	637708	gene-Peve_00028709	0	18
Porites_evermani_scaffold_4	639186	642339	gene-Peve_00028710	0.3571758367	98
Porites_evermani_scaffold_4	645119	655178	gene-Peve_00028713	1.014435426	237
Porites_evermani_scaffold_4	656215	659426	gene-Peve_00028711	0	67
Porites_evermani_scaffold_4	664755	671376	gene-Peve_00028714	0.6201074048	126
Porites_evermani_scaffold_4	673559	674882	gene-Peve_00028715	0.735294125	32
Porites_evermani_scaffold_4	677320	681410	gene-Peve_00028716	64.73214287	8
Porites_evermani_scaffold_4	681943	729313	gene-Peve_00028717	1.97602087	423
Porites_evermani_scaffold_4	771110	797979	gene-Peve_00028721	0.7874086494	616
Porites_evermani_scaffold_4	800591	802457	gene-Peve_00028722	0.8547008889	9
Porites_evermani_scaffold_4	803057	804080	gene-Peve_00028723	0.3891941562	32
Porites_evermani_scaffold_4	804191	816611	gene-Peve_00028724	9.93931643	228
Porites_evermani_scaffold_4	821637	825607	gene-Peve_00028725	0.2814069008	131
Porites_evermani_scaffold_4	828791	829187	gene-Peve_00028726	.	0
Porites_evermani_scaffold_4	832851	836104	gene-Peve_00028728	0.3236408235	68
Porites_evermani_scaffold_4	839319	840276	gene-Peve_00028729	0	29
Porites_evermani_scaffold_4	841454	845459	gene-Peve_00028730	0.2861721607	56
Porites_evermani_scaffold_4	850831	852655	gene-Peve_00028732	36.55108778	36
Porites_evermani_scaffold_4	861306	900350	gene-Peve_00028733	0.8711794422	995
Porites_evermani_scaffold_4	903121	948676	gene-Peve_00028734	9.045722895	494
Porites_evermani_scaffold_4	949652	977171	gene-Peve_00028737	4.631187354	395
Porites_evermani_scaffold_4	981168	988365	gene-Peve_00028738	30.22033486	22
Porites_evermani_scaffold_4	1021712	1022000	gene-Peve_00028740	0	14
Porites_evermani_scaffold_4	1098399	1099048	gene-Peve_00028744	0.2150537333	15
Porites_evermani_scaffold_4	1108276	1113445	gene-Peve_00028745	0.3175133676	68
Porites_evermani_scaffold_4	1127671	1128357	gene-Peve_00028746	38.97409117	12
Porites_evermani_scaffold_4	1147820	1154538	gene-Peve_00028747	36.52308548	48
Porites_evermani_scaffold_4	1154669	1160876	gene-Peve_00028750	34.12364581	81
Porites_evermani_scaffold_4	1162800	1182523	gene-Peve_00028751	57.58940305	207
Porites_evermani_scaffold_4	1186863	1217950	gene-Peve_00028752	20.55566556	635
Porites_evermani_scaffold_4	1218589	1220686	gene-Peve_00028753	1.254509364	44
Porites_evermani_scaffold_4	1224300	1224765	gene-Peve_00028754	.	0
Porites_evermani_scaffold_4	1227709	1234892	gene-Peve_00028755	43.92993843	82
Porites_evermani_scaffold_4	1243176	1263407	gene-Peve_00028756	10.58171248	329
Porites_evermani_scaffold_4	1264006	1265353	gene-Peve_00028757	49.7762238	10
Porites_evermani_scaffold_4	1271129	1276697	gene-Peve_00028758	1.324997812	80
Porites_evermani_scaffold_4	1282279	1302875	gene-Peve_00028759	9.26013317	477
Porites_evermani_scaffold_4	1304240	1305397	gene-Peve_00028760	0.658708075	40
Porites_evermani_scaffold_4	1307267	1308006	gene-Peve_00028761	0.3095975263	19
Porites_evermani_scaffold_4	1313669	1314590	gene-Peve_00028762	2.018633478	23
Porites_evermani_scaffold_4	1319644	1320173	gene-Peve_00028763	0	2
Porites_evermani_scaffold_4	1322366	1332048	gene-Peve_00028764	0.6202055962	260
Porites_evermani_scaffold_4	1368618	1370779	gene-Peve_00028766	82.73434412	26
Porites_evermani_scaffold_4	1379526	1379838	gene-Peve_00028767	.	0
Porites_evermani_scaffold_4	1389880	1393004	gene-Peve_00028768	0	45
Porites_evermani_scaffold_4	1404304	1405686	gene-Peve_00028769	0.2952091795	39
Porites_evermani_scaffold_40	9633	10199	gene-Peve_00028807	0	18
Porites_evermani_scaffold_40	12854	14413	gene-Peve_00028818	0.666699375	56
Porites_evermani_scaffold_40	22603	26850	gene-Peve_00028828	0.8802709556	135
Porites_evermani_scaffold_40	35538	47932	gene-Peve_00028791	0.731351682	305
Porites_evermani_scaffold_40	63749	78828	gene-Peve_00028790	3.718555558	428
Porites_evermani_scaffold_40	86121	91273	gene-Peve_00028808	0.5625798333	138
Porites_evermani_scaffold_40	95959	96262	gene-Peve_00028809	.	0
Porites_evermani_scaffold_40	107734	116918	gene-Peve_00028810	0.7291541835	158
Porites_evermani_scaffold_40	127792	147379	gene-Peve_00028811	84.24638026	215
Porites_evermani_scaffold_40	140609	141970	gene-Peve_00028812	78.64444763	19
Porites_evermani_scaffold_40	166049	167237	gene-Peve_00028813	0	37
Porites_evermani_scaffold_40	172193	173180	gene-Peve_00028814	14.04171582	11
Porites_evermani_scaffold_40	176262	176868	gene-Peve_00028815	0.7692308	10
Porites_evermani_scaffold_40	176960	200345	gene-Peve_00028816	24.16134554	415
Porites_evermani_scaffold_40	208691	229835	gene-Peve_00028817	0.8414702668	386
Porites_evermani_scaffold_40	231333	233198	gene-Peve_00028819	0.147929	52
Porites_evermani_scaffold_40	237179	238393	gene-Peve_00028820	1.12727272	25
Porites_evermani_scaffold_40	250990	266012	gene-Peve_00028822	0.6539573844	424
Porites_evermani_scaffold_40	266714	267653	gene-Peve_00028823	0	36
Porites_evermani_scaffold_40	275054	275459	gene-Peve_00028824	0.5952380833	24
Porites_evermani_scaffold_40	285703	286572	gene-Peve_00028825	0.5555555333	15
Porites_evermani_scaffold_40	288240	290685	gene-Peve_00028826	0.5875077321	56
Porites_evermani_scaffold_40	296870	298749	gene-Peve_00028827	0.9183673143	35
Porites_evermani_scaffold_40	301838	305015	gene-Peve_00028829	0.2562663704	81
Porites_evermani_scaffold_40	306937	321832	gene-Peve_00028830	31.18858526	309
Porites_evermani_scaffold_40	330110	331094	gene-Peve_00028831	0	7
Porites_evermani_scaffold_40	331802	359925	gene-Peve_00028832	25.83796616	559
Porites_evermani_scaffold_40	370861	380595	gene-Peve_00028784	0.4336540059	170
Porites_evermani_scaffold_40	388971	391119	gene-Peve_00028785	72.032967	5
Porites_evermani_scaffold_40	397637	420502	gene-Peve_00028786	79.83571905	343
Porites_evermani_scaffold_40	431359	437978	gene-Peve_00028788	51.29093274	86
Porites_evermani_scaffold_40	438419	460639	gene-Peve_00028789	34.39152399	361
Porites_evermani_scaffold_40	463005	466451	gene-Peve_00028792	0.05952380833	120
Porites_evermani_scaffold_40	472959	475944	gene-Peve_00028793	0.3030303016	63
Porites_evermani_scaffold_40	479800	492773	gene-Peve_00028794	20.87868492	226
Porites_evermani_scaffold_40	494118	495450	gene-Peve_00028795	0.7295982787	61
Porites_evermani_scaffold_40	496658	539286	gene-Peve_00028796	0.9007329674	1226
Porites_evermani_scaffold_40	518705	519291	gene-Peve_00028797	0	6
Porites_evermani_scaffold_40	549099	559698	gene-Peve_00028798	22.84542189	211
Porites_evermani_scaffold_40	560032	562109	gene-Peve_00028799	0.1515151515	66
Porites_evermani_scaffold_40	563190	563738	gene-Peve_00028800	0	14
Porites_evermani_scaffold_40	581729	604453	gene-Peve_00028802	0.2184859483	600
Porites_evermani_scaffold_40	617124	686395	gene-Peve_00028803	0.5652244034	1750
Porites_evermani_scaffold_40	705012	736877	gene-Peve_00028805	0.8789984979	723
Porites_evermani_scaffold_40	772643	778565	gene-Peve_00028806	0.3290212177	147
Porites_evermani_scaffold_400	1905	4102	gene-Peve_00028840	0	16
Porites_evermani_scaffold_400	7946	29278	gene-Peve_00028845	0.2922339364	472
Porites_evermani_scaffold_400	31724	37056	gene-Peve_00028849	43.93227119	77
Porites_evermani_scaffold_400	41336	46940	gene-Peve_00028850	25.85420174	72
Porites_evermani_scaffold_400	51819	60347	gene-Peve_00028851	12.38687101	127
Porites_evermani_scaffold_400	68040	78854	gene-Peve_00028852	5.610014516	31
Porites_evermani_scaffold_400	92100	92490	gene-Peve_00028835	.	0
Porites_evermani_scaffold_400	95124	96745	gene-Peve_00028834	0	1
Porites_evermani_scaffold_400	105710	111737	gene-Peve_00028836	0.2866782745	153
Porites_evermani_scaffold_400	116570	118280	gene-Peve_00028837	0.8143998148	54
Porites_evermani_scaffold_400	120219	123735	gene-Peve_00028839	0	30
Porites_evermani_scaffold_400	127046	134779	gene-Peve_00028838	0.9977739286	42
Porites_evermani_scaffold_400	142484	152558	gene-Peve_00028841	26.9408369	21
Porites_evermani_scaffold_400	156564	180783	gene-Peve_00028842	1.154092254	276
Porites_evermani_scaffold_400	187587	214706	gene-Peve_00028843	5.671215046	631
Porites_evermani_scaffold_400	218086	230097	gene-Peve_00028846	0.130396616	237
Porites_evermani_scaffold_400	244855	245455	gene-Peve_00028847	0	17
Porites_evermani_scaffold_400	260796	263868	gene-Peve_00028848	0.1950113429	105
Porites_evermani_scaffold_4000	6817	9566	gene-Peve_00028853	0	11
Porites_evermani_scaffold_4000	17511	19200	gene-Peve_00028854	0	2
Porites_evermani_scaffold_4000	20989	21317	gene-Peve_00028855	.	0
Porites_evermani_scaffold_4000	23891	24219	gene-Peve_00028856	.	0
Porites_evermani_scaffold_4001	3833	11042	gene-Peve_00028857	17.03812319	31
Porites_evermani_scaffold_4001	32759	33143	gene-Peve_00028858	0	11
Porites_evermani_scaffold_4002	20270	22381	gene-Peve_00028859	0	26
Porites_evermani_scaffold_4002	27684	32397	gene-Peve_00028860	0.5363433416	161
Porites_evermani_scaffold_4003	671	2908	gene-Peve_00028862	0.7936508182	33
Porites_evermani_scaffold_4003	15149	18500	gene-Peve_00028863	0.9126429111	45
Porites_evermani_scaffold_4003	25239	28150	gene-Peve_00028864	0	42
Porites_evermani_scaffold_4004	7799	26681	gene-Peve_00028865	0.6825740953	430
Porites_evermani_scaffold_4004	32708	33017	gene-Peve_00028866	.	0
Porites_evermani_scaffold_4005	8755	14841	gene-Peve_00028867	0.2463054138	29
Porites_evermani_scaffold_4005	17134	33281	gene-Peve_00028868	0.2209595917	120
Porites_evermani_scaffold_4006	4733	31125	gene-Peve_00028869	0.6761432807	228
Porites_evermani_scaffold_4007	13370	17572	gene-Peve_00028870	90.32679733	9
Porites_evermani_scaffold_4007	17932	28467	gene-Peve_00028871	74.52752369	13
Porites_evermani_scaffold_4008	5020	18493	gene-Peve_00028873	0.6307099855	207
Porites_evermani_scaffold_4008	19968	21035	gene-Peve_00028874	0.1851851944	36
Porites_evermani_scaffold_4008	21948	22746	gene-Peve_00028875	0.07304602703	37
Porites_evermani_scaffold_4009	20145	21588	gene-Peve_00028876	63.51338824	17
Porites_evermani_scaffold_401	597	2987	gene-Peve_00028877	0.07215007576	66
Porites_evermani_scaffold_401	24596	25022	gene-Peve_00028878	0	18
Porites_evermani_scaffold_401	33501	39370	gene-Peve_00028879	48.34436515	34
Porites_evermani_scaffold_401	46163	50263	gene-Peve_00028880	0	26
Porites_evermani_scaffold_401	56675	84594	gene-Peve_00028882	0.9302267182	220
Porites_evermani_scaffold_401	89842	90997	gene-Peve_00028883	.	0
Porites_evermani_scaffold_401	91046	98333	gene-Peve_00028884	0.6589846055	109
Porites_evermani_scaffold_401	102556	106601	gene-Peve_00028885	6.054048894	85
Porites_evermani_scaffold_401	108761	109310	gene-Peve_00028886	50.4545455	2
Porites_evermani_scaffold_401	110307	119310	gene-Peve_00028887	50.19135601	89
Porites_evermani_scaffold_401	124638	125877	gene-Peve_00028888	0.1801801892	37
Porites_evermani_scaffold_401	127103	131569	gene-Peve_00028889	0	21
Porites_evermani_scaffold_401	135770	136789	gene-Peve_00028890	0	5
Porites_evermani_scaffold_401	137745	138564	gene-Peve_00028891	.	0
Porites_evermani_scaffold_401	143458	143785	gene-Peve_00028892	0	17
Porites_evermani_scaffold_401	154117	157125	gene-Peve_00028893	.	0
Porites_evermani_scaffold_401	158913	174025	gene-Peve_00028894	55.2799146	5
Porites_evermani_scaffold_401	190213	200430	gene-Peve_00028895	0	9
Porites_evermani_scaffold_401	203638	210686	gene-Peve_00028896	60.00891364	25
Porites_evermani_scaffold_401	211012	211702	gene-Peve_00028897	.	0
Porites_evermani_scaffold_401	212757	217321	gene-Peve_00028898	.	0
Porites_evermani_scaffold_401	217336	224178	gene-Peve_00028899	71.39180267	12
Porites_evermani_scaffold_401	226814	231253	gene-Peve_00028900	45	4
Porites_evermani_scaffold_401	235709	237772	gene-Peve_00028902	28.736888	8
Porites_evermani_scaffold_401	256276	265951	gene-Peve_00028904	.	0
Porites_evermani_scaffold_401	274262	278984	gene-Peve_00028903	.	0
Porites_evermani_scaffold_4010	24322	30344	gene-Peve_00028905	1.14283825	100
Porites_evermani_scaffold_4011	1070	12396	gene-Peve_00028906	1.141020375	280
Porites_evermani_scaffold_4011	14935	26219	gene-Peve_00028907	0.5347593571	28
Porites_evermani_scaffold_4011	29962	32385	gene-Peve_00028908	66.05667073	11
Porites_evermani_scaffold_4013	19476	32545	gene-Peve_00028909	1.392702533	105
Porites_evermani_scaffold_4014	8930	14869	gene-Peve_00028910	.	0
Porites_evermani_scaffold_4014	16865	23877	gene-Peve_00028911	0	15
Porites_evermani_scaffold_4015	1754	3399	gene-Peve_00028912	.	0
Porites_evermani_scaffold_4015	25424	33530	gene-Peve_00028913	0	5
Porites_evermani_scaffold_4016	7663	10475	gene-Peve_00028914	1.2738095	20
Porites_evermani_scaffold_4016	17683	22118	gene-Peve_00028915	0.2955452273	110
Porites_evermani_scaffold_4017	4154	20273	gene-Peve_00028916	11.64707601	152
Porites_evermani_scaffold_4017	21439	25046	gene-Peve_00028917	1.496191628	86
Porites_evermani_scaffold_4017	28563	30423	gene-Peve_00028918	0	43
Porites_evermani_scaffold_4018	1213	1696	gene-Peve_00028919	60.3265741	20
Porites_evermani_scaffold_4018	11464	12692	gene-Peve_00028923	83.65079367	6
Porites_evermani_scaffold_4018	24787	26729	gene-Peve_00028920	23.97161005	19
Porites_evermani_scaffold_4018	29138	32536	gene-Peve_00028921	26.42202035	31
Porites_evermani_scaffold_4019	451	1003	gene-Peve_00028926	0	3
Porites_evermani_scaffold_4019	12372	12843	gene-Peve_00028927	6.34615375	4
Porites_evermani_scaffold_4019	19889	21566	gene-Peve_00028924	0.562481	46
Porites_evermani_scaffold_4019	25033	26002	gene-Peve_00028925	0.1262626389	36
Porites_evermani_scaffold_402	11366	30201	gene-Peve_00028934	0	3
Porites_evermani_scaffold_402	33931	36278	gene-Peve_00028941	.	0
Porites_evermani_scaffold_402	37267	38503	gene-Peve_00028943	.	0
Porites_evermani_scaffold_402	41143	58014	gene-Peve_00028946	32.18853153	211
Porites_evermani_scaffold_402	61611	63798	gene-Peve_00028951	0.1418439787	47
Porites_evermani_scaffold_402	72024	74881	gene-Peve_00028931	0.4558698977	88
Porites_evermani_scaffold_402	79284	85675	gene-Peve_00028933	0.2201704531	128
Porites_evermani_scaffold_402	83703	85020	gene-Peve_00028932	0	33
Porites_evermani_scaffold_402	88361	89855	gene-Peve_00028935	0.5354449487	39
Porites_evermani_scaffold_402	100119	100824	gene-Peve_00028938	0	5
Porites_evermani_scaffold_402	115149	141313	gene-Peve_00028939	20.41507878	450
Porites_evermani_scaffold_402	153092	155273	gene-Peve_00028940	0.132275127	63
Porites_evermani_scaffold_402	158875	159829	gene-Peve_00028942	0	27
Porites_evermani_scaffold_402	161909	164095	gene-Peve_00028944	0.4455937255	51
Porites_evermani_scaffold_402	192917	194237	gene-Peve_00028945	0	40
Porites_evermani_scaffold_402	196063	225740	gene-Peve_00028947	26.03460966	430
Porites_evermani_scaffold_402	220248	221185	gene-Peve_00028948	.	0
Porites_evermani_scaffold_402	221717	222900	gene-Peve_00028949	9.141414	3
Porites_evermani_scaffold_402	235455	246337	gene-Peve_00028950	0.1902112016	129
Porites_evermani_scaffold_402	259597	275432	gene-Peve_00028929	7.07949264	311
Porites_evermani_scaffold_4020	12421	20523	gene-Peve_00028952	.	0
Porites_evermani_scaffold_4021	434	33420	gene-Peve_00028953	34.9267932	371
Porites_evermani_scaffold_4022	1621	7113	gene-Peve_00028955	50.07006333	12
Porites_evermani_scaffold_4022	7557	21252	gene-Peve_00028956	42.12870461	36
Porites_evermani_scaffold_4022	25098	26746	gene-Peve_00028957	30.56428064	28
Porites_evermani_scaffold_4023	8234	10080	gene-Peve_00028958	.	0
Porites_evermani_scaffold_4023	14223	21634	gene-Peve_00028959	72.57544846	128
Porites_evermani_scaffold_4023	32192	33046	gene-Peve_00028961	.	0
Porites_evermani_scaffold_4024	3918	9426	gene-Peve_00028962	0.06944444167	120
Porites_evermani_scaffold_4024	9856	29925	gene-Peve_00028963	19.2266821	235
Porites_evermani_scaffold_4025	20902	25457	gene-Peve_00028964	0.2177068302	106
Porites_evermani_scaffold_4025	28945	29374	gene-Peve_00028965	.	0
Porites_evermani_scaffold_4025	32502	32931	gene-Peve_00028966	37.81862725	4
Porites_evermani_scaffold_4026	8865	16471	gene-Peve_00028967	0.5007248519	108
Porites_evermani_scaffold_4026	22771	28205	gene-Peve_00028968	0.7212610492	61
Porites_evermani_scaffold_4027	615	1510	gene-Peve_00028969	0.773423	42
Porites_evermani_scaffold_4027	2070	2655	gene-Peve_00028970	0	27
Porites_evermani_scaffold_4028	1139	2190	gene-Peve_00028971	.	0
Porites_evermani_scaffold_4028	4937	6233	gene-Peve_00028972	4.524793409	22
Porites_evermani_scaffold_4028	14946	31519	gene-Peve_00028973	30.55555567	3
Porites_evermani_scaffold_4029	3698	8101	gene-Peve_00028974	.	0
Porites_evermani_scaffold_4029	9738	13592	gene-Peve_00028975	.	0
Porites_evermani_scaffold_4029	14365	26429	gene-Peve_00028976	0	7
Porites_evermani_scaffold_4029	28011	28791	gene-Peve_00028977	.	0
Porites_evermani_scaffold_403	16357	24241	gene-Peve_00028985	7.597610625	16
Porites_evermani_scaffold_403	27650	42561	gene-Peve_00029005	68.05765056	9
Porites_evermani_scaffold_403	44416	45591	gene-Peve_00029006	.	0
Porites_evermani_scaffold_403	45555	46977	gene-Peve_00028979	9.669158938	32
Porites_evermani_scaffold_403	75094	88545	gene-Peve_00028980	6.930768832	250
Porites_evermani_scaffold_403	91506	100771	gene-Peve_00028981	0.9763884493	227
Porites_evermani_scaffold_403	109617	113603	gene-Peve_00028982	0.1653075607	107
Porites_evermani_scaffold_403	122742	143774	gene-Peve_00028983	1.310019792	510
Porites_evermani_scaffold_403	147167	149286	gene-Peve_00028984	0	53
Porites_evermani_scaffold_403	150928	162118	gene-Peve_00028986	8.188682317	186
Porites_evermani_scaffold_403	174526	178518	gene-Peve_00028987	1.24584499	98
Porites_evermani_scaffold_403	203657	206597	gene-Peve_00028988	0.1881270957	115
Porites_evermani_scaffold_403	210576	211598	gene-Peve_00028989	0	3
Porites_evermani_scaffold_403	213412	213739	gene-Peve_00028990	.	0
Porites_evermani_scaffold_403	214603	226740	gene-Peve_00028991	4.438935788	151
Porites_evermani_scaffold_403	244534	244861	gene-Peve_00028992	0.4761904667	15
Porites_evermani_scaffold_403	247475	248837	gene-Peve_00028994	17.9789754	20
Porites_evermani_scaffold_403	250223	252522	gene-Peve_00028993	7.9647784	30
Porites_evermani_scaffold_403	254569	255070	gene-Peve_00028995	21.68455173	15
Porites_evermani_scaffold_403	256038	256491	gene-Peve_00028996	.	0
Porites_evermani_scaffold_403	258248	258560	gene-Peve_00028997	.	0
Porites_evermani_scaffold_403	262023	262610	gene-Peve_00028998	.	0
Porites_evermani_scaffold_403	264962	266420	gene-Peve_00028999	.	0
Porites_evermani_scaffold_403	266540	266918	gene-Peve_00029000	.	0
Porites_evermani_scaffold_403	267478	267934	gene-Peve_00029001	.	0
Porites_evermani_scaffold_403	268542	270828	gene-Peve_00029002	.	0
Porites_evermani_scaffold_403	273893	274733	gene-Peve_00029004	0	13
Porites_evermani_scaffold_403	274400	274733	gene-Peve_00029003	.	0
Porites_evermani_scaffold_4030	9668	13977	gene-Peve_00029007	46.32808855	20
Porites_evermani_scaffold_4030	15047	24407	gene-Peve_00029008	17.9429892	59
Porites_evermani_scaffold_4030	25559	32127	gene-Peve_00029009	15.26935451	49
Porites_evermani_scaffold_4031	1035	13376	gene-Peve_00029010	0.6666666667	30
Porites_evermani_scaffold_4031	23620	29365	gene-Peve_00029011	0	41
Porites_evermani_scaffold_4032	15383	15707	gene-Peve_00029012	.	0
Porites_evermani_scaffold_4032	20869	23550	gene-Peve_00029013	17.5990676	15
Porites_evermani_scaffold_4032	25776	29919	gene-Peve_00029014	48.80254488	43
Porites_evermani_scaffold_4033	1138	2804	gene-Peve_00029016	36.363636	1
Porites_evermani_scaffold_4033	12935	17499	gene-Peve_00029017	0.1301889681	94
Porites_evermani_scaffold_4034	2	29983	gene-Peve_00029018	28.909226	208
Porites_evermani_scaffold_4035	20975	32274	gene-Peve_00029019	0	41
Porites_evermani_scaffold_4036	804	7238	gene-Peve_00029021	0.3652933182	66
Porites_evermani_scaffold_4036	25611	26001	gene-Peve_00029023	.	0
Porites_evermani_scaffold_4037	2376	9093	gene-Peve_00029024	.	0
Porites_evermani_scaffold_4037	18158	32802	gene-Peve_00029025	0.4545454545	22
Porites_evermani_scaffold_4038	28645	32154	gene-Peve_00029026	0.486321025	40
Porites_evermani_scaffold_4039	15	3599	gene-Peve_00029027	.	0
Porites_evermani_scaffold_4039	7640	31301	gene-Peve_00029028	.	0
Porites_evermani_scaffold_404	1235	1625	gene-Peve_00029029	.	0
Porites_evermani_scaffold_404	7198	8161	gene-Peve_00029043	0	5
Porites_evermani_scaffold_404	15420	22800	gene-Peve_00029047	31.72522218	38
Porites_evermani_scaffold_404	25116	27840	gene-Peve_00029048	93.24675329	7
Porites_evermani_scaffold_404	28535	29738	gene-Peve_00029030	15.65315316	37
Porites_evermani_scaffold_404	32702	38156	gene-Peve_00029031	55.12504992	49
Porites_evermani_scaffold_404	39195	46422	gene-Peve_00029032	12.48628613	156
Porites_evermani_scaffold_404	48776	51211	gene-Peve_00029033	0.6973222222	81
Porites_evermani_scaffold_404	56999	69652	gene-Peve_00029034	0.4346905989	354
Porites_evermani_scaffold_404	76920	78249	gene-Peve_00029035	0	19
Porites_evermani_scaffold_404	79886	83574	gene-Peve_00029036	.	0
Porites_evermani_scaffold_404	86904	88230	gene-Peve_00029037	0	17
Porites_evermani_scaffold_404	90987	100102	gene-Peve_00029038	23.37559958	142
Porites_evermani_scaffold_404	102546	116352	gene-Peve_00029039	9.807944696	444
Porites_evermani_scaffold_404	123968	141778	gene-Peve_00029040	11.84614182	305
Porites_evermani_scaffold_404	145952	150132	gene-Peve_00029041	0.1799556977	86
Porites_evermani_scaffold_404	151454	162342	gene-Peve_00029042	1.423603274	62
Porites_evermani_scaffold_404	163919	170924	gene-Peve_00029044	47.962038	14
Porites_evermani_scaffold_404	171092	174456	gene-Peve_00029045	66.66666667	3
Porites_evermani_scaffold_404	195086	198548	gene-Peve_00029046	0.5101866271	59
Porites_evermani_scaffold_404	201996	205372	gene-Peve_00029049	6.146310245	53
Porites_evermani_scaffold_404	206088	219250	gene-Peve_00029050	30.12831076	186
Porites_evermani_scaffold_404	221492	224809	gene-Peve_00029051	0	23
Porites_evermani_scaffold_404	231393	234784	gene-Peve_00029052	3.021978	13
Porites_evermani_scaffold_404	249275	251770	gene-Peve_00029053	63.76107728	18
Porites_evermani_scaffold_404	253774	257846	gene-Peve_00029054	0.6198929316	117
Porites_evermani_scaffold_404	262374	263897	gene-Peve_00029055	0	1
Porites_evermani_scaffold_404	268521	270275	gene-Peve_00029056	0.5952380833	24
Porites_evermani_scaffold_4041	130	4102	gene-Peve_00029060	.	0
Porites_evermani_scaffold_4041	5409	7606	gene-Peve_00029057	3.163608073	41
Porites_evermani_scaffold_4041	9005	13541	gene-Peve_00029058	.	0
Porites_evermani_scaffold_4041	20766	23726	gene-Peve_00029061	.	0
Porites_evermani_scaffold_4042	875	1232	gene-Peve_00029063	0	11
Porites_evermani_scaffold_4042	2514	17606	gene-Peve_00029064	1.829524217	198
Porites_evermani_scaffold_4042	31376	31739	gene-Peve_00029065	0.3225806	10
Porites_evermani_scaffold_4043	1544	3156	gene-Peve_00029066	0	1
Porites_evermani_scaffold_4043	8097	12589	gene-Peve_00029067	0.3762285	74
Porites_evermani_scaffold_4043	15089	16001	gene-Peve_00029068	0	4
Porites_evermani_scaffold_4044	2039	10428	gene-Peve_00029069	19.95137045	29
Porites_evermani_scaffold_4044	11846	33101	gene-Peve_00029070	30.64330264	140
Porites_evermani_scaffold_4046	258	2522	gene-Peve_00029073	.	0
Porites_evermani_scaffold_4046	4687	6901	gene-Peve_00029074	0	1
Porites_evermani_scaffold_4046	18692	20945	gene-Peve_00029071	0	1
Porites_evermani_scaffold_4046	23308	32990	gene-Peve_00029072	1.263736286	28
Porites_evermani_scaffold_4047	4235	6426	gene-Peve_00029075	.	0
Porites_evermani_scaffold_4047	11599	12471	gene-Peve_00029078	.	0
Porites_evermani_scaffold_4047	14233	17027	gene-Peve_00029076	.	0
Porites_evermani_scaffold_4047	22165	31199	gene-Peve_00029077	2.575757524	21
Porites_evermani_scaffold_4048	3790	14017	gene-Peve_00029082	1.119874598	122
Porites_evermani_scaffold_4048	17176	23951	gene-Peve_00029079	56.41007211	92
Porites_evermani_scaffold_4048	26641	27787	gene-Peve_00029080	76.463326	9
Porites_evermani_scaffold_4048	30456	31649	gene-Peve_00029081	79.2444614	5
Porites_evermani_scaffold_4049	2604	3360	gene-Peve_00029083	.	0
Porites_evermani_scaffold_4049	8658	9477	gene-Peve_00029084	0	21
Porites_evermani_scaffold_4049	16196	33007	gene-Peve_00029085	0.3556505021	235
Porites_evermani_scaffold_405	17143	17488	gene-Peve_00029087	.	0
Porites_evermani_scaffold_405	18864	19182	gene-Peve_00029090	.	0
Porites_evermani_scaffold_405	21863	22199	gene-Peve_00029099	.	0
Porites_evermani_scaffold_405	27554	30566	gene-Peve_00029103	37.13170869	29
Porites_evermani_scaffold_405	30950	31283	gene-Peve_00029104	46.1929735	14
Porites_evermani_scaffold_405	52552	65130	gene-Peve_00029107	31.72228947	196
Porites_evermani_scaffold_405	83757	84309	gene-Peve_00029108	37.119307	15
Porites_evermani_scaffold_405	93050	94880	gene-Peve_00029109	39.56377613	47
Porites_evermani_scaffold_405	97520	100472	gene-Peve_00029110	30.72501006	89
Porites_evermani_scaffold_405	103075	104504	gene-Peve_00029111	58.30814608	51
Porites_evermani_scaffold_405	108739	110301	gene-Peve_00029112	30.02019942	31
Porites_evermani_scaffold_405	118355	120919	gene-Peve_00029113	25.15583425	44
Porites_evermani_scaffold_405	132280	132742	gene-Peve_00029114	25.92111012	8
Porites_evermani_scaffold_405	133483	135465	gene-Peve_00029115	25.84756815	27
Porites_evermani_scaffold_405	152980	153376	gene-Peve_00029118	18.4176752	10
Porites_evermani_scaffold_405	158026	158464	gene-Peve_00029117	1.111111111	9
Porites_evermani_scaffold_405	164543	165524	gene-Peve_00029120	44.95895973	22
Porites_evermani_scaffold_405	172476	173818	gene-Peve_00029121	16.77744557	21
Porites_evermani_scaffold_405	175815	176199	gene-Peve_00029122	32.62617285	13
Porites_evermani_scaffold_405	181713	182512	gene-Peve_00029123	42.71653669	32
Porites_evermani_scaffold_405	184069	184411	gene-Peve_00029124	39.31243357	7
Porites_evermani_scaffold_405	184984	186866	gene-Peve_00029125	33.95830775	16
Porites_evermani_scaffold_405	188281	189407	gene-Peve_00029126	33.46778225	8
Porites_evermani_scaffold_405	193379	194324	gene-Peve_00029127	24.49120634	32
Porites_evermani_scaffold_405	194762	197431	gene-Peve_00029128	28.57856109	80
Porites_evermani_scaffold_405	205168	206561	gene-Peve_00029088	27.47867324	17
Porites_evermani_scaffold_405	211927	213512	gene-Peve_00029092	22.951902	38
Porites_evermani_scaffold_405	218033	219004	gene-Peve_00029093	26.31000563	19
Porites_evermani_scaffold_405	221215	221575	gene-Peve_00029094	39.2424244	5
Porites_evermani_scaffold_405	253643	254006	gene-Peve_00029096	31.8181815	2
Porites_evermani_scaffold_405	255947	256301	gene-Peve_00029097	30.33831225	12
Porites_evermani_scaffold_405	268648	271195	gene-Peve_00029100	33.37122456	138
Porites_evermani_scaffold_405	273260	274654	gene-Peve_00029101	36.48478582	90
Porites_evermani_scaffold_4050	285	2279	gene-Peve_00029129	38.18599052	29
Porites_evermani_scaffold_4050	4846	26822	gene-Peve_00029130	22.40169948	226
Porites_evermani_scaffold_4050	29031	32840	gene-Peve_00029131	0.2465483231	65
Porites_evermani_scaffold_4051	9546	17846	gene-Peve_00029132	4.055843808	26
Porites_evermani_scaffold_4051	20369	32978	gene-Peve_00029133	74.65203564	36
Porites_evermani_scaffold_4052	838	19806	gene-Peve_00029134	61.02807088	17
Porites_evermani_scaffold_4052	25282	30667	gene-Peve_00029135	.	0
Porites_evermani_scaffold_4053	315	11276	gene-Peve_00029136	0.5633141268	142
Porites_evermani_scaffold_4053	12324	15872	gene-Peve_00029137	1.3996892	75
Porites_evermani_scaffold_4053	19428	20532	gene-Peve_00029138	0	25
Porites_evermani_scaffold_4054	362	6079	gene-Peve_00029139	1.518301591	232
Porites_evermani_scaffold_4054	9659	22284	gene-Peve_00029140	3.667963438	258
Porites_evermani_scaffold_4054	10999	12648	gene-Peve_00029141	17.152962	3
Porites_evermani_scaffold_4054	26767	31634	gene-Peve_00029142	26.71487732	34
Porites_evermani_scaffold_4055	2215	4675	gene-Peve_00029143	0.22857143	100
Porites_evermani_scaffold_4055	14710	29634	gene-Peve_00029144	0.5895900312	160
Porites_evermani_scaffold_4056	2354	12562	gene-Peve_00029145	.	0
Porites_evermani_scaffold_4056	26338	28114	gene-Peve_00029146	.	0
Porites_evermani_scaffold_4057	518	1130	gene-Peve_00029147	0	20
Porites_evermani_scaffold_4057	4989	5862	gene-Peve_00029150	0	3
Porites_evermani_scaffold_4057	9037	12995	gene-Peve_00029151	0	68
Porites_evermani_scaffold_4057	16413	21235	gene-Peve_00029148	0.8783969667	150
Porites_evermani_scaffold_4057	27745	28814	gene-Peve_00029149	0	9
Porites_evermani_scaffold_4058	3132	5848	gene-Peve_00029152	91.666667	1
Porites_evermani_scaffold_4058	12703	13828	gene-Peve_00029153	.	0
Porites_evermani_scaffold_4058	20245	30190	gene-Peve_00029154	16.17978761	183
Porites_evermani_scaffold_4058	31895	32465	gene-Peve_00029155	0.41666665	20
Porites_evermani_scaffold_406	11437	23962	gene-Peve_00029160	0.3877148197	61
Porites_evermani_scaffold_406	36788	37619	gene-Peve_00029167	.	0
Porites_evermani_scaffold_406	88255	89045	gene-Peve_00029162	0	7
Porites_evermani_scaffold_406	98367	99131	gene-Peve_00029166	2.976190357	14
Porites_evermani_scaffold_406	105572	106448	gene-Peve_00029169	3.475171286	49
Porites_evermani_scaffold_406	234066	238329	gene-Peve_00029172	0	9
Porites_evermani_scaffold_4060	26464	27050	gene-Peve_00029174	0.6845086923	26
Porites_evermani_scaffold_4061	3914	11012	gene-Peve_00029175	0.147929	52
Porites_evermani_scaffold_4061	16283	17475	gene-Peve_00029176	1.06357697	33
Porites_evermani_scaffold_4061	27513	31214	gene-Peve_00029177	0	27
Porites_evermani_scaffold_4062	193	12158	gene-Peve_00029178	1.494435304	69
Porites_evermani_scaffold_4062	17573	21439	gene-Peve_00029179	0	17
Porites_evermani_scaffold_4063	2520	14183	gene-Peve_00029180	19.58232617	266
Porites_evermani_scaffold_4063	17734	18552	gene-Peve_00029181	.	0
Porites_evermani_scaffold_4063	28943	31827	gene-Peve_00029182	0.9090909	10
Porites_evermani_scaffold_4064	83	23649	gene-Peve_00029183	10.24558245	159
Porites_evermani_scaffold_4064	27573	28185	gene-Peve_00029184	.	0
Porites_evermani_scaffold_4065	5750	8912	gene-Peve_00029185	1.053763414	29
Porites_evermani_scaffold_4065	17692	20005	gene-Peve_00029186	0	5
Porites_evermani_scaffold_4066	7967	8531	gene-Peve_00029188	2.967033	5
Porites_evermani_scaffold_4066	13753	14656	gene-Peve_00029189	.	0
Porites_evermani_scaffold_4066	19016	25500	gene-Peve_00029190	31.83390399	70
Porites_evermani_scaffold_4067	2	1488	gene-Peve_00029191	.	0
Porites_evermani_scaffold_4067	1774	17577	gene-Peve_00029192	54.50457745	33
Porites_evermani_scaffold_4067	31282	32086	gene-Peve_00029193	4.588441879	33
Porites_evermani_scaffold_4068	4686	9286	gene-Peve_00029194	.	0
Porites_evermani_scaffold_4068	21965	23312	gene-Peve_00029195	0	39
Porites_evermani_scaffold_4069	69	21600	gene-Peve_00029196	0.2014552308	117
Porites_evermani_scaffold_4069	31566	32613	gene-Peve_00029197	22.1765435	16
Porites_evermani_scaffold_407	1566	1911	gene-Peve_00029198	48.363056	5
Porites_evermani_scaffold_407	8965	11590	gene-Peve_00029212	.	0
Porites_evermani_scaffold_407	15285	20801	gene-Peve_00029218	0.6736937949	39
Porites_evermani_scaffold_407	29358	29761	gene-Peve_00029207	.	0
Porites_evermani_scaffold_407	34998	35307	gene-Peve_00029208	.	0
Porites_evermani_scaffold_407	41070	41298	gene-Peve_00029209	.	0
Porites_evermani_scaffold_407	46959	48353	gene-Peve_00029210	0	6
Porites_evermani_scaffold_407	49567	50926	gene-Peve_00029211	79.08988463	19
Porites_evermani_scaffold_407	53103	59893	gene-Peve_00029213	60.61659894	47
Porites_evermani_scaffold_407	74558	77281	gene-Peve_00029215	63.926391	28
Porites_evermani_scaffold_407	88685	89126	gene-Peve_00029217	.	0
Porites_evermani_scaffold_407	164480	166267	gene-Peve_00029219	71.83210985	41
Porites_evermani_scaffold_407	194839	195366	gene-Peve_00029221	69.15908763	16
Porites_evermani_scaffold_407	197203	198848	gene-Peve_00029223	49.82853558	33
Porites_evermani_scaffold_407	199552	200884	gene-Peve_00029199	62.99895789	65
Porites_evermani_scaffold_407	208121	211428	gene-Peve_00029200	75.31643518	95
Porites_evermani_scaffold_407	229057	230320	gene-Peve_00029202	46.20793947	32
Porites_evermani_scaffold_407	260678	261946	gene-Peve_00029204	62.27608449	41
Porites_evermani_scaffold_407	265323	267692	gene-Peve_00029205	55.44349171	31
Porites_evermani_scaffold_4070	4715	6786	gene-Peve_00029224	33.93625423	43
Porites_evermani_scaffold_4070	7071	15044	gene-Peve_00029225	20.88419877	121
Porites_evermani_scaffold_4071	286	5058	gene-Peve_00029227	76.56723807	14
Porites_evermani_scaffold_4071	5755	8100	gene-Peve_00029228	100	1
Porites_evermani_scaffold_4071	9997	20984	gene-Peve_00029229	76.35313268	47
Porites_evermani_scaffold_4071	21129	22787	gene-Peve_00029230	34.38645915	34
Porites_evermani_scaffold_4073	8	13534	gene-Peve_00029231	2.654388601	163
Porites_evermani_scaffold_4073	17935	18307	gene-Peve_00029232	0	11
Porites_evermani_scaffold_4074	2714	3110	gene-Peve_00029233	0	10
Porites_evermani_scaffold_4075	0	1277	gene-Peve_00029234	15.48110982	22
Porites_evermani_scaffold_4075	15423	15888	gene-Peve_00029235	0	7
Porites_evermani_scaffold_4075	22613	30358	gene-Peve_00029236	0.5492772818	110
Porites_evermani_scaffold_4076	4176	17073	gene-Peve_00029239	0	22
Porites_evermani_scaffold_4076	20484	21108	gene-Peve_00029237	.	0
Porites_evermani_scaffold_4076	21737	27080	gene-Peve_00029238	.	0
Porites_evermani_scaffold_4077	871	6988	gene-Peve_00029240	0.7970900833	108
Porites_evermani_scaffold_4078	76	2912	gene-Peve_00029242	0.2925645844	77
Porites_evermani_scaffold_4078	19806	20992	gene-Peve_00029243	0	33
Porites_evermani_scaffold_4079	17279	21603	gene-Peve_00029244	0.7246137176	85
Porites_evermani_scaffold_4079	29053	31669	gene-Peve_00029246	0.4340487551	49
Porites_evermani_scaffold_408	4475	12721	gene-Peve_00029255	0.6690112248	129
Porites_evermani_scaffold_408	20397	26422	gene-Peve_00029263	1.520497053	152
Porites_evermani_scaffold_408	37929	38280	gene-Peve_00029247	0	13
Porites_evermani_scaffold_408	48917	56100	gene-Peve_00029248	1.041905373	118
Porites_evermani_scaffold_408	72266	73277	gene-Peve_00029249	2.087773364	33
Porites_evermani_scaffold_408	79879	81031	gene-Peve_00029250	0	19
Porites_evermani_scaffold_408	87768	88902	gene-Peve_00029251	0.2380952286	35
Porites_evermani_scaffold_408	92889	94122	gene-Peve_00029252	0	34
Porites_evermani_scaffold_408	100171	103413	gene-Peve_00029253	0	108
Porites_evermani_scaffold_408	105361	115350	gene-Peve_00029254	56.42360042	108
Porites_evermani_scaffold_408	138455	162318	gene-Peve_00029256	29.98247101	231
Porites_evermani_scaffold_408	155897	160920	gene-Peve_00029257	33.01345217	66
Porites_evermani_scaffold_408	170297	173072	gene-Peve_00029258	0.7072586042	48
Porites_evermani_scaffold_408	177702	193902	gene-Peve_00029259	0.789328274	427
Porites_evermani_scaffold_408	201649	235864	gene-Peve_00029261	0.6507135649	678
Porites_evermani_scaffold_408	242304	249715	gene-Peve_00029260	0.1210809692	227
Porites_evermani_scaffold_408	264591	276362	gene-Peve_00029262	52.32478344	123
Porites_evermani_scaffold_4080	10136	10505	gene-Peve_00029264	1.041666667	6
Porites_evermani_scaffold_4080	11865	31191	gene-Peve_00029265	0.6514176566	495
Porites_evermani_scaffold_4081	10184	24387	gene-Peve_00029266	15.0116188	139
Porites_evermani_scaffold_4082	18313	26093	gene-Peve_00029268	0.3438126735	196
Porites_evermani_scaffold_4083	7915	9476	gene-Peve_00029271	0	4
Porites_evermani_scaffold_4083	16569	18069	gene-Peve_00029272	1.010101	9
Porites_evermani_scaffold_4083	28119	28719	gene-Peve_00029270	1.882732692	13
Porites_evermani_scaffold_4084	10098	10449	gene-Peve_00029274	.	0
Porites_evermani_scaffold_4084	11243	14963	gene-Peve_00029275	0.5128205385	26
Porites_evermani_scaffold_4084	19465	22403	gene-Peve_00029273	0	13
Porites_evermani_scaffold_4085	16701	22668	gene-Peve_00029276	28.47943725	28
Porites_evermani_scaffold_4085	18841	28096	gene-Peve_00029277	69.87995832	50
Porites_evermani_scaffold_4086	3088	7601	gene-Peve_00029279	1.056998568	44
Porites_evermani_scaffold_4086	12690	14655	gene-Peve_00029278	0.1451378868	53
Porites_evermani_scaffold_4086	19443	21075	gene-Peve_00029280	53.24027105	20
Porites_evermani_scaffold_4086	21374	28549	gene-Peve_00029281	63.17911192	76
Porites_evermani_scaffold_4087	11746	31889	gene-Peve_00029282	36.2808858	50
Porites_evermani_scaffold_4088	25977	26996	gene-Peve_00029283	.	0
Porites_evermani_scaffold_4088	27790	32172	gene-Peve_00029284	.	0
Porites_evermani_scaffold_4089	7630	8538	gene-Peve_00029285	.	0
Porites_evermani_scaffold_4089	22083	23467	gene-Peve_00029286	.	0
Porites_evermani_scaffold_409	7554	35174	gene-Peve_00029288	0.3331735183	656
Porites_evermani_scaffold_409	39459	40738	gene-Peve_00029292	0.5779196078	51
Porites_evermani_scaffold_409	46777	47380	gene-Peve_00029305	0	23
Porites_evermani_scaffold_409	52470	103409	gene-Peve_00029306	1.089155513	604
Porites_evermani_scaffold_409	83480	89197	gene-Peve_00029289	0	10
Porites_evermani_scaffold_409	106227	116534	gene-Peve_00029290	1.151658073	219
Porites_evermani_scaffold_409	130024	143420	gene-Peve_00029291	0.09372071134	97
Porites_evermani_scaffold_409	165927	182755	gene-Peve_00029294	0.5798301536	293
Porites_evermani_scaffold_409	202588	207099	gene-Peve_00029295	0.8192820328	122
Porites_evermani_scaffold_409	207144	207495	gene-Peve_00029296	0	9
Porites_evermani_scaffold_409	216861	218031	gene-Peve_00029297	0.4634581176	34
Porites_evermani_scaffold_409	220378	225436	gene-Peve_00029298	42.63227169	42
Porites_evermani_scaffold_409	226405	235796	gene-Peve_00029299	0.4474336296	135
Porites_evermani_scaffold_409	236420	237458	gene-Peve_00029300	0.2262443529	34
Porites_evermani_scaffold_409	241039	253400	gene-Peve_00029301	10.06182043	104
Porites_evermani_scaffold_409	255089	266480	gene-Peve_00029302	26.53249217	195
Porites_evermani_scaffold_409	266835	267252	gene-Peve_00029303	0.7268170526	19
Porites_evermani_scaffold_409	270213	274035	gene-Peve_00029304	0.3010542166	157
Porites_evermani_scaffold_4090	12531	14078	gene-Peve_00029307	1.666666667	6
Porites_evermani_scaffold_4090	24191	31958	gene-Peve_00029308	30.15806775	76
Porites_evermani_scaffold_4091	1703	15307	gene-Peve_00029309	0.3775294419	43
Porites_evermani_scaffold_4091	19662	31009	gene-Peve_00029310	16.1818182	10
Porites_evermani_scaffold_4092	412	26015	gene-Peve_00029311	10.29303973	26
Porites_evermani_scaffold_4092	26634	30703	gene-Peve_00029312	85	2
Porites_evermani_scaffold_4093	2	3832	gene-Peve_00029313	0.053333336	125
Porites_evermani_scaffold_4093	7482	17361	gene-Peve_00029314	0.3245506245	237
Porites_evermani_scaffold_4094	22095	30141	gene-Peve_00029315	23.30749955	161
Porites_evermani_scaffold_4095	3956	5036	gene-Peve_00029317	0	11
Porites_evermani_scaffold_4095	9016	23332	gene-Peve_00029318	0.08116883036	112
Porites_evermani_scaffold_4095	30551	32165	gene-Peve_00029316	53.262987	8
Porites_evermani_scaffold_4096	9638	16013	gene-Peve_00029320	20.97608445	65
Porites_evermani_scaffold_4096	17071	19882	gene-Peve_00029319	0.6733630937	64
Porites_evermani_scaffold_4097	2782	3187	gene-Peve_00029321	0	10
Porites_evermani_scaffold_4097	4193	5099	gene-Peve_00029322	0.2136752222	36
Porites_evermani_scaffold_4097	15047	22293	gene-Peve_00029323	1.197551656	195
Porites_evermani_scaffold_4097	31448	32018	gene-Peve_00029324	0.41666665	20
Porites_evermani_scaffold_4098	162	2055	gene-Peve_00029325	1.8181818	10
Porites_evermani_scaffold_4098	2293	22619	gene-Peve_00029326	11.501111	73
Porites_evermani_scaffold_4099	5696	20706	gene-Peve_00029327	41.53595812	219
Porites_evermani_scaffold_4099	21040	23686	gene-Peve_00029329	0	13
Porites_evermani_scaffold_4099	26277	27570	gene-Peve_00029330	0	38
Porites_evermani_scaffold_4099	29664	30690	gene-Peve_00029328	0	15
Porites_evermani_scaffold_41	1176	2027	gene-Peve_00029331	0.1893939394	33
Porites_evermani_scaffold_41	4059	15168	gene-Peve_00029366	39.05283079	140
Porites_evermani_scaffold_41	18213	19652	gene-Peve_00029369	1.655844143	28
Porites_evermani_scaffold_41	35440	39752	gene-Peve_00029386	49.84915634	76
Porites_evermani_scaffold_41	41931	55073	gene-Peve_00029332	53.35840107	203
Porites_evermani_scaffold_41	58328	71379	gene-Peve_00029335	0.1662241961	362
Porites_evermani_scaffold_41	76707	104464	gene-Peve_00029358	0.4517348096	709
Porites_evermani_scaffold_41	112751	113486	gene-Peve_00029360	0	16
Porites_evermani_scaffold_41	117124	122310	gene-Peve_00029361	36.74927622	68
Porites_evermani_scaffold_41	123756	124725	gene-Peve_00029362	0.1111111111	45
Porites_evermani_scaffold_41	133019	139232	gene-Peve_00029363	78.98460237	115
Porites_evermani_scaffold_41	139409	141146	gene-Peve_00029364	0.9595959608	51
Porites_evermani_scaffold_41	142255	190531	gene-Peve_00029365	11.11163922	654
Porites_evermani_scaffold_41	199808	200804	gene-Peve_00029368	0	32
Porites_evermani_scaffold_41	205368	205890	gene-Peve_00029371	0.5	20
Porites_evermani_scaffold_41	207362	217397	gene-Peve_00029370	0.2828058477	256
Porites_evermani_scaffold_41	229651	267309	gene-Peve_00029372	0.9345741674	938
Porites_evermani_scaffold_41	245677	250711	gene-Peve_00029373	1.543408385	148
Porites_evermani_scaffold_41	248048	253478	gene-Peve_00029374	1.490769322	149
Porites_evermani_scaffold_41	277642	278818	gene-Peve_00029375	0.4201680588	17
Porites_evermani_scaffold_41	282461	283090	gene-Peve_00029376	0	21
Porites_evermani_scaffold_41	290731	303910	gene-Peve_00029377	0.3974965776	277
Porites_evermani_scaffold_41	308599	310518	gene-Peve_00029378	0.2217553725	51
Porites_evermani_scaffold_41	321843	322823	gene-Peve_00029379	2.690166929	14
Porites_evermani_scaffold_41	325786	353838	gene-Peve_00029380	0.8962455067	669
Porites_evermani_scaffold_41	360647	364218	gene-Peve_00029381	0.6739737297	74
Porites_evermani_scaffold_41	369512	370451	gene-Peve_00029383	0.4301075161	31
Porites_evermani_scaffold_41	393644	394646	gene-Peve_00029384	1.955266929	42
Porites_evermani_scaffold_41	403696	427753	gene-Peve_00029385	0.7163933972	569
Porites_evermani_scaffold_41	407864	413568	gene-Peve_00029387	0.5375414565	138
Porites_evermani_scaffold_41	431578	449773	gene-Peve_00029333	0.8685186245	530
Porites_evermani_scaffold_41	451707	505119	gene-Peve_00029334	1.049005136	1414
Porites_evermani_scaffold_41	507310	511680	gene-Peve_00029336	0.1908866983	116
Porites_evermani_scaffold_41	512356	537181	gene-Peve_00029337	0.36110299	702
Porites_evermani_scaffold_41	540647	557425	gene-Peve_00029338	6.234246175	183
Porites_evermani_scaffold_41	565606	567312	gene-Peve_00029339	0.243902439	41
Porites_evermani_scaffold_41	574507	576469	gene-Peve_00029340	8.300002721	68
Porites_evermani_scaffold_41	584657	590214	gene-Peve_00029341	54.08512336	74
Porites_evermani_scaffold_41	590389	598385	gene-Peve_00029342	65.93482938	104
Porites_evermani_scaffold_41	605248	606940	gene-Peve_00029343	0.3368176585	41
Porites_evermani_scaffold_41	610151	638428	gene-Peve_00029344	9.727413273	604
Porites_evermani_scaffold_41	643596	644556	gene-Peve_00029345	0	30
Porites_evermani_scaffold_41	652843	653197	gene-Peve_00029346	41.71245425	8
Porites_evermani_scaffold_41	653445	668245	gene-Peve_00029347	24.26055037	388
Porites_evermani_scaffold_41	668739	680967	gene-Peve_00029348	15.07920795	283
Porites_evermani_scaffold_41	686381	687705	gene-Peve_00029349	0	37
Porites_evermani_scaffold_41	691101	695082	gene-Peve_00029350	13.58432384	94
Porites_evermani_scaffold_41	703108	704664	gene-Peve_00029351	0.1602564103	39
Porites_evermani_scaffold_41	708336	710082	gene-Peve_00029352	18.06828387	52
Porites_evermani_scaffold_41	711898	717120	gene-Peve_00029353	0.7922526201	179
Porites_evermani_scaffold_41	722178	746191	gene-Peve_00029354	9.525397703	465
Porites_evermani_scaffold_41	749696	755875	gene-Peve_00029355	0.1952186667	168
Porites_evermani_scaffold_41	758623	759652	gene-Peve_00029356	0.3968254286	14
Porites_evermani_scaffold_410	3739	7126	gene-Peve_00029388	1.282493877	122
Porites_evermani_scaffold_410	8812	31003	gene-Peve_00029392	5.244118508	559
Porites_evermani_scaffold_410	22086	27303	gene-Peve_00029396	0.8954747102	176
Porites_evermani_scaffold_410	31201	36379	gene-Peve_00029404	64.46205221	67
Porites_evermani_scaffold_410	46885	64018	gene-Peve_00029405	29.21028934	195
Porites_evermani_scaffold_410	65309	74424	gene-Peve_00029390	80.60361056	159
Porites_evermani_scaffold_410	74574	84568	gene-Peve_00029391	31.15756755	221
Porites_evermani_scaffold_410	86682	87768	gene-Peve_00029393	1.2121212	50
Porites_evermani_scaffold_410	89739	101435	gene-Peve_00029394	22.91335263	158
Porites_evermani_scaffold_410	132991	143383	gene-Peve_00029395	69.17221711	167
Porites_evermani_scaffold_410	137381	137590	gene-Peve_00029397	81.9128785	4
Porites_evermani_scaffold_410	148405	164631	gene-Peve_00029398	68.31485697	158
Porites_evermani_scaffold_410	164691	168623	gene-Peve_00029399	60.39896855	69
Porites_evermani_scaffold_410	170533	172039	gene-Peve_00029400	49.2644175	12
Porites_evermani_scaffold_410	183901	188433	gene-Peve_00029401	49.13753332	47
Porites_evermani_scaffold_410	188789	196096	gene-Peve_00029402	82.34427639	108
Porites_evermani_scaffold_410	201140	222607	gene-Peve_00029403	61.86116179	235
Porites_evermani_scaffold_410	231179	234003	gene-Peve_00029406	1.220094333	69
Porites_evermani_scaffold_410	238252	238685	gene-Peve_00029407	.	0
Porites_evermani_scaffold_410	240872	243306	gene-Peve_00029408	0	41
Porites_evermani_scaffold_410	249700	254593	gene-Peve_00029410	4.314329712	59
Porites_evermani_scaffold_410	254837	257436	gene-Peve_00029411	0.4979395714	28
Porites_evermani_scaffold_410	272049	276030	gene-Peve_00029389	1.582391962	26
Porites_evermani_scaffold_4100	8715	15542	gene-Peve_00029413	1.555679159	44
Porites_evermani_scaffold_4101	3359	6330	gene-Peve_00029414	.	0
Porites_evermani_scaffold_4101	17215	26567	gene-Peve_00029415	2.27272725	4
Porites_evermani_scaffold_4101	29496	30731	gene-Peve_00029416	.	0
Porites_evermani_scaffold_4102	16717	20737	gene-Peve_00029418	.	0
Porites_evermani_scaffold_4102	30593	30936	gene-Peve_00029417	.	0
Porites_evermani_scaffold_4103	5543	6270	gene-Peve_00029419	0	19
Porites_evermani_scaffold_4103	17799	18261	gene-Peve_00029420	0	11
Porites_evermani_scaffold_4104	85	23667	gene-Peve_00029421	0.2100840294	34
Porites_evermani_scaffold_4105	92	13714	gene-Peve_00029422	1.029233189	228
Porites_evermani_scaffold_4105	15106	17638	gene-Peve_00029423	.	0
Porites_evermani_scaffold_4105	18689	19802	gene-Peve_00029424	0.1831501795	39
Porites_evermani_scaffold_4105	23060	24149	gene-Peve_00029425	0.2561256792	53
Porites_evermani_scaffold_4106	3041	24134	gene-Peve_00029427	0.1207729565	46
Porites_evermani_scaffold_4107	5022	5631	gene-Peve_00029428	0.5111647273	22
Porites_evermani_scaffold_4107	6246	6776	gene-Peve_00029429	.	0
Porites_evermani_scaffold_4107	9279	9809	gene-Peve_00029430	0	1
Porites_evermani_scaffold_4107	11120	17065	gene-Peve_00029431	32.76269513	88
Porites_evermani_scaffold_4107	22992	24399	gene-Peve_00029432	.	0
Porites_evermani_scaffold_4107	24852	25164	gene-Peve_00029433	.	0
Porites_evermani_scaffold_4107	26482	27979	gene-Peve_00029434	.	0
Porites_evermani_scaffold_4107	28432	28744	gene-Peve_00029435	.	0
Porites_evermani_scaffold_4108	8927	17994	gene-Peve_00029436	44.2172751	72
Porites_evermani_scaffold_4108	26236	30001	gene-Peve_00029437	0.4899931014	69
Porites_evermani_scaffold_4109	1215	18040	gene-Peve_00029438	16.79116205	236
Porites_evermani_scaffold_4109	23124	31129	gene-Peve_00029439	33.20481348	159
Porites_evermani_scaffold_411	3692	7321	gene-Peve_00029440	0	64
Porites_evermani_scaffold_411	27653	29653	gene-Peve_00029452	1.194664178	45
Porites_evermani_scaffold_411	51278	54203	gene-Peve_00029441	0	30
Porites_evermani_scaffold_411	59103	62374	gene-Peve_00029442	0.4323936957	69
Porites_evermani_scaffold_411	68791	85941	gene-Peve_00029443	43.29300174	119
Porites_evermani_scaffold_411	94151	101553	gene-Peve_00029444	58.64768174	31
Porites_evermani_scaffold_411	101631	104599	gene-Peve_00029445	41.12969168	22
Porites_evermani_scaffold_411	107215	113151	gene-Peve_00029446	.	0
Porites_evermani_scaffold_411	128072	133648	gene-Peve_00029447	90.86001463	82
Porites_evermani_scaffold_411	137524	142355	gene-Peve_00029448	50.95547275	59
Porites_evermani_scaffold_411	143668	153765	gene-Peve_00029449	28.47433231	180
Porites_evermani_scaffold_411	154907	155372	gene-Peve_00029450	2.4132353	10
Porites_evermani_scaffold_411	163722	169860	gene-Peve_00029451	40.86255932	80
Porites_evermani_scaffold_411	173447	174098	gene-Peve_00029453	0	40
Porites_evermani_scaffold_411	176639	180477	gene-Peve_00029454	0.2619047571	70
Porites_evermani_scaffold_411	183336	243408	gene-Peve_00029455	11.96392722	1193
Porites_evermani_scaffold_411	258751	260242	gene-Peve_00029456	0	11
Porites_evermani_scaffold_411	269248	270246	gene-Peve_00029457	1.6666666	5
Porites_evermani_scaffold_4110	2284	10895	gene-Peve_00029459	58.94364168	101
Porites_evermani_scaffold_4111	2406	4471	gene-Peve_00029460	.	0
Porites_evermani_scaffold_4111	12403	19504	gene-Peve_00029461	9.442086623	114
Porites_evermani_scaffold_4111	22329	31629	gene-Peve_00029462	1.530287187	155
Porites_evermani_scaffold_4112	295	11169	gene-Peve_00029463	0.9274166715	274
Porites_evermani_scaffold_4112	18802	19025	gene-Peve_00029464	1.213790167	6
Porites_evermani_scaffold_4112	22073	24897	gene-Peve_00029465	0.2391886716	67
Porites_evermani_scaffold_4113	8593	14557	gene-Peve_00029466	1.666666667	24
Porites_evermani_scaffold_4113	24416	31967	gene-Peve_00029467	.	0
Porites_evermani_scaffold_4114	11847	20330	gene-Peve_00029468	3.7624224	10
Porites_evermani_scaffold_4115	8298	12128	gene-Peve_00029470	0.3267973922	51
Porites_evermani_scaffold_4116	6249	6732	gene-Peve_00029471	.	0
Porites_evermani_scaffold_4117	2039	13422	gene-Peve_00029474	0.3297007389	203
Porites_evermani_scaffold_4117	16509	18670	gene-Peve_00029473	0	19
Porites_evermani_scaffold_4117	27872	31114	gene-Peve_00029475	49.41147807	42
Porites_evermani_scaffold_4118	9384	13226	gene-Peve_00029476	0	3
Porites_evermani_scaffold_4119	3784	22317	gene-Peve_00029477	0.7083333273	110
Porites_evermani_scaffold_412	2567	3455	gene-Peve_00029482	0.51666668	25
Porites_evermani_scaffold_412	7473	9937	gene-Peve_00029486	0.3418803333	39
Porites_evermani_scaffold_412	18073	33934	gene-Peve_00029492	2.06079735	334
Porites_evermani_scaffold_412	37322	39355	gene-Peve_00029494	.	0
Porites_evermani_scaffold_412	47462	91263	gene-Peve_00029478	0.6465467324	979
Porites_evermani_scaffold_412	98502	118668	gene-Peve_00029479	2.561451136	457
Porites_evermani_scaffold_412	122085	126613	gene-Peve_00029480	0.3448275862	87
Porites_evermani_scaffold_412	135331	136039	gene-Peve_00029481	.	0
Porites_evermani_scaffold_412	162113	169702	gene-Peve_00029483	2.966596943	140
Porites_evermani_scaffold_412	178131	191364	gene-Peve_00029484	0.2667202664	244
Porites_evermani_scaffold_412	194829	213305	gene-Peve_00029485	2.896782801	316
Porites_evermani_scaffold_412	229310	231906	gene-Peve_00029487	.	0
Porites_evermani_scaffold_412	232433	236494	gene-Peve_00029488	1.210276976	42
Porites_evermani_scaffold_412	241444	242596	gene-Peve_00029489	0	38
Porites_evermani_scaffold_412	243798	252625	gene-Peve_00029490	67.41799915	59
Porites_evermani_scaffold_412	253517	262767	gene-Peve_00029491	7.942265479	292
Porites_evermani_scaffold_412	266219	268845	gene-Peve_00029493	10.01932843	23
Porites_evermani_scaffold_4120	4672	17761	gene-Peve_00029495	20.19006467	102
Porites_evermani_scaffold_4120	19884	20358	gene-Peve_00029496	0	14
Porites_evermani_scaffold_4120	25830	29000	gene-Peve_00029497	0.4128151286	70
Porites_evermani_scaffold_4121	4014	7476	gene-Peve_00029498	1.029845741	116
Porites_evermani_scaffold_4121	22524	29250	gene-Peve_00029499	0.1441961096	73
Porites_evermani_scaffold_4122	20148	22342	gene-Peve_00029501	.	0
Porites_evermani_scaffold_4123	2962	3475	gene-Peve_00029502	.	0
Porites_evermani_scaffold_4123	17336	18254	gene-Peve_00029503	.	0
Porites_evermani_scaffold_4123	22268	26349	gene-Peve_00029504	0	4
Porites_evermani_scaffold_4124	7176	8883	gene-Peve_00029506	0.58171	16
Porites_evermani_scaffold_4124	17558	30171	gene-Peve_00029505	24.29724919	110
Porites_evermani_scaffold_4125	608	21595	gene-Peve_00029507	0.6293240711	225
Porites_evermani_scaffold_4127	19341	23088	gene-Peve_00029509	0.1048218113	53
Porites_evermani_scaffold_4129	9936	11055	gene-Peve_00029512	0.4784688947	19
Porites_evermani_scaffold_413	966	8919	gene-Peve_00029513	40.12669461	74
Porites_evermani_scaffold_413	9188	29530	gene-Peve_00029514	25.94402167	266
Porites_evermani_scaffold_413	18088	18529	gene-Peve_00029518	61.52369283	6
Porites_evermani_scaffold_413	40595	58272	gene-Peve_00029526	0.3194213668	349
Porites_evermani_scaffold_413	63079	75408	gene-Peve_00029534	0.36523962	250
Porites_evermani_scaffold_413	81608	85228	gene-Peve_00029515	5.445843456	68
Porites_evermani_scaffold_413	85334	88080	gene-Peve_00029516	0	3
Porites_evermani_scaffold_413	112541	114000	gene-Peve_00029519	0.76015575	44
Porites_evermani_scaffold_413	121874	122288	gene-Peve_00029521	4.1666665	2
Porites_evermani_scaffold_413	129428	130447	gene-Peve_00029522	0	4
Porites_evermani_scaffold_413	131967	132343	gene-Peve_00029523	0	17
Porites_evermani_scaffold_413	133238	133925	gene-Peve_00029524	2.401656333	3
Porites_evermani_scaffold_413	169301	172366	gene-Peve_00029527	1.047979802	96
Porites_evermani_scaffold_413	174056	178292	gene-Peve_00029529	1.001576178	101
Porites_evermani_scaffold_413	180895	183338	gene-Peve_00029530	0.7359307292	48
Porites_evermani_scaffold_413	189737	191996	gene-Peve_00029531	0	31
Porites_evermani_scaffold_413	193551	205591	gene-Peve_00029532	34.95046655	276
Porites_evermani_scaffold_413	207201	271582	gene-Peve_00029533	10.82851978	1464
Porites_evermani_scaffold_413	222300	223267	gene-Peve_00029536	0	20
Porites_evermani_scaffold_413	223558	225187	gene-Peve_00029537	1.406093896	48
Porites_evermani_scaffold_4130	5231	5684	gene-Peve_00029542	.	0
Porites_evermani_scaffold_4130	7082	7358	gene-Peve_00029543	.	0
Porites_evermani_scaffold_4130	19183	26873	gene-Peve_00029539	55.44843292	107
Porites_evermani_scaffold_4130	24017	24314	gene-Peve_00029540	14.2857145	2
Porites_evermani_scaffold_4130	27084	31570	gene-Peve_00029541	0.6971190068	147
Porites_evermani_scaffold_4131	397	15722	gene-Peve_00029545	40.66921447	141
Porites_evermani_scaffold_4131	17948	21053	gene-Peve_00029546	0	29
Porites_evermani_scaffold_4132	7307	23801	gene-Peve_00029547	.	0
Porites_evermani_scaffold_4133	2292	10280	gene-Peve_00029548	0.1317530776	219
Porites_evermani_scaffold_4133	16733	26873	gene-Peve_00029549	0.1704456369	179
Porites_evermani_scaffold_4134	11000	31533	gene-Peve_00029551	1.531547904	356
Porites_evermani_scaffold_4134	18822	19614	gene-Peve_00029552	0	4
Porites_evermani_scaffold_4135	1110	19108	gene-Peve_00029553	51.67558849	160
Porites_evermani_scaffold_4136	11538	29748	gene-Peve_00029554	61.49640268	182
Porites_evermani_scaffold_4137	0	2334	gene-Peve_00029555	0	29
Porites_evermani_scaffold_4137	3429	19745	gene-Peve_00029557	14.43821211	66
Porites_evermani_scaffold_4137	24407	27104	gene-Peve_00029558	44.87586952	21
Porites_evermani_scaffold_4137	27464	31463	gene-Peve_00029556	.	0
Porites_evermani_scaffold_4138	15791	18658	gene-Peve_00029559	81.77890485	13
Porites_evermani_scaffold_4138	20674	30279	gene-Peve_00029560	42.60943482	140
Porites_evermani_scaffold_4139	1214	3706	gene-Peve_00029561	0	15
Porites_evermani_scaffold_4139	4949	12559	gene-Peve_00029562	1.101190455	44
Porites_evermani_scaffold_4139	14902	18305	gene-Peve_00029563	10	9
Porites_evermani_scaffold_4139	19266	29517	gene-Peve_00029564	0	21
Porites_evermani_scaffold_414	2780	3126	gene-Peve_00029577	49.58333325	4
Porites_evermani_scaffold_414	24380	24755	gene-Peve_00029568	96.50059264	14
Porites_evermani_scaffold_414	38722	40659	gene-Peve_00029570	84.99351365	48
Porites_evermani_scaffold_414	61203	61530	gene-Peve_00029571	0.6377550952	21
Porites_evermani_scaffold_414	66638	112652	gene-Peve_00029572	25.18393216	788
Porites_evermani_scaffold_414	90781	91369	gene-Peve_00029573	.	0
Porites_evermani_scaffold_414	123058	123831	gene-Peve_00029575	0.2083333333	24
Porites_evermani_scaffold_414	162334	179218	gene-Peve_00029578	1.585619756	246
Porites_evermani_scaffold_414	186014	198131	gene-Peve_00029579	50.14031284	269
Porites_evermani_scaffold_414	211735	223905	gene-Peve_00029581	21.9971522	203
Porites_evermani_scaffold_414	228117	229786	gene-Peve_00029583	0.167224087	46
Porites_evermani_scaffold_414	232689	263995	gene-Peve_00029582	2.018941089	706
Porites_evermani_scaffold_414	272759	273472	gene-Peve_00029566	0	11
Porites_evermani_scaffold_414	273663	273857	gene-Peve_00029567	0	5
Porites_evermani_scaffold_4140	23019	24136	gene-Peve_00029585	.	0
Porites_evermani_scaffold_4141	3461	6854	gene-Peve_00029586	0.5866231753	97
Porites_evermani_scaffold_4141	12136	12616	gene-Peve_00029587	0.4902993636	22
Porites_evermani_scaffold_4141	12667	17363	gene-Peve_00029589	0.4651275378	119
Porites_evermani_scaffold_4141	17387	18137	gene-Peve_00029588	0.1159554643	28
Porites_evermani_scaffold_4141	20773	26248	gene-Peve_00029590	0.6450911852	81
Porites_evermani_scaffold_4142	9824	10406	gene-Peve_00029591	97.222222	2
Porites_evermani_scaffold_4142	12570	13374	gene-Peve_00029592	76.89229636	11
Porites_evermani_scaffold_4142	13643	19525	gene-Peve_00029593	62.27833939	90
Porites_evermani_scaffold_4142	28557	30353	gene-Peve_00029594	71.14664113	86
Porites_evermani_scaffold_4143	3334	30589	gene-Peve_00029595	1.058014622	74
Porites_evermani_scaffold_4144	1980	18934	gene-Peve_00029596	33.94228966	71
Porites_evermani_scaffold_4144	26421	26905	gene-Peve_00029597	.	0
Porites_evermani_scaffold_4145	2650	7928	gene-Peve_00029598	0.5723905758	33
Porites_evermani_scaffold_4145	9891	14123	gene-Peve_00029599	12.5	4
Porites_evermani_scaffold_4145	18905	23042	gene-Peve_00029600	0.70027472	100
Porites_evermani_scaffold_4145	26810	29115	gene-Peve_00029601	0	9
Porites_evermani_scaffold_4146	4924	17666	gene-Peve_00029602	72.08545672	111
Porites_evermani_scaffold_4146	19691	20081	gene-Peve_00029603	.	0
Porites_evermani_scaffold_4146	21916	29142	gene-Peve_00029604	18.61471864	11
Porites_evermani_scaffold_4147	18439	30376	gene-Peve_00029605	44.20979847	133
Porites_evermani_scaffold_4148	12020	24637	gene-Peve_00029608	0.6253132875	80
Porites_evermani_scaffold_4148	28781	29435	gene-Peve_00029606	.	0
Porites_evermani_scaffold_4149	5640	8723	gene-Peve_00029609	0.09578544828	58
Porites_evermani_scaffold_4149	10316	28330	gene-Peve_00029610	0.6567880026	384
Porites_evermani_scaffold_4149	30741	31289	gene-Peve_00029612	0	25
Porites_evermani_scaffold_415	4257	24195	gene-Peve_00029613	56.73454126	102
Porites_evermani_scaffold_415	27191	40444	gene-Peve_00029626	66.69185584	145
Porites_evermani_scaffold_415	55851	72423	gene-Peve_00029614	1.759208712	215
Porites_evermani_scaffold_415	73281	75025	gene-Peve_00029615	.	0
Porites_evermani_scaffold_415	89353	92310	gene-Peve_00029616	.	0
Porites_evermani_scaffold_415	92978	93635	gene-Peve_00029617	.	0
Porites_evermani_scaffold_415	101391	108631	gene-Peve_00029618	27.12439628	98
Porites_evermani_scaffold_415	108778	128614	gene-Peve_00029619	17.67317735	251
Porites_evermani_scaffold_415	133000	134446	gene-Peve_00029621	.	0
Porites_evermani_scaffold_415	137339	140806	gene-Peve_00029620	0.5391682766	47
Porites_evermani_scaffold_415	167490	170733	gene-Peve_00029623	0.2738287333	120
Porites_evermani_scaffold_415	181487	184985	gene-Peve_00029624	0.3034411858	113
Porites_evermani_scaffold_415	207937	209143	gene-Peve_00029627	0.5050851538	39
Porites_evermani_scaffold_415	225585	226938	gene-Peve_00029628	.	0
Porites_evermani_scaffold_415	228430	234713	gene-Peve_00029629	0.1269956882	170
Porites_evermani_scaffold_415	256520	258308	gene-Peve_00029630	1.670279945	55
Porites_evermani_scaffold_415	264130	269567	gene-Peve_00029631	8.958996345	87
Porites_evermani_scaffold_4150	3469	22083	gene-Peve_00029632	0.2081589568	185
Porites_evermani_scaffold_4151	943	2610	gene-Peve_00029633	0	10
Porites_evermani_scaffold_4151	7793	12161	gene-Peve_00029635	0	21
Porites_evermani_scaffold_4151	14278	16821	gene-Peve_00029636	0.07936508571	70
Porites_evermani_scaffold_4152	16724	28777	gene-Peve_00029637	22.39300056	54
Porites_evermani_scaffold_4153	1581	8967	gene-Peve_00029638	3.347107455	33
Porites_evermani_scaffold_4155	18693	29718	gene-Peve_00029639	.	0
Porites_evermani_scaffold_4156	2481	5801	gene-Peve_00029640	2.13919416	25
Porites_evermani_scaffold_4156	10566	11415	gene-Peve_00029641	0	29
Porites_evermani_scaffold_4157	27015	30931	gene-Peve_00029642	.	0
Porites_evermani_scaffold_4158	12263	29673	gene-Peve_00029643	0.9437925227	375
Porites_evermani_scaffold_4159	3369	27939	gene-Peve_00029644	28.52920298	258
Porites_evermani_scaffold_416	7948	9619	gene-Peve_00029645	0	12
Porites_evermani_scaffold_416	12245	16156	gene-Peve_00029656	56.28050273	86
Porites_evermani_scaffold_416	16253	20475	gene-Peve_00029659	66.61804964	47
Porites_evermani_scaffold_416	21903	35318	gene-Peve_00029662	27.27479491	235
Porites_evermani_scaffold_416	42411	42786	gene-Peve_00029664	.	0
Porites_evermani_scaffold_416	46620	47082	gene-Peve_00029665	0	2
Porites_evermani_scaffold_416	54067	54895	gene-Peve_00029646	11.858974	2
Porites_evermani_scaffold_416	64963	73038	gene-Peve_00029647	0	14
Porites_evermani_scaffold_416	76895	84278	gene-Peve_00029648	0.2165725028	177
Porites_evermani_scaffold_416	88844	96082	gene-Peve_00029649	0.6772602743	175
Porites_evermani_scaffold_416	100487	100805	gene-Peve_00029650	50	2
Porites_evermani_scaffold_416	104396	105326	gene-Peve_00029651	0	27
Porites_evermani_scaffold_416	110268	111492	gene-Peve_00029652	0	26
Porites_evermani_scaffold_416	113844	137640	gene-Peve_00029653	14.98995449	379
Porites_evermani_scaffold_416	144154	151468	gene-Peve_00029654	0.5667112041	196
Porites_evermani_scaffold_416	162584	164255	gene-Peve_00029655	.	0
Porites_evermani_scaffold_416	193087	195758	gene-Peve_00029657	0.3931203919	74
Porites_evermani_scaffold_416	209177	231573	gene-Peve_00029658	0.5693662489	233
Porites_evermani_scaffold_416	241938	242694	gene-Peve_00029660	0.2777777667	30
Porites_evermani_scaffold_416	244488	273539	gene-Peve_00029661	5.080565101	534
Porites_evermani_scaffold_416	251595	252864	gene-Peve_00029663	0	35
Porites_evermani_scaffold_4161	183	1806	gene-Peve_00029666	0.3787878636	22
Porites_evermani_scaffold_4161	8339	15395	gene-Peve_00029667	0.3969270141	71
Porites_evermani_scaffold_4161	26927	29857	gene-Peve_00029668	1.233684613	93
Porites_evermani_scaffold_4162	7628	8928	gene-Peve_00029669	0.1349527692	39
Porites_evermani_scaffold_4162	15644	26997	gene-Peve_00029670	1.491174522	46
Porites_evermani_scaffold_4163	7090	16331	gene-Peve_00029671	0	30
Porites_evermani_scaffold_4163	22804	23650	gene-Peve_00029673	0	2
Porites_evermani_scaffold_4163	25974	27124	gene-Peve_00029672	51.28217573	60
Porites_evermani_scaffold_4164	2356	3370	gene-Peve_00029674	.	0
Porites_evermani_scaffold_4164	24712	28918	gene-Peve_00029675	0	32
Porites_evermani_scaffold_4165	324	28535	gene-Peve_00029676	43.61780195	273
Porites_evermani_scaffold_4166	5462	7840	gene-Peve_00029677	.	0
Porites_evermani_scaffold_4166	17592	24988	gene-Peve_00029678	.	0
Porites_evermani_scaffold_4166	25567	30207	gene-Peve_00029679	0	23
Porites_evermani_scaffold_4167	3816	10329	gene-Peve_00029680	0.4713210079	126
Porites_evermani_scaffold_4167	17166	17794	gene-Peve_00029681	0	25
Porites_evermani_scaffold_4167	21205	21727	gene-Peve_00029682	.	0
Porites_evermani_scaffold_4168	434	30653	gene-Peve_00029683	3.944501959	221
Porites_evermani_scaffold_4169	28820	29990	gene-Peve_00029685	0.1999000513	39
Porites_evermani_scaffold_417	10236	26590	gene-Peve_00029699	0.6747059293	283
Porites_evermani_scaffold_417	27631	31027	gene-Peve_00029702	0.75757575	12
Porites_evermani_scaffold_417	33396	66315	gene-Peve_00029703	17.47523945	484
Porites_evermani_scaffold_417	73236	74344	gene-Peve_00029687	78.09237822	36
Porites_evermani_scaffold_417	94603	96590	gene-Peve_00029688	0	23
Porites_evermani_scaffold_417	100902	102454	gene-Peve_00029689	0	33
Porites_evermani_scaffold_417	106692	113360	gene-Peve_00029690	1.909437149	168
Porites_evermani_scaffold_417	118982	127755	gene-Peve_00029691	3.742217567	134
Porites_evermani_scaffold_417	133595	154513	gene-Peve_00029692	0.8148333197	463
Porites_evermani_scaffold_417	157085	168858	gene-Peve_00029694	0.8210220673	223
Porites_evermani_scaffold_417	175736	184049	gene-Peve_00029693	0.09803921667	60
Porites_evermani_scaffold_417	190030	210560	gene-Peve_00029695	0.4541822894	615
Porites_evermani_scaffold_417	214838	215459	gene-Peve_00029696	0.2100840357	28
Porites_evermani_scaffold_417	217163	240626	gene-Peve_00029697	0.6038569721	394
Porites_evermani_scaffold_417	244771	246823	gene-Peve_00029698	1.685762139	72
Porites_evermani_scaffold_417	248063	248624	gene-Peve_00029700	0.5208333125	16
Porites_evermani_scaffold_417	252554	273139	gene-Peve_00029701	0.3423082014	278
Porites_evermani_scaffold_4170	1296	16835	gene-Peve_00029704	0.6086520473	148
Porites_evermani_scaffold_4171	2525	10376	gene-Peve_00029705	51.42857157	7
Porites_evermani_scaffold_4171	8718	20775	gene-Peve_00029706	15.0134481	39
Porites_evermani_scaffold_4172	12504	20313	gene-Peve_00029707	33.066639	6
Porites_evermani_scaffold_4172	21793	30585	gene-Peve_00029708	0.6197564022	276
Porites_evermani_scaffold_4173	9248	18466	gene-Peve_00029709	0.5331771625	160
Porites_evermani_scaffold_4174	596	10503	gene-Peve_00029710	2.916445485	101
Porites_evermani_scaffold_4174	15795	26508	gene-Peve_00029711	48.60122842	104
Porites_evermani_scaffold_4175	11636	18357	gene-Peve_00029712	0.16666666	50
Porites_evermani_scaffold_4177	8770	12071	gene-Peve_00029716	.	0
Porites_evermani_scaffold_4178	1	7180	gene-Peve_00029717	55.44458932	93
Porites_evermani_scaffold_4178	8079	9806	gene-Peve_00029718	0	42
Porites_evermani_scaffold_4178	27159	29693	gene-Peve_00029719	0.1014198793	58
Porites_evermani_scaffold_4179	3821	30238	gene-Peve_00029720	66.5442944	55
Porites_evermani_scaffold_418	1452	5922	gene-Peve_00029727	67.91666675	4
Porites_evermani_scaffold_418	11488	22780	gene-Peve_00029736	2.505291	90
Porites_evermani_scaffold_418	24525	26001	gene-Peve_00029737	0.4349717273	33
Porites_evermani_scaffold_418	38905	40438	gene-Peve_00029721	0.291091746	63
Porites_evermani_scaffold_418	50713	53080	gene-Peve_00029722	0	1
Porites_evermani_scaffold_418	77161	89966	gene-Peve_00029723	44.0605489	235
Porites_evermani_scaffold_418	92378	92843	gene-Peve_00029724	0	13
Porites_evermani_scaffold_418	97558	99475	gene-Peve_00029725	0	20
Porites_evermani_scaffold_418	108415	109609	gene-Peve_00029726	0.5039403333	60
Porites_evermani_scaffold_418	117018	118569	gene-Peve_00029728	37.73631538	29
Porites_evermani_scaffold_418	120575	141752	gene-Peve_00029729	39.30127104	295
Porites_evermani_scaffold_418	145584	159029	gene-Peve_00029730	23.54129757	182
Porites_evermani_scaffold_418	161919	162633	gene-Peve_00029731	2.673796765	17
Porites_evermani_scaffold_418	165523	165895	gene-Peve_00029732	0	17
Porites_evermani_scaffold_418	166036	167108	gene-Peve_00029733	0.2178649259	27
Porites_evermani_scaffold_418	168438	190698	gene-Peve_00029734	69.42896128	245
Porites_evermani_scaffold_418	194317	201437	gene-Peve_00029735	66.59776075	67
Porites_evermani_scaffold_418	233996	234861	gene-Peve_00029738	0.390625	32
Porites_evermani_scaffold_418	235433	236232	gene-Peve_00029739	1.146509725	40
Porites_evermani_scaffold_418	242260	243520	gene-Peve_00029741	0	22
Porites_evermani_scaffold_418	253701	255975	gene-Peve_00029742	0.2706970484	62
Porites_evermani_scaffold_418	260415	262583	gene-Peve_00029743	0.9944514603	63
Porites_evermani_scaffold_4180	2271	8711	gene-Peve_00029744	58.88237508	51
Porites_evermani_scaffold_4180	8863	16520	gene-Peve_00029745	15.74025975	20
Porites_evermani_scaffold_4180	17736	30242	gene-Peve_00029746	0.7422022817	71
Porites_evermani_scaffold_4181	11672	13839	gene-Peve_00029747	.	0
Porites_evermani_scaffold_4182	1	7752	gene-Peve_00029748	12.4723969	78
Porites_evermani_scaffold_4182	17467	30004	gene-Peve_00029749	2	5
Porites_evermani_scaffold_4185	11361	12789	gene-Peve_00029751	49.24456876	25
Porites_evermani_scaffold_4186	5412	7404	gene-Peve_00029752	0.8114071852	27
Porites_evermani_scaffold_4186	17488	19485	gene-Peve_00029754	0	37
Porites_evermani_scaffold_4187	17227	17852	gene-Peve_00029756	.	0
Porites_evermani_scaffold_4188	3569	5020	gene-Peve_00029758	.	0
Porites_evermani_scaffold_4188	6969	23087	gene-Peve_00029759	1.957058963	135
Porites_evermani_scaffold_4188	27751	30353	gene-Peve_00029760	0	29
Porites_evermani_scaffold_4189	619	8825	gene-Peve_00029761	16.1541343	69
Porites_evermani_scaffold_4189	11908	16706	gene-Peve_00029762	19.94871796	45
Porites_evermani_scaffold_4189	21044	26129	gene-Peve_00029763	42.73578364	92
Porites_evermani_scaffold_4189	28980	29385	gene-Peve_00029764	0	9
Porites_evermani_scaffold_4189	29682	30081	gene-Peve_00029765	0	18
Porites_evermani_scaffold_419	8476	45830	gene-Peve_00029767	34.13019716	32
Porites_evermani_scaffold_419	31770	32206	gene-Peve_00029773	.	0
Porites_evermani_scaffold_419	36474	37457	gene-Peve_00029775	.	0
Porites_evermani_scaffold_419	49921	55499	gene-Peve_00029766	7.452904143	14
Porites_evermani_scaffold_419	64838	102386	gene-Peve_00029778	0	9
Porites_evermani_scaffold_419	103591	136452	gene-Peve_00029769	1.463363629	35
Porites_evermani_scaffold_419	141518	147042	gene-Peve_00029770	0.3757037181	149
Porites_evermani_scaffold_419	163655	175721	gene-Peve_00029771	0.6566078155	103
Porites_evermani_scaffold_419	176708	201699	gene-Peve_00029772	0.2175821426	533
Porites_evermani_scaffold_419	244535	247701	gene-Peve_00029774	0.7727652857	14
Porites_evermani_scaffold_419	251091	252072	gene-Peve_00029776	0	4
Porites_evermani_scaffold_419	270058	270775	gene-Peve_00029777	.	0
Porites_evermani_scaffold_4190	16335	25752	gene-Peve_00029779	0.24444444	75
Porites_evermani_scaffold_4191	5566	20990	gene-Peve_00029780	62.44243268	164
Porites_evermani_scaffold_4191	21964	29607	gene-Peve_00029781	79.01969207	70
Porites_evermani_scaffold_4192	11284	22439	gene-Peve_00029782	21.63020242	181
Porites_evermani_scaffold_4192	27861	29700	gene-Peve_00029783	.	0
Porites_evermani_scaffold_4193	1635	30585	gene-Peve_00029784	0.7555978602	279
Porites_evermani_scaffold_4194	2680	10740	gene-Peve_00029787	9.271689077	13
Porites_evermani_scaffold_4194	15349	29238	gene-Peve_00029786	29.96000029	41
Porites_evermani_scaffold_4195	699	2899	gene-Peve_00029789	.	0
Porites_evermani_scaffold_4195	2300	2696	gene-Peve_00029790	.	0
Porites_evermani_scaffold_4195	3019	3920	gene-Peve_00029788	87.08778967	6
Porites_evermani_scaffold_4195	15313	17832	gene-Peve_00029791	84.39730872	95
Porites_evermani_scaffold_4195	21877	25663	gene-Peve_00029792	77.2186613	112
Porites_evermani_scaffold_4197	3219	13627	gene-Peve_00029794	5.260458117	60
Porites_evermani_scaffold_4197	23605	24316	gene-Peve_00029795	0.7407407778	9
Porites_evermani_scaffold_4197	24563	27762	gene-Peve_00029796	0.11764706	100
Porites_evermani_scaffold_4198	4610	17630	gene-Peve_00029797	0.2998539924	395
Porites_evermani_scaffold_4199	18488	19475	gene-Peve_00029800	0.1587301667	42
Porites_evermani_scaffold_4199	22133	22718	gene-Peve_00029798	0.7692308	15
Porites_evermani_scaffold_4199	25154	25739	gene-Peve_00029799	0.9857978667	15
Porites_evermani_scaffold_42	1191	4317	gene-Peve_00029801	20.459321	18
Porites_evermani_scaffold_42	7464	7830	gene-Peve_00029855	86.13752321	14
Porites_evermani_scaffold_42	29485	30593	gene-Peve_00029826	80.24658884	38
Porites_evermani_scaffold_42	31393	36335	gene-Peve_00029827	72.91246144	124
Porites_evermani_scaffold_42	54495	58191	gene-Peve_00029848	70.00157768	76
Porites_evermani_scaffold_42	82408	105436	gene-Peve_00029849	11.39902773	282
Porites_evermani_scaffold_42	106747	123088	gene-Peve_00029850	22.20247423	356
Porites_evermani_scaffold_42	123340	138654	gene-Peve_00029851	45.92638908	255
Porites_evermani_scaffold_42	142975	155208	gene-Peve_00029852	48.07345338	116
Porites_evermani_scaffold_42	162693	168440	gene-Peve_00029853	74.87741942	53
Porites_evermani_scaffold_42	169006	181743	gene-Peve_00029854	13.98823732	166
Porites_evermani_scaffold_42	183454	188719	gene-Peve_00029856	0	150
Porites_evermani_scaffold_42	199407	208555	gene-Peve_00029857	1.982157117	273
Porites_evermani_scaffold_42	214567	222351	gene-Peve_00029859	0.4097311127	71
Porites_evermani_scaffold_42	237126	245821	gene-Peve_00029860	0.3414566963	214
Porites_evermani_scaffold_42	252431	299431	gene-Peve_00029861	11.91250469	656
Porites_evermani_scaffold_42	283926	287064	gene-Peve_00029862	3.062562244	41
Porites_evermani_scaffold_42	297349	297845	gene-Peve_00029864	0	2
Porites_evermani_scaffold_42	303422	306911	gene-Peve_00029802	0.4741180745	94
Porites_evermani_scaffold_42	309013	321925	gene-Peve_00029803	41.48543494	213
Porites_evermani_scaffold_42	322009	333880	gene-Peve_00029804	62.67588087	95
Porites_evermani_scaffold_42	338708	352864	gene-Peve_00029805	17.93212576	312
Porites_evermani_scaffold_42	358305	363151	gene-Peve_00029806	0.153160679	81
Porites_evermani_scaffold_42	375708	378535	gene-Peve_00029808	0.2129402162	74
Porites_evermani_scaffold_42	384869	385896	gene-Peve_00029809	0	4
Porites_evermani_scaffold_42	406187	416027	gene-Peve_00029810	26.47835707	158
Porites_evermani_scaffold_42	417220	425105	gene-Peve_00029811	53.02580205	96
Porites_evermani_scaffold_42	425625	434897	gene-Peve_00029812	0.4512789764	254
Porites_evermani_scaffold_42	449683	451612	gene-Peve_00029813	0.07558579365	63
Porites_evermani_scaffold_42	458421	472475	gene-Peve_00029814	9.967222865	245
Porites_evermani_scaffold_42	475482	485291	gene-Peve_00029815	0.4109094796	221
Porites_evermani_scaffold_42	478644	481766	gene-Peve_00029817	0.4693611525	59
Porites_evermani_scaffold_42	499188	502560	gene-Peve_00029818	45.56865662	61
Porites_evermani_scaffold_42	502837	510162	gene-Peve_00029819	14.96532972	142
Porites_evermani_scaffold_42	524902	526744	gene-Peve_00029820	1.041666646	48
Porites_evermani_scaffold_42	557623	559521	gene-Peve_00029821	0.7142856857	70
Porites_evermani_scaffold_42	575420	576125	gene-Peve_00029822	.	0
Porites_evermani_scaffold_42	587635	590177	gene-Peve_00029823	78.75759922	60
Porites_evermani_scaffold_42	595963	596581	gene-Peve_00029824	5.685452111	18
Porites_evermani_scaffold_42	602196	602628	gene-Peve_00029825	.	0
Porites_evermani_scaffold_42	658438	658771	gene-Peve_00029828	.	0
Porites_evermani_scaffold_42	661103	664733	gene-Peve_00029830	3.133838367	60
Porites_evermani_scaffold_42	665420	666509	gene-Peve_00029831	0.5503144545	22
Porites_evermani_scaffold_42	687821	688179	gene-Peve_00029833	0	11
Porites_evermani_scaffold_42	688254	688638	gene-Peve_00029832	0.80029825	12
Porites_evermani_scaffold_42	692777	695479	gene-Peve_00029834	0	3
Porites_evermani_scaffold_42	703819	704719	gene-Peve_00029836	12.39507854	26
Porites_evermani_scaffold_42	721849	722976	gene-Peve_00029837	.	0
Porites_evermani_scaffold_42	744717	745666	gene-Peve_00029842	0	3
Porites_evermani_scaffold_42	745812	746532	gene-Peve_00029843	0.5882352941	17
Porites_evermani_scaffold_42	748160	748871	gene-Peve_00029844	0	1
Porites_evermani_scaffold_42	751734	752700	gene-Peve_00029845	.	0
Porites_evermani_scaffold_42	760394	761396	gene-Peve_00029846	.	0
Porites_evermani_scaffold_420	26	5666	gene-Peve_00029865	58.36182333	9
Porites_evermani_scaffold_420	9928	12330	gene-Peve_00029869	77.24747483	6
Porites_evermani_scaffold_420	13427	29828	gene-Peve_00029873	0.6429765826	115
Porites_evermani_scaffold_420	18682	22767	gene-Peve_00029876	.	0
Porites_evermani_scaffold_420	32122	34141	gene-Peve_00029866	0.3196371148	61
Porites_evermani_scaffold_420	40037	46115	gene-Peve_00029867	0.583927569	116
Porites_evermani_scaffold_420	47433	62565	gene-Peve_00029868	16.59488119	312
Porites_evermani_scaffold_420	70355	71962	gene-Peve_00029870	0.40584415	40
Porites_evermani_scaffold_420	72050	78806	gene-Peve_00029871	1.061712757	169
Porites_evermani_scaffold_420	80749	86134	gene-Peve_00029872	0	9
Porites_evermani_scaffold_420	95231	104891	gene-Peve_00029874	0.1335470083	120
Porites_evermani_scaffold_420	130386	134233	gene-Peve_00029875	0.12121212	75
Porites_evermani_scaffold_420	167441	168260	gene-Peve_00029877	0.6806028182	22
Porites_evermani_scaffold_420	179257	187567	gene-Peve_00029879	0.852593831	213
Porites_evermani_scaffold_420	189940	194184	gene-Peve_00029880	1.651763771	35
Porites_evermani_scaffold_420	206143	208609	gene-Peve_00029881	0.09191176563	64
Porites_evermani_scaffold_420	211680	211992	gene-Peve_00029882	0	8
Porites_evermani_scaffold_420	227173	232896	gene-Peve_00029883	1.29552221	81
Porites_evermani_scaffold_420	242688	244062	gene-Peve_00029884	.	0
Porites_evermani_scaffold_420	244466	254699	gene-Peve_00029885	0.6060606364	11
Porites_evermani_scaffold_420	267325	268519	gene-Peve_00029886	36.363636	1
Porites_evermani_scaffold_420	272057	272972	gene-Peve_00029887	.	0
Porites_evermani_scaffold_4200	8758	9059	gene-Peve_00029888	0.5128206	5
Porites_evermani_scaffold_4200	10385	10760	gene-Peve_00029889	0	21
Porites_evermani_scaffold_4200	15859	17278	gene-Peve_00029891	0.1420454687	32
Porites_evermani_scaffold_4200	26332	26822	gene-Peve_00029892	0	4
Porites_evermani_scaffold_4201	3507	13604	gene-Peve_00029893	47.31806395	123
Porites_evermani_scaffold_4201	13656	19434	gene-Peve_00029894	57.92899911	63
Porites_evermani_scaffold_4201	20321	22305	gene-Peve_00029895	5.73502475	40
Porites_evermani_scaffold_4201	23263	23749	gene-Peve_00029896	1.169590684	19
Porites_evermani_scaffold_4202	0	8891	gene-Peve_00029897	0.6098153469	98
Porites_evermani_scaffold_4202	25492	29163	gene-Peve_00029898	.	0
Porites_evermani_scaffold_4203	7482	10663	gene-Peve_00029899	22.28920407	57
Porites_evermani_scaffold_4203	17408	21497	gene-Peve_00029900	0.3813755368	95
Porites_evermani_scaffold_4204	23374	28181	gene-Peve_00029901	1.13626372	50
Porites_evermani_scaffold_4205	12623	24290	gene-Peve_00029902	0.3246753214	28
Porites_evermani_scaffold_4205	27678	29889	gene-Peve_00029903	.	0
Porites_evermani_scaffold_4206	27014	30115	gene-Peve_00029904	.	0
Porites_evermani_scaffold_4207	3520	18384	gene-Peve_00029905	0.3137341537	449
Porites_evermani_scaffold_4207	20283	25962	gene-Peve_00029906	68.44241517	59
Porites_evermani_scaffold_4207	26054	29066	gene-Peve_00029907	.	0
Porites_evermani_scaffold_4208	9217	10072	gene-Peve_00029909	0	4
Porites_evermani_scaffold_4208	15759	23906	gene-Peve_00029908	67.06219198	128
Porites_evermani_scaffold_4208	25560	29454	gene-Peve_00029910	41.18756243	28
Porites_evermani_scaffold_4209	284	2601	gene-Peve_00029911	0.4471544634	41
Porites_evermani_scaffold_4209	6866	16800	gene-Peve_00029912	0.7977736531	49
Porites_evermani_scaffold_421	9606	20672	gene-Peve_00029913	0.3196099718	71
Porites_evermani_scaffold_421	41654	56420	gene-Peve_00029929	38.75494074	92
Porites_evermani_scaffold_421	69934	83755	gene-Peve_00029931	1.531916649	148
Porites_evermani_scaffold_421	88348	89287	gene-Peve_00029914	0.8270676667	15
Porites_evermani_scaffold_421	94519	95521	gene-Peve_00029915	.	0
Porites_evermani_scaffold_421	97963	106913	gene-Peve_00029916	1.287599342	199
Porites_evermani_scaffold_421	116593	134573	gene-Peve_00029917	63.18570117	35
Porites_evermani_scaffold_421	135985	150150	gene-Peve_00029918	11.23291958	98
Porites_evermani_scaffold_421	150157	150610	gene-Peve_00029919	0	11
Porites_evermani_scaffold_421	153908	155793	gene-Peve_00029920	19.28402598	41
Porites_evermani_scaffold_421	162405	172852	gene-Peve_00029921	54.19642765	172
Porites_evermani_scaffold_421	185065	186701	gene-Peve_00029922	9.126984143	21
Porites_evermani_scaffold_421	192004	194729	gene-Peve_00029923	0.3154421322	121
Porites_evermani_scaffold_421	198452	230089	gene-Peve_00029924	11.46853788	398
Porites_evermani_scaffold_421	232137	235873	gene-Peve_00029925	46.75172664	45
Porites_evermani_scaffold_421	243671	247586	gene-Peve_00029927	2.564484111	36
Porites_evermani_scaffold_421	255921	259380	gene-Peve_00029928	0.4347826087	23
Porites_evermani_scaffold_421	262334	262751	gene-Peve_00029930	.	0
Porites_evermani_scaffold_4210	48	1467	gene-Peve_00029932	.	0
Porites_evermani_scaffold_4210	3615	5034	gene-Peve_00029933	.	0
Porites_evermani_scaffold_4210	6515	7741	gene-Peve_00029934	0	8
Porites_evermani_scaffold_4210	9374	10444	gene-Peve_00029935	0	4
Porites_evermani_scaffold_4210	20508	29911	gene-Peve_00029936	91.70800834	47
Porites_evermani_scaffold_4211	6237	11971	gene-Peve_00029937	0.8040617321	168
Porites_evermani_scaffold_4212	9195	10315	gene-Peve_00029938	0.1904761905	21
Porites_evermani_scaffold_4213	10625	12342	gene-Peve_00029939	.	0
Porites_evermani_scaffold_4213	22543	23287	gene-Peve_00029940	0	6
Porites_evermani_scaffold_4213	24946	26088	gene-Peve_00029941	0	17
Porites_evermani_scaffold_4214	10097	11952	gene-Peve_00029944	2.105065972	36
Porites_evermani_scaffold_4214	12958	13360	gene-Peve_00029946	0	9
Porites_evermani_scaffold_4214	15270	17480	gene-Peve_00029947	1.154416	20
Porites_evermani_scaffold_4215	15722	21922	gene-Peve_00029948	66.41090059	97
Porites_evermani_scaffold_4215	21985	30119	gene-Peve_00029949	79.37787809	69
Porites_evermani_scaffold_4216	27137	27491	gene-Peve_00029950	.	0
Porites_evermani_scaffold_4217	8395	9879	gene-Peve_00029951	3.487627216	37
Porites_evermani_scaffold_4217	17469	30093	gene-Peve_00029952	0.09090909091	110
Porites_evermani_scaffold_4218	3128	4196	gene-Peve_00029953	.	0
Porites_evermani_scaffold_4218	11288	30079	gene-Peve_00029954	0.3398354345	168
Porites_evermani_scaffold_4219	17255	19138	gene-Peve_00029955	.	0
Porites_evermani_scaffold_422	30378	31047	gene-Peve_00029996	47.3035645	8
Porites_evermani_scaffold_422	38365	38809	gene-Peve_00029998	42.62887453	15
Porites_evermani_scaffold_422	39757	40712	gene-Peve_00030000	58.39591245	11
Porites_evermani_scaffold_422	45389	46022	gene-Peve_00029959	11.727754	11
Porites_evermani_scaffold_422	47051	48434	gene-Peve_00029962	5.505293667	33
Porites_evermani_scaffold_422	52421	53827	gene-Peve_00029970	13.27498545	47
Porites_evermani_scaffold_422	54437	55814	gene-Peve_00029971	14.6556813	10
Porites_evermani_scaffold_422	55815	56346	gene-Peve_00029972	12.3186485	16
Porites_evermani_scaffold_422	56875	57577	gene-Peve_00029973	14.93222429	28
Porites_evermani_scaffold_422	58262	59009	gene-Peve_00029974	17.02312507	27
Porites_evermani_scaffold_422	59427	60378	gene-Peve_00029975	18.19990482	39
Porites_evermani_scaffold_422	60938	62030	gene-Peve_00029976	.	0
Porites_evermani_scaffold_422	63556	64858	gene-Peve_00029978	.	0
Porites_evermani_scaffold_422	65038	66698	gene-Peve_00029977	79.58364562	16
Porites_evermani_scaffold_422	66716	67733	gene-Peve_00029979	85	2
Porites_evermani_scaffold_422	68982	70022	gene-Peve_00029980	85	2
Porites_evermani_scaffold_422	72636	73266	gene-Peve_00029982	.	0
Porites_evermani_scaffold_422	73258	75136	gene-Peve_00029981	75.1818182	5
Porites_evermani_scaffold_422	75991	77405	gene-Peve_00029983	42.79720283	6
Porites_evermani_scaffold_422	85225	87535	gene-Peve_00029985	38.75419541	22
Porites_evermani_scaffold_422	89204	89585	gene-Peve_00029986	73.888889	3
Porites_evermani_scaffold_422	92608	97175	gene-Peve_00029987	.	0
Porites_evermani_scaffold_422	99574	101305	gene-Peve_00029988	65.11461558	38
Porites_evermani_scaffold_422	101931	103044	gene-Peve_00029989	76.43670179	28
Porites_evermani_scaffold_422	103045	103647	gene-Peve_00029990	69.7027235	8
Porites_evermani_scaffold_422	105261	108648	gene-Peve_00029991	77.1922174	86
Porites_evermani_scaffold_422	114963	116390	gene-Peve_00029992	63.14926293	45
Porites_evermani_scaffold_422	117621	118554	gene-Peve_00029993	.	0
Porites_evermani_scaffold_422	119921	121010	gene-Peve_00029994	61.7628384	15
Porites_evermani_scaffold_422	133848	134220	gene-Peve_00029995	82.6775885	8
Porites_evermani_scaffold_422	141238	143504	gene-Peve_00029997	49.16034108	13
Porites_evermani_scaffold_422	190096	191219	gene-Peve_00030001	68.08562554	13
Porites_evermani_scaffold_422	193704	194079	gene-Peve_00030002	89.9242424	10
Porites_evermani_scaffold_422	195909	197936	gene-Peve_00030003	66.07705281	47
Porites_evermani_scaffold_422	229852	230419	gene-Peve_00029961	39.7543102	5
Porites_evermani_scaffold_422	244791	245468	gene-Peve_00029963	93.677472	29
Porites_evermani_scaffold_422	250726	251415	gene-Peve_00029964	65.56657413	8
Porites_evermani_scaffold_422	253042	253724	gene-Peve_00029966	73.6290024	5
Porites_evermani_scaffold_422	254394	254747	gene-Peve_00029967	98.21428575	4
Porites_evermani_scaffold_422	268054	272259	gene-Peve_00029968	55.29574391	46
Porites_evermani_scaffold_4220	2518	9704	gene-Peve_00030004	0.5893002567	187
Porites_evermani_scaffold_4220	10782	11358	gene-Peve_00030006	0	2
Porites_evermani_scaffold_4220	18956	23663	gene-Peve_00030007	45.67151995	78
Porites_evermani_scaffold_4220	24407	26080	gene-Peve_00030005	0	8
Porites_evermani_scaffold_4222	8119	9223	gene-Peve_00030008	0.4608294839	31
Porites_evermani_scaffold_4222	27044	29239	gene-Peve_00030009	0.208959129	62
Porites_evermani_scaffold_4223	1079	3781	gene-Peve_00030011	.	0
Porites_evermani_scaffold_4223	3975	7532	gene-Peve_00030012	.	0
Porites_evermani_scaffold_4223	7539	17910	gene-Peve_00030013	31.67702672	18
Porites_evermani_scaffold_4223	21376	24250	gene-Peve_00030014	39.8484848	5
Porites_evermani_scaffold_4223	24487	27815	gene-Peve_00030010	0	11
Porites_evermani_scaffold_4224	29007	29912	gene-Peve_00030015	2	5
Porites_evermani_scaffold_4225	410	1451	gene-Peve_00030016	0.4	25
Porites_evermani_scaffold_4225	7689	15280	gene-Peve_00030017	48.48484867	6
Porites_evermani_scaffold_4226	16282	17014	gene-Peve_00030019	36.78452392	12
Porites_evermani_scaffold_4226	21126	25956	gene-Peve_00030020	19.48665503	151
Porites_evermani_scaffold_4226	28266	29215	gene-Peve_00030021	47.104377	5
Porites_evermani_scaffold_4227	2035	13353	gene-Peve_00030022	45.12448863	56
Porites_evermani_scaffold_4227	26708	28586	gene-Peve_00030023	0	1
Porites_evermani_scaffold_4228	4680	6556	gene-Peve_00030024	0.4108123704	54
Porites_evermani_scaffold_4228	15888	16692	gene-Peve_00030025	0	21
Porites_evermani_scaffold_4229	5797	8534	gene-Peve_00030027	0.4045849184	49
Porites_evermani_scaffold_4229	11167	11657	gene-Peve_00030028	.	0
Porites_evermani_scaffold_4229	15568	16374	gene-Peve_00030029	0	39
Porites_evermani_scaffold_4229	20697	21044	gene-Peve_00030026	0	12
Porites_evermani_scaffold_423	18	3050	gene-Peve_00030030	1.273065983	59
Porites_evermani_scaffold_423	17378	34949	gene-Peve_00030043	57.0035991	143
Porites_evermani_scaffold_423	38332	45779	gene-Peve_00030047	5.451846575	146
Porites_evermani_scaffold_423	50195	51068	gene-Peve_00030031	0	21
Porites_evermani_scaffold_423	55167	56043	gene-Peve_00030032	0	10
Porites_evermani_scaffold_423	58537	83497	gene-Peve_00030033	28.93937447	234
Porites_evermani_scaffold_423	90507	93298	gene-Peve_00030034	0.5	55
Porites_evermani_scaffold_423	94007	107636	gene-Peve_00030035	0	11
Porites_evermani_scaffold_423	113922	127095	gene-Peve_00030036	82.996577	62
Porites_evermani_scaffold_423	139433	152374	gene-Peve_00030037	0.6029461559	295
Porites_evermani_scaffold_423	156022	156747	gene-Peve_00030038	0	20
Porites_evermani_scaffold_423	158115	204528	gene-Peve_00030039	4.234277373	652
Porites_evermani_scaffold_423	208074	211055	gene-Peve_00030040	63.69869444	18
Porites_evermani_scaffold_423	215069	245194	gene-Peve_00030041	76.82534019	186
Porites_evermani_scaffold_423	249806	251838	gene-Peve_00030042	0.5072463913	46
Porites_evermani_scaffold_423	252319	257831	gene-Peve_00030044	48.63236034	89
Porites_evermani_scaffold_423	258322	265897	gene-Peve_00030045	72.94060965	88
Porites_evermani_scaffold_423	267583	268678	gene-Peve_00030046	0	9
Porites_evermani_scaffold_4230	730	20354	gene-Peve_00030048	0.5765496786	112
Porites_evermani_scaffold_4230	28399	28741	gene-Peve_00030049	.	0
Porites_evermani_scaffold_4231	11170	11626	gene-Peve_00030051	.	0
Porites_evermani_scaffold_4231	13392	13752	gene-Peve_00030052	0.147929	13
Porites_evermani_scaffold_4231	20536	22937	gene-Peve_00030053	.	0
Porites_evermani_scaffold_4231	26529	27039	gene-Peve_00030054	.	0
Porites_evermani_scaffold_4232	317	15944	gene-Peve_00030055	85.83838387	15
Porites_evermani_scaffold_4232	25093	28200	gene-Peve_00030056	32.41772374	34
Porites_evermani_scaffold_4233	747	4793	gene-Peve_00030057	0	6
Porites_evermani_scaffold_4233	16631	17561	gene-Peve_00030058	0	19
Porites_evermani_scaffold_4233	27988	28903	gene-Peve_00030059	0.1814882069	29
Porites_evermani_scaffold_4234	7478	8777	gene-Peve_00030060	81.79653686	7
Porites_evermani_scaffold_4234	28711	29373	gene-Peve_00030061	38.5454546	5
Porites_evermani_scaffold_4235	3520	7890	gene-Peve_00030063	0	5
Porites_evermani_scaffold_4235	12512	24073	gene-Peve_00030064	3.030303	3
Porites_evermani_scaffold_4235	24269	28438	gene-Peve_00030065	.	0
Porites_evermani_scaffold_4236	13121	22604	gene-Peve_00030066	.	0
Porites_evermani_scaffold_4236	23466	24291	gene-Peve_00030067	.	0
Porites_evermani_scaffold_4237	3003	8466	gene-Peve_00030068	47.6149684	10
Porites_evermani_scaffold_4237	11597	12664	gene-Peve_00030069	64.848485	3
Porites_evermani_scaffold_4237	14867	21540	gene-Peve_00030070	94.4242425	10
Porites_evermani_scaffold_4238	1209	29170	gene-Peve_00030071	46.86398398	57
Porites_evermani_scaffold_4239	12033	16745	gene-Peve_00030072	0.3568536735	147
Porites_evermani_scaffold_4239	27141	29543	gene-Peve_00030073	0.04154549398	83
Porites_evermani_scaffold_424	1713	58857	gene-Peve_00030074	1.286965472	1243
Porites_evermani_scaffold_424	59066	60902	gene-Peve_00030100	0	7
Porites_evermani_scaffold_424	61936	66643	gene-Peve_00030075	0.5494505714	14
Porites_evermani_scaffold_424	76855	78577	gene-Peve_00030076	0	2
Porites_evermani_scaffold_424	81063	83123	gene-Peve_00030077	0	26
Porites_evermani_scaffold_424	87274	87892	gene-Peve_00030078	0.30769232	25
Porites_evermani_scaffold_424	89321	90140	gene-Peve_00030079	0	20
Porites_evermani_scaffold_424	94713	96003	gene-Peve_00030080	0	26
Porites_evermani_scaffold_424	98494	99259	gene-Peve_00030081	0.48076925	16
Porites_evermani_scaffold_424	100758	102042	gene-Peve_00030082	0.2040816286	35
Porites_evermani_scaffold_424	105452	106649	gene-Peve_00030083	0.3416518039	51
Porites_evermani_scaffold_424	109597	118476	gene-Peve_00030084	0.5420367101	238
Porites_evermani_scaffold_424	126977	127762	gene-Peve_00030085	.	0
Porites_evermani_scaffold_424	131342	132127	gene-Peve_00030086	.	0
Porites_evermani_scaffold_424	134180	134711	gene-Peve_00030087	0.154321	36
Porites_evermani_scaffold_424	135208	157710	gene-Peve_00030088	0.3783269807	311
Porites_evermani_scaffold_424	160687	162037	gene-Peve_00030089	0.1275510204	49
Porites_evermani_scaffold_424	164747	166412	gene-Peve_00030090	0.4820936545	55
Porites_evermani_scaffold_424	168882	169194	gene-Peve_00030091	.	0
Porites_evermani_scaffold_424	171405	171815	gene-Peve_00030092	.	0
Porites_evermani_scaffold_424	171826	173566	gene-Peve_00030093	82.57688488	8
Porites_evermani_scaffold_424	176532	183469	gene-Peve_00030094	47.97439259	69
Porites_evermani_scaffold_424	183495	194904	gene-Peve_00030095	44.17091937	59
Porites_evermani_scaffold_424	198664	201775	gene-Peve_00030096	0.06265664286	42
Porites_evermani_scaffold_424	215422	220603	gene-Peve_00030097	1	10
Porites_evermani_scaffold_424	223678	227342	gene-Peve_00030098	0.6111111	30
Porites_evermani_scaffold_424	231854	232442	gene-Peve_00030102	0.4524887059	17
Porites_evermani_scaffold_424	240144	243918	gene-Peve_00030101	0.1035196667	69
Porites_evermani_scaffold_424	250598	254387	gene-Peve_00030103	0.3472222222	18
Porites_evermani_scaffold_424	260170	269212	gene-Peve_00030104	1.006118478	115
Porites_evermani_scaffold_4240	3160	9482	gene-Peve_00030105	62.53559754	24
Porites_evermani_scaffold_4240	17153	22371	gene-Peve_00030106	71.13736494	54
Porites_evermani_scaffold_4241	7410	11354	gene-Peve_00030108	4.214876	11
Porites_evermani_scaffold_4241	23481	26857	gene-Peve_00030109	0	22
Porites_evermani_scaffold_4241	28949	29642	gene-Peve_00030107	7.36742425	24
Porites_evermani_scaffold_4242	9438	9876	gene-Peve_00030110	.	0
Porites_evermani_scaffold_4242	12611	13595	gene-Peve_00030111	0	14
Porites_evermani_scaffold_4242	15135	15504	gene-Peve_00030112	0	1
Porites_evermani_scaffold_4242	19698	20442	gene-Peve_00030113	24.079519	22
Porites_evermani_scaffold_4243	0	4644	gene-Peve_00030115	85	2
Porites_evermani_scaffold_4243	5886	9629	gene-Peve_00030118	.	0
Porites_evermani_scaffold_4243	11264	12491	gene-Peve_00030116	.	0
Porites_evermani_scaffold_4243	16620	16923	gene-Peve_00030117	.	0
Porites_evermani_scaffold_4244	14334	25835	gene-Peve_00030119	30.30303033	3
Porites_evermani_scaffold_4245	400	29509	gene-Peve_00030120	0.7306517876	339
Porites_evermani_scaffold_4246	13654	28858	gene-Peve_00030121	51.42857143	7
Porites_evermani_scaffold_4247	3843	7310	gene-Peve_00030122	89.91153293	15
Porites_evermani_scaffold_4247	19960	23832	gene-Peve_00030123	0.6322056351	74
Porites_evermani_scaffold_4248	12038	13619	gene-Peve_00030124	0.8333333	10
Porites_evermani_scaffold_4248	18983	28550	gene-Peve_00030125	0.11111112	50
Porites_evermani_scaffold_4249	2892	28111	gene-Peve_00030126	0	2
Porites_evermani_scaffold_4249	14663	26912	gene-Peve_00030127	0	2
Porites_evermani_scaffold_425	6251	7697	gene-Peve_00030138	7.142857	1
Porites_evermani_scaffold_425	11033	11922	gene-Peve_00030145	0	5
Porites_evermani_scaffold_425	12591	13774	gene-Peve_00030128	.	0
Porites_evermani_scaffold_425	24797	25935	gene-Peve_00030130	.	0
Porites_evermani_scaffold_425	35009	47192	gene-Peve_00030131	6.073380164	61
Porites_evermani_scaffold_425	47716	48184	gene-Peve_00030132	18.6612686	5
Porites_evermani_scaffold_425	58734	66499	gene-Peve_00030133	2.718749382	136
Porites_evermani_scaffold_425	66513	85951	gene-Peve_00030134	1.102361262	549
Porites_evermani_scaffold_425	93219	93927	gene-Peve_00030136	.	0
Porites_evermani_scaffold_425	97082	97791	gene-Peve_00030137	.	0
Porites_evermani_scaffold_425	164054	174898	gene-Peve_00030141	21.13716211	18
Porites_evermani_scaffold_425	180517	193202	gene-Peve_00030142	0	28
Porites_evermani_scaffold_425	201091	201793	gene-Peve_00030144	5.048701286	7
Porites_evermani_scaffold_425	217967	227526	gene-Peve_00030143	16.84848487	15
Porites_evermani_scaffold_425	264079	270253	gene-Peve_00030146	7.466682319	141
Porites_evermani_scaffold_4250	8761	13509	gene-Peve_00030147	0	2
Porites_evermani_scaffold_4250	13777	24043	gene-Peve_00030148	86.15384625	4
Porites_evermani_scaffold_4251	5139	23356	gene-Peve_00030149	30.36098398	225
Porites_evermani_scaffold_4251	24586	28861	gene-Peve_00030150	0	10
Porites_evermani_scaffold_4252	2389	8034	gene-Peve_00030151	0.1600523468	124
Porites_evermani_scaffold_4252	19206	23495	gene-Peve_00030152	0.1717414583	120
Porites_evermani_scaffold_4252	27011	29469	gene-Peve_00030153	1.369284448	58
Porites_evermani_scaffold_4253	1	7213	gene-Peve_00030154	12.5	16
Porites_evermani_scaffold_4253	7402	18466	gene-Peve_00030155	47.74232717	24
Porites_evermani_scaffold_4253	18694	29580	gene-Peve_00030156	0.6143018452	155
Porites_evermani_scaffold_4254	11287	16991	gene-Peve_00030157	2.138463939	115
Porites_evermani_scaffold_4255	17493	29023	gene-Peve_00030158	0.6255716056	71
Porites_evermani_scaffold_4256	4875	6532	gene-Peve_00030162	37.74683643	7
Porites_evermani_scaffold_4256	7115	8469	gene-Peve_00030163	62.96937923	22
Porites_evermani_scaffold_4256	20492	21275	gene-Peve_00030160	0.3061224571	35
Porites_evermani_scaffold_4257	1	29126	gene-Peve_00030164	0.739422022	636
Porites_evermani_scaffold_4258	10820	12065	gene-Peve_00030167	.	0
Porites_evermani_scaffold_4258	18418	18910	gene-Peve_00030168	12.51633989	9
Porites_evermani_scaffold_4259	716	4055	gene-Peve_00030169	0.7950373333	102
Porites_evermani_scaffold_4259	9545	9854	gene-Peve_00030170	0.1792114444	18
Porites_evermani_scaffold_4259	18816	24574	gene-Peve_00030171	0.4161371633	49
Porites_evermani_scaffold_426	2615	39023	gene-Peve_00030172	12.26654826	545
Porites_evermani_scaffold_426	42147	44707	gene-Peve_00030179	73.33639841	22
Porites_evermani_scaffold_426	45417	89154	gene-Peve_00030182	10.68497185	434
Porites_evermani_scaffold_426	90715	118478	gene-Peve_00030190	7.384859993	449
Porites_evermani_scaffold_426	118529	130905	gene-Peve_00030175	0.4120879077	65
Porites_evermani_scaffold_426	128103	128614	gene-Peve_00030176	0	6
Porites_evermani_scaffold_426	132667	140896	gene-Peve_00030178	0.2675638254	126
Porites_evermani_scaffold_426	140914	141634	gene-Peve_00030177	0	19
Porites_evermani_scaffold_426	150125	161237	gene-Peve_00030180	0.2097902088	91
Porites_evermani_scaffold_426	169201	173497	gene-Peve_00030181	1.186331383	47
Porites_evermani_scaffold_426	180993	184714	gene-Peve_00030183	0.5614973235	34
Porites_evermani_scaffold_426	189489	191892	gene-Peve_00030184	32.8270535	14
Porites_evermani_scaffold_426	194311	201423	gene-Peve_00030185	81.74588838	55
Porites_evermani_scaffold_426	205010	219255	gene-Peve_00030186	0.5704099804	51
Porites_evermani_scaffold_426	230269	247192	gene-Peve_00030188	3.16059904	173
Porites_evermani_scaffold_426	235708	236216	gene-Peve_00030189	.	0
Porites_evermani_scaffold_426	240244	242769	gene-Peve_00030191	0	3
Porites_evermani_scaffold_426	251234	253163	gene-Peve_00030187	24.65589347	55
Porites_evermani_scaffold_426	256731	264239	gene-Peve_00030173	0.4487642489	221
Porites_evermani_scaffold_426	269927	271413	gene-Peve_00030174	0.369820878	41
Porites_evermani_scaffold_4260	551	7538	gene-Peve_00030192	41.39943392	12
Porites_evermani_scaffold_4260	19941	25407	gene-Peve_00030193	0	19
Porites_evermani_scaffold_4261	2473	7912	gene-Peve_00030194	75.46552946	56
Porites_evermani_scaffold_4261	26312	28160	gene-Peve_00030195	86.01848306	17
Porites_evermani_scaffold_4262	127	7357	gene-Peve_00030196	0.4295110968	93
Porites_evermani_scaffold_4262	14977	15538	gene-Peve_00030198	0	11
Porites_evermani_scaffold_4262	15871	16819	gene-Peve_00030199	0	7
Porites_evermani_scaffold_4262	21465	22413	gene-Peve_00030200	0.2339572187	32
Porites_evermani_scaffold_4263	1309	2233	gene-Peve_00030202	0	33
Porites_evermani_scaffold_4263	3470	22336	gene-Peve_00030203	0.7535939817	492
Porites_evermani_scaffold_4264	6014	10096	gene-Peve_00030204	0	19
Porites_evermani_scaffold_4264	13657	15759	gene-Peve_00030205	0.3571428571	7
Porites_evermani_scaffold_4264	27107	28422	gene-Peve_00030206	0	4
Porites_evermani_scaffold_4265	1661	15525	gene-Peve_00030207	0.2614243818	296
Porites_evermani_scaffold_4265	24826	27323	gene-Peve_00030208	1.955486372	43
Porites_evermani_scaffold_4266	1258	1579	gene-Peve_00030212	21.1466165	4
Porites_evermani_scaffold_4266	10589	19761	gene-Peve_00030209	60.0028155	104
Porites_evermani_scaffold_4266	22067	22491	gene-Peve_00030211	61.7099595	8
Porites_evermani_scaffold_4267	12246	13867	gene-Peve_00030213	0	12
Porites_evermani_scaffold_4267	19445	20546	gene-Peve_00030214	0	33
Porites_evermani_scaffold_4267	27555	29490	gene-Peve_00030215	0	25
Porites_evermani_scaffold_4268	3992	16634	gene-Peve_00030216	54.90297208	40
Porites_evermani_scaffold_4269	8239	14480	gene-Peve_00030218	.	0
Porites_evermani_scaffold_4269	14569	26034	gene-Peve_00030219	53.19715371	102
Porites_evermani_scaffold_427	7896	18799	gene-Peve_00030227	2.288263338	77
Porites_evermani_scaffold_427	28338	39772	gene-Peve_00030220	6.70646349	51
Porites_evermani_scaffold_427	42078	51174	gene-Peve_00030221	0.3472222222	18
Porites_evermani_scaffold_427	54536	62262	gene-Peve_00030223	20.77972781	96
Porites_evermani_scaffold_427	64496	73621	gene-Peve_00030222	36.74457765	124
Porites_evermani_scaffold_427	78879	90739	gene-Peve_00030224	45.51666547	137
Porites_evermani_scaffold_427	93921	107041	gene-Peve_00030225	23.0517491	172
Porites_evermani_scaffold_427	107145	109415	gene-Peve_00030226	37.95430465	31
Porites_evermani_scaffold_427	111599	116055	gene-Peve_00030228	73.36512037	49
Porites_evermani_scaffold_427	118610	121713	gene-Peve_00030229	58.93197718	11
Porites_evermani_scaffold_427	124656	125028	gene-Peve_00030230	0	16
Porites_evermani_scaffold_427	142569	150452	gene-Peve_00030231	30.74520364	112
Porites_evermani_scaffold_427	151091	168599	gene-Peve_00030232	43.73059719	136
Porites_evermani_scaffold_427	171064	171646	gene-Peve_00030233	0	18
Porites_evermani_scaffold_427	179605	180183	gene-Peve_00030234	0	4
Porites_evermani_scaffold_427	181769	185390	gene-Peve_00030235	0	29
Porites_evermani_scaffold_427	187908	192722	gene-Peve_00030236	0.3787878857	35
Porites_evermani_scaffold_427	195178	198779	gene-Peve_00030237	0.2032708427	89
Porites_evermani_scaffold_427	200828	221323	gene-Peve_00030238	16.17563809	139
Porites_evermani_scaffold_427	221415	229937	gene-Peve_00030239	51.3986015	4
Porites_evermani_scaffold_427	232449	249424	gene-Peve_00030240	36.67933753	45
Porites_evermani_scaffold_427	249663	250611	gene-Peve_00030241	.	0
Porites_evermani_scaffold_427	254448	257084	gene-Peve_00030242	50	2
Porites_evermani_scaffold_427	257425	263249	gene-Peve_00030243	.	0
Porites_evermani_scaffold_4270	4278	8212	gene-Peve_00030244	0	7
Porites_evermani_scaffold_4270	9530	10451	gene-Peve_00030245	.	0
Porites_evermani_scaffold_4270	16530	21021	gene-Peve_00030246	0	10
Porites_evermani_scaffold_4271	766	6137	gene-Peve_00030247	30.96142409	11
Porites_evermani_scaffold_4271	7807	19964	gene-Peve_00030248	16.08594764	101
Porites_evermani_scaffold_4271	21429	22125	gene-Peve_00030249	0	17
Porites_evermani_scaffold_4271	23906	24842	gene-Peve_00030250	.	0
Porites_evermani_scaffold_4271	28402	29338	gene-Peve_00030251	.	0
Porites_evermani_scaffold_4272	6628	18448	gene-Peve_00030252	0.8911501325	151
Porites_evermani_scaffold_4272	25126	26065	gene-Peve_00030253	0.3129251786	28
Porites_evermani_scaffold_4273	1211	18251	gene-Peve_00030254	26.47474747	30
Porites_evermani_scaffold_4273	20966	24699	gene-Peve_00030255	68.57142857	7
Porites_evermani_scaffold_4274	1	1458	gene-Peve_00030256	0	19
Porites_evermani_scaffold_4274	26437	26962	gene-Peve_00030257	.	0
Porites_evermani_scaffold_4275	1033	5149	gene-Peve_00030258	55	2
Porites_evermani_scaffold_4275	9904	28431	gene-Peve_00030259	0.9773101468	109
Porites_evermani_scaffold_4276	3044	7112	gene-Peve_00030260	0.568244	113
Porites_evermani_scaffold_4276	13255	18661	gene-Peve_00030261	31.858459	62
Porites_evermani_scaffold_4276	23973	27836	gene-Peve_00030262	41.46076058	64
Porites_evermani_scaffold_4277	1884	4084	gene-Peve_00030263	.	0
Porites_evermani_scaffold_4277	6798	8989	gene-Peve_00030264	0	33
Porites_evermani_scaffold_4277	10208	10872	gene-Peve_00030265	.	0
Porites_evermani_scaffold_4278	1245	4236	gene-Peve_00030266	0.4467754359	39
Porites_evermani_scaffold_4278	7624	10503	gene-Peve_00030267	0	20
Porites_evermani_scaffold_4279	3015	4353	gene-Peve_00030268	2.446581231	13
Porites_evermani_scaffold_4279	10152	23448	gene-Peve_00030269	61.66642631	74
Porites_evermani_scaffold_428	7926	9303	gene-Peve_00030289	.	0
Porites_evermani_scaffold_428	9526	13635	gene-Peve_00030299	.	0
Porites_evermani_scaffold_428	19012	21877	gene-Peve_00030270	34.088585	32
Porites_evermani_scaffold_428	24838	25859	gene-Peve_00030271	0.5777310952	21
Porites_evermani_scaffold_428	39328	40282	gene-Peve_00030273	0.6764069167	24
Porites_evermani_scaffold_428	43015	44131	gene-Peve_00030274	0	18
Porites_evermani_scaffold_428	45443	49087	gene-Peve_00030275	46.68315662	53
Porites_evermani_scaffold_428	50196	53046	gene-Peve_00030276	0.9462877447	47
Porites_evermani_scaffold_428	61356	61977	gene-Peve_00030277	0.2673796818	22
Porites_evermani_scaffold_428	63865	65859	gene-Peve_00030278	41.56782332	19
Porites_evermani_scaffold_428	66000	80261	gene-Peve_00030279	31.46145484	148
Porites_evermani_scaffold_428	81847	86429	gene-Peve_00030281	22.50544499	70
Porites_evermani_scaffold_428	87464	99119	gene-Peve_00030280	63.39086072	81
Porites_evermani_scaffold_428	102582	116055	gene-Peve_00030282	0.5661199955	223
Porites_evermani_scaffold_428	116048	116710	gene-Peve_00030283	.	0
Porites_evermani_scaffold_428	117745	127886	gene-Peve_00030284	0.8011417624	181
Porites_evermani_scaffold_428	131230	132217	gene-Peve_00030286	0.3496503462	26
Porites_evermani_scaffold_428	133988	134688	gene-Peve_00030287	0	19
Porites_evermani_scaffold_428	153549	184984	gene-Peve_00030288	0.368148357	535
Porites_evermani_scaffold_428	187692	196515	gene-Peve_00030290	70.36798987	45
Porites_evermani_scaffold_428	219035	235931	gene-Peve_00030292	2.701214798	223
Porites_evermani_scaffold_428	237537	238701	gene-Peve_00030293	.	0
Porites_evermani_scaffold_428	243468	244632	gene-Peve_00030294	.	0
Porites_evermani_scaffold_428	246982	248236	gene-Peve_00030295	0.1453488372	43
Porites_evermani_scaffold_428	250113	258756	gene-Peve_00030296	12.85105516	119
Porites_evermani_scaffold_428	258873	264282	gene-Peve_00030297	24.52078122	63
Porites_evermani_scaffold_428	265802	268265	gene-Peve_00030298	52.44460302	57
Porites_evermani_scaffold_4280	15223	15748	gene-Peve_00030301	9.410774333	9
Porites_evermani_scaffold_4281	592	7526	gene-Peve_00030302	82.52377495	38
Porites_evermani_scaffold_4281	24489	26281	gene-Peve_00030303	0.4703177391	46
Porites_evermani_scaffold_4282	9269	20009	gene-Peve_00030304	0.3920489248	226
Porites_evermani_scaffold_4282	10073	11512	gene-Peve_00030305	0.3499318824	34
Porites_evermani_scaffold_4282	21336	25307	gene-Peve_00030306	0	41
Porites_evermani_scaffold_4282	27580	29124	gene-Peve_00030307	1.434080636	33
Porites_evermani_scaffold_4283	841	20317	gene-Peve_00030308	38.08177643	115
Porites_evermani_scaffold_4284	12833	14186	gene-Peve_00030310	0.8264462727	11
Porites_evermani_scaffold_4284	17090	23608	gene-Peve_00030309	.	0
Porites_evermani_scaffold_4285	25419	27357	gene-Peve_00030311	0.5865102581	31
Porites_evermani_scaffold_4286	2156	3167	gene-Peve_00030312	.	0
Porites_evermani_scaffold_4286	3428	20313	gene-Peve_00030314	55.45885923	66
Porites_evermani_scaffold_4286	24512	29023	gene-Peve_00030313	.	0
Porites_evermani_scaffold_4287	5774	8581	gene-Peve_00030315	0.27843514	50
Porites_evermani_scaffold_4287	11601	11925	gene-Peve_00030316	0	2
Porites_evermani_scaffold_4287	23440	24289	gene-Peve_00030317	0.2057613333	18
Porites_evermani_scaffold_4288	10589	11915	gene-Peve_00030318	.	0
Porites_evermani_scaffold_429	1458	1923	gene-Peve_00030320	.	0
Porites_evermani_scaffold_429	35144	52746	gene-Peve_00030324	15.61178303	113
Porites_evermani_scaffold_429	64019	66354	gene-Peve_00030326	0.2433724576	59
Porites_evermani_scaffold_429	75994	78407	gene-Peve_00030327	0.8791208571	35
Porites_evermani_scaffold_429	84431	88594	gene-Peve_00030328	1.006251418	98
Porites_evermani_scaffold_429	109065	116623	gene-Peve_00030329	0.4412338839	155
Porites_evermani_scaffold_429	126599	136179	gene-Peve_00030330	29.25379492	48
Porites_evermani_scaffold_429	156779	159124	gene-Peve_00030331	1.050189375	40
Porites_evermani_scaffold_429	163886	164399	gene-Peve_00030334	0	12
Porites_evermani_scaffold_429	166386	167130	gene-Peve_00030335	0	8
Porites_evermani_scaffold_429	169286	172505	gene-Peve_00030336	0.2966650563	71
Porites_evermani_scaffold_429	178858	189423	gene-Peve_00030337	0.4569023814	97
Porites_evermani_scaffold_429	190799	191207	gene-Peve_00030340	4.784356833	6
Porites_evermani_scaffold_429	197733	202759	gene-Peve_00030342	2.298103758	149
Porites_evermani_scaffold_429	210770	215736	gene-Peve_00030344	.	0
Porites_evermani_scaffold_429	220443	220729	gene-Peve_00030345	2.7988678	20
Porites_evermani_scaffold_429	221624	222366	gene-Peve_00030346	1.251098762	21
Porites_evermani_scaffold_429	250899	251739	gene-Peve_00030321	1.531100474	19
Porites_evermani_scaffold_429	259260	262322	gene-Peve_00030325	0	2
Porites_evermani_scaffold_4290	641	2768	gene-Peve_00030347	.	0
Porites_evermani_scaffold_4290	11823	12900	gene-Peve_00030348	30.06696425	16
Porites_evermani_scaffold_4290	13117	22917	gene-Peve_00030349	61.45878315	46
Porites_evermani_scaffold_4290	26757	27878	gene-Peve_00030350	31.84523825	4
Porites_evermani_scaffold_4291	6	687	gene-Peve_00030351	0	3
Porites_evermani_scaffold_4291	14476	15787	gene-Peve_00030352	0	19
Porites_evermani_scaffold_4291	25509	26501	gene-Peve_00030353	.	0
Porites_evermani_scaffold_4292	3803	9164	gene-Peve_00030355	0.04854368932	103
Porites_evermani_scaffold_4292	9936	10866	gene-Peve_00030357	5.396844167	24
Porites_evermani_scaffold_4292	14674	21261	gene-Peve_00030356	1.484309778	72
Porites_evermani_scaffold_4292	22793	28665	gene-Peve_00030354	0.1427526721	122
Porites_evermani_scaffold_4293	5060	8586	gene-Peve_00030358	0.3759260075	134
Porites_evermani_scaffold_4293	19700	24973	gene-Peve_00030359	0.3982808869	168
Porites_evermani_scaffold_4294	70	4065	gene-Peve_00030362	0	8
Porites_evermani_scaffold_4294	6451	14924	gene-Peve_00030363	52.13448926	72
Porites_evermani_scaffold_4294	18556	27335	gene-Peve_00030364	87.17588175	28
Porites_evermani_scaffold_4295	12845	18305	gene-Peve_00030365	0.1709401795	39
Porites_evermani_scaffold_4296	23932	28141	gene-Peve_00030366	.	0
Porites_evermani_scaffold_4297	25	5331	gene-Peve_00030367	0.6776859455	55
Porites_evermani_scaffold_4297	6063	9159	gene-Peve_00030368	0.5769230769	26
Porites_evermani_scaffold_4297	6289	10356	gene-Peve_00030369	1.209997563	71
Porites_evermani_scaffold_4297	13905	28965	gene-Peve_00030370	61.25112208	130
Porites_evermani_scaffold_4298	2	5622	gene-Peve_00030371	0.3508772105	19
Porites_evermani_scaffold_4298	15435	22132	gene-Peve_00030372	0	40
Porites_evermani_scaffold_4299	1013	16043	gene-Peve_00030373	.	0
Porites_evermani_scaffold_4299	26163	27174	gene-Peve_00030374	0.6993006923	13
Porites_evermani_scaffold_43	8593	10088	gene-Peve_00030409	0	5
Porites_evermani_scaffold_43	14643	16430	gene-Peve_00030419	0.3397109508	61
Porites_evermani_scaffold_43	18657	20502	gene-Peve_00030436	0	4
Porites_evermani_scaffold_43	31242	48832	gene-Peve_00030392	26.48301434	178
Porites_evermani_scaffold_43	54497	55229	gene-Peve_00030394	0.2314814722	36
Porites_evermani_scaffold_43	61520	70274	gene-Peve_00030399	13.9457298	162
Porites_evermani_scaffold_43	71802	76792	gene-Peve_00030402	89.58839251	37
Porites_evermani_scaffold_43	78756	83227	gene-Peve_00030413	73.58613157	47
Porites_evermani_scaffold_43	83530	87107	gene-Peve_00030415	65.3346033	37
Porites_evermani_scaffold_43	90194	111213	gene-Peve_00030416	8.622774188	484
Porites_evermani_scaffold_43	116082	139368	gene-Peve_00030418	24.11666791	429
Porites_evermani_scaffold_43	140656	141742	gene-Peve_00030420	17.78028474	19
Porites_evermani_scaffold_43	146295	186261	gene-Peve_00030421	83.36098461	601
Porites_evermani_scaffold_43	186501	192568	gene-Peve_00030423	63.43229103	96
Porites_evermani_scaffold_43	194350	197577	gene-Peve_00030424	60.991103	83
Porites_evermani_scaffold_43	197635	212576	gene-Peve_00030425	45.32476872	142
Porites_evermani_scaffold_43	214846	217876	gene-Peve_00030426	0	38
Porites_evermani_scaffold_43	220141	221713	gene-Peve_00030427	0.7655462979	47
Porites_evermani_scaffold_43	229639	238115	gene-Peve_00030428	0.3095631757	239
Porites_evermani_scaffold_43	240093	241634	gene-Peve_00030429	0	31
Porites_evermani_scaffold_43	248440	248981	gene-Peve_00030430	0.4166666667	12
Porites_evermani_scaffold_43	256824	257859	gene-Peve_00030432	0.55411256	25
Porites_evermani_scaffold_43	266132	274445	gene-Peve_00030433	0.3532445644	202
Porites_evermani_scaffold_43	276336	277864	gene-Peve_00030434	0.1385041579	38
Porites_evermani_scaffold_43	279428	282191	gene-Peve_00030435	0	65
Porites_evermani_scaffold_43	282886	283891	gene-Peve_00030437	0.390625	16
Porites_evermani_scaffold_43	299316	308187	gene-Peve_00030438	0.2182910146	206
Porites_evermani_scaffold_43	315906	325357	gene-Peve_00030439	0.1916343487	238
Porites_evermani_scaffold_43	328210	342889	gene-Peve_00030375	1.976148297	437
Porites_evermani_scaffold_43	335183	335464	gene-Peve_00030376	0	6
Porites_evermani_scaffold_43	360414	363627	gene-Peve_00030377	31.53795978	27
Porites_evermani_scaffold_43	365468	371817	gene-Peve_00030378	2.451082684	171
Porites_evermani_scaffold_43	372735	383548	gene-Peve_00030379	0.6954859971	343
Porites_evermani_scaffold_43	398004	399218	gene-Peve_00030381	0.5347593529	34
Porites_evermani_scaffold_43	419186	436884	gene-Peve_00030382	0.7315998133	332
Porites_evermani_scaffold_43	450664	453937	gene-Peve_00030383	0.09496676543	81
Porites_evermani_scaffold_43	463453	464106	gene-Peve_00030384	95.07492507	14
Porites_evermani_scaffold_43	466469	466889	gene-Peve_00030385	.	0
Porites_evermani_scaffold_43	500319	501327	gene-Peve_00030386	0	31
Porites_evermani_scaffold_43	504790	513391	gene-Peve_00030387	0.5585910588	221
Porites_evermani_scaffold_43	531296	532235	gene-Peve_00030388	0	23
Porites_evermani_scaffold_43	536051	537023	gene-Peve_00030389	0	24
Porites_evermani_scaffold_43	545325	550558	gene-Peve_00030390	0.6254771032	126
Porites_evermani_scaffold_43	552539	553237	gene-Peve_00030391	0.4273504444	18
Porites_evermani_scaffold_43	566294	567290	gene-Peve_00030395	0.1754386	30
Porites_evermani_scaffold_43	580058	581357	gene-Peve_00030396	0.2392344474	38
Porites_evermani_scaffold_43	584492	591158	gene-Peve_00030397	0.0331565	232
Porites_evermani_scaffold_43	611459	611852	gene-Peve_00030398	0.8514493	10
Porites_evermani_scaffold_43	615203	616900	gene-Peve_00030400	0	38
Porites_evermani_scaffold_43	617323	618676	gene-Peve_00030401	0	5
Porites_evermani_scaffold_43	622269	623262	gene-Peve_00030403	0.1253132895	38
Porites_evermani_scaffold_43	629352	632212	gene-Peve_00030404	0.5446872759	87
Porites_evermani_scaffold_43	636206	637037	gene-Peve_00030405	0	3
Porites_evermani_scaffold_43	651388	651787	gene-Peve_00030406	14.5371194	10
Porites_evermani_scaffold_43	659604	667652	gene-Peve_00030407	0	9
Porites_evermani_scaffold_43	678786	679545	gene-Peve_00030408	80	1
Porites_evermani_scaffold_43	681833	682286	gene-Peve_00030410	54.76898109	11
Porites_evermani_scaffold_43	682804	684487	gene-Peve_00030411	36.08151111	9
Porites_evermani_scaffold_43	684498	685398	gene-Peve_00030412	10	2
Porites_evermani_scaffold_43	705374	706160	gene-Peve_00030414	.	0
Porites_evermani_scaffold_430	2180	9400	gene-Peve_00030440	67.46015614	43
Porites_evermani_scaffold_430	11953	14828	gene-Peve_00030442	80.55611205	20
Porites_evermani_scaffold_430	14911	18812	gene-Peve_00030444	53.91064876	29
Porites_evermani_scaffold_430	18911	48105	gene-Peve_00030450	83.60770449	148
Porites_evermani_scaffold_430	49388	53653	gene-Peve_00030459	90	4
Porites_evermani_scaffold_430	54653	77746	gene-Peve_00030460	66.55542295	74
Porites_evermani_scaffold_430	84355	87884	gene-Peve_00030441	0.90109892	25
Porites_evermani_scaffold_430	105929	122153	gene-Peve_00030443	0.3528336502	223
Porites_evermani_scaffold_430	129073	130036	gene-Peve_00030445	1.136363625	8
Porites_evermani_scaffold_430	138457	148150	gene-Peve_00030446	21.00017471	143
Porites_evermani_scaffold_430	148490	162954	gene-Peve_00030447	30.70747326	239
Porites_evermani_scaffold_430	166239	198633	gene-Peve_00030448	28.02775875	403
Porites_evermani_scaffold_430	215443	225900	gene-Peve_00030452	5.404799286	49
Porites_evermani_scaffold_430	226117	230383	gene-Peve_00030451	20	10
Porites_evermani_scaffold_430	230690	235397	gene-Peve_00030453	72.70442528	18
Porites_evermani_scaffold_430	235798	239517	gene-Peve_00030454	.	0
Porites_evermani_scaffold_430	241152	242379	gene-Peve_00030455	.	0
Porites_evermani_scaffold_430	253554	254278	gene-Peve_00030456	0.8547008889	18
Porites_evermani_scaffold_430	253771	254140	gene-Peve_00030457	2.197802286	7
Porites_evermani_scaffold_4300	2	18661	gene-Peve_00030461	64.98335	7
Porites_evermani_scaffold_4300	20814	27340	gene-Peve_00030462	14.66666667	15
Porites_evermani_scaffold_4301	2960	9935	gene-Peve_00030463	1.54922237	54
Porites_evermani_scaffold_4301	13436	21950	gene-Peve_00030465	1.144200621	58
Porites_evermani_scaffold_4301	26205	27625	gene-Peve_00030464	0.2028397586	29
Porites_evermani_scaffold_4302	1	6313	gene-Peve_00030466	62.31563662	52
Porites_evermani_scaffold_4302	9038	11656	gene-Peve_00030467	93.83442267	9
Porites_evermani_scaffold_4302	18744	19158	gene-Peve_00030468	.	0
Porites_evermani_scaffold_4302	21698	28818	gene-Peve_00030469	11.41969144	36
Porites_evermani_scaffold_4303	71	27747	gene-Peve_00030470	3.900247642	299
Porites_evermani_scaffold_4304	12141	21621	gene-Peve_00030471	1.473823786	112
Porites_evermani_scaffold_4304	23445	26928	gene-Peve_00030472	19.50000005	20
Porites_evermani_scaffold_4305	366	669	gene-Peve_00030473	0	8
Porites_evermani_scaffold_4305	3458	13987	gene-Peve_00030474	16.92925408	50
Porites_evermani_scaffold_4305	16283	22331	gene-Peve_00030475	19.32819683	161
Porites_evermani_scaffold_4305	22614	25966	gene-Peve_00030476	1.19658125	12
Porites_evermani_scaffold_4306	4393	12644	gene-Peve_00030477	0.3802400529	227
Porites_evermani_scaffold_4307	14315	25751	gene-Peve_00030478	.	0
Porites_evermani_scaffold_4308	17742	20807	gene-Peve_00030480	0	3
Porites_evermani_scaffold_431	332	5992	gene-Peve_00030481	1.11869931	58
Porites_evermani_scaffold_431	22951	47776	gene-Peve_00030491	43.22367217	342
Porites_evermani_scaffold_431	52658	72722	gene-Peve_00030498	47.43862032	152
Porites_evermani_scaffold_431	77377	92743	gene-Peve_00030499	3.492801659	299
Porites_evermani_scaffold_431	84578	85368	gene-Peve_00030483	0	24
Porites_evermani_scaffold_431	101131	107195	gene-Peve_00030484	66.61524685	78
Porites_evermani_scaffold_431	114112	116112	gene-Peve_00030485	0.56456044	50
Porites_evermani_scaffold_431	121216	126044	gene-Peve_00030486	86.78196805	20
Porites_evermani_scaffold_431	133654	136071	gene-Peve_00030488	0.3888888833	60
Porites_evermani_scaffold_431	143525	156764	gene-Peve_00030489	0.4468694863	292
Porites_evermani_scaffold_431	158197	175796	gene-Peve_00030490	1.482282624	396
Porites_evermani_scaffold_431	189669	217574	gene-Peve_00030492	21.83657943	493
Porites_evermani_scaffold_431	224269	231845	gene-Peve_00030494	0.361158	183
Porites_evermani_scaffold_431	232334	232732	gene-Peve_00030495	0	12
Porites_evermani_scaffold_431	236576	245127	gene-Peve_00030496	1.265288277	184
Porites_evermani_scaffold_431	260803	267015	gene-Peve_00030497	0.7905469263	190
Porites_evermani_scaffold_4310	4761	5121	gene-Peve_00030500	.	0
Porites_evermani_scaffold_4310	7195	12026	gene-Peve_00030501	39.69217129	7
Porites_evermani_scaffold_4310	18072	18786	gene-Peve_00030502	31.6363636	5
Porites_evermani_scaffold_4311	20076	20502	gene-Peve_00030503	.	0
Porites_evermani_scaffold_4311	21213	22040	gene-Peve_00030509	21.69007421	14
Porites_evermani_scaffold_4311	24330	25801	gene-Peve_00030505	.	0
Porites_evermani_scaffold_4311	24834	25434	gene-Peve_00030504	.	0
Porites_evermani_scaffold_4311	27564	27909	gene-Peve_00030506	23.78787857	7
Porites_evermani_scaffold_4312	12770	15097	gene-Peve_00030510	0.7692307692	13
Porites_evermani_scaffold_4312	17691	26226	gene-Peve_00030511	0.2459836774	155
Porites_evermani_scaffold_4313	6448	6808	gene-Peve_00030512	.	0
Porites_evermani_scaffold_4313	7051	7432	gene-Peve_00030513	0.7142857143	14
Porites_evermani_scaffold_4313	24363	28181	gene-Peve_00030514	0.5681818125	16
Porites_evermani_scaffold_4314	9503	16704	gene-Peve_00030515	0.4464285714	14
Porites_evermani_scaffold_4315	0	7412	gene-Peve_00030516	34.53077758	50
Porites_evermani_scaffold_4315	13762	22561	gene-Peve_00030517	0.2093045833	120
Porites_evermani_scaffold_4317	5156	16428	gene-Peve_00030518	0	10
Porites_evermani_scaffold_4318	128	737	gene-Peve_00030519	.	0
Porites_evermani_scaffold_4318	6386	9700	gene-Peve_00030520	0.1059322034	59
Porites_evermani_scaffold_4318	10731	13249	gene-Peve_00030521	25.80852453	17
Porites_evermani_scaffold_4318	11137	13914	gene-Peve_00030522	73.405213	13
Porites_evermani_scaffold_4318	14233	16448	gene-Peve_00030523	63.9532015	22
Porites_evermani_scaffold_4319	7640	14141	gene-Peve_00030524	0.3656145114	176
Porites_evermani_scaffold_432	6803	46324	gene-Peve_00030525	37.26558085	274
Porites_evermani_scaffold_432	47409	47907	gene-Peve_00030540	.	0
Porites_evermani_scaffold_432	52163	52661	gene-Peve_00030541	.	0
Porites_evermani_scaffold_432	54369	58848	gene-Peve_00030526	83.45820338	29
Porites_evermani_scaffold_432	66576	80266	gene-Peve_00030528	36.6432396	215
Porites_evermani_scaffold_432	81404	106383	gene-Peve_00030529	56.99195164	339
Porites_evermani_scaffold_432	124506	125367	gene-Peve_00030530	7.653061194	31
Porites_evermani_scaffold_432	125390	126623	gene-Peve_00030531	53.2589243	10
Porites_evermani_scaffold_432	128907	130811	gene-Peve_00030532	3.520681879	33
Porites_evermani_scaffold_432	138713	188054	gene-Peve_00030533	25.07186283	641
Porites_evermani_scaffold_432	191931	198967	gene-Peve_00030534	1.069157124	178
Porites_evermani_scaffold_432	202890	207665	gene-Peve_00030535	74.11267314	14
Porites_evermani_scaffold_432	209906	212827	gene-Peve_00030536	87.47933891	11
Porites_evermani_scaffold_432	216334	217426	gene-Peve_00030537	78.68153785	20
Porites_evermani_scaffold_432	221779	229959	gene-Peve_00030538	56.49723234	92
Porites_evermani_scaffold_432	231665	231983	gene-Peve_00030539	48.015873	3
Porites_evermani_scaffold_4320	10507	22221	gene-Peve_00030542	0.4973871812	149
Porites_evermani_scaffold_4321	7602	27583	gene-Peve_00030543	1.677169114	35
Porites_evermani_scaffold_4322	1781	7744	gene-Peve_00030544	5.681818188	16
Porites_evermani_scaffold_4322	18672	21291	gene-Peve_00030545	0.2432367826	92
Porites_evermani_scaffold_4322	24031	27145	gene-Peve_00030546	0.05073567123	73
Porites_evermani_scaffold_4323	287	1182	gene-Peve_00030547	.	0
Porites_evermani_scaffold_4323	12296	15576	gene-Peve_00030550	8.741883143	14
Porites_evermani_scaffold_4323	17245	17578	gene-Peve_00030548	0	6
Porites_evermani_scaffold_4323	19623	20786	gene-Peve_00030549	49.92611693	27
Porites_evermani_scaffold_4324	3118	16900	gene-Peve_00030551	9.094387153	287
Porites_evermani_scaffold_4324	22984	23725	gene-Peve_00030552	.	0
Porites_evermani_scaffold_4325	874	5758	gene-Peve_00030553	89.73446447	19
Porites_evermani_scaffold_4325	6983	12002	gene-Peve_00030554	78.21739373	30
Porites_evermani_scaffold_4325	14144	21118	gene-Peve_00030555	9.299242375	16
Porites_evermani_scaffold_4325	21426	28372	gene-Peve_00030556	80.17951661	83
Porites_evermani_scaffold_4326	1	442	gene-Peve_00030557	0	16
Porites_evermani_scaffold_4326	9983	12603	gene-Peve_00030559	0.07262164706	51
Porites_evermani_scaffold_4326	12627	14529	gene-Peve_00030560	0	31
Porites_evermani_scaffold_4326	19208	20834	gene-Peve_00030561	0.4708684828	29
Porites_evermani_scaffold_4326	25724	27269	gene-Peve_00030558	0	30
Porites_evermani_scaffold_4327	654	4650	gene-Peve_00030562	.	0
Porites_evermani_scaffold_4327	6640	7450	gene-Peve_00030563	.	0
Porites_evermani_scaffold_4327	9918	22807	gene-Peve_00030564	68.36646736	36
Porites_evermani_scaffold_4328	2032	3397	gene-Peve_00030565	0	2
Porites_evermani_scaffold_4328	7499	14026	gene-Peve_00030566	51.94177916	43
Porites_evermani_scaffold_4329	4595	5528	gene-Peve_00030567	0	7
Porites_evermani_scaffold_4329	12987	13810	gene-Peve_00030568	0.5	20
Porites_evermani_scaffold_4329	19567	20272	gene-Peve_00030569	0	11
Porites_evermani_scaffold_4329	23115	23706	gene-Peve_00030570	0	8
Porites_evermani_scaffold_433	19160	25715	gene-Peve_00030571	1.969697	8
Porites_evermani_scaffold_433	42164	45871	gene-Peve_00030575	0	11
Porites_evermani_scaffold_433	61169	62558	gene-Peve_00030582	0	11
Porites_evermani_scaffold_433	64619	71339	gene-Peve_00030583	70.34874614	29
Porites_evermani_scaffold_433	71627	83941	gene-Peve_00030584	76.23278241	22
Porites_evermani_scaffold_433	89775	95340	gene-Peve_00030585	88.33333333	3
Porites_evermani_scaffold_433	101471	106926	gene-Peve_00030586	88.04023312	33
Porites_evermani_scaffold_433	109495	112891	gene-Peve_00030587	64.84899373	60
Porites_evermani_scaffold_433	115147	122719	gene-Peve_00030588	71.00736832	111
Porites_evermani_scaffold_433	126887	135958	gene-Peve_00030590	0.5393593782	156
Porites_evermani_scaffold_433	139371	141764	gene-Peve_00030592	0	54
Porites_evermani_scaffold_433	144710	146756	gene-Peve_00030593	0.1373626429	56
Porites_evermani_scaffold_433	153096	169835	gene-Peve_00030594	0.8834365829	398
Porites_evermani_scaffold_433	158681	159604	gene-Peve_00030595	0	36
Porites_evermani_scaffold_433	179394	181437	gene-Peve_00030572	1.515752778	36
Porites_evermani_scaffold_433	187305	197382	gene-Peve_00030574	0.400715308	224
Porites_evermani_scaffold_433	225093	236904	gene-Peve_00030578	0.907490044	273
Porites_evermani_scaffold_433	240885	243724	gene-Peve_00030579	0	75
Porites_evermani_scaffold_433	247039	253210	gene-Peve_00030580	46.52692823	98
Porites_evermani_scaffold_433	258794	268440	gene-Peve_00030581	0.3142873289	152
Porites_evermani_scaffold_4330	854	10172	gene-Peve_00030596	77.11871757	51
Porites_evermani_scaffold_4331	2159	2546	gene-Peve_00030597	0.0880281875	16
Porites_evermani_scaffold_4331	23929	25470	gene-Peve_00030598	0.3846153846	13
Porites_evermani_scaffold_4333	3369	5218	gene-Peve_00030599	79.67043063	8
Porites_evermani_scaffold_4333	6913	7948	gene-Peve_00030602	95.30303036	11
Porites_evermani_scaffold_4333	14393	15620	gene-Peve_00030604	.	0
Porites_evermani_scaffold_4333	18739	19255	gene-Peve_00030601	.	0
Porites_evermani_scaffold_4333	20267	20999	gene-Peve_00030603	.	0
Porites_evermani_scaffold_4333	21439	23053	gene-Peve_00030600	94.44444467	3
Porites_evermani_scaffold_4334	14	2824	gene-Peve_00030605	0	26
Porites_evermani_scaffold_4334	4468	13505	gene-Peve_00030606	0.4939801879	149
Porites_evermani_scaffold_4334	16989	18179	gene-Peve_00030607	.	0
Porites_evermani_scaffold_4334	19085	21154	gene-Peve_00030608	0	31
Porites_evermani_scaffold_4336	865	8269	gene-Peve_00030609	0	68
Porites_evermani_scaffold_4336	9081	14609	gene-Peve_00030610	0	16
Porites_evermani_scaffold_4337	4321	12958	gene-Peve_00030611	0.8086292629	194
Porites_evermani_scaffold_4337	15320	16775	gene-Peve_00030613	18.43734777	69
Porites_evermani_scaffold_4337	17525	18266	gene-Peve_00030612	.	0
Porites_evermani_scaffold_4338	17116	20009	gene-Peve_00030614	0	13
Porites_evermani_scaffold_4339	1421	2920	gene-Peve_00030615	0.9305819194	62
Porites_evermani_scaffold_434	851	14440	gene-Peve_00030616	1.049382704	27
Porites_evermani_scaffold_434	21452	21776	gene-Peve_00030627	.	0
Porites_evermani_scaffold_434	35078	47103	gene-Peve_00030632	0	1
Porites_evermani_scaffold_434	55809	64991	gene-Peve_00030617	0.2364612571	140
Porites_evermani_scaffold_434	80191	104334	gene-Peve_00030618	37.66137688	215
Porites_evermani_scaffold_434	105607	108878	gene-Peve_00030619	0	8
Porites_evermani_scaffold_434	122385	187992	gene-Peve_00030620	9.162053754	61
Porites_evermani_scaffold_434	190592	190913	gene-Peve_00030623	0	5
Porites_evermani_scaffold_434	201536	207298	gene-Peve_00030624	0.5738719937	160
Porites_evermani_scaffold_434	216008	218970	gene-Peve_00030625	0.08291874627	67
Porites_evermani_scaffold_434	228554	229904	gene-Peve_00030626	0	34
Porites_evermani_scaffold_434	243359	245805	gene-Peve_00030631	.	0
Porites_evermani_scaffold_434	262010	263357	gene-Peve_00030633	0	30
Porites_evermani_scaffold_4340	10008	23255	gene-Peve_00030634	5.196736961	51
Porites_evermani_scaffold_4341	1723	6679	gene-Peve_00030635	11.41215103	29
Porites_evermani_scaffold_4341	8830	9745	gene-Peve_00030636	5	2
Porites_evermani_scaffold_4341	20840	27528	gene-Peve_00030637	0.791589375	56
Porites_evermani_scaffold_4342	2	16091	gene-Peve_00030638	80.194034	30
Porites_evermani_scaffold_4342	18672	20094	gene-Peve_00030639	0	19
Porites_evermani_scaffold_4343	6559	22710	gene-Peve_00030640	73.01031229	34
Porites_evermani_scaffold_4344	787	10878	gene-Peve_00030641	10.52504808	221
Porites_evermani_scaffold_4344	14330	22710	gene-Peve_00030642	72.53887685	96
Porites_evermani_scaffold_4344	23302	27135	gene-Peve_00030643	74.530349	34
Porites_evermani_scaffold_4345	196	17183	gene-Peve_00030644	2.785640537	441
Porites_evermani_scaffold_4345	20275	27069	gene-Peve_00030645	1.166914821	123
Porites_evermani_scaffold_4346	2280	9159	gene-Peve_00030646	21.93003072	53
Porites_evermani_scaffold_4346	9515	18838	gene-Peve_00030647	54.51375423	117
Porites_evermani_scaffold_4346	20665	23701	gene-Peve_00030648	0.652173913	46
Porites_evermani_scaffold_4347	3043	4597	gene-Peve_00030650	.	0
Porites_evermani_scaffold_4347	5467	6663	gene-Peve_00030651	4.5454545	4
Porites_evermani_scaffold_4347	9029	9503	gene-Peve_00030652	.	0
Porites_evermani_scaffold_4347	12196	18169	gene-Peve_00030649	12.72199575	97
Porites_evermani_scaffold_4347	22743	25743	gene-Peve_00030653	2.530802538	13
Porites_evermani_scaffold_4348	749	4288	gene-Peve_00030654	0.1165501282	39
Porites_evermani_scaffold_4348	16711	17107	gene-Peve_00030655	0.21929825	12
Porites_evermani_scaffold_435	32618	37519	gene-Peve_00030662	88.28401225	28
Porites_evermani_scaffold_435	66625	67195	gene-Peve_00030659	0	5
Porites_evermani_scaffold_435	73786	74547	gene-Peve_00030660	1.335470083	12
Porites_evermani_scaffold_435	97104	100959	gene-Peve_00030663	0.5893305946	111
Porites_evermani_scaffold_435	100866	102752	gene-Peve_00030664	0.2908855882	51
Porites_evermani_scaffold_435	121887	144441	gene-Peve_00030665	1.3554921	249
Porites_evermani_scaffold_435	147090	152445	gene-Peve_00030666	11.69562628	65
Porites_evermani_scaffold_435	189617	199725	gene-Peve_00030668	3.163955924	171
Porites_evermani_scaffold_435	264536	266898	gene-Peve_00030669	.	0
Porites_evermani_scaffold_4350	11795	15974	gene-Peve_00030670	69.92071929	92
Porites_evermani_scaffold_4350	16455	21645	gene-Peve_00030671	47.23334323	30
Porites_evermani_scaffold_4351	0	5555	gene-Peve_00030672	0.41666665	20
Porites_evermani_scaffold_4351	8995	9928	gene-Peve_00030673	.	0
Porites_evermani_scaffold_4351	12524	23829	gene-Peve_00030674	0	20
Porites_evermani_scaffold_4352	1806	16714	gene-Peve_00030675	50.27294163	201
Porites_evermani_scaffold_4352	22678	23218	gene-Peve_00030676	.	0
Porites_evermani_scaffold_4353	1037	5331	gene-Peve_00030677	0	1
Porites_evermani_scaffold_4353	7955	8711	gene-Peve_00030678	.	0
Porites_evermani_scaffold_4353	9448	16106	gene-Peve_00030679	90.51767683	12
Porites_evermani_scaffold_4353	21316	22408	gene-Peve_00030680	0	6
Porites_evermani_scaffold_4354	2	23525	gene-Peve_00030681	16.41176075	12
Porites_evermani_scaffold_4354	24521	27923	gene-Peve_00030683	32.19317078	223
Porites_evermani_scaffold_4355	3	2000	gene-Peve_00030684	0	12
Porites_evermani_scaffold_4355	6700	7038	gene-Peve_00030687	.	0
Porites_evermani_scaffold_4355	8039	8594	gene-Peve_00030688	.	0
Porites_evermani_scaffold_4355	11373	15046	gene-Peve_00030689	0.4464285714	14
Porites_evermani_scaffold_4355	17007	19248	gene-Peve_00030690	4.570135706	17
Porites_evermani_scaffold_4355	21180	24750	gene-Peve_00030685	0	30
Porites_evermani_scaffold_4356	1039	4041	gene-Peve_00030691	.	0
Porites_evermani_scaffold_4356	21848	22184	gene-Peve_00030692	.	0
Porites_evermani_scaffold_4357	678	6801	gene-Peve_00030693	51.77156178	9
Porites_evermani_scaffold_4357	13676	22425	gene-Peve_00030694	0	22
Porites_evermani_scaffold_4358	16326	18387	gene-Peve_00030695	.	0
Porites_evermani_scaffold_4358	24120	26942	gene-Peve_00030696	.	0
Porites_evermani_scaffold_4359	2497	9884	gene-Peve_00030697	0.7094757083	72
Porites_evermani_scaffold_4359	14030	21467	gene-Peve_00030698	0.2314815	24
Porites_evermani_scaffold_436	71931	75129	gene-Peve_00030703	0	3
Porites_evermani_scaffold_436	89880	93690	gene-Peve_00030715	1.55769232	25
Porites_evermani_scaffold_436	145052	145601	gene-Peve_00030699	3.448276	1
Porites_evermani_scaffold_436	169979	170674	gene-Peve_00030700	0	6
Porites_evermani_scaffold_436	171780	172637	gene-Peve_00030701	.	0
Porites_evermani_scaffold_436	173654	176681	gene-Peve_00030702	0	13
Porites_evermani_scaffold_436	179658	179988	gene-Peve_00030705	.	0
Porites_evermani_scaffold_436	180472	181869	gene-Peve_00030706	0	2
Porites_evermani_scaffold_436	197833	207611	gene-Peve_00030707	0.4491341923	104
Porites_evermani_scaffold_436	203042	206770	gene-Peve_00030708	1.744391955	22
Porites_evermani_scaffold_436	222110	233112	gene-Peve_00030709	2.220574292	65
Porites_evermani_scaffold_436	248196	248688	gene-Peve_00030710	.	0
Porites_evermani_scaffold_436	249979	250792	gene-Peve_00030711	0.3401360476	21
Porites_evermani_scaffold_436	262196	268743	gene-Peve_00030713	2.397602429	7
Porites_evermani_scaffold_4360	488	19732	gene-Peve_00030716	0.7692307692	13
Porites_evermani_scaffold_4361	3369	25409	gene-Peve_00030717	9.876840364	22
Porites_evermani_scaffold_4362	3634	24370	gene-Peve_00030718	1.025432893	56
Porites_evermani_scaffold_4363	10290	19574	gene-Peve_00030719	37.85896492	51
Porites_evermani_scaffold_4363	21523	22752	gene-Peve_00030721	0.1144164783	46
Porites_evermani_scaffold_4363	23855	25025	gene-Peve_00030720	0	22
Porites_evermani_scaffold_4364	2347	11697	gene-Peve_00030722	61.88121713	129
Porites_evermani_scaffold_4364	12467	14708	gene-Peve_00030723	.	0
Porites_evermani_scaffold_4364	17222	26050	gene-Peve_00030724	2.05873269	187
Porites_evermani_scaffold_4365	82	426	gene-Peve_00030725	.	0
Porites_evermani_scaffold_4365	1320	2305	gene-Peve_00030727	.	0
Porites_evermani_scaffold_4365	5079	5718	gene-Peve_00030728	.	0
Porites_evermani_scaffold_4365	8162	8477	gene-Peve_00030729	.	0
Porites_evermani_scaffold_4365	11955	22669	gene-Peve_00030726	.	0
Porites_evermani_scaffold_4366	689	1340	gene-Peve_00030730	6.731463304	23
Porites_evermani_scaffold_4366	3625	4282	gene-Peve_00030732	0.982906	18
Porites_evermani_scaffold_4366	7319	9950	gene-Peve_00030733	0	3
Porites_evermani_scaffold_4366	12376	14492	gene-Peve_00030731	5.6363636	10
Porites_evermani_scaffold_4367	9698	10199	gene-Peve_00030734	0.54845535	20
Porites_evermani_scaffold_4368	5429	16742	gene-Peve_00030735	1.431855174	132
Porites_evermani_scaffold_4368	25619	26084	gene-Peve_00030736	.	0
Porites_evermani_scaffold_4369	3420	5577	gene-Peve_00030737	0.3793627414	58
Porites_evermani_scaffold_437	685	4144	gene-Peve_00030741	0.1882160426	94
Porites_evermani_scaffold_437	5263	7151	gene-Peve_00030749	0	38
Porites_evermani_scaffold_437	52198	55259	gene-Peve_00030739	0.3624480147	68
Porites_evermani_scaffold_437	63449	75015	gene-Peve_00030740	73.5520743	125
Porites_evermani_scaffold_437	77924	85247	gene-Peve_00030742	65.91469227	73
Porites_evermani_scaffold_437	85390	90803	gene-Peve_00030743	62.35046037	106
Porites_evermani_scaffold_437	94151	116524	gene-Peve_00030744	17.12623461	432
Porites_evermani_scaffold_437	123872	147329	gene-Peve_00030745	34.93038584	269
Porites_evermani_scaffold_437	147512	158157	gene-Peve_00030746	22.95200032	182
Porites_evermani_scaffold_437	160490	162431	gene-Peve_00030747	0.08525149275	69
Porites_evermani_scaffold_437	162672	165120	gene-Peve_00030748	0.6219806739	92
Porites_evermani_scaffold_437	169109	170610	gene-Peve_00030750	.	0
Porites_evermani_scaffold_437	182942	185824	gene-Peve_00030751	76.87558829	7
Porites_evermani_scaffold_437	202479	205316	gene-Peve_00030752	8.6780345	20
Porites_evermani_scaffold_437	223204	240115	gene-Peve_00030753	0.1488095179	56
Porites_evermani_scaffold_4370	1687	13909	gene-Peve_00030754	1.217392456	237
Porites_evermani_scaffold_4370	15652	25961	gene-Peve_00030755	23.53526343	244
Porites_evermani_scaffold_4371	1863	10014	gene-Peve_00030756	87.13204183	75
Porites_evermani_scaffold_4371	12432	16660	gene-Peve_00030757	53.91692797	37
Porites_evermani_scaffold_4371	17765	21771	gene-Peve_00030758	3.419580425	40
Porites_evermani_scaffold_4371	25716	27558	gene-Peve_00030759	2.083333333	3
Porites_evermani_scaffold_4372	10965	11725	gene-Peve_00030761	9.022392167	6
Porites_evermani_scaffold_4372	17624	23005	gene-Peve_00030760	0.2792853955	134
Porites_evermani_scaffold_4372	23764	24601	gene-Peve_00030762	0.8434547895	19
Porites_evermani_scaffold_4373	8415	25266	gene-Peve_00030763	21.75670393	44
Porites_evermani_scaffold_4373	25514	26368	gene-Peve_00030764	.	0
Porites_evermani_scaffold_4374	935	26697	gene-Peve_00030765	0.1269257679	112
Porites_evermani_scaffold_4375	19654	20240	gene-Peve_00030767	.	0
Porites_evermani_scaffold_4376	11895	23977	gene-Peve_00030768	39.71342381	16
Porites_evermani_scaffold_4377	1538	6739	gene-Peve_00030769	74.67532467	6
Porites_evermani_scaffold_4377	13719	14872	gene-Peve_00030770	.	0
Porites_evermani_scaffold_4377	19862	21129	gene-Peve_00030771	.	0
Porites_evermani_scaffold_4377	24330	25404	gene-Peve_00030772	0.33333335	20
Porites_evermani_scaffold_4378	7659	9012	gene-Peve_00030773	1.111111111	18
Porites_evermani_scaffold_4378	16425	19004	gene-Peve_00030774	1.25	8
Porites_evermani_scaffold_4379	1440	10446	gene-Peve_00030775	0.309797441	195
Porites_evermani_scaffold_4379	16724	26739	gene-Peve_00030776	0.3721990363	248
Porites_evermani_scaffold_438	12749	32471	gene-Peve_00030778	5.529598608	130
Porites_evermani_scaffold_438	33682	54158	gene-Peve_00030777	8.144210768	155
Porites_evermani_scaffold_438	37364	37720	gene-Peve_00030779	0	4
Porites_evermani_scaffold_438	39258	42644	gene-Peve_00030780	34.7110257	10
Porites_evermani_scaffold_438	66517	77038	gene-Peve_00030781	35.491931	17
Porites_evermani_scaffold_438	84609	85443	gene-Peve_00030784	0	10
Porites_evermani_scaffold_438	91841	93254	gene-Peve_00030785	0.3921568824	17
Porites_evermani_scaffold_438	107083	107829	gene-Peve_00030786	0.4851064688	32
Porites_evermani_scaffold_438	108925	110831	gene-Peve_00030787	0.7475066829	41
Porites_evermani_scaffold_438	130188	131526	gene-Peve_00030788	0	6
Porites_evermani_scaffold_438	133442	134100	gene-Peve_00030789	0	1
Porites_evermani_scaffold_438	135205	140609	gene-Peve_00030790	0.5666241698	53
Porites_evermani_scaffold_438	146685	147536	gene-Peve_00030792	.	0
Porites_evermani_scaffold_438	150258	152652	gene-Peve_00030793	0	6
Porites_evermani_scaffold_438	159351	161541	gene-Peve_00030795	0.2462849808	52
Porites_evermani_scaffold_438	162184	163543	gene-Peve_00030796	1.9679487	20
Porites_evermani_scaffold_438	167218	168907	gene-Peve_00030798	0	1
Porites_evermani_scaffold_438	179287	180949	gene-Peve_00030800	0.4377851887	53
Porites_evermani_scaffold_438	184371	219797	gene-Peve_00030794	20.10251746	322
Porites_evermani_scaffold_438	226351	240861	gene-Peve_00030801	0.4209209141	128
Porites_evermani_scaffold_438	257124	262636	gene-Peve_00030802	0.7239553582	134
Porites_evermani_scaffold_4380	2218	19479	gene-Peve_00030803	38.63216784	25
Porites_evermani_scaffold_4380	19854	23159	gene-Peve_00030804	36.98152532	19
Porites_evermani_scaffold_4381	2778	5936	gene-Peve_00030805	0.2223635091	110
Porites_evermani_scaffold_4381	9606	13058	gene-Peve_00030806	0.1776830075	134
Porites_evermani_scaffold_4381	24691	26895	gene-Peve_00030807	1.80085356	50
Porites_evermani_scaffold_4382	301	5460	gene-Peve_00030808	0.2016129032	31
Porites_evermani_scaffold_4382	5514	19088	gene-Peve_00030809	0.7670395053	281
Porites_evermani_scaffold_4382	24181	25800	gene-Peve_00030810	.	0
Porites_evermani_scaffold_4383	8381	11685	gene-Peve_00030811	.	0
Porites_evermani_scaffold_4384	621	1787	gene-Peve_00030813	.	0
Porites_evermani_scaffold_4384	4503	6806	gene-Peve_00030814	.	0
Porites_evermani_scaffold_4384	7067	9510	gene-Peve_00030815	.	0
Porites_evermani_scaffold_4385	3085	7556	gene-Peve_00030816	0	13
Porites_evermani_scaffold_4385	16802	27330	gene-Peve_00030817	11.5151515	6
Porites_evermani_scaffold_4387	8	15131	gene-Peve_00030818	0	42
Porites_evermani_scaffold_4387	23248	25961	gene-Peve_00030819	0.3598740351	57
Porites_evermani_scaffold_4389	1119	2354	gene-Peve_00030821	0	2
Porites_evermani_scaffold_4389	10766	15843	gene-Peve_00030822	0.1057082558	43
Porites_evermani_scaffold_4389	23139	23715	gene-Peve_00030824	2.705627667	6
Porites_evermani_scaffold_4389	23700	26658	gene-Peve_00030823	0.627747275	80
Porites_evermani_scaffold_439	8099	16779	gene-Peve_00030829	0	18
Porites_evermani_scaffold_439	19410	20394	gene-Peve_00030836	0	1
Porites_evermani_scaffold_439	28532	38293	gene-Peve_00030843	1.583281583	230
Porites_evermani_scaffold_439	43223	51194	gene-Peve_00030825	1.181813568	118
Porites_evermani_scaffold_439	53063	57689	gene-Peve_00030826	3.682848269	108
Porites_evermani_scaffold_439	66620	75312	gene-Peve_00030827	19.93002814	99
Porites_evermani_scaffold_439	86480	90326	gene-Peve_00030828	0.221785134	97
Porites_evermani_scaffold_439	98761	105852	gene-Peve_00030830	11.59331154	112
Porites_evermani_scaffold_439	113907	115229	gene-Peve_00030831	0.3321914359	39
Porites_evermani_scaffold_439	115787	118696	gene-Peve_00030832	0	65
Porites_evermani_scaffold_439	121710	141443	gene-Peve_00030833	6.794052666	401
Porites_evermani_scaffold_439	143084	144248	gene-Peve_00030834	0.5010893333	45
Porites_evermani_scaffold_439	155100	156108	gene-Peve_00030835	0	14
Porites_evermani_scaffold_439	197099	198062	gene-Peve_00030837	0.3775294419	43
Porites_evermani_scaffold_439	199197	218462	gene-Peve_00030838	0.3506862247	454
Porites_evermani_scaffold_439	218730	230186	gene-Peve_00030839	0.8168700197	304
Porites_evermani_scaffold_439	232901	234995	gene-Peve_00030840	1.816331867	45
Porites_evermani_scaffold_439	242733	251196	gene-Peve_00030841	0.8229664099	161
Porites_evermani_scaffold_439	259659	265751	gene-Peve_00030842	0.6152390725	193
Porites_evermani_scaffold_4390	16614	21750	gene-Peve_00030844	0.2758251879	149
Porites_evermani_scaffold_4391	3175	3516	gene-Peve_00030845	.	0
Porites_evermani_scaffold_4391	17625	26988	gene-Peve_00030846	15.32565459	17
Porites_evermani_scaffold_4392	10439	22289	gene-Peve_00030847	0.5128791892	74
Porites_evermani_scaffold_4392	24521	26815	gene-Peve_00030848	77.09956717	12
Porites_evermani_scaffold_4393	499	976	gene-Peve_00030849	86.77248667	3
Porites_evermani_scaffold_4393	2248	5001	gene-Peve_00030850	85.495923	28
Porites_evermani_scaffold_4393	5847	12149	gene-Peve_00030851	22.06509308	50
Porites_evermani_scaffold_4393	12109	22903	gene-Peve_00030852	10.48165849	158
Porites_evermani_scaffold_4394	2389	11084	gene-Peve_00030853	0.5005960943	106
Porites_evermani_scaffold_4394	14121	27105	gene-Peve_00030854	2.045858477	216
Porites_evermani_scaffold_4395	12198	14693	gene-Peve_00030856	.	0
Porites_evermani_scaffold_4395	15347	16329	gene-Peve_00030855	0.07168457778	45
Porites_evermani_scaffold_4396	237	597	gene-Peve_00030857	0	7
Porites_evermani_scaffold_4396	12525	25018	gene-Peve_00030858	0.03175610638	47
Porites_evermani_scaffold_4397	11921	14416	gene-Peve_00030859	.	0
Porites_evermani_scaffold_4398	20104	27156	gene-Peve_00030861	1.921781633	30
Porites_evermani_scaffold_4398	20988	23998	gene-Peve_00030862	0	5
Porites_evermani_scaffold_4399	3114	5284	gene-Peve_00030864	0	59
Porites_evermani_scaffold_4399	8443	9593	gene-Peve_00030865	0	16
Porites_evermani_scaffold_4399	9784	12411	gene-Peve_00030866	0.5725359767	86
Porites_evermani_scaffold_4399	19925	21278	gene-Peve_00030867	0.3948896829	41
Porites_evermani_scaffold_44	1096	4131	gene-Peve_00030868	0.4944831772	79
Porites_evermani_scaffold_44	40512	42565	gene-Peve_00030869	8.898767769	39
Porites_evermani_scaffold_44	47995	54467	gene-Peve_00030895	0.9166173927	191
Porites_evermani_scaffold_44	73091	74756	gene-Peve_00030906	.	0
Porites_evermani_scaffold_44	79363	89273	gene-Peve_00030925	0.2610775125	240
Porites_evermani_scaffold_44	91599	91819	gene-Peve_00030926	0	2
Porites_evermani_scaffold_44	93266	97323	gene-Peve_00030924	19.97777331	26
Porites_evermani_scaffold_44	104615	105330	gene-Peve_00030927	.	0
Porites_evermani_scaffold_44	111777	142954	gene-Peve_00030928	1.484331317	628
Porites_evermani_scaffold_44	153627	156498	gene-Peve_00030930	0	16
Porites_evermani_scaffold_44	162625	179242	gene-Peve_00030931	0	51
Porites_evermani_scaffold_44	188218	222612	gene-Peve_00030932	16.52147237	483
Porites_evermani_scaffold_44	227780	245370	gene-Peve_00030934	2.236181246	411
Porites_evermani_scaffold_44	255488	256373	gene-Peve_00030936	0.792011	22
Porites_evermani_scaffold_44	259389	259806	gene-Peve_00030937	.	0
Porites_evermani_scaffold_44	264848	265880	gene-Peve_00030939	0	23
Porites_evermani_scaffold_44	271538	272150	gene-Peve_00030940	1.136363625	8
Porites_evermani_scaffold_44	279284	279995	gene-Peve_00030941	0	26
Porites_evermani_scaffold_44	286636	287608	gene-Peve_00030943	0.5208333125	32
Porites_evermani_scaffold_44	300647	310157	gene-Peve_00030935	0.1569858776	49
Porites_evermani_scaffold_44	312527	313541	gene-Peve_00030944	.	0
Porites_evermani_scaffold_44	323968	328954	gene-Peve_00030945	6.664821292	24
Porites_evermani_scaffold_44	329075	329786	gene-Peve_00030946	0	3
Porites_evermani_scaffold_44	332014	336215	gene-Peve_00030947	5.11883115	20
Porites_evermani_scaffold_44	339024	340338	gene-Peve_00030948	3.869563667	9
Porites_evermani_scaffold_44	341949	342354	gene-Peve_00030950	6.0029664	5
Porites_evermani_scaffold_44	345389	346154	gene-Peve_00030871	0	1
Porites_evermani_scaffold_44	347250	347832	gene-Peve_00030872	.	0
Porites_evermani_scaffold_44	348531	348867	gene-Peve_00030873	.	0
Porites_evermani_scaffold_44	358150	359104	gene-Peve_00030875	0.46875	32
Porites_evermani_scaffold_44	360206	360863	gene-Peve_00030876	0	16
Porites_evermani_scaffold_44	367138	367780	gene-Peve_00030877	0	7
Porites_evermani_scaffold_44	372275	372830	gene-Peve_00030878	.	0
Porites_evermani_scaffold_44	374394	380709	gene-Peve_00030879	2.962962963	27
Porites_evermani_scaffold_44	382249	382972	gene-Peve_00030880	0	3
Porites_evermani_scaffold_44	383368	383878	gene-Peve_00030881	.	0
Porites_evermani_scaffold_44	387970	388783	gene-Peve_00030882	0	5
Porites_evermani_scaffold_44	402597	403041	gene-Peve_00030884	.	0
Porites_evermani_scaffold_44	406894	407978	gene-Peve_00030886	0	7
Porites_evermani_scaffold_44	411478	412480	gene-Peve_00030887	0.23809525	28
Porites_evermani_scaffold_44	414062	414545	gene-Peve_00030888	0	13
Porites_evermani_scaffold_44	420634	421792	gene-Peve_00030889	3.52272725	8
Porites_evermani_scaffold_44	423147	425067	gene-Peve_00030890	0	17
Porites_evermani_scaffold_44	425161	425605	gene-Peve_00030891	0.6666667	10
Porites_evermani_scaffold_44	426318	426672	gene-Peve_00030892	0	15
Porites_evermani_scaffold_44	427098	427685	gene-Peve_00030893	.	0
Porites_evermani_scaffold_44	443673	457537	gene-Peve_00030894	0.4907770845	296
Porites_evermani_scaffold_44	465016	467781	gene-Peve_00030897	0.3353454085	71
Porites_evermani_scaffold_44	480590	496882	gene-Peve_00030899	20.73963276	242
Porites_evermani_scaffold_44	497728	511497	gene-Peve_00030900	51.60582833	141
Porites_evermani_scaffold_44	511934	518574	gene-Peve_00030901	38.71547939	94
Porites_evermani_scaffold_44	520408	520972	gene-Peve_00030902	0.7692307692	26
Porites_evermani_scaffold_44	526945	538667	gene-Peve_00030903	0.1611643967	242
Porites_evermani_scaffold_44	556478	557335	gene-Peve_00030904	0	5
Porites_evermani_scaffold_44	567961	568684	gene-Peve_00030905	.	0
Porites_evermani_scaffold_44	599349	602007	gene-Peve_00030909	0.1954743333	93
Porites_evermani_scaffold_44	606251	610163	gene-Peve_00030910	0.3825197759	58
Porites_evermani_scaffold_44	615591	619235	gene-Peve_00030911	0.2628968333	60
Porites_evermani_scaffold_44	627498	631475	gene-Peve_00030912	6.576774171	76
Porites_evermani_scaffold_44	634143	640196	gene-Peve_00030913	17.18566304	122
Porites_evermani_scaffold_44	644687	645470	gene-Peve_00030914	0	26
Porites_evermani_scaffold_44	649793	650828	gene-Peve_00030915	0.4166666875	16
Porites_evermani_scaffold_44	653053	654043	gene-Peve_00030916	.	0
Porites_evermani_scaffold_44	670365	674673	gene-Peve_00030917	0	53
Porites_evermani_scaffold_44	679197	680051	gene-Peve_00030918	0	9
Porites_evermani_scaffold_44	685619	686444	gene-Peve_00030919	0	7
Porites_evermani_scaffold_44	689748	717896	gene-Peve_00030920	6.860287187	352
Porites_evermani_scaffold_44	694468	695698	gene-Peve_00030921	.	0
Porites_evermani_scaffold_44	697712	699727	gene-Peve_00030922	.	0
Porites_evermani_scaffold_44	731503	733256	gene-Peve_00030923	0.4146730526	38
Porites_evermani_scaffold_440	4610	5684	gene-Peve_00030966	29.05373388	8
Porites_evermani_scaffold_440	13004	21073	gene-Peve_00030968	91.71415007	27
Porites_evermani_scaffold_440	29813	30786	gene-Peve_00030975	59.008547	5
Porites_evermani_scaffold_440	31682	37882	gene-Peve_00030978	43.9690283	56
Porites_evermani_scaffold_440	35010	37323	gene-Peve_00030982	41.53450013	31
Porites_evermani_scaffold_440	54112	54731	gene-Peve_00030967	48.2184335	10
Porites_evermani_scaffold_440	68915	70032	gene-Peve_00030969	63.0053647	10
Porites_evermani_scaffold_440	73398	74112	gene-Peve_00030970	.	0
Porites_evermani_scaffold_440	74752	77090	gene-Peve_00030971	.	0
Porites_evermani_scaffold_440	78382	78932	gene-Peve_00030972	74.58333333	3
Porites_evermani_scaffold_440	97881	99635	gene-Peve_00030973	74.95321874	27
Porites_evermani_scaffold_440	104072	105537	gene-Peve_00030974	70	2
Porites_evermani_scaffold_440	117982	118618	gene-Peve_00030977	55.64359214	7
Porites_evermani_scaffold_440	118975	119383	gene-Peve_00030976	69.9880118	5
Porites_evermani_scaffold_440	120825	121545	gene-Peve_00030979	42.96169972	18
Porites_evermani_scaffold_440	123919	124327	gene-Peve_00030980	90	1
Porites_evermani_scaffold_440	137972	139520	gene-Peve_00030981	.	0
Porites_evermani_scaffold_440	156494	157073	gene-Peve_00030983	.	0
Porites_evermani_scaffold_440	165982	166558	gene-Peve_00030984	45.50115756	9
Porites_evermani_scaffold_440	173343	174317	gene-Peve_00030986	0	1
Porites_evermani_scaffold_440	178804	179024	gene-Peve_00030987	29.46859867	3
Porites_evermani_scaffold_440	185624	186868	gene-Peve_00030988	49.55914188	17
Porites_evermani_scaffold_440	198412	200224	gene-Peve_00030989	63.40077683	36
Porites_evermani_scaffold_440	205510	207011	gene-Peve_00030952	54.77435445	33
Porites_evermani_scaffold_440	215729	216864	gene-Peve_00030953	31.03597945	11
Porites_evermani_scaffold_440	217865	218431	gene-Peve_00030954	54.24482922	9
Porites_evermani_scaffold_440	221174	222056	gene-Peve_00030955	38.110019	12
Porites_evermani_scaffold_440	222529	224582	gene-Peve_00030956	85.48275329	45
Porites_evermani_scaffold_440	224836	234024	gene-Peve_00030957	54.33943102	57
Porites_evermani_scaffold_440	235040	237581	gene-Peve_00030958	93.65384625	4
Porites_evermani_scaffold_440	238610	239650	gene-Peve_00030959	.	0
Porites_evermani_scaffold_440	255234	255681	gene-Peve_00030962	71.0009124	15
Porites_evermani_scaffold_440	256745	257108	gene-Peve_00030964	.	0
Porites_evermani_scaffold_440	262201	262582	gene-Peve_00030965	80	1
Porites_evermani_scaffold_4400	8742	9384	gene-Peve_00030990	0	5
Porites_evermani_scaffold_4400	17228	19571	gene-Peve_00030992	2.21074213	23
Porites_evermani_scaffold_4400	23308	25141	gene-Peve_00030991	.	0
Porites_evermani_scaffold_4401	8488	17761	gene-Peve_00030993	0.2155172414	29
Porites_evermani_scaffold_4401	23764	26969	gene-Peve_00030994	0.4231504324	74
Porites_evermani_scaffold_4403	2122	6707	gene-Peve_00030995	0.8720519386	114
Porites_evermani_scaffold_4403	11065	13118	gene-Peve_00030996	50	6
Porites_evermani_scaffold_4403	23063	25214	gene-Peve_00030997	20.163854	28
Porites_evermani_scaffold_4404	11952	12450	gene-Peve_00030998	4.171126158	19
Porites_evermani_scaffold_4404	22912	24710	gene-Peve_00030999	0.4761904857	35
Porites_evermani_scaffold_4405	162	9862	gene-Peve_00031000	39.29424288	16
Porites_evermani_scaffold_4405	10767	22616	gene-Peve_00031001	.	0
Porites_evermani_scaffold_4405	25376	26899	gene-Peve_00031002	0.4493464074	27
Porites_evermani_scaffold_4406	4507	13470	gene-Peve_00031003	0.722177335	200
Porites_evermani_scaffold_4406	15113	16871	gene-Peve_00031004	20.3127326	55
Porites_evermani_scaffold_4406	20693	22905	gene-Peve_00031005	36.52415356	34
Porites_evermani_scaffold_4407	0	15926	gene-Peve_00031006	8.24700493	86
Porites_evermani_scaffold_4407	21675	22734	gene-Peve_00031007	.	0
Porites_evermani_scaffold_4407	25724	26363	gene-Peve_00031008	.	0
Porites_evermani_scaffold_4408	20904	21565	gene-Peve_00031009	.	0
Porites_evermani_scaffold_4409	6577	22352	gene-Peve_00031011	77.6936027	27
Porites_evermani_scaffold_4409	23965	24589	gene-Peve_00031012	.	0
Porites_evermani_scaffold_441	650	31920	gene-Peve_00031014	1.152470827	369
Porites_evermani_scaffold_441	21743	22231	gene-Peve_00031022	0	1
Porites_evermani_scaffold_441	25368	25611	gene-Peve_00031033	.	0
Porites_evermani_scaffold_441	27903	29237	gene-Peve_00031037	0	1
Porites_evermani_scaffold_441	39361	49566	gene-Peve_00031013	0.2912730658	152
Porites_evermani_scaffold_441	58737	62313	gene-Peve_00031015	0.1722222267	75
Porites_evermani_scaffold_441	70621	71735	gene-Peve_00031016	0.1953125	32
Porites_evermani_scaffold_441	80662	81231	gene-Peve_00031017	.	0
Porites_evermani_scaffold_441	81577	81925	gene-Peve_00031018	.	0
Porites_evermani_scaffold_441	91192	91522	gene-Peve_00031019	0	3
Porites_evermani_scaffold_441	92178	92747	gene-Peve_00031020	2.5	4
Porites_evermani_scaffold_441	93093	93441	gene-Peve_00031021	.	0
Porites_evermani_scaffold_441	101572	101938	gene-Peve_00031023	0	9
Porites_evermani_scaffold_441	107565	107931	gene-Peve_00031024	0	11
Porites_evermani_scaffold_441	109251	116358	gene-Peve_00031025	61.70192255	108
Porites_evermani_scaffold_441	117899	118871	gene-Peve_00031026	0	46
Porites_evermani_scaffold_441	122196	127853	gene-Peve_00031027	0.8247867746	71
Porites_evermani_scaffold_441	132280	132760	gene-Peve_00031028	0.6666667	10
Porites_evermani_scaffold_441	133937	162397	gene-Peve_00031029	3.700606989	467
Porites_evermani_scaffold_441	174795	181523	gene-Peve_00031030	0.2860983145	124
Porites_evermani_scaffold_441	201055	209381	gene-Peve_00031031	16.92859365	83
Porites_evermani_scaffold_441	213277	214948	gene-Peve_00031032	0.30769232	50
Porites_evermani_scaffold_441	221404	228320	gene-Peve_00031034	0.7004755968	124
Porites_evermani_scaffold_441	236405	246538	gene-Peve_00031035	15.81522515	94
Porites_evermani_scaffold_441	261167	262601	gene-Peve_00031036	.	0
Porites_evermani_scaffold_4410	6387	6776	gene-Peve_00031040	0	13
Porites_evermani_scaffold_4410	13019	22069	gene-Peve_00031038	0.9919391553	219
Porites_evermani_scaffold_4410	24622	26762	gene-Peve_00031039	0.2898550435	23
Porites_evermani_scaffold_4411	2338	17249	gene-Peve_00031041	0.2976190357	28
Porites_evermani_scaffold_4412	5177	14010	gene-Peve_00031043	0.3876050429	70
Porites_evermani_scaffold_4412	14019	15662	gene-Peve_00031044	.	0
Porites_evermani_scaffold_4412	22318	26346	gene-Peve_00031045	.	0
Porites_evermani_scaffold_4413	3484	5356	gene-Peve_00031046	0.9259258889	9
Porites_evermani_scaffold_4413	8147	11010	gene-Peve_00031047	.	0
Porites_evermani_scaffold_4413	20643	21162	gene-Peve_00031048	.	0
Porites_evermani_scaffold_4414	1831	5243	gene-Peve_00031049	1.846153867	15
Porites_evermani_scaffold_4414	9024	14597	gene-Peve_00031050	1.526337879	91
Porites_evermani_scaffold_4415	8344	13333	gene-Peve_00031051	85.5959617	30
Porites_evermani_scaffold_4416	12450	19701	gene-Peve_00031053	15.25091704	49
Porites_evermani_scaffold_4417	12410	12995	gene-Peve_00031054	.	0
Porites_evermani_scaffold_4418	2574	9399	gene-Peve_00031055	0.3373907	110
Porites_evermani_scaffold_4418	14237	17915	gene-Peve_00031056	0.7191558286	70
Porites_evermani_scaffold_4418	21231	25105	gene-Peve_00031057	0	7
Porites_evermani_scaffold_4419	1362	24179	gene-Peve_00031058	88.3116885	2
Porites_evermani_scaffold_442	1120	3511	gene-Peve_00031059	0.1569538734	79
Porites_evermani_scaffold_442	3978	8162	gene-Peve_00031064	0.3716120804	112
Porites_evermani_scaffold_442	13058	23705	gene-Peve_00031070	52.33291107	103
Porites_evermani_scaffold_442	25054	27928	gene-Peve_00031069	65.02354786	7
Porites_evermani_scaffold_442	30332	31444	gene-Peve_00031074	0.2873563103	29
Porites_evermani_scaffold_442	39506	40506	gene-Peve_00031082	0	1
Porites_evermani_scaffold_442	54262	61368	gene-Peve_00031083	0	56
Porites_evermani_scaffold_442	62733	65282	gene-Peve_00031060	8.707483	21
Porites_evermani_scaffold_442	67453	81878	gene-Peve_00031061	2.767145926	323
Porites_evermani_scaffold_442	82619	85810	gene-Peve_00031062	0.2119408393	112
Porites_evermani_scaffold_442	87575	89237	gene-Peve_00031063	0.2886002857	63
Porites_evermani_scaffold_442	89730	91476	gene-Peve_00031065	0.4771353016	63
Porites_evermani_scaffold_442	94329	96093	gene-Peve_00031066	0.3847337719	57
Porites_evermani_scaffold_442	99887	103287	gene-Peve_00031067	36.95060889	28
Porites_evermani_scaffold_442	104702	113624	gene-Peve_00031068	13.88967134	121
Porites_evermani_scaffold_442	114854	123013	gene-Peve_00031071	0.372784146	137
Porites_evermani_scaffold_442	125272	141237	gene-Peve_00031072	7.597608228	123
Porites_evermani_scaffold_442	133349	136408	gene-Peve_00031073	.	0
Porites_evermani_scaffold_442	153537	153897	gene-Peve_00031075	.	0
Porites_evermani_scaffold_442	177289	199147	gene-Peve_00031078	2.408846046	239
Porites_evermani_scaffold_442	202197	213184	gene-Peve_00031079	1.359875535	226
Porites_evermani_scaffold_442	216650	217432	gene-Peve_00031081	0	24
Porites_evermani_scaffold_442	226745	261065	gene-Peve_00031080	1.049731226	792
Porites_evermani_scaffold_4420	16161	16542	gene-Peve_00031084	.	0
Porites_evermani_scaffold_4420	19423	20274	gene-Peve_00031085	8.957692111	9
Porites_evermani_scaffold_4420	25003	25429	gene-Peve_00031086	.	0
Porites_evermani_scaffold_4421	11241	11610	gene-Peve_00031087	.	0
Porites_evermani_scaffold_4422	893	17296	gene-Peve_00031091	0.799575907	172
Porites_evermani_scaffold_4422	23260	24061	gene-Peve_00031092	.	0
Porites_evermani_scaffold_4423	782	3278	gene-Peve_00031093	91.6083915	2
Porites_evermani_scaffold_4423	5725	18115	gene-Peve_00031094	0.3416815814	86
Porites_evermani_scaffold_4424	1994	2584	gene-Peve_00031095	.	0
Porites_evermani_scaffold_4424	4707	5184	gene-Peve_00031096	.	0
Porites_evermani_scaffold_4424	5984	6461	gene-Peve_00031097	.	0
Porites_evermani_scaffold_4424	17684	18023	gene-Peve_00031098	.	0
Porites_evermani_scaffold_4425	2955	4322	gene-Peve_00031099	0.2849002963	27
Porites_evermani_scaffold_4425	6091	24261	gene-Peve_00031100	83.58497536	78
Porites_evermani_scaffold_4426	7206	9495	gene-Peve_00031101	26.79288012	26
Porites_evermani_scaffold_4426	10585	13791	gene-Peve_00031102	91.666667	1
Porites_evermani_scaffold_4426	17175	26450	gene-Peve_00031103	50.4545455	2
Porites_evermani_scaffold_4427	3493	13821	gene-Peve_00031104	36.45585719	47
Porites_evermani_scaffold_4427	17715	18548	gene-Peve_00031105	.	0
Porites_evermani_scaffold_4427	18766	21511	gene-Peve_00031106	90.909091	1
Porites_evermani_scaffold_4428	44	2330	gene-Peve_00031107	2.1555446	55
Porites_evermani_scaffold_4428	5819	20632	gene-Peve_00031109	0.5443741966	356
Porites_evermani_scaffold_4429	778	1312	gene-Peve_00031110	0	10
Porites_evermani_scaffold_4429	3330	7192	gene-Peve_00031111	0	1
Porites_evermani_scaffold_4429	8510	9431	gene-Peve_00031112	.	0
Porites_evermani_scaffold_4429	14111	18607	gene-Peve_00031113	0	17
Porites_evermani_scaffold_443	14076	15546	gene-Peve_00031116	.	0
Porites_evermani_scaffold_443	21251	21878	gene-Peve_00031138	.	0
Porites_evermani_scaffold_443	31558	32377	gene-Peve_00031114	.	0
Porites_evermani_scaffold_443	45555	48290	gene-Peve_00031115	.	0
Porites_evermani_scaffold_443	109368	109803	gene-Peve_00031118	.	0
Porites_evermani_scaffold_443	137469	138126	gene-Peve_00031119	.	0
Porites_evermani_scaffold_443	220458	221091	gene-Peve_00031125	3.728229	8
Porites_evermani_scaffold_443	221885	223307	gene-Peve_00031126	15.32831043	35
Porites_evermani_scaffold_443	224026	232997	gene-Peve_00031127	1.241343444	9
Porites_evermani_scaffold_443	233037	233529	gene-Peve_00031129	.	0
Porites_evermani_scaffold_443	235452	236190	gene-Peve_00031130	.	0
Porites_evermani_scaffold_443	237869	239645	gene-Peve_00031131	.	0
Porites_evermani_scaffold_443	240623	241331	gene-Peve_00031132	.	0
Porites_evermani_scaffold_443	242021	242759	gene-Peve_00031133	.	0
Porites_evermani_scaffold_443	244438	247335	gene-Peve_00031134	.	0
Porites_evermani_scaffold_443	247383	248940	gene-Peve_00031135	.	0
Porites_evermani_scaffold_443	250170	250781	gene-Peve_00031136	.	0
Porites_evermani_scaffold_443	251381	252617	gene-Peve_00031137	.	0
Porites_evermani_scaffold_443	253838	254878	gene-Peve_00031139	.	0
Porites_evermani_scaffold_4431	1028	5584	gene-Peve_00031141	65.8545301	49
Porites_evermani_scaffold_4431	5830	9158	gene-Peve_00031142	75.3145425	6
Porites_evermani_scaffold_4431	9294	20923	gene-Peve_00031143	0.4272043684	38
Porites_evermani_scaffold_4432	899	10591	gene-Peve_00031144	.	0
Porites_evermani_scaffold_4432	11762	13030	gene-Peve_00031145	.	0
Porites_evermani_scaffold_4433	4489	6046	gene-Peve_00031146	.	0
Porites_evermani_scaffold_4433	6355	9824	gene-Peve_00031147	.	0
Porites_evermani_scaffold_4433	10727	12269	gene-Peve_00031148	.	0
Porites_evermani_scaffold_4433	23241	25231	gene-Peve_00031149	.	0
Porites_evermani_scaffold_4434	1067	7555	gene-Peve_00031150	0	54
Porites_evermani_scaffold_4434	23932	25150	gene-Peve_00031151	0	15
Porites_evermani_scaffold_4435	3937	7508	gene-Peve_00031152	0.8823529412	17
Porites_evermani_scaffold_4435	11966	19016	gene-Peve_00031153	4.726261125	128
Porites_evermani_scaffold_4436	10	9612	gene-Peve_00031155	0.2	50
Porites_evermani_scaffold_4436	12823	19765	gene-Peve_00031158	0	19
Porites_evermani_scaffold_4436	20612	20933	gene-Peve_00031156	.	0
Porites_evermani_scaffold_4436	22531	23053	gene-Peve_00031157	.	0
Porites_evermani_scaffold_4437	2710	4951	gene-Peve_00031159	0.572510825	40
Porites_evermani_scaffold_4437	12249	12612	gene-Peve_00031160	.	0
Porites_evermani_scaffold_4438	17270	17930	gene-Peve_00031162	1.883190933	15
Porites_evermani_scaffold_4439	5778	7192	gene-Peve_00031163	0	43
Porites_evermani_scaffold_4439	10039	11531	gene-Peve_00031164	3.917748857	7
Porites_evermani_scaffold_444	1352	3456	gene-Peve_00031165	70	1
Porites_evermani_scaffold_444	10548	15443	gene-Peve_00031171	.	0
Porites_evermani_scaffold_444	31387	63122	gene-Peve_00031172	0.7017895942	828
Porites_evermani_scaffold_444	169724	172809	gene-Peve_00031166	34.5565452	41
Porites_evermani_scaffold_444	172984	185549	gene-Peve_00031167	43.81003698	57
Porites_evermani_scaffold_444	190602	230692	gene-Peve_00031168	21.81400916	537
Porites_evermani_scaffold_444	239061	239894	gene-Peve_00031169	0	1
Porites_evermani_scaffold_444	250451	264992	gene-Peve_00031170	4.111454054	355
Porites_evermani_scaffold_4440	6233	13567	gene-Peve_00031173	59.38147836	74
Porites_evermani_scaffold_4441	45	6129	gene-Peve_00031174	0	9
Porites_evermani_scaffold_4441	10431	26388	gene-Peve_00031175	1.225164652	227
Porites_evermani_scaffold_4442	1887	6327	gene-Peve_00031176	0	14
Porites_evermani_scaffold_4442	19842	20217	gene-Peve_00031178	0	10
Porites_evermani_scaffold_4442	21566	24245	gene-Peve_00031177	0.2645502593	27
Porites_evermani_scaffold_4443	2150	7061	gene-Peve_00031179	0.6334817841	88
Porites_evermani_scaffold_4443	8654	9767	gene-Peve_00031180	.	0
Porites_evermani_scaffold_4443	10974	22208	gene-Peve_00031181	0.0902583268	153
Porites_evermani_scaffold_4444	518	1478	gene-Peve_00031182	0.2304147419	31
Porites_evermani_scaffold_4444	9765	10752	gene-Peve_00031183	1.623376619	21
Porites_evermani_scaffold_4444	16813	17560	gene-Peve_00031184	0	15
Porites_evermani_scaffold_4445	4971	19830	gene-Peve_00031185	0.8556585714	175
Porites_evermani_scaffold_4446	603	1242	gene-Peve_00031187	.	0
Porites_evermani_scaffold_4446	2105	2681	gene-Peve_00031188	.	0
Porites_evermani_scaffold_4446	3222	7397	gene-Peve_00031189	8.06126124	100
Porites_evermani_scaffold_4446	21682	23830	gene-Peve_00031186	0.5681818125	16
Porites_evermani_scaffold_4447	236	3404	gene-Peve_00031190	43.80665633	18
Porites_evermani_scaffold_4447	3784	4660	gene-Peve_00031191	0.8695652174	23
Porites_evermani_scaffold_4447	7064	20512	gene-Peve_00031192	71.37247564	121
Porites_evermani_scaffold_4448	2839	11893	gene-Peve_00031194	0.261563	95
Porites_evermani_scaffold_4448	14951	26298	gene-Peve_00031195	0.239832179	162
Porites_evermani_scaffold_4449	1298	1784	gene-Peve_00031196	.	0
Porites_evermani_scaffold_4449	2428	2908	gene-Peve_00031197	.	0
Porites_evermani_scaffold_4449	5121	9180	gene-Peve_00031198	.	0
Porites_evermani_scaffold_4449	13804	15149	gene-Peve_00031199	0.8289124828	29
Porites_evermani_scaffold_445	259	3326	gene-Peve_00031200	0	20
Porites_evermani_scaffold_445	3812	8000	gene-Peve_00031205	0.9259258889	9
Porites_evermani_scaffold_445	16225	41319	gene-Peve_00031202	0.6443991712	368
Porites_evermani_scaffold_445	44312	67983	gene-Peve_00031203	2.254214363	212
Porites_evermani_scaffold_445	72534	87722	gene-Peve_00031204	0.2209596	110
Porites_evermani_scaffold_445	91418	92498	gene-Peve_00031206	1.136363625	8
Porites_evermani_scaffold_445	95242	96331	gene-Peve_00031207	0	8
Porites_evermani_scaffold_445	104796	105885	gene-Peve_00031208	0	4
Porites_evermani_scaffold_445	106070	115957	gene-Peve_00031209	30.53579712	72
Porites_evermani_scaffold_445	116024	137003	gene-Peve_00031210	63.21042262	237
Porites_evermani_scaffold_445	140309	146950	gene-Peve_00031211	48.73785217	52
Porites_evermani_scaffold_445	150232	154290	gene-Peve_00031212	62.40825835	84
Porites_evermani_scaffold_445	160760	165940	gene-Peve_00031213	1.345450913	115
Porites_evermani_scaffold_445	174444	178189	gene-Peve_00031214	4.044953444	36
Porites_evermani_scaffold_445	209039	209708	gene-Peve_00031215	.	0
Porites_evermani_scaffold_445	237788	238898	gene-Peve_00031218	.	0
Porites_evermani_scaffold_4450	366	21356	gene-Peve_00031221	0.3565062353	51
Porites_evermani_scaffold_4450	22440	25459	gene-Peve_00031222	0.6944444167	12
Porites_evermani_scaffold_4451	119	14506	gene-Peve_00031223	12.60366363	32
Porites_evermani_scaffold_4451	16935	18585	gene-Peve_00031225	.	0
Porites_evermani_scaffold_4451	21471	22923	gene-Peve_00031226	.	0
Porites_evermani_scaffold_4452	8506	18201	gene-Peve_00031227	7.768595	11
Porites_evermani_scaffold_4453	7711	15983	gene-Peve_00031228	0.7276337672	189
Porites_evermani_scaffold_4454	16356	26251	gene-Peve_00031230	72.39354394	16
Porites_evermani_scaffold_4455	43	22814	gene-Peve_00031231	0	11
Porites_evermani_scaffold_4456	481	1432	gene-Peve_00031232	0.3472222187	32
Porites_evermani_scaffold_4456	9425	26219	gene-Peve_00031233	0.482202	337
Porites_evermani_scaffold_4457	1484	3521	gene-Peve_00031234	92.25237868	22
Porites_evermani_scaffold_4457	6054	11906	gene-Peve_00031235	1.325082784	116
Porites_evermani_scaffold_4457	14844	15765	gene-Peve_00031236	0	2
Porites_evermani_scaffold_4458	1515	9721	gene-Peve_00031238	0	6
Porites_evermani_scaffold_4458	11912	21262	gene-Peve_00031237	0	4
Porites_evermani_scaffold_4458	23805	25878	gene-Peve_00031239	.	0
Porites_evermani_scaffold_4459	3621	15084	gene-Peve_00031240	9.782073283	53
Porites_evermani_scaffold_4459	16634	19440	gene-Peve_00031241	12.077922	7
Porites_evermani_scaffold_446	16140	20659	gene-Peve_00031248	0	6
Porites_evermani_scaffold_446	23955	24813	gene-Peve_00031258	95	2
Porites_evermani_scaffold_446	26385	27807	gene-Peve_00031261	85.25932413	8
Porites_evermani_scaffold_446	31818	38643	gene-Peve_00031247	58.12191466	29
Porites_evermani_scaffold_446	48219	49024	gene-Peve_00031250	8.333333	1
Porites_evermani_scaffold_446	71988	85098	gene-Peve_00031253	45.04373986	241
Porites_evermani_scaffold_446	94726	95307	gene-Peve_00031254	63.18025458	12
Porites_evermani_scaffold_446	98328	99134	gene-Peve_00031255	85.48791565	26
Porites_evermani_scaffold_446	116910	117648	gene-Peve_00031257	58.4972645	14
Porites_evermani_scaffold_446	133654	134896	gene-Peve_00031259	62.65997212	26
Porites_evermani_scaffold_446	137155	140761	gene-Peve_00031260	70.84551265	40
Porites_evermani_scaffold_446	155412	157282	gene-Peve_00031262	28.3071095	8
Porites_evermani_scaffold_446	158981	159302	gene-Peve_00031263	.	0
Porites_evermani_scaffold_446	165705	166407	gene-Peve_00031265	.	0
Porites_evermani_scaffold_446	182189	183180	gene-Peve_00031267	75	1
Porites_evermani_scaffold_446	194969	196110	gene-Peve_00031268	49.22405321	14
Porites_evermani_scaffold_446	208964	210802	gene-Peve_00031271	46.77185911	35
Porites_evermani_scaffold_446	218385	219488	gene-Peve_00031273	15.76593404	25
Porites_evermani_scaffold_446	220365	222246	gene-Peve_00031243	10.21164011	9
Porites_evermani_scaffold_446	222748	229461	gene-Peve_00031242	58.3372978	61
Porites_evermani_scaffold_446	237980	240144	gene-Peve_00031244	.	0
Porites_evermani_scaffold_446	241834	243998	gene-Peve_00031245	.	0
Porites_evermani_scaffold_446	248111	248450	gene-Peve_00031246	28.925972	8
Porites_evermani_scaffold_4460	3370	4453	gene-Peve_00031276	31.60956694	17
Porites_evermani_scaffold_4460	15607	18631	gene-Peve_00031274	0.2841123012	83
Porites_evermani_scaffold_4461	4673	5648	gene-Peve_00031278	0	21
Porites_evermani_scaffold_4461	12868	26144	gene-Peve_00031279	54.12138796	113
Porites_evermani_scaffold_4462	1872	9980	gene-Peve_00031280	42.23244469	35
Porites_evermani_scaffold_4462	10230	15035	gene-Peve_00031281	25	4
Porites_evermani_scaffold_4464	2	2984	gene-Peve_00031286	1.739926714	14
Porites_evermani_scaffold_4464	4151	26090	gene-Peve_00031287	5.589531673	55
Porites_evermani_scaffold_4465	28	3718	gene-Peve_00031288	38.18236444	48
Porites_evermani_scaffold_4465	6521	7934	gene-Peve_00031289	23.65659723	13
Porites_evermani_scaffold_4465	14060	25791	gene-Peve_00031290	29.18805796	82
Porites_evermani_scaffold_4466	353	22056	gene-Peve_00031291	0.6719080301	564
Porites_evermani_scaffold_4468	22746	23352	gene-Peve_00031292	89.49849175	4
Porites_evermani_scaffold_4469	8880	11827	gene-Peve_00031293	75.57560117	29
Porites_evermani_scaffold_4469	14943	18872	gene-Peve_00031294	0.8160808509	114
Porites_evermani_scaffold_447	1708	2053	gene-Peve_00031295	0	3
Porites_evermani_scaffold_447	7462	13268	gene-Peve_00031303	0.2093663909	110
Porites_evermani_scaffold_447	16480	19476	gene-Peve_00031316	0.3864734348	69
Porites_evermani_scaffold_447	21997	24896	gene-Peve_00031317	0.4098572462	65
Porites_evermani_scaffold_447	29233	33169	gene-Peve_00031319	0	1
Porites_evermani_scaffold_447	29901	30531	gene-Peve_00031320	.	0
Porites_evermani_scaffold_447	34821	35499	gene-Peve_00031296	.	0
Porites_evermani_scaffold_447	37450	38128	gene-Peve_00031297	.	0
Porites_evermani_scaffold_447	45739	47170	gene-Peve_00031298	0.2604166667	24
Porites_evermani_scaffold_447	51027	53555	gene-Peve_00031299	0.270966597	67
Porites_evermani_scaffold_447	89850	103490	gene-Peve_00031300	1.356130365	296
Porites_evermani_scaffold_447	105068	119648	gene-Peve_00031301	6.317110059	135
Porites_evermani_scaffold_447	121435	150400	gene-Peve_00031302	34.25722512	420
Porites_evermani_scaffold_447	164628	182565	gene-Peve_00031304	10.70869652	536
Porites_evermani_scaffold_447	172149	172698	gene-Peve_00031307	39.81065208	13
Porites_evermani_scaffold_447	172760	173745	gene-Peve_00031308	33.52289365	49
Porites_evermani_scaffold_447	185451	188700	gene-Peve_00031311	95	2
Porites_evermani_scaffold_447	193747	195131	gene-Peve_00031305	.	0
Porites_evermani_scaffold_447	197846	202864	gene-Peve_00031314	83.81350181	43
Porites_evermani_scaffold_447	205035	241541	gene-Peve_00031315	23.55191086	474
Porites_evermani_scaffold_447	253257	265781	gene-Peve_00031318	0.8907680453	287
Porites_evermani_scaffold_4470	8055	25656	gene-Peve_00031321	0.8178015438	445
Porites_evermani_scaffold_4470	17594	19194	gene-Peve_00031322	0.91971	63
Porites_evermani_scaffold_4472	4793	5970	gene-Peve_00031323	0	7
Porites_evermani_scaffold_4473	686	8431	gene-Peve_00031324	78.2504484	55
Porites_evermani_scaffold_4473	11572	21227	gene-Peve_00031325	48.07120528	68
Porites_evermani_scaffold_4474	675	20345	gene-Peve_00031326	34.35897438	13
Porites_evermani_scaffold_4474	20841	25272	gene-Peve_00031328	.	0
Porites_evermani_scaffold_4475	1250	13188	gene-Peve_00031329	12.16450217	42
Porites_evermani_scaffold_4475	13558	20563	gene-Peve_00031330	73.40909092	12
Porites_evermani_scaffold_4475	22368	22782	gene-Peve_00031331	.	0
Porites_evermani_scaffold_4476	1510	2137	gene-Peve_00031332	4.653190565	23
Porites_evermani_scaffold_4476	3283	5967	gene-Peve_00031333	0	19
Porites_evermani_scaffold_4476	5979	6468	gene-Peve_00031335	1.66666675	4
Porites_evermani_scaffold_4476	7558	20476	gene-Peve_00031334	3.525927247	154
Porites_evermani_scaffold_4477	1290	1827	gene-Peve_00031336	0.6818181786	28
Porites_evermani_scaffold_4477	4634	8209	gene-Peve_00031337	0.4684370656	61
Porites_evermani_scaffold_4478	6899	12220	gene-Peve_00031338	0	3
Porites_evermani_scaffold_4479	6643	8290	gene-Peve_00031340	0	1
Porites_evermani_scaffold_4479	12567	20260	gene-Peve_00031341	0.3246753214	28
Porites_evermani_scaffold_4479	20198	25725	gene-Peve_00031342	0.2986148532	109
Porites_evermani_scaffold_448	18282	31408	gene-Peve_00031343	3.2948718	40
Porites_evermani_scaffold_448	27095	28212	gene-Peve_00031350	0	1
Porites_evermani_scaffold_448	32321	32711	gene-Peve_00031351	1.5384616	5
Porites_evermani_scaffold_448	47304	48131	gene-Peve_00031354	.	0
Porites_evermani_scaffold_448	48810	54810	gene-Peve_00031362	0.6124401895	95
Porites_evermani_scaffold_448	54816	85106	gene-Peve_00031363	1.024144405	126
Porites_evermani_scaffold_448	84359	91206	gene-Peve_00031368	0	45
Porites_evermani_scaffold_448	88856	89223	gene-Peve_00031369	0	16
Porites_evermani_scaffold_448	94010	94383	gene-Peve_00031370	1.388888833	6
Porites_evermani_scaffold_448	109221	113461	gene-Peve_00031345	.	0
Porites_evermani_scaffold_448	117114	126711	gene-Peve_00031346	81.63866008	53
Porites_evermani_scaffold_448	130960	132441	gene-Peve_00031347	93.36999731	26
Porites_evermani_scaffold_448	138666	156060	gene-Peve_00031348	0.4472559366	426
Porites_evermani_scaffold_448	163203	166479	gene-Peve_00031349	0.09950523967	121
Porites_evermani_scaffold_448	173950	178913	gene-Peve_00031352	0.49007348	150
Porites_evermani_scaffold_448	187955	191379	gene-Peve_00031353	0.5561008721	86
Porites_evermani_scaffold_448	196268	197687	gene-Peve_00031355	0.2564102564	39
Porites_evermani_scaffold_448	199647	201510	gene-Peve_00031356	0.658218027	37
Porites_evermani_scaffold_448	203551	209847	gene-Peve_00031357	51.45196581	36
Porites_evermani_scaffold_448	223684	227524	gene-Peve_00031358	0.6172935613	155
Porites_evermani_scaffold_448	234618	239268	gene-Peve_00031359	22.56410257	14
Porites_evermani_scaffold_448	239345	245117	gene-Peve_00031360	29.02777787	8
Porites_evermani_scaffold_448	240352	240885	gene-Peve_00031361	.	0
Porites_evermani_scaffold_448	246793	247747	gene-Peve_00031364	0.6063874651	43
Porites_evermani_scaffold_448	248556	248963	gene-Peve_00031365	10	5
Porites_evermani_scaffold_448	249109	256496	gene-Peve_00031366	0.9657016482	253
Porites_evermani_scaffold_448	259944	262262	gene-Peve_00031367	91.57586379	28
Porites_evermani_scaffold_4480	2273	17209	gene-Peve_00031371	2.057397734	248
Porites_evermani_scaffold_4480	21596	22646	gene-Peve_00031372	0	7
Porites_evermani_scaffold_4481	18003	20294	gene-Peve_00031374	.	0
Porites_evermani_scaffold_4481	22469	22802	gene-Peve_00031373	0	1
Porites_evermani_scaffold_4482	643	24319	gene-Peve_00031375	20.91853948	159
Porites_evermani_scaffold_4483	7	1753	gene-Peve_00031376	84.34059307	15
Porites_evermani_scaffold_4483	7862	10669	gene-Peve_00031377	66.760101	20
Porites_evermani_scaffold_4483	10980	12690	gene-Peve_00031378	46.195055	8
Porites_evermani_scaffold_4483	14164	17395	gene-Peve_00031379	0.5509196765	102
Porites_evermani_scaffold_4483	20012	20582	gene-Peve_00031380	1.03653531	29
Porites_evermani_scaffold_4484	436	1481	gene-Peve_00031381	0	4
Porites_evermani_scaffold_4484	2344	18580	gene-Peve_00031382	0.4945836933	75
Porites_evermani_scaffold_4485	7845	23541	gene-Peve_00031383	8.073512174	23
Porites_evermani_scaffold_4486	7655	13587	gene-Peve_00031384	11.97551888	33
Porites_evermani_scaffold_4486	16252	25395	gene-Peve_00031385	1.021078421	216
Porites_evermani_scaffold_4487	968	9679	gene-Peve_00031386	1.111111111	9
Porites_evermani_scaffold_4487	12586	17896	gene-Peve_00031387	100	1
Porites_evermani_scaffold_4488	7412	20071	gene-Peve_00031388	7.750794655	55
Porites_evermani_scaffold_4489	2	8476	gene-Peve_00031389	.	0
Porites_evermani_scaffold_4489	10800	12558	gene-Peve_00031390	0.1366120164	61
Porites_evermani_scaffold_4489	13314	13914	gene-Peve_00031391	0	4
Porites_evermani_scaffold_4489	17657	25697	gene-Peve_00031392	1.020649734	252
Porites_evermani_scaffold_449	1919	10280	gene-Peve_00031393	63.65227168	166
Porites_evermani_scaffold_449	10867	80503	gene-Peve_00031401	23.30120951	1308
Porites_evermani_scaffold_449	12819	13266	gene-Peve_00031405	0	3
Porites_evermani_scaffold_449	26978	29046	gene-Peve_00031394	2.046128476	84
Porites_evermani_scaffold_449	80750	82614	gene-Peve_00031395	36.99065476	21
Porites_evermani_scaffold_449	86072	86663	gene-Peve_00031396	0.2976190476	21
Porites_evermani_scaffold_449	86877	108756	gene-Peve_00031397	66.79326547	375
Porites_evermani_scaffold_449	93311	93670	gene-Peve_00031398	100	1
Porites_evermani_scaffold_449	100563	101796	gene-Peve_00031400	17.22321325	36
Porites_evermani_scaffold_449	112946	117884	gene-Peve_00031402	45.4548056	50
Porites_evermani_scaffold_449	153926	157659	gene-Peve_00031404	45.16926852	42
Porites_evermani_scaffold_449	162616	189441	gene-Peve_00031406	39.22849195	449
Porites_evermani_scaffold_449	189547	190429	gene-Peve_00031407	3.741496619	21
Porites_evermani_scaffold_449	196536	208430	gene-Peve_00031408	57.33077066	154
Porites_evermani_scaffold_449	213789	219130	gene-Peve_00031409	62.92220923	84
Porites_evermani_scaffold_449	219135	222893	gene-Peve_00031410	43.0280969	30
Porites_evermani_scaffold_449	225568	226489	gene-Peve_00031411	0	41
Porites_evermani_scaffold_449	236286	250307	gene-Peve_00031412	14.1795576	321
Porites_evermani_scaffold_449	254100	260919	gene-Peve_00031413	6.026022812	133
Porites_evermani_scaffold_4490	1663	2078	gene-Peve_00031414	0	4
Porites_evermani_scaffold_4490	8014	8848	gene-Peve_00031415	0.2450142444	45
Porites_evermani_scaffold_4490	15498	16128	gene-Peve_00031416	0	27
Porites_evermani_scaffold_4491	0	5628	gene-Peve_00031417	75.84175089	9
Porites_evermani_scaffold_4491	8691	23224	gene-Peve_00031418	26.66666667	3
Porites_evermani_scaffold_4492	0	855	gene-Peve_00031420	0	4
Porites_evermani_scaffold_4492	2529	22571	gene-Peve_00031421	13.8127262	66
Porites_evermani_scaffold_4493	9380	14299	gene-Peve_00031422	0	1
Porites_evermani_scaffold_4493	24302	25577	gene-Peve_00031423	0	4
Porites_evermani_scaffold_4494	7519	9265	gene-Peve_00031424	.	0
Porites_evermani_scaffold_4494	21090	25372	gene-Peve_00031425	87.34292891	22
Porites_evermani_scaffold_4495	2291	4855	gene-Peve_00031426	0	61
Porites_evermani_scaffold_4495	18791	19484	gene-Peve_00031428	0.2032520244	41
Porites_evermani_scaffold_4495	20620	22127	gene-Peve_00031429	0.2228836	90
Porites_evermani_scaffold_4496	12040	21429	gene-Peve_00031430	0.5128205128	39
Porites_evermani_scaffold_4497	11797	25367	gene-Peve_00031431	0.9362859231	39
Porites_evermani_scaffold_4498	2044	16259	gene-Peve_00031432	0.7371654076	157
Porites_evermani_scaffold_4499	3074	3425	gene-Peve_00031433	4.1666665	2
Porites_evermani_scaffold_4499	4602	5636	gene-Peve_00031435	27.19626509	11
Porites_evermani_scaffold_4499	7670	8423	gene-Peve_00031434	.	0
Porites_evermani_scaffold_45	6053	12413	gene-Peve_00031436	58.73156826	57
Porites_evermani_scaffold_45	15293	22832	gene-Peve_00031464	52.00929256	75
Porites_evermani_scaffold_45	29592	30621	gene-Peve_00031437	0	27
Porites_evermani_scaffold_45	30878	36964	gene-Peve_00031443	0.4902181398	186
Porites_evermani_scaffold_45	47420	77715	gene-Peve_00031452	9.803947135	548
Porites_evermani_scaffold_45	77880	84405	gene-Peve_00031455	34.89429925	85
Porites_evermani_scaffold_45	88745	94635	gene-Peve_00031456	62.54200568	84
Porites_evermani_scaffold_45	100813	103276	gene-Peve_00031457	22.22945988	68
Porites_evermani_scaffold_45	140035	143449	gene-Peve_00031458	0.3091024206	107
Porites_evermani_scaffold_45	161487	185544	gene-Peve_00031459	0.8170356525	590
Porites_evermani_scaffold_45	193304	239955	gene-Peve_00031460	1.057994989	942
Porites_evermani_scaffold_45	242027	257920	gene-Peve_00031461	5.3127354	385
Porites_evermani_scaffold_45	292966	296327	gene-Peve_00031463	1.324562545	88
Porites_evermani_scaffold_45	330840	361745	gene-Peve_00031465	0.6555198791	736
Porites_evermani_scaffold_45	364203	369557	gene-Peve_00031466	0.2870776364	154
Porites_evermani_scaffold_45	379571	380728	gene-Peve_00031467	1.805555556	36
Porites_evermani_scaffold_45	381501	393571	gene-Peve_00031468	46.29126822	143
Porites_evermani_scaffold_45	397638	400343	gene-Peve_00031469	0.3729603718	78
Porites_evermani_scaffold_45	406645	423219	gene-Peve_00031470	6.993902181	326
Porites_evermani_scaffold_45	423660	429558	gene-Peve_00031471	0.1440576218	119
Porites_evermani_scaffold_45	433452	437230	gene-Peve_00031472	68.27653891	35
Porites_evermani_scaffold_45	438769	444396	gene-Peve_00031473	49.38254696	95
Porites_evermani_scaffold_45	452363	472859	gene-Peve_00031438	18.77584611	264
Porites_evermani_scaffold_45	476108	476837	gene-Peve_00031439	1.428571429	7
Porites_evermani_scaffold_45	477548	478544	gene-Peve_00031440	0	36
Porites_evermani_scaffold_45	482420	487531	gene-Peve_00031441	87.43829615	87
Porites_evermani_scaffold_45	492312	522896	gene-Peve_00031442	67.48931002	364
Porites_evermani_scaffold_45	524365	533779	gene-Peve_00031444	48.01547092	93
Porites_evermani_scaffold_45	554478	558114	gene-Peve_00031445	0.6863989106	123
Porites_evermani_scaffold_45	558844	564798	gene-Peve_00031446	19.51071757	91
Porites_evermani_scaffold_45	568520	571962	gene-Peve_00031447	28.27872129	35
Porites_evermani_scaffold_45	575147	583153	gene-Peve_00031448	15.44265094	93
Porites_evermani_scaffold_45	597338	612126	gene-Peve_00031449	0.425472312	359
Porites_evermani_scaffold_45	615804	621578	gene-Peve_00031450	0.2924699305	187
Porites_evermani_scaffold_45	627093	668290	gene-Peve_00031451	16.03111685	589
Porites_evermani_scaffold_450	45265	58501	gene-Peve_00031485	1.156725355	287
Porites_evermani_scaffold_450	60995	61823	gene-Peve_00031474	.	0
Porites_evermani_scaffold_450	65773	67789	gene-Peve_00031475	.	0
Porites_evermani_scaffold_450	69201	69579	gene-Peve_00031477	.	0
Porites_evermani_scaffold_450	85960	124476	gene-Peve_00031478	22.9780657	374
Porites_evermani_scaffold_450	92827	98886	gene-Peve_00031479	51.728373	58
Porites_evermani_scaffold_450	99202	105871	gene-Peve_00031480	76.39758547	38
Porites_evermani_scaffold_450	129164	141363	gene-Peve_00031481	10.279167	13
Porites_evermani_scaffold_450	147129	151475	gene-Peve_00031482	.	0
Porites_evermani_scaffold_450	158935	161569	gene-Peve_00031483	0	14
Porites_evermani_scaffold_450	185897	189205	gene-Peve_00031486	0.5564830638	94
Porites_evermani_scaffold_450	194513	195033	gene-Peve_00031487	0	12
Porites_evermani_scaffold_450	196655	199637	gene-Peve_00031488	0	50
Porites_evermani_scaffold_450	209000	223744	gene-Peve_00031489	39.78761119	31
Porites_evermani_scaffold_450	225819	229900	gene-Peve_00031490	0.6014801864	118
Porites_evermani_scaffold_450	235626	241004	gene-Peve_00031491	2.08333325	4
Porites_evermani_scaffold_450	242924	247702	gene-Peve_00031492	.	0
Porites_evermani_scaffold_450	250521	251433	gene-Peve_00031493	.	0
Porites_evermani_scaffold_4500	6224	7230	gene-Peve_00031494	0.2481389677	31
Porites_evermani_scaffold_4500	11136	17651	gene-Peve_00031495	1.666666667	6
Porites_evermani_scaffold_4501	6052	6820	gene-Peve_00031496	0	1
Porites_evermani_scaffold_4501	14724	20029	gene-Peve_00031497	1.025281902	51
Porites_evermani_scaffold_4502	1094	16898	gene-Peve_00031498	1.563222028	318
Porites_evermani_scaffold_4503	1913	6876	gene-Peve_00031499	41.6951513	30
Porites_evermani_scaffold_4503	18223	25195	gene-Peve_00031500	94.80186478	9
Porites_evermani_scaffold_4504	17216	17809	gene-Peve_00031501	46.21206433	18
Porites_evermani_scaffold_4504	25084	25388	gene-Peve_00031502	.	0
Porites_evermani_scaffold_4505	0	1012	gene-Peve_00031503	.	0
Porites_evermani_scaffold_4505	1143	5806	gene-Peve_00031504	.	0
Porites_evermani_scaffold_4505	7638	8223	gene-Peve_00031505	.	0
Porites_evermani_scaffold_4505	10692	12896	gene-Peve_00031506	.	0
Porites_evermani_scaffold_4506	296	1856	gene-Peve_00031507	.	0
Porites_evermani_scaffold_4506	3282	3663	gene-Peve_00031509	.	0
Porites_evermani_scaffold_4506	4066	4414	gene-Peve_00031510	.	0
Porites_evermani_scaffold_4507	7858	22623	gene-Peve_00031511	2.076104574	331
Porites_evermani_scaffold_4508	1407	25334	gene-Peve_00031512	8.597276098	224
Porites_evermani_scaffold_4509	3388	6165	gene-Peve_00031513	0	1
Porites_evermani_scaffold_4509	7631	8704	gene-Peve_00031514	0.6993007273	11
Porites_evermani_scaffold_4509	12286	21403	gene-Peve_00031515	96.81818183	6
Porites_evermani_scaffold_451	4814	6958	gene-Peve_00031521	.	0
Porites_evermani_scaffold_451	16744	20286	gene-Peve_00031523	.	0
Porites_evermani_scaffold_451	92321	117029	gene-Peve_00031524	2.068668612	498
Porites_evermani_scaffold_451	123070	132777	gene-Peve_00031516	3.545673	308
Porites_evermani_scaffold_451	161125	163892	gene-Peve_00031519	0.2391886716	67
Porites_evermani_scaffold_451	185678	186182	gene-Peve_00031520	0	6
Porites_evermani_scaffold_451	219095	228110	gene-Peve_00031517	1.619549866	269
Porites_evermani_scaffold_451	229418	240746	gene-Peve_00031518	1.339112725	284
Porites_evermani_scaffold_4510	984	20301	gene-Peve_00031525	10.13774106	33
Porites_evermani_scaffold_4511	4881	12927	gene-Peve_00031526	0.652708367	188
Porites_evermani_scaffold_4511	15396	21866	gene-Peve_00031527	23.11651582	57
Porites_evermani_scaffold_4512	9790	17795	gene-Peve_00031528	1.067816741	58
Porites_evermani_scaffold_4513	1277	3456	gene-Peve_00031529	0.6410019802	101
Porites_evermani_scaffold_4513	17066	20434	gene-Peve_00031530	39.56843925	83
Porites_evermani_scaffold_4514	775	5036	gene-Peve_00031531	0.151753011	91
Porites_evermani_scaffold_4514	5683	6307	gene-Peve_00031533	0	14
Porites_evermani_scaffold_4514	17177	17697	gene-Peve_00031534	.	0
Porites_evermani_scaffold_4514	18441	21345	gene-Peve_00031535	37.1212122	5
Porites_evermani_scaffold_4514	22418	22841	gene-Peve_00031532	.	0
Porites_evermani_scaffold_4515	0	5275	gene-Peve_00031536	2.315872529	17
Porites_evermani_scaffold_4515	6051	13607	gene-Peve_00031537	0.2897316842	190
Porites_evermani_scaffold_4515	22933	24913	gene-Peve_00031538	1.447669972	36
Porites_evermani_scaffold_4516	14101	18101	gene-Peve_00031539	0.2001828824	68
Porites_evermani_scaffold_4517	8613	18346	gene-Peve_00031540	0	16
Porites_evermani_scaffold_4518	3927	6248	gene-Peve_00031541	0.4298242187	32
Porites_evermani_scaffold_4518	16966	17805	gene-Peve_00031542	0	7
Porites_evermani_scaffold_4519	391	1919	gene-Peve_00031543	0	2
Porites_evermani_scaffold_4519	6785	9263	gene-Peve_00031545	0.890613439	41
Porites_evermani_scaffold_4519	20475	22731	gene-Peve_00031544	1.0158932	55
Porites_evermani_scaffold_452	18104	18635	gene-Peve_00031546	.	0
Porites_evermani_scaffold_452	26216	30588	gene-Peve_00031554	51.12349445	31
Porites_evermani_scaffold_452	30641	36601	gene-Peve_00031561	83.09117056	43
Porites_evermani_scaffold_452	39002	44901	gene-Peve_00031568	43.28798488	94
Porites_evermani_scaffold_452	45171	46903	gene-Peve_00031569	34.00252531	16
Porites_evermani_scaffold_452	48819	57541	gene-Peve_00031547	0.7257036579	152
Porites_evermani_scaffold_452	62665	64452	gene-Peve_00031548	0.31515152	50
Porites_evermani_scaffold_452	72140	73970	gene-Peve_00031549	.	0
Porites_evermani_scaffold_452	77809	88163	gene-Peve_00031550	0.2272727273	44
Porites_evermani_scaffold_452	82872	84433	gene-Peve_00031551	.	0
Porites_evermani_scaffold_452	86028	86577	gene-Peve_00031552	.	0
Porites_evermani_scaffold_452	90176	91755	gene-Peve_00031553	0	12
Porites_evermani_scaffold_452	95679	100548	gene-Peve_00031556	0.7947934412	102
Porites_evermani_scaffold_452	109933	112879	gene-Peve_00031555	2.777777667	3
Porites_evermani_scaffold_452	115901	146632	gene-Peve_00031557	19.97067469	542
Porites_evermani_scaffold_452	146741	155203	gene-Peve_00031558	55.70195535	125
Porites_evermani_scaffold_452	156845	162649	gene-Peve_00031559	37.13300825	75
Porites_evermani_scaffold_452	162736	170842	gene-Peve_00031560	70.2212674	57
Porites_evermani_scaffold_452	171916	172845	gene-Peve_00031562	41.2893218	10
Porites_evermani_scaffold_452	172867	186667	gene-Peve_00031563	18.85101092	149
Porites_evermani_scaffold_452	199408	201919	gene-Peve_00031564	4.543515733	75
Porites_evermani_scaffold_452	209600	209942	gene-Peve_00031565	.	0
Porites_evermani_scaffold_452	216422	217199	gene-Peve_00031566	0	32
Porites_evermani_scaffold_452	217973	260677	gene-Peve_00031567	20.63362873	608
Porites_evermani_scaffold_4520	4771	5995	gene-Peve_00031570	.	0
Porites_evermani_scaffold_4521	11502	21837	gene-Peve_00031571	0.4200662711	284
Porites_evermani_scaffold_4522	12297	13521	gene-Peve_00031573	1.904761893	28
Porites_evermani_scaffold_4523	474	6358	gene-Peve_00031574	.	0
Porites_evermani_scaffold_4523	7401	12285	gene-Peve_00031575	2.619047625	8
Porites_evermani_scaffold_4523	14629	16723	gene-Peve_00031576	0	4
Porites_evermani_scaffold_4524	8593	13916	gene-Peve_00031577	1.06556928	150
Porites_evermani_scaffold_4525	4135	16034	gene-Peve_00031578	0.05096840367	109
Porites_evermani_scaffold_4526	8328	8796	gene-Peve_00031580	0	6
Porites_evermani_scaffold_4527	1127	3291	gene-Peve_00031581	1.9090909	10
Porites_evermani_scaffold_4527	13907	18530	gene-Peve_00031582	0	61
Porites_evermani_scaffold_4528	14144	16577	gene-Peve_00031583	0.9755547115	52
Porites_evermani_scaffold_453	208	3680	gene-Peve_00031584	51.88869139	54
Porites_evermani_scaffold_453	27444	40690	gene-Peve_00031585	19.23576894	176
Porites_evermani_scaffold_453	43373	55326	gene-Peve_00031586	42.75656029	203
Porites_evermani_scaffold_453	55938	67873	gene-Peve_00031587	46.91658464	155
Porites_evermani_scaffold_453	67890	82649	gene-Peve_00031588	0.3784186	300
Porites_evermani_scaffold_453	85146	85926	gene-Peve_00031589	1.461640222	18
Porites_evermani_scaffold_453	87993	89112	gene-Peve_00031590	2.299536406	32
Porites_evermani_scaffold_453	96753	135592	gene-Peve_00031591	0.4900700063	949
Porites_evermani_scaffold_453	140894	151785	gene-Peve_00031592	0.5025680045	222
Porites_evermani_scaffold_453	160580	169215	gene-Peve_00031593	22.68223303	130
Porites_evermani_scaffold_453	169555	174125	gene-Peve_00031594	0.4861804818	110
Porites_evermani_scaffold_453	174493	187849	gene-Peve_00031595	0.2651464641	334
Porites_evermani_scaffold_453	189318	189738	gene-Peve_00031596	0	25
Porites_evermani_scaffold_453	190646	191168	gene-Peve_00031597	0.5681818182	11
Porites_evermani_scaffold_453	192077	204155	gene-Peve_00031598	0.5804346537	283
Porites_evermani_scaffold_453	211076	217254	gene-Peve_00031599	0.6871024265	136
Porites_evermani_scaffold_453	226886	245177	gene-Peve_00031600	7.455488481	387
Porites_evermani_scaffold_453	246897	256437	gene-Peve_00031601	0.2426731392	158
Porites_evermani_scaffold_4530	1587	12446	gene-Peve_00031602	1.760190448	116
Porites_evermani_scaffold_4531	13873	16844	gene-Peve_00031603	.	0
Porites_evermani_scaffold_4531	22653	23163	gene-Peve_00031604	.	0
Porites_evermani_scaffold_4532	11686	14919	gene-Peve_00031605	34.17024341	46
Porites_evermani_scaffold_4532	21264	21969	gene-Peve_00031606	0.2645502593	27
Porites_evermani_scaffold_4533	88	9587	gene-Peve_00031607	91.19549247	75
Porites_evermani_scaffold_4533	13799	24988	gene-Peve_00031608	0.2963309689	193
Porites_evermani_scaffold_4534	11709	24795	gene-Peve_00031609	1.042563164	292
Porites_evermani_scaffold_4535	6955	16334	gene-Peve_00031610	0.3205128077	26
Porites_evermani_scaffold_4535	9973	10400	gene-Peve_00031611	0	1
Porites_evermani_scaffold_4535	17639	21442	gene-Peve_00031612	36.66666667	3
Porites_evermani_scaffold_4536	2721	21340	gene-Peve_00031613	46.40270196	94
Porites_evermani_scaffold_4537	11783	12584	gene-Peve_00031614	.	0
Porites_evermani_scaffold_4539	15132	17324	gene-Peve_00031615	41.56451036	44
Porites_evermani_scaffold_454	7196	53264	gene-Peve_00031617	13.63699994	524
Porites_evermani_scaffold_454	27501	41899	gene-Peve_00031622	6.9279348	25
Porites_evermani_scaffold_454	60435	74374	gene-Peve_00031629	61.8939661	157
Porites_evermani_scaffold_454	74572	85218	gene-Peve_00031630	12.23937616	224
Porites_evermani_scaffold_454	89248	96896	gene-Peve_00031618	0.3159944762	189
Porites_evermani_scaffold_454	99676	102379	gene-Peve_00031619	0.535566338	71
Porites_evermani_scaffold_454	106578	182153	gene-Peve_00031620	0.4989012846	1880
Porites_evermani_scaffold_454	186036	225730	gene-Peve_00031623	0.5116461164	868
Porites_evermani_scaffold_454	231235	232303	gene-Peve_00031624	0.1633986863	51
Porites_evermani_scaffold_454	236209	239449	gene-Peve_00031625	0.1068376026	78
Porites_evermani_scaffold_454	246423	247290	gene-Peve_00031626	1.654328677	31
Porites_evermani_scaffold_454	252257	254818	gene-Peve_00031627	0.3272330897	78
Porites_evermani_scaffold_4541	4985	5578	gene-Peve_00031631	15	2
Porites_evermani_scaffold_4541	9211	11517	gene-Peve_00031632	44.11477417	6
Porites_evermani_scaffold_4541	14868	21180	gene-Peve_00031633	0	25
Porites_evermani_scaffold_4542	6817	7357	gene-Peve_00031634	.	0
Porites_evermani_scaffold_4543	8382	10540	gene-Peve_00031635	0	2
Porites_evermani_scaffold_4543	22586	24627	gene-Peve_00031636	.	0
Porites_evermani_scaffold_4544	7963	20590	gene-Peve_00031637	8.479655857	63
Porites_evermani_scaffold_4545	3919	19201	gene-Peve_00031638	8.158874818	143
Porites_evermani_scaffold_4547	11924	23288	gene-Peve_00031640	0.8084453235	374
Porites_evermani_scaffold_4548	8936	23198	gene-Peve_00031641	0.808527	281
Porites_evermani_scaffold_4549	7312	8095	gene-Peve_00031642	0	10
Porites_evermani_scaffold_4549	9298	9773	gene-Peve_00031643	0	7
Porites_evermani_scaffold_4549	14026	16446	gene-Peve_00031644	0.2702702703	37
Porites_evermani_scaffold_4549	19231	23181	gene-Peve_00031645	0.6203441062	113
Porites_evermani_scaffold_455	8775	28124	gene-Peve_00031646	50.11040348	200
Porites_evermani_scaffold_455	32427	48166	gene-Peve_00031656	76.97174806	200
Porites_evermani_scaffold_455	49720	66687	gene-Peve_00031660	41.82266186	258
Porites_evermani_scaffold_455	78138	82086	gene-Peve_00031647	2.650218953	86
Porites_evermani_scaffold_455	86411	88777	gene-Peve_00031648	0.2631578947	38
Porites_evermani_scaffold_455	112415	115726	gene-Peve_00031649	92.2314295	12
Porites_evermani_scaffold_455	116083	129687	gene-Peve_00031650	25.45984977	234
Porites_evermani_scaffold_455	132637	148970	gene-Peve_00031651	0.2054225516	310
Porites_evermani_scaffold_455	163703	180166	gene-Peve_00031652	4.656244722	270
Porites_evermani_scaffold_455	181000	205765	gene-Peve_00031653	12.82371714	306
Porites_evermani_scaffold_455	224982	234054	gene-Peve_00031657	61.1843245	68
Porites_evermani_scaffold_455	235597	238098	gene-Peve_00031658	0.2893658103	58
Porites_evermani_scaffold_455	239047	264116	gene-Peve_00031659	2.208245593	492
Porites_evermani_scaffold_4550	0	11696	gene-Peve_00031661	24.53413102	51
Porites_evermani_scaffold_4550	16829	23244	gene-Peve_00031662	37.69230769	13
Porites_evermani_scaffold_4551	6068	6665	gene-Peve_00031663	0	4
Porites_evermani_scaffold_4551	23307	23676	gene-Peve_00031664	.	0
Porites_evermani_scaffold_4552	681	4571	gene-Peve_00031665	0.1228702477	109
Porites_evermani_scaffold_4553	589	12242	gene-Peve_00031666	15.04961992	121
Porites_evermani_scaffold_4553	20601	24734	gene-Peve_00031667	.	0
Porites_evermani_scaffold_4554	5144	7573	gene-Peve_00031668	0.4504504595	74
Porites_evermani_scaffold_4554	10628	12923	gene-Peve_00031670	0.1388888958	48
Porites_evermani_scaffold_4554	12841	14564	gene-Peve_00031671	0.4041791538	65
Porites_evermani_scaffold_4554	14971	15277	gene-Peve_00031672	.	0
Porites_evermani_scaffold_4554	21160	24097	gene-Peve_00031669	0.3281532737	95
Porites_evermani_scaffold_4555	2020	11111	gene-Peve_00031673	52.36720322	27
Porites_evermani_scaffold_4555	13117	15066	gene-Peve_00031674	41.99141559	17
Porites_evermani_scaffold_4555	15985	18080	gene-Peve_00031675	4.5454545	2
Porites_evermani_scaffold_4555	20248	24364	gene-Peve_00031676	74.11714339	23
Porites_evermani_scaffold_4556	2422	3265	gene-Peve_00031677	.	0
Porites_evermani_scaffold_4556	17319	18813	gene-Peve_00031678	0.6632064412	34
Porites_evermani_scaffold_4557	896	9682	gene-Peve_00031679	14.14460001	158
Porites_evermani_scaffold_4557	10273	17326	gene-Peve_00031680	53.227212	74
Porites_evermani_scaffold_4557	17891	23336	gene-Peve_00031681	0	45
Porites_evermani_scaffold_4557	23909	24308	gene-Peve_00031682	.	0
Porites_evermani_scaffold_4558	14104	19886	gene-Peve_00031683	2.15988007	114
Porites_evermani_scaffold_4559	6924	10930	gene-Peve_00031684	2.442816985	68
Porites_evermani_scaffold_4559	21126	23251	gene-Peve_00031685	0	8
Porites_evermani_scaffold_456	252	13596	gene-Peve_00031686	67.039072	13
Porites_evermani_scaffold_456	26485	74784	gene-Peve_00031692	26.94690558	128
Porites_evermani_scaffold_456	75714	77872	gene-Peve_00031687	76.27627271	17
Porites_evermani_scaffold_456	78785	84714	gene-Peve_00031688	44.22367614	115
Porites_evermani_scaffold_456	84658	94648	gene-Peve_00031689	0.8527855394	254
Porites_evermani_scaffold_456	96881	101146	gene-Peve_00031690	0.2557354094	149
Porites_evermani_scaffold_456	101472	117611	gene-Peve_00031691	0.3682736774	186
Porites_evermani_scaffold_456	118008	120738	gene-Peve_00031693	.	0
Porites_evermani_scaffold_456	124045	130363	gene-Peve_00031694	27.85499786	37
Porites_evermani_scaffold_456	133798	134309	gene-Peve_00031695	.	0
Porites_evermani_scaffold_456	146676	153284	gene-Peve_00031696	60.71115104	99
Porites_evermani_scaffold_456	155158	163755	gene-Peve_00031697	18.36590659	152
Porites_evermani_scaffold_456	169066	177660	gene-Peve_00031698	92.54567527	120
Porites_evermani_scaffold_456	182130	186489	gene-Peve_00031699	.	0
Porites_evermani_scaffold_456	188340	190832	gene-Peve_00031700	.	0
Porites_evermani_scaffold_456	192181	195796	gene-Peve_00031701	0	6
Porites_evermani_scaffold_456	196917	202464	gene-Peve_00031702	23.0855422	85
Porites_evermani_scaffold_456	202691	212672	gene-Peve_00031703	19.53234199	189
Porites_evermani_scaffold_456	213472	219318	gene-Peve_00031704	71.3013419	59
Porites_evermani_scaffold_456	220567	228524	gene-Peve_00031705	61.16090181	88
Porites_evermani_scaffold_456	228813	230635	gene-Peve_00031706	34.08419571	42
Porites_evermani_scaffold_456	245116	247565	gene-Peve_00031707	0.4337987358	106
Porites_evermani_scaffold_456	253170	260133	gene-Peve_00031708	0.2986211296	162
Porites_evermani_scaffold_4560	16027	18170	gene-Peve_00031711	.	0
Porites_evermani_scaffold_4561	20218	20914	gene-Peve_00031712	0.5008013125	16
Porites_evermani_scaffold_4562	176	18294	gene-Peve_00031713	6.883398463	136
Porites_evermani_scaffold_4562	18539	22448	gene-Peve_00031714	70.02516011	9
Porites_evermani_scaffold_4562	23448	24629	gene-Peve_00031715	73.62637367	3
Porites_evermani_scaffold_4563	9164	10845	gene-Peve_00031716	0	36
Porites_evermani_scaffold_4563	14771	24538	gene-Peve_00031717	78.28799296	27
Porites_evermani_scaffold_4564	11284	22870	gene-Peve_00031718	16.0253056	246
Porites_evermani_scaffold_4565	4799	7212	gene-Peve_00031723	0.2428127424	66
Porites_evermani_scaffold_4565	8442	9936	gene-Peve_00031725	0	10
Porites_evermani_scaffold_4565	9954	12252	gene-Peve_00031724	.	0
Porites_evermani_scaffold_4565	13699	14080	gene-Peve_00031720	0	10
Porites_evermani_scaffold_4565	18869	19739	gene-Peve_00031722	.	0
Porites_evermani_scaffold_4566	4111	5056	gene-Peve_00031726	0	36
Porites_evermani_scaffold_4566	8647	9460	gene-Peve_00031727	0	10
Porites_evermani_scaffold_4566	17235	18192	gene-Peve_00031728	.	0
Porites_evermani_scaffold_4567	18756	21717	gene-Peve_00031729	88.09905779	14
Porites_evermani_scaffold_4567	19629	20667	gene-Peve_00031730	.	0
Porites_evermani_scaffold_4568	4674	7507	gene-Peve_00031731	0	1
Porites_evermani_scaffold_4568	12489	22276	gene-Peve_00031732	58.69006516	64
Porites_evermani_scaffold_4569	5105	9462	gene-Peve_00031733	0.5799592929	140
Porites_evermani_scaffold_4569	18418	19181	gene-Peve_00031734	0	10
Porites_evermani_scaffold_457	15011	26754	gene-Peve_00031753	28.6819774	15
Porites_evermani_scaffold_457	24105	26312	gene-Peve_00031735	20.83333325	4
Porites_evermani_scaffold_457	35607	42842	gene-Peve_00031736	60	1
Porites_evermani_scaffold_457	53453	91855	gene-Peve_00031737	24.98002004	163
Porites_evermani_scaffold_457	69945	70464	gene-Peve_00031739	30.30152917	6
Porites_evermani_scaffold_457	76186	76922	gene-Peve_00031740	22.5993875	24
Porites_evermani_scaffold_457	99477	100369	gene-Peve_00031742	.	0
Porites_evermani_scaffold_457	126141	126603	gene-Peve_00031744	.	0
Porites_evermani_scaffold_457	160076	161528	gene-Peve_00031745	0.2314814722	36
Porites_evermani_scaffold_457	167967	168441	gene-Peve_00031746	.	0
Porites_evermani_scaffold_457	172035	190262	gene-Peve_00031747	35.40063568	311
Porites_evermani_scaffold_457	192886	194275	gene-Peve_00031749	0.8232172553	47
Porites_evermani_scaffold_457	196179	197389	gene-Peve_00031750	1.312795868	53
Porites_evermani_scaffold_457	205663	206905	gene-Peve_00031751	0	46
Porites_evermani_scaffold_457	223218	226308	gene-Peve_00031752	.	0
Porites_evermani_scaffold_457	245206	247306	gene-Peve_00031754	.	0
Porites_evermani_scaffold_457	247394	248195	gene-Peve_00031755	0.1508295641	39
Porites_evermani_scaffold_457	251937	260472	gene-Peve_00031756	55.68671477	35
Porites_evermani_scaffold_4570	3827	4971	gene-Peve_00031757	.	0
Porites_evermani_scaffold_4570	8544	9560	gene-Peve_00031758	0	8
Porites_evermani_scaffold_4571	2	475	gene-Peve_00031759	0	3
Porites_evermani_scaffold_4571	1634	3677	gene-Peve_00031760	1.322314045	22
Porites_evermani_scaffold_4571	8368	11386	gene-Peve_00031761	0.5557697805	41
Porites_evermani_scaffold_4572	339	23991	gene-Peve_00031762	1.047762579	209
Porites_evermani_scaffold_4573	2538	12259	gene-Peve_00031763	0.1984126905	42
Porites_evermani_scaffold_4574	707	4783	gene-Peve_00031765	31.52223884	56
Porites_evermani_scaffold_4574	7025	8132	gene-Peve_00031766	0	12
Porites_evermani_scaffold_4574	10784	18207	gene-Peve_00031767	0.3474466786	28
Porites_evermani_scaffold_4575	1292	18836	gene-Peve_00031768	1.318702108	474
Porites_evermani_scaffold_4575	19827	20925	gene-Peve_00031769	0.1499250345	29
Porites_evermani_scaffold_4576	3288	7988	gene-Peve_00031770	18.20507777	22
Porites_evermani_scaffold_4576	11213	14156	gene-Peve_00031771	0	1
Porites_evermani_scaffold_4576	15479	20294	gene-Peve_00031772	.	0
Porites_evermani_scaffold_4577	2394	7350	gene-Peve_00031773	76.32340652	52
Porites_evermani_scaffold_4577	10161	11232	gene-Peve_00031774	0	28
Porites_evermani_scaffold_4578	1200	2103	gene-Peve_00031776	0.241545913	23
Porites_evermani_scaffold_4578	5489	6332	gene-Peve_00031777	0.6688963043	23
Porites_evermani_scaffold_4578	11309	12810	gene-Peve_00031778	0	29
Porites_evermani_scaffold_4578	19629	20508	gene-Peve_00031775	0	17
Porites_evermani_scaffold_4579	11203	22207	gene-Peve_00031779	46.73976784	122
Porites_evermani_scaffold_458	25779	42757	gene-Peve_00031796	26.65477174	355
Porites_evermani_scaffold_458	45477	57716	gene-Peve_00031780	0.9051453578	204
Porites_evermani_scaffold_458	67288	70742	gene-Peve_00031781	0.3978696737	95
Porites_evermani_scaffold_458	70986	78163	gene-Peve_00031783	0.8705618111	217
Porites_evermani_scaffold_458	75823	76427	gene-Peve_00031784	1.246903	24
Porites_evermani_scaffold_458	79818	84998	gene-Peve_00031782	0.4432150566	159
Porites_evermani_scaffold_458	86149	87082	gene-Peve_00031785	0.375	40
Porites_evermani_scaffold_458	92793	119097	gene-Peve_00031786	5.166594746	627
Porites_evermani_scaffold_458	120106	134245	gene-Peve_00031788	0.4771877459	366
Porites_evermani_scaffold_458	152252	152765	gene-Peve_00031789	.	0
Porites_evermani_scaffold_458	160142	182009	gene-Peve_00031790	11.95431038	364
Porites_evermani_scaffold_458	186567	188231	gene-Peve_00031791	0.625	32
Porites_evermani_scaffold_458	189083	202288	gene-Peve_00031792	26.91693193	298
Porites_evermani_scaffold_458	202645	213760	gene-Peve_00031793	68.15337587	106
Porites_evermani_scaffold_458	222917	223436	gene-Peve_00031794	0.814075625	16
Porites_evermani_scaffold_458	242330	244046	gene-Peve_00031795	0.528571425	40
Porites_evermani_scaffold_4580	4605	12821	gene-Peve_00031797	.	0
Porites_evermani_scaffold_4580	18394	18747	gene-Peve_00031798	100	1
Porites_evermani_scaffold_4581	0	6394	gene-Peve_00031799	90.909091	2
Porites_evermani_scaffold_4581	21505	22192	gene-Peve_00031801	.	0
Porites_evermani_scaffold_4582	8344	9265	gene-Peve_00031803	0.2262443462	26
Porites_evermani_scaffold_4582	23541	24369	gene-Peve_00031804	0.2436281875	32
Porites_evermani_scaffold_4583	1357	6659	gene-Peve_00031805	0.2054729191	136
Porites_evermani_scaffold_4583	12247	14572	gene-Peve_00031806	1.272198321	56
Porites_evermani_scaffold_4583	17267	19617	gene-Peve_00031807	0.4124875806	62
Porites_evermani_scaffold_4584	2819	12212	gene-Peve_00031808	0.6430575742	256
Porites_evermani_scaffold_4585	8057	18402	gene-Peve_00031809	0.665514304	227
Porites_evermani_scaffold_4586	5755	7356	gene-Peve_00031810	0	20
Porites_evermani_scaffold_4586	10181	21642	gene-Peve_00031811	71.10880418	49
Porites_evermani_scaffold_4587	100	1072	gene-Peve_00031812	0.111166	40
Porites_evermani_scaffold_4587	7305	11202	gene-Peve_00031816	0	1
Porites_evermani_scaffold_4587	14855	15749	gene-Peve_00031813	2	5
Porites_evermani_scaffold_4587	21038	21683	gene-Peve_00031814	10.1748252	5
Porites_evermani_scaffold_4587	22869	23187	gene-Peve_00031815	0	2
Porites_evermani_scaffold_4588	16216	19209	gene-Peve_00031817	0.2183149054	74
Porites_evermani_scaffold_4589	0	2214	gene-Peve_00031818	30.98021029	21
Porites_evermani_scaffold_4589	3591	20724	gene-Peve_00031819	2.881553827	185
Porites_evermani_scaffold_4589	20868	23982	gene-Peve_00031820	75.909091	2
Porites_evermani_scaffold_459	3715	4628	gene-Peve_00031825	.	0
Porites_evermani_scaffold_459	4866	6995	gene-Peve_00031830	85.55555556	9
Porites_evermani_scaffold_459	8478	22891	gene-Peve_00031841	92.24941731	13
Porites_evermani_scaffold_459	27272	33551	gene-Peve_00031842	26.831373	50
Porites_evermani_scaffold_459	35419	39712	gene-Peve_00031843	62.50718996	49
Porites_evermani_scaffold_459	41001	49512	gene-Peve_00031844	26.71931895	93
Porites_evermani_scaffold_459	60743	61805	gene-Peve_00031821	0.3846153846	26
Porites_evermani_scaffold_459	69566	88046	gene-Peve_00031822	38.96422182	214
Porites_evermani_scaffold_459	89717	96081	gene-Peve_00031823	81.05809324	67
Porites_evermani_scaffold_459	99990	105333	gene-Peve_00031824	80.2954443	64
Porites_evermani_scaffold_459	111056	112346	gene-Peve_00031826	3.5208762	25
Porites_evermani_scaffold_459	119855	128042	gene-Peve_00031828	0.3226424806	129
Porites_evermani_scaffold_459	128652	147235	gene-Peve_00031829	0.4017321837	245
Porites_evermani_scaffold_459	148129	148645	gene-Peve_00031831	0.3134796364	11
Porites_evermani_scaffold_459	153146	158882	gene-Peve_00031832	35.78688938	39
Porites_evermani_scaffold_459	160457	163471	gene-Peve_00031833	.	0
Porites_evermani_scaffold_459	167464	186987	gene-Peve_00031834	0.2384347714	210
Porites_evermani_scaffold_459	203607	221690	gene-Peve_00031835	0.9196211768	362
Porites_evermani_scaffold_459	228043	228460	gene-Peve_00031836	0	9
Porites_evermani_scaffold_459	234227	235532	gene-Peve_00031837	0	20
Porites_evermani_scaffold_459	240176	242291	gene-Peve_00031838	9.917171483	29
Porites_evermani_scaffold_459	242701	250757	gene-Peve_00031839	1.732610412	148
Porites_evermani_scaffold_4590	0	22846	gene-Peve_00031845	25.59605077	359
Porites_evermani_scaffold_4591	273	10107	gene-Peve_00031846	0.8869417792	154
Porites_evermani_scaffold_4591	19859	21095	gene-Peve_00031848	0	24
Porites_evermani_scaffold_4592	5728	20837	gene-Peve_00031849	35.87679936	113
Porites_evermani_scaffold_4593	1670	2324	gene-Peve_00031850	.	0
Porites_evermani_scaffold_4593	2504	2885	gene-Peve_00031854	48.1818182	5
Porites_evermani_scaffold_4593	9846	10509	gene-Peve_00031855	63.48262567	18
Porites_evermani_scaffold_4593	16949	17306	gene-Peve_00031851	57.8338004	5
Porites_evermani_scaffold_4593	17902	18860	gene-Peve_00031852	73.9738693	10
Porites_evermani_scaffold_4593	20934	21525	gene-Peve_00031853	61.90736142	12
Porites_evermani_scaffold_4594	10817	16673	gene-Peve_00031857	0	10
Porites_evermani_scaffold_4594	18232	18706	gene-Peve_00031858	0	1
Porites_evermani_scaffold_4595	1340	4773	gene-Peve_00031859	1.260433574	61
Porites_evermani_scaffold_4595	10860	15750	gene-Peve_00031860	0.3726708043	46
Porites_evermani_scaffold_4595	19922	22968	gene-Peve_00031861	0.2020202121	33
Porites_evermani_scaffold_4596	14868	22606	gene-Peve_00031862	0	5
Porites_evermani_scaffold_4597	6343	24165	gene-Peve_00031863	66.14718617	35
Porites_evermani_scaffold_4598	30	11435	gene-Peve_00031864	85.55363195	22
Porites_evermani_scaffold_4598	12342	16130	gene-Peve_00031865	0	24
Porites_evermani_scaffold_4599	7170	12845	gene-Peve_00031866	80.17166057	54
Porites_evermani_scaffold_4599	18345	20205	gene-Peve_00031867	.	0
Porites_evermani_scaffold_46	2349	12688	gene-Peve_00031868	46.3536796	82
Porites_evermani_scaffold_46	36135	40113	gene-Peve_00031894	0.4084986053	152
Porites_evermani_scaffold_46	62499	87986	gene-Peve_00031887	30.65472507	291
Porites_evermani_scaffold_46	96923	106689	gene-Peve_00031888	52.33414883	72
Porites_evermani_scaffold_46	123768	125339	gene-Peve_00031895	0.1050420179	56
Porites_evermani_scaffold_46	153018	162648	gene-Peve_00031896	62.89098722	167
Porites_evermani_scaffold_46	167211	178062	gene-Peve_00031897	84.61589361	88
Porites_evermani_scaffold_46	178490	185539	gene-Peve_00031898	79.69747471	38
Porites_evermani_scaffold_46	191850	196337	gene-Peve_00031899	0.4299705281	89
Porites_evermani_scaffold_46	203331	206654	gene-Peve_00031900	0.4468259043	94
Porites_evermani_scaffold_46	212425	215335	gene-Peve_00031902	0.1234567901	81
Porites_evermani_scaffold_46	216710	217016	gene-Peve_00031903	.	0
Porites_evermani_scaffold_46	228488	230168	gene-Peve_00031904	0.1788720606	66
Porites_evermani_scaffold_46	237427	237814	gene-Peve_00031905	0	6
Porites_evermani_scaffold_46	247201	259575	gene-Peve_00031906	1.699881044	317
Porites_evermani_scaffold_46	265601	287436	gene-Peve_00031907	24.91762469	497
Porites_evermani_scaffold_46	292514	299297	gene-Peve_00031908	41.67709204	110
Porites_evermani_scaffold_46	299440	304518	gene-Peve_00031909	68.53691622	104
Porites_evermani_scaffold_46	319959	327395	gene-Peve_00031911	0.6378081106	208
Porites_evermani_scaffold_46	342206	345405	gene-Peve_00031869	0.1996273676	68
Porites_evermani_scaffold_46	351939	353883	gene-Peve_00031870	0.2178649412	51
Porites_evermani_scaffold_46	361065	363346	gene-Peve_00031871	0	48
Porites_evermani_scaffold_46	370963	378138	gene-Peve_00031872	0.4553813721	215
Porites_evermani_scaffold_46	378982	386658	gene-Peve_00031873	68.71633238	128
Porites_evermani_scaffold_46	389189	390779	gene-Peve_00031874	14.23537794	33
Porites_evermani_scaffold_46	391097	423766	gene-Peve_00031875	54.67956144	302
Porites_evermani_scaffold_46	427229	431100	gene-Peve_00031876	0.1578209043	94
Porites_evermani_scaffold_46	433362	434190	gene-Peve_00031877	0	24
Porites_evermani_scaffold_46	439439	443038	gene-Peve_00031878	.	0
Porites_evermani_scaffold_46	451523	464267	gene-Peve_00031879	0.3797828293	82
Porites_evermani_scaffold_46	511846	522028	gene-Peve_00031880	0.5589815786	318
Porites_evermani_scaffold_46	543227	544966	gene-Peve_00031881	25.61739247	30
Porites_evermani_scaffold_46	545205	555825	gene-Peve_00031882	27.81392203	128
Porites_evermani_scaffold_46	563548	564607	gene-Peve_00031883	86.917789	9
Porites_evermani_scaffold_46	565834	566158	gene-Peve_00031884	0.9206349333	15
Porites_evermani_scaffold_46	566412	574446	gene-Peve_00031885	23.51984384	114
Porites_evermani_scaffold_46	578854	583177	gene-Peve_00031886	0.5860927273	99
Porites_evermani_scaffold_46	648632	651455	gene-Peve_00031889	0.4040404	45
Porites_evermani_scaffold_46	664448	668572	gene-Peve_00031890	0	66
Porites_evermani_scaffold_46	673878	678217	gene-Peve_00031891	56.49994641	74
Porites_evermani_scaffold_46	684086	684734	gene-Peve_00031893	92.36874233	6
Porites_evermani_scaffold_46	685745	701489	gene-Peve_00031892	14.17775865	337
Porites_evermani_scaffold_460	42086	65457	gene-Peve_00031914	7.100463918	279
Porites_evermani_scaffold_460	57817	63218	gene-Peve_00031916	.	0
Porites_evermani_scaffold_460	87485	125139	gene-Peve_00031917	0.8588278071	876
Porites_evermani_scaffold_460	104133	105846	gene-Peve_00031919	2.292219275	40
Porites_evermani_scaffold_460	129725	133191	gene-Peve_00031921	1.913821139	72
Porites_evermani_scaffold_460	133745	134234	gene-Peve_00031923	0	24
Porites_evermani_scaffold_460	139172	153566	gene-Peve_00031922	1.340538437	410
Porites_evermani_scaffold_460	170590	172765	gene-Peve_00031924	0.1724137931	58
Porites_evermani_scaffold_460	177881	185958	gene-Peve_00031925	66.17999121	101
Porites_evermani_scaffold_460	187350	198037	gene-Peve_00031926	39.92737082	136
Porites_evermani_scaffold_460	200601	202039	gene-Peve_00031927	0.4166666667	15
Porites_evermani_scaffold_460	210275	212753	gene-Peve_00031928	0.4449152542	59
Porites_evermani_scaffold_460	215772	220797	gene-Peve_00031929	0.8358373721	43
Porites_evermani_scaffold_460	240646	250289	gene-Peve_00031912	0.8860993886	211
Porites_evermani_scaffold_4600	1592	9566	gene-Peve_00031931	0.6108310795	176
Porites_evermani_scaffold_4600	15748	20324	gene-Peve_00031932	0.2181103097	113
Porites_evermani_scaffold_4601	10	730	gene-Peve_00031933	0.9523809524	21
Porites_evermani_scaffold_4601	5297	7410	gene-Peve_00031934	0	14
Porites_evermani_scaffold_4601	15902	17405	gene-Peve_00031935	.	0
Porites_evermani_scaffold_4602	2638	19235	gene-Peve_00031936	30.63243755	139
Porites_evermani_scaffold_4603	6091	16101	gene-Peve_00031937	76.84579311	36
Porites_evermani_scaffold_4603	20125	20920	gene-Peve_00031938	0.7162534545	22
Porites_evermani_scaffold_4604	27	1700	gene-Peve_00031939	.	0
Porites_evermani_scaffold_4604	2295	19484	gene-Peve_00031940	8.454829622	286
Porites_evermani_scaffold_4605	266	8956	gene-Peve_00031942	0	32
Porites_evermani_scaffold_4605	15001	21690	gene-Peve_00031941	.	0
Porites_evermani_scaffold_4606	577	23827	gene-Peve_00031943	10.68198188	129
Porites_evermani_scaffold_4607	540	5219	gene-Peve_00031945	1.833460636	11
Porites_evermani_scaffold_4607	16783	20905	gene-Peve_00031947	.	0
Porites_evermani_scaffold_4608	5415	10499	gene-Peve_00031948	0.7937810074	135
Porites_evermani_scaffold_4608	17346	21801	gene-Peve_00031949	0	11
Porites_evermani_scaffold_4609	4231	6168	gene-Peve_00031950	.	0
Porites_evermani_scaffold_4609	14893	19710	gene-Peve_00031951	.	0
Porites_evermani_scaffold_461	20278	20866	gene-Peve_00031957	.	0
Porites_evermani_scaffold_461	30558	34834	gene-Peve_00031961	0.7543453043	92
Porites_evermani_scaffold_461	44455	45019	gene-Peve_00031966	2.431955308	26
Porites_evermani_scaffold_461	66005	71392	gene-Peve_00031967	0.2257037832	143
Porites_evermani_scaffold_461	76481	78016	gene-Peve_00031968	1.368130047	43
Porites_evermani_scaffold_461	85272	94478	gene-Peve_00031969	0.3603483652	178
Porites_evermani_scaffold_461	97318	104148	gene-Peve_00031952	41.68642343	77
Porites_evermani_scaffold_461	104420	119020	gene-Peve_00031953	15.69250008	259
Porites_evermani_scaffold_461	119088	133965	gene-Peve_00031954	23.53425154	116
Porites_evermani_scaffold_461	134611	135049	gene-Peve_00031955	0.5882352941	17
Porites_evermani_scaffold_461	142897	143332	gene-Peve_00031956	0	12
Porites_evermani_scaffold_461	155283	155712	gene-Peve_00031958	0	4
Porites_evermani_scaffold_461	167061	167490	gene-Peve_00031959	.	0
Porites_evermani_scaffold_461	169093	169522	gene-Peve_00031960	1.530612214	14
Porites_evermani_scaffold_461	175792	187160	gene-Peve_00031962	1.020588892	204
Porites_evermani_scaffold_461	195334	219054	gene-Peve_00031963	24.05591018	290
Porites_evermani_scaffold_461	225571	230136	gene-Peve_00031964	0.3668639077	130
Porites_evermani_scaffold_4610	5104	8968	gene-Peve_00031971	0.6296335263	38
Porites_evermani_scaffold_4610	12065	15520	gene-Peve_00031970	0	13
Porites_evermani_scaffold_4611	1594	2454	gene-Peve_00031972	.	0
Porites_evermani_scaffold_4611	5205	7585	gene-Peve_00031973	.	0
Porites_evermani_scaffold_4611	16517	18880	gene-Peve_00031974	0	81
Porites_evermani_scaffold_4612	18327	18654	gene-Peve_00031975	.	0
Porites_evermani_scaffold_4613	10854	16667	gene-Peve_00031976	0.8745084796	221
Porites_evermani_scaffold_4614	3205	5338	gene-Peve_00031977	0.3448275862	29
Porites_evermani_scaffold_4614	9414	11457	gene-Peve_00031979	87.4737631	21
Porites_evermani_scaffold_4614	13481	20721	gene-Peve_00031978	89.7495423	64
Porites_evermani_scaffold_4615	8	14583	gene-Peve_00031980	29.91828367	27
Porites_evermani_scaffold_4616	2	19923	gene-Peve_00031981	0.2137467671	146
Porites_evermani_scaffold_4616	21440	22175	gene-Peve_00031982	27.84834063	19
Porites_evermani_scaffold_4617	1577	8870	gene-Peve_00031984	1.273137195	113
Porites_evermani_scaffold_4617	10400	19344	gene-Peve_00031983	0.3137537095	210
Porites_evermani_scaffold_4618	4869	23184	gene-Peve_00031985	0.8203639353	278
Porites_evermani_scaffold_4619	6167	23617	gene-Peve_00031986	0	1
Porites_evermani_scaffold_462	852	2940	gene-Peve_00031987	6.666666667	3
Porites_evermani_scaffold_462	5056	6338	gene-Peve_00031993	.	0
Porites_evermani_scaffold_462	54790	56712	gene-Peve_00031988	0.2976190385	52
Porites_evermani_scaffold_462	63845	64148	gene-Peve_00031989	0	4
Porites_evermani_scaffold_462	66356	68636	gene-Peve_00031990	0.5502903509	57
Porites_evermani_scaffold_462	74206	76563	gene-Peve_00031991	0.2459016393	61
Porites_evermani_scaffold_462	83061	83709	gene-Peve_00031992	0.8547008889	9
Porites_evermani_scaffold_462	84714	85141	gene-Peve_00031994	5.827505833	6
Porites_evermani_scaffold_462	103772	113627	gene-Peve_00031995	0.581261561	82
Porites_evermani_scaffold_462	121182	135460	gene-Peve_00031996	31.49284481	107
Porites_evermani_scaffold_462	140790	158087	gene-Peve_00031997	90	1
Porites_evermani_scaffold_462	159428	171183	gene-Peve_00031998	38.75707625	12
Porites_evermani_scaffold_462	175443	177939	gene-Peve_00031999	0	6
Porites_evermani_scaffold_462	181935	185237	gene-Peve_00032000	.	0
Porites_evermani_scaffold_462	200217	201360	gene-Peve_00032001	0	52
Porites_evermani_scaffold_462	203988	204765	gene-Peve_00032002	0	37
Porites_evermani_scaffold_462	211651	212173	gene-Peve_00032003	3.445859333	21
Porites_evermani_scaffold_462	213363	214017	gene-Peve_00032004	1.453308571	21
Porites_evermani_scaffold_462	220549	227310	gene-Peve_00032005	.	0
Porites_evermani_scaffold_462	254004	255673	gene-Peve_00032006	0	14
Porites_evermani_scaffold_4620	11702	14848	gene-Peve_00032008	0.8688446875	64
Porites_evermani_scaffold_4621	513	1302	gene-Peve_00032010	.	0
Porites_evermani_scaffold_4621	3674	10873	gene-Peve_00032011	14.09618162	24
Porites_evermani_scaffold_4622	4847	9965	gene-Peve_00032012	.	0
Porites_evermani_scaffold_4623	14499	14994	gene-Peve_00032013	0.2506265789	19
Porites_evermani_scaffold_4623	22952	23444	gene-Peve_00032014	0.4381338824	17
Porites_evermani_scaffold_4624	821	3674	gene-Peve_00032015	.	0
Porites_evermani_scaffold_4624	15038	18619	gene-Peve_00032016	0	1
Porites_evermani_scaffold_4624	21826	22864	gene-Peve_00032017	.	0
Porites_evermani_scaffold_4625	5476	14255	gene-Peve_00032018	70.23079226	31
Porites_evermani_scaffold_4626	1265	21621	gene-Peve_00032019	1.506516854	82
Porites_evermani_scaffold_4626	8248	9934	gene-Peve_00032020	.	0
Porites_evermani_scaffold_4627	174	6438	gene-Peve_00032021	3.301742158	19
Porites_evermani_scaffold_4627	11876	13484	gene-Peve_00032022	.	0
Porites_evermani_scaffold_4627	15807	17415	gene-Peve_00032023	.	0
Porites_evermani_scaffold_4628	235	4349	gene-Peve_00032024	0.2506265789	57
Porites_evermani_scaffold_4628	7434	11480	gene-Peve_00032025	0.5588673607	61
Porites_evermani_scaffold_4629	3857	8745	gene-Peve_00032026	.	0
Porites_evermani_scaffold_4629	10598	15141	gene-Peve_00032027	0.9090909	10
Porites_evermani_scaffold_463	447	1505	gene-Peve_00032029	.	0
Porites_evermani_scaffold_463	3939	4964	gene-Peve_00032028	0	2
Porites_evermani_scaffold_463	28919	29763	gene-Peve_00032042	0.1443001429	21
Porites_evermani_scaffold_463	37376	60049	gene-Peve_00032043	37.85609623	338
Porites_evermani_scaffold_463	76557	85714	gene-Peve_00032030	0.4530085147	204
Porites_evermani_scaffold_463	110385	111383	gene-Peve_00032031	80.09477117	6
Porites_evermani_scaffold_463	118355	119042	gene-Peve_00032032	0.1831501923	26
Porites_evermani_scaffold_463	126540	144608	gene-Peve_00032033	42.724713	237
Porites_evermani_scaffold_463	149588	172808	gene-Peve_00032034	24.6549986	321
Porites_evermani_scaffold_463	176933	178685	gene-Peve_00032035	2.00052618	50
Porites_evermani_scaffold_463	192624	193242	gene-Peve_00032036	1.08070845	20
Porites_evermani_scaffold_463	198087	201964	gene-Peve_00032037	73.01107894	32
Porites_evermani_scaffold_463	210233	226186	gene-Peve_00032038	4.819429394	71
Porites_evermani_scaffold_463	230618	239951	gene-Peve_00032040	66.52027453	34
Porites_evermani_scaffold_463	240174	258997	gene-Peve_00032041	53.20033213	161
Porites_evermani_scaffold_4630	2274	21517	gene-Peve_00032045	0.722322636	467
Porites_evermani_scaffold_4631	0	10462	gene-Peve_00032047	1.504252205	88
Porites_evermani_scaffold_4631	16728	18349	gene-Peve_00032046	0	27
Porites_evermani_scaffold_4632	1271	11843	gene-Peve_00032048	3.827595623	175
Porites_evermani_scaffold_4633	3416	4292	gene-Peve_00032049	0	22
Porites_evermani_scaffold_4634	5	10509	gene-Peve_00032052	1.724386714	42
Porites_evermani_scaffold_4634	15961	20043	gene-Peve_00032051	0.2029008723	94
Porites_evermani_scaffold_4634	23187	23682	gene-Peve_00032053	0.952381	7
Porites_evermani_scaffold_4635	8866	22570	gene-Peve_00032054	0.1098901077	65
Porites_evermani_scaffold_4636	14432	15572	gene-Peve_00032055	.	0
Porites_evermani_scaffold_4636	17035	23676	gene-Peve_00032056	91.883117	2
Porites_evermani_scaffold_4637	1758	6535	gene-Peve_00032057	0	9
Porites_evermani_scaffold_4637	12222	12555	gene-Peve_00032059	.	0
Porites_evermani_scaffold_4638	17917	20140	gene-Peve_00032062	0	38
Porites_evermani_scaffold_464	9737	10747	gene-Peve_00032063	0	15
Porites_evermani_scaffold_464	21851	58666	gene-Peve_00032077	1.570283291	289
Porites_evermani_scaffold_464	61708	62375	gene-Peve_00032065	.	0
Porites_evermani_scaffold_464	99924	100414	gene-Peve_00032066	0	4
Porites_evermani_scaffold_464	106021	106361	gene-Peve_00032067	0	5
Porites_evermani_scaffold_464	126193	126505	gene-Peve_00032068	0.9615385	8
Porites_evermani_scaffold_464	151141	171299	gene-Peve_00032070	0.3225806452	31
Porites_evermani_scaffold_464	174222	174639	gene-Peve_00032071	.	0
Porites_evermani_scaffold_464	187034	188213	gene-Peve_00032072	.	0
Porites_evermani_scaffold_464	188984	190847	gene-Peve_00032073	4.5037481	10
Porites_evermani_scaffold_464	215028	240901	gene-Peve_00032075	3.333333333	15
Porites_evermani_scaffold_464	246063	246610	gene-Peve_00032078	.	0
Porites_evermani_scaffold_464	251036	251531	gene-Peve_00032079	.	0
Porites_evermani_scaffold_464	253441	253795	gene-Peve_00032080	.	0
Porites_evermani_scaffold_4640	1169	1808	gene-Peve_00032082	0	14
Porites_evermani_scaffold_4640	6059	15358	gene-Peve_00032083	0.33333335	20
Porites_evermani_scaffold_4640	20684	22016	gene-Peve_00032084	.	0
Porites_evermani_scaffold_4641	444	8211	gene-Peve_00032085	67.78302189	55
Porites_evermani_scaffold_4641	13987	15895	gene-Peve_00032086	0	37
Porites_evermani_scaffold_4642	3895	4675	gene-Peve_00032090	.	0
Porites_evermani_scaffold_4642	21552	21939	gene-Peve_00032089	.	0
Porites_evermani_scaffold_4644	6359	7029	gene-Peve_00032092	2.4242424	15
Porites_evermani_scaffold_4646	2779	5130	gene-Peve_00032093	55.5723513	74
Porites_evermani_scaffold_4646	9066	11601	gene-Peve_00032094	0	20
Porites_evermani_scaffold_4647	14483	18193	gene-Peve_00032095	1.922605289	114
Porites_evermani_scaffold_4647	19941	20844	gene-Peve_00032096	0	15
Porites_evermani_scaffold_4648	14895	15904	gene-Peve_00032097	1.280445267	30
Porites_evermani_scaffold_4649	1693	1993	gene-Peve_00032098	0	12
Porites_evermani_scaffold_4649	5044	5458	gene-Peve_00032099	0	4
Porites_evermani_scaffold_4649	7467	14832	gene-Peve_00032100	83.2304559	10
Porites_evermani_scaffold_4649	16399	23432	gene-Peve_00032101	69.91962318	50
Porites_evermani_scaffold_465	2256	3465	gene-Peve_00032102	0.5456349048	42
Porites_evermani_scaffold_465	4086	8698	gene-Peve_00032110	57.53121138	53
Porites_evermani_scaffold_465	10662	12355	gene-Peve_00032119	0	57
Porites_evermani_scaffold_465	21570	23204	gene-Peve_00032120	0.36666666	50
Porites_evermani_scaffold_465	38158	38626	gene-Peve_00032103	0	19
Porites_evermani_scaffold_465	51201	52788	gene-Peve_00032104	0.9983031765	34
Porites_evermani_scaffold_465	84128	84611	gene-Peve_00032105	0	13
Porites_evermani_scaffold_465	88991	97048	gene-Peve_00032106	31.70801749	122
Porites_evermani_scaffold_465	122116	134003	gene-Peve_00032107	27.27029568	238
Porites_evermani_scaffold_465	157497	176289	gene-Peve_00032108	0.9619788258	419
Porites_evermani_scaffold_465	203948	207076	gene-Peve_00032112	0.1129943559	59
Porites_evermani_scaffold_465	215540	216247	gene-Peve_00032113	.	0
Porites_evermani_scaffold_465	225446	225935	gene-Peve_00032114	.	0
Porites_evermani_scaffold_465	228461	228791	gene-Peve_00032115	.	0
Porites_evermani_scaffold_465	233745	245192	gene-Peve_00032116	0.8752424907	108
Porites_evermani_scaffold_465	250082	251626	gene-Peve_00032117	0	9
Porites_evermani_scaffold_465	257439	258803	gene-Peve_00032118	0.1700680204	49
Porites_evermani_scaffold_4650	5068	6394	gene-Peve_00032121	.	0
Porites_evermani_scaffold_4650	11821	12568	gene-Peve_00032122	.	0
Porites_evermani_scaffold_4651	508	9706	gene-Peve_00032125	.	0
Porites_evermani_scaffold_4652	4445	9627	gene-Peve_00032127	34.61424442	98
Porites_evermani_scaffold_4652	12136	12787	gene-Peve_00032128	.	0
Porites_evermani_scaffold_4652	15265	22775	gene-Peve_00032129	29.1666665	2
Porites_evermani_scaffold_4652	17248	17900	gene-Peve_00032130	.	0
Porites_evermani_scaffold_4653	3417	4679	gene-Peve_00032131	0.3496503636	22
Porites_evermani_scaffold_4653	7979	23158	gene-Peve_00032133	0.2060521176	255
Porites_evermani_scaffold_4654	0	1193	gene-Peve_00032134	0	24
Porites_evermani_scaffold_4654	2431	23173	gene-Peve_00032135	7.323379876	395
Porites_evermani_scaffold_4655	479	992	gene-Peve_00032136	.	0
Porites_evermani_scaffold_4656	3077	15499	gene-Peve_00032137	3.855022568	236
Porites_evermani_scaffold_4657	990	3583	gene-Peve_00032138	90.47000614	14
Porites_evermani_scaffold_4657	6906	7385	gene-Peve_00032139	95.4545455	2
Porites_evermani_scaffold_4657	18862	19393	gene-Peve_00032141	54.61538467	3
Porites_evermani_scaffold_4658	2532	6279	gene-Peve_00032142	1.692180368	68
Porites_evermani_scaffold_4658	14820	22959	gene-Peve_00032143	0	36
Porites_evermani_scaffold_4658	17239	19370	gene-Peve_00032144	0	16
Porites_evermani_scaffold_4659	585	4977	gene-Peve_00032145	.	0
Porites_evermani_scaffold_4659	17272	23225	gene-Peve_00032146	.	0
Porites_evermani_scaffold_466	20361	32251	gene-Peve_00032165	1.481798559	306
Porites_evermani_scaffold_466	36347	51838	gene-Peve_00032147	1.869997283	145
Porites_evermani_scaffold_466	51927	57903	gene-Peve_00032148	14.60621682	78
Porites_evermani_scaffold_466	59106	59545	gene-Peve_00032149	3.12914555	20
Porites_evermani_scaffold_466	62271	66544	gene-Peve_00032150	78.40327571	14
Porites_evermani_scaffold_466	73900	74881	gene-Peve_00032151	0	24
Porites_evermani_scaffold_466	76904	77986	gene-Peve_00032152	0	27
Porites_evermani_scaffold_466	93492	93834	gene-Peve_00032153	.	0
Porites_evermani_scaffold_466	100958	103339	gene-Peve_00032154	0.1109877925	53
Porites_evermani_scaffold_466	105849	144627	gene-Peve_00032155	0.4612801778	585
Porites_evermani_scaffold_466	146652	147315	gene-Peve_00032157	0	16
Porites_evermani_scaffold_466	155760	162179	gene-Peve_00032158	0.05511464021	189
Porites_evermani_scaffold_466	183667	184153	gene-Peve_00032159	7.41758225	4
Porites_evermani_scaffold_466	188629	192439	gene-Peve_00032160	7.692307714	14
Porites_evermani_scaffold_466	213241	233973	gene-Peve_00032161	1.278634016	248
Porites_evermani_scaffold_466	234018	234438	gene-Peve_00032162	0	10
Porites_evermani_scaffold_466	242111	242575	gene-Peve_00032163	.	0
Porites_evermani_scaffold_466	246636	247705	gene-Peve_00032164	0.2262443462	26
Porites_evermani_scaffold_4660	16408	17476	gene-Peve_00032167	0.3134796207	29
Porites_evermani_scaffold_4661	6392	16283	gene-Peve_00032168	3.333333333	3
Porites_evermani_scaffold_4662	5618	11453	gene-Peve_00032169	28.5424344	50
Porites_evermani_scaffold_4663	6972	7317	gene-Peve_00032170	0	13
Porites_evermani_scaffold_4663	8278	12387	gene-Peve_00032171	0.3863196698	106
Porites_evermani_scaffold_4664	13515	17585	gene-Peve_00032172	0.7661888235	17
Porites_evermani_scaffold_4664	17783	18416	gene-Peve_00032173	.	0
Porites_evermani_scaffold_4664	22330	22711	gene-Peve_00032174	.	0
Porites_evermani_scaffold_4665	307	4341	gene-Peve_00032176	0	1
Porites_evermani_scaffold_4665	11733	23251	gene-Peve_00032175	0.4132231364	44
Porites_evermani_scaffold_4666	18378	20615	gene-Peve_00032177	11.65501167	3
Porites_evermani_scaffold_4668	1336	19797	gene-Peve_00032178	77.96435115	227
Porites_evermani_scaffold_4669	5052	18663	gene-Peve_00032179	11.90623345	200
Porites_evermani_scaffold_467	4571	5750	gene-Peve_00032180	0.8934884667	30
Porites_evermani_scaffold_467	14673	16328	gene-Peve_00032187	2.7692308	10
Porites_evermani_scaffold_467	17675	18152	gene-Peve_00032190	0.18867925	20
Porites_evermani_scaffold_467	25846	31122	gene-Peve_00032181	0.5952380714	14
Porites_evermani_scaffold_467	33771	40073	gene-Peve_00032182	0.1063277209	172
Porites_evermani_scaffold_467	46239	58320	gene-Peve_00032183	1.703607756	299
Porites_evermani_scaffold_467	68480	70184	gene-Peve_00032185	0.2525252424	33
Porites_evermani_scaffold_467	71834	78845	gene-Peve_00032186	0.6059664041	193
Porites_evermani_scaffold_467	79871	82143	gene-Peve_00032188	0.6812105	44
Porites_evermani_scaffold_467	117530	125218	gene-Peve_00032189	1.881435164	159
Porites_evermani_scaffold_467	130913	131756	gene-Peve_00032191	0	21
Porites_evermani_scaffold_467	138814	166376	gene-Peve_00032192	64.50583598	172
Porites_evermani_scaffold_467	166810	169252	gene-Peve_00032193	60.19900165	34
Porites_evermani_scaffold_467	172849	185241	gene-Peve_00032194	71.19003198	160
Porites_evermani_scaffold_467	187206	201186	gene-Peve_00032195	69.96582324	55
Porites_evermani_scaffold_467	204654	207345	gene-Peve_00032196	0	27
Porites_evermani_scaffold_467	222102	223329	gene-Peve_00032197	0	17
Porites_evermani_scaffold_467	238613	239717	gene-Peve_00032198	83.0473167	20
Porites_evermani_scaffold_467	254782	255573	gene-Peve_00032199	0	4
Porites_evermani_scaffold_4671	14157	23059	gene-Peve_00032201	58.28093639	46
Porites_evermani_scaffold_4671	15008	19658	gene-Peve_00032202	.	0
Porites_evermani_scaffold_4672	9228	16450	gene-Peve_00032203	71.09535575	44
Porites_evermani_scaffold_4673	1583	12297	gene-Peve_00032204	20.76456158	66
Porites_evermani_scaffold_4673	12747	15450	gene-Peve_00032205	.	0
Porites_evermani_scaffold_4674	4491	9060	gene-Peve_00032208	0.8604564167	36
Porites_evermani_scaffold_4674	9078	12251	gene-Peve_00032206	0.7359307429	35
Porites_evermani_scaffold_4675	6391	8639	gene-Peve_00032211	0.876089725	80
Porites_evermani_scaffold_4675	12345	14260	gene-Peve_00032210	0.1212121207	58
Porites_evermani_scaffold_4676	11313	19478	gene-Peve_00032212	14.65532009	149
Porites_evermani_scaffold_4676	21054	22102	gene-Peve_00032213	0.45454545	20
Porites_evermani_scaffold_4677	8968	9274	gene-Peve_00032214	.	0
Porites_evermani_scaffold_4678	10931	17171	gene-Peve_00032215	0.122100127	63
Porites_evermani_scaffold_4678	18697	23039	gene-Peve_00032216	0.1851851944	36
Porites_evermani_scaffold_4679	3753	7528	gene-Peve_00032217	0	37
Porites_evermani_scaffold_4679	11921	12719	gene-Peve_00032218	0	15
Porites_evermani_scaffold_4679	14116	17008	gene-Peve_00032219	1.254628462	65
Porites_evermani_scaffold_4679	18694	20074	gene-Peve_00032220	0	26
Porites_evermani_scaffold_468	15789	20055	gene-Peve_00032225	.	0
Porites_evermani_scaffold_468	29644	32669	gene-Peve_00032236	.	0
Porites_evermani_scaffold_468	46613	68215	gene-Peve_00032237	26.15079269	149
Porites_evermani_scaffold_468	71048	72083	gene-Peve_00032221	0.1879699211	38
Porites_evermani_scaffold_468	79391	81715	gene-Peve_00032222	0.2948718	60
Porites_evermani_scaffold_468	86743	88770	gene-Peve_00032223	0.1809954769	65
Porites_evermani_scaffold_468	95305	98831	gene-Peve_00032224	80.51518886	29
Porites_evermani_scaffold_468	105906	120223	gene-Peve_00032226	82.02211623	56
Porites_evermani_scaffold_468	122880	125131	gene-Peve_00032227	0.3759398421	19
Porites_evermani_scaffold_468	125893	127080	gene-Peve_00032228	0.5772579189	37
Porites_evermani_scaffold_468	129908	147816	gene-Peve_00032229	66.7175322	186
Porites_evermani_scaffold_468	151497	152709	gene-Peve_00032230	0	26
Porites_evermani_scaffold_468	161366	184565	gene-Peve_00032231	0.8149574637	593
Porites_evermani_scaffold_468	193254	210692	gene-Peve_00032232	16.20802417	240
Porites_evermani_scaffold_468	216885	222581	gene-Peve_00032233	0.1348039191	136
Porites_evermani_scaffold_468	243497	246808	gene-Peve_00032234	0.5	20
Porites_evermani_scaffold_468	251748	252681	gene-Peve_00032235	0	7
Porites_evermani_scaffold_4680	24	9740	gene-Peve_00032238	20.19841273	15
Porites_evermani_scaffold_4682	1494	3504	gene-Peve_00032239	.	0
Porites_evermani_scaffold_4682	15422	16583	gene-Peve_00032240	0	15
Porites_evermani_scaffold_4683	0	20702	gene-Peve_00032241	15.96193733	263
Porites_evermani_scaffold_4684	321	13988	gene-Peve_00032242	38.512783	40
Porites_evermani_scaffold_4685	4300	22845	gene-Peve_00032243	19.00777793	56
Porites_evermani_scaffold_4686	3153	22503	gene-Peve_00032244	.	0
Porites_evermani_scaffold_4688	6800	7139	gene-Peve_00032245	.	0
Porites_evermani_scaffold_4689	17117	20027	gene-Peve_00032246	0	24
Porites_evermani_scaffold_469	13214	40008	gene-Peve_00032247	1.405274055	579
Porites_evermani_scaffold_469	54631	59246	gene-Peve_00032248	64.70471105	43
Porites_evermani_scaffold_469	59497	62297	gene-Peve_00032249	59.36962594	34
Porites_evermani_scaffold_469	72570	75540	gene-Peve_00032251	0.4623222059	68
Porites_evermani_scaffold_469	80549	95119	gene-Peve_00032252	21.33771433	292
Porites_evermani_scaffold_469	97001	97862	gene-Peve_00032253	0	29
Porites_evermani_scaffold_469	101708	107671	gene-Peve_00032254	0.3561009379	161
Porites_evermani_scaffold_469	109050	113952	gene-Peve_00032255	0.2961762764	123
Porites_evermani_scaffold_469	117607	119613	gene-Peve_00032257	0	3
Porites_evermani_scaffold_469	124508	125426	gene-Peve_00032259	0.2083333438	32
Porites_evermani_scaffold_469	129711	135084	gene-Peve_00032260	0.6538461538	65
Porites_evermani_scaffold_469	145037	154582	gene-Peve_00032263	0.8235726406	281
Porites_evermani_scaffold_469	157729	158623	gene-Peve_00032264	0.2481389677	31
Porites_evermani_scaffold_469	159000	172362	gene-Peve_00032265	27.61872157	227
Porites_evermani_scaffold_469	174357	176910	gene-Peve_00032266	.	0
Porites_evermani_scaffold_469	178996	185517	gene-Peve_00032267	50.2424244	5
Porites_evermani_scaffold_469	186024	210388	gene-Peve_00032268	6.988082955	377
Porites_evermani_scaffold_469	215203	240881	gene-Peve_00032269	9.243180971	519
Porites_evermani_scaffold_4690	107	435	gene-Peve_00032272	7.039315714	7
Porites_evermani_scaffold_4690	2045	5720	gene-Peve_00032273	45.46688834	67
Porites_evermani_scaffold_4690	9284	21448	gene-Peve_00032274	2.314649488	215
Porites_evermani_scaffold_4691	1128	6054	gene-Peve_00032275	60.60606067	3
Porites_evermani_scaffold_4691	11715	18847	gene-Peve_00032276	0.6388948333	126
Porites_evermani_scaffold_4692	2030	4848	gene-Peve_00032277	.	0
Porites_evermani_scaffold_4692	9037	12025	gene-Peve_00032278	0.591716	13
Porites_evermani_scaffold_4693	728	11029	gene-Peve_00032279	1.054663012	251
Porites_evermani_scaffold_4694	6593	7770	gene-Peve_00032280	.	0
Porites_evermani_scaffold_4694	8087	19480	gene-Peve_00032281	70.72361355	22
Porites_evermani_scaffold_4696	9008	11009	gene-Peve_00032283	.	0
Porites_evermani_scaffold_4696	18759	21759	gene-Peve_00032282	90	1
Porites_evermani_scaffold_4697	18096	18672	gene-Peve_00032284	.	0
Porites_evermani_scaffold_4698	953	3481	gene-Peve_00032285	0.6580358319	119
Porites_evermani_scaffold_4699	4155	14315	gene-Peve_00032286	65.57254972	169
Porites_evermani_scaffold_4699	18765	21338	gene-Peve_00032287	1.585011691	55
Porites_evermani_scaffold_47	472	15816	gene-Peve_00032288	45.9240076	224
Porites_evermani_scaffold_47	19628	26865	gene-Peve_00032315	43.02360586	108
Porites_evermani_scaffold_47	35938	43046	gene-Peve_00032312	0.2016864306	209
Porites_evermani_scaffold_47	47698	48793	gene-Peve_00032316	0.5515802093	43
Porites_evermani_scaffold_47	64068	64509	gene-Peve_00032317	0	6
Porites_evermani_scaffold_47	67759	73549	gene-Peve_00032318	67.24229287	70
Porites_evermani_scaffold_47	73838	75817	gene-Peve_00032319	10.40076583	30
Porites_evermani_scaffold_47	79575	116927	gene-Peve_00032320	23.5950977	1035
Porites_evermani_scaffold_47	131686	145902	gene-Peve_00032322	10.71576338	419
Porites_evermani_scaffold_47	144831	148776	gene-Peve_00032321	0.6152258526	95
Porites_evermani_scaffold_47	186868	193494	gene-Peve_00032323	71.65860178	78
Porites_evermani_scaffold_47	197926	199510	gene-Peve_00032324	0.5853174583	48
Porites_evermani_scaffold_47	264908	270843	gene-Peve_00032289	0.1946640128	156
Porites_evermani_scaffold_47	272503	275742	gene-Peve_00032290	0.3780311415	106
Porites_evermani_scaffold_47	282721	287028	gene-Peve_00032291	0.3488395652	115
Porites_evermani_scaffold_47	290465	301204	gene-Peve_00032292	1.106084967	215
Porites_evermani_scaffold_47	315762	322830	gene-Peve_00032293	0.1714123923	181
Porites_evermani_scaffold_47	367956	372634	gene-Peve_00032294	0.1983065948	153
Porites_evermani_scaffold_47	397081	398720	gene-Peve_00032295	0	58
Porites_evermani_scaffold_47	402114	402672	gene-Peve_00032296	0.1748251818	44
Porites_evermani_scaffold_47	406062	412074	gene-Peve_00032297	13.31338374	125
Porites_evermani_scaffold_47	422096	438762	gene-Peve_00032298	31.45868472	321
Porites_evermani_scaffold_47	440914	451768	gene-Peve_00032299	13.11453437	160
Porites_evermani_scaffold_47	454664	461166	gene-Peve_00032301	32.39634592	60
Porites_evermani_scaffold_47	461329	471321	gene-Peve_00032302	69.06812413	79
Porites_evermani_scaffold_47	472593	482329	gene-Peve_00032303	48.82733397	117
Porites_evermani_scaffold_47	495411	497005	gene-Peve_00032304	17.64502167	15
Porites_evermani_scaffold_47	497439	501436	gene-Peve_00032305	44.69809717	42
Porites_evermani_scaffold_47	507783	509834	gene-Peve_00032306	1.312389919	37
Porites_evermani_scaffold_47	517741	522707	gene-Peve_00032307	.	0
Porites_evermani_scaffold_47	544669	546472	gene-Peve_00032308	1.891643697	33
Porites_evermani_scaffold_47	549638	646301	gene-Peve_00032309	2.672370334	2212
Porites_evermani_scaffold_47	571837	572481	gene-Peve_00032310	.	0
Porites_evermani_scaffold_47	693128	713312	gene-Peve_00032314	2.458830267	599
Porites_evermani_scaffold_470	3407	6824	gene-Peve_00032329	71.78937708	37
Porites_evermani_scaffold_470	6942	28337	gene-Peve_00032337	38.12473364	214
Porites_evermani_scaffold_470	30776	41970	gene-Peve_00032336	56.54173017	172
Porites_evermani_scaffold_470	32111	32610	gene-Peve_00032343	69.81019582	22
Porites_evermani_scaffold_470	44255	45515	gene-Peve_00032325	0.9431594103	39
Porites_evermani_scaffold_470	47579	54455	gene-Peve_00032326	12.51569166	138
Porites_evermani_scaffold_470	56887	59510	gene-Peve_00032327	0.4605274066	91
Porites_evermani_scaffold_470	64138	66850	gene-Peve_00032328	84.42304212	25
Porites_evermani_scaffold_470	73217	75409	gene-Peve_00032330	63.57673782	34
Porites_evermani_scaffold_470	75842	76724	gene-Peve_00032331	8.621442654	26
Porites_evermani_scaffold_470	80263	85330	gene-Peve_00032332	0.523932906	149
Porites_evermani_scaffold_470	106029	129329	gene-Peve_00032333	0.4855458414	555
Porites_evermani_scaffold_470	133042	134052	gene-Peve_00032335	0.1831501905	42
Porites_evermani_scaffold_470	137298	150386	gene-Peve_00032334	40.12747578	209
Porites_evermani_scaffold_470	158486	166861	gene-Peve_00032338	0.4972086919	198
Porites_evermani_scaffold_470	182030	192727	gene-Peve_00032339	26.74800527	241
Porites_evermani_scaffold_470	207514	213387	gene-Peve_00032340	0.8617018659	179
Porites_evermani_scaffold_470	215139	227864	gene-Peve_00032341	17.50565129	235
Porites_evermani_scaffold_470	237157	256416	gene-Peve_00032342	80.3982817	291
Porites_evermani_scaffold_4700	1553	3905	gene-Peve_00032344	0	9
Porites_evermani_scaffold_4700	6681	7969	gene-Peve_00032346	0.3684807381	42
Porites_evermani_scaffold_4700	10569	16607	gene-Peve_00032345	1.639764754	118
Porites_evermani_scaffold_4701	8113	9935	gene-Peve_00032347	0	5
Porites_evermani_scaffold_4701	13651	14542	gene-Peve_00032348	0	28
Porites_evermani_scaffold_4702	44	5265	gene-Peve_00032349	4.877860214	42
Porites_evermani_scaffold_4702	6666	11106	gene-Peve_00032350	0.1913875579	95
Porites_evermani_scaffold_4702	11762	14338	gene-Peve_00032351	0.7333778478	46
Porites_evermani_scaffold_4702	15598	19411	gene-Peve_00032352	85.87371711	19
Porites_evermani_scaffold_4704	2895	21361	gene-Peve_00032353	3.84287421	466
Porites_evermani_scaffold_4704	6215	9621	gene-Peve_00032354	0.39108325	72
Porites_evermani_scaffold_4705	8952	11072	gene-Peve_00032355	0.4732607705	61
Porites_evermani_scaffold_4706	6772	12803	gene-Peve_00032356	87.08694946	41
Porites_evermani_scaffold_4707	11498	13727	gene-Peve_00032357	0.3928866935	62
Porites_evermani_scaffold_4708	970	4698	gene-Peve_00032359	6.21524919	42
Porites_evermani_scaffold_4708	7259	11408	gene-Peve_00032365	0.7676025	66
Porites_evermani_scaffold_4708	19032	20445	gene-Peve_00032363	0.3921568667	15
Porites_evermani_scaffold_4709	60	11544	gene-Peve_00032367	44.12055339	23
Porites_evermani_scaffold_4709	12817	15422	gene-Peve_00032369	0.7524828039	51
Porites_evermani_scaffold_4709	18162	20361	gene-Peve_00032368	1.106825885	26
Porites_evermani_scaffold_471	2	58833	gene-Peve_00032370	8.540440362	989
Porites_evermani_scaffold_471	60711	72914	gene-Peve_00032382	44.65520322	186
Porites_evermani_scaffold_471	76069	77728	gene-Peve_00032390	0.5208333125	16
Porites_evermani_scaffold_471	82663	85568	gene-Peve_00032371	0.9130614	105
Porites_evermani_scaffold_471	92114	98652	gene-Peve_00032372	0.3234165673	208
Porites_evermani_scaffold_471	101700	102894	gene-Peve_00032373	0.3009976053	38
Porites_evermani_scaffold_471	106431	107613	gene-Peve_00032374	0	1
Porites_evermani_scaffold_471	110582	111845	gene-Peve_00032375	0	5
Porites_evermani_scaffold_471	115526	118165	gene-Peve_00032376	.	0
Porites_evermani_scaffold_471	124186	128424	gene-Peve_00032377	.	0
Porites_evermani_scaffold_471	129702	133041	gene-Peve_00032378	.	0
Porites_evermani_scaffold_471	134748	139333	gene-Peve_00032379	50.49259899	126
Porites_evermani_scaffold_471	137005	137488	gene-Peve_00032380	95.4406891	21
Porites_evermani_scaffold_471	140698	159083	gene-Peve_00032381	42.7288815	114
Porites_evermani_scaffold_471	152536	155930	gene-Peve_00032383	13.171147	22
Porites_evermani_scaffold_471	162421	167222	gene-Peve_00032384	0	6
Porites_evermani_scaffold_471	175605	179309	gene-Peve_00032385	0.2380952286	35
Porites_evermani_scaffold_471	200621	202259	gene-Peve_00032386	.	0
Porites_evermani_scaffold_471	217369	218793	gene-Peve_00032387	62.46212125	4
Porites_evermani_scaffold_471	220050	220446	gene-Peve_00032388	.	0
Porites_evermani_scaffold_471	253507	255808	gene-Peve_00032389	16.66666667	6
Porites_evermani_scaffold_4710	10328	13573	gene-Peve_00032392	.	0
Porites_evermani_scaffold_4711	12638	14346	gene-Peve_00032393	0	1
Porites_evermani_scaffold_4712	4111	9097	gene-Peve_00032394	0.7057506597	144
Porites_evermani_scaffold_4712	10832	22463	gene-Peve_00032395	0.4576838754	281
Porites_evermani_scaffold_4713	3388	6677	gene-Peve_00032396	82.9545455	4
Porites_evermani_scaffold_4713	6883	10710	gene-Peve_00032397	35.1313133	10
Porites_evermani_scaffold_4713	13466	19037	gene-Peve_00032398	13.4600078	45
Porites_evermani_scaffold_4714	1999	16191	gene-Peve_00032399	0.3634085238	84
Porites_evermani_scaffold_4715	2829	8215	gene-Peve_00032400	52.67217627	22
Porites_evermani_scaffold_4715	14531	15407	gene-Peve_00032401	2.727272714	7
Porites_evermani_scaffold_4715	17144	20494	gene-Peve_00032402	0	17
Porites_evermani_scaffold_4716	6121	6862	gene-Peve_00032403	0	1
Porites_evermani_scaffold_4716	14056	21199	gene-Peve_00032404	0.4315669432	88
Porites_evermani_scaffold_4717	17071	17611	gene-Peve_00032406	.	0
Porites_evermani_scaffold_4717	19099	20954	gene-Peve_00032405	1.039079692	13
Porites_evermani_scaffold_4718	6409	7523	gene-Peve_00032407	0	11
Porites_evermani_scaffold_4719	2393	4876	gene-Peve_00032408	.	0
Porites_evermani_scaffold_4719	5646	9795	gene-Peve_00032409	.	0
Porites_evermani_scaffold_4719	11217	20881	gene-Peve_00032410	.	0
Porites_evermani_scaffold_472	6070	6706	gene-Peve_00032411	.	0
Porites_evermani_scaffold_472	8807	9572	gene-Peve_00032425	.	0
Porites_evermani_scaffold_472	11516	13112	gene-Peve_00032442	.	0
Porites_evermani_scaffold_472	13648	15707	gene-Peve_00032412	.	0
Porites_evermani_scaffold_472	19545	20031	gene-Peve_00032422	.	0
Porites_evermani_scaffold_472	25369	27434	gene-Peve_00032424	39.24939037	8
Porites_evermani_scaffold_472	36047	37360	gene-Peve_00032426	87.44588757	7
Porites_evermani_scaffold_472	40017	41037	gene-Peve_00032428	.	0
Porites_evermani_scaffold_472	42026	42608	gene-Peve_00032429	28.13866638	13
Porites_evermani_scaffold_472	48163	48849	gene-Peve_00032430	4.834054778	9
Porites_evermani_scaffold_472	55224	55694	gene-Peve_00032431	.	0
Porites_evermani_scaffold_472	56622	57232	gene-Peve_00032432	88.961039	7
Porites_evermani_scaffold_472	60363	60768	gene-Peve_00032433	.	0
Porites_evermani_scaffold_472	76167	76807	gene-Peve_00032435	77.5	4
Porites_evermani_scaffold_472	77503	78253	gene-Peve_00032436	.	0
Porites_evermani_scaffold_472	78714	79776	gene-Peve_00032437	.	0
Porites_evermani_scaffold_472	98748	99393	gene-Peve_00032439	70.909091	2
Porites_evermani_scaffold_472	99932	101288	gene-Peve_00032440	90	1
Porites_evermani_scaffold_472	118022	118460	gene-Peve_00032443	20	1
Porites_evermani_scaffold_472	135346	135656	gene-Peve_00032445	.	0
Porites_evermani_scaffold_472	135863	136217	gene-Peve_00032444	.	0
Porites_evermani_scaffold_472	161152	162931	gene-Peve_00032413	22.9855769	20
Porites_evermani_scaffold_472	166107	194740	gene-Peve_00032414	46.93834866	388
Porites_evermani_scaffold_472	175571	176074	gene-Peve_00032415	54.82212467	6
Porites_evermani_scaffold_472	182593	183220	gene-Peve_00032416	71.9938884	10
Porites_evermani_scaffold_472	194829	197891	gene-Peve_00032418	.	0
Porites_evermani_scaffold_472	198427	204121	gene-Peve_00032417	61.22607346	57
Porites_evermani_scaffold_472	213663	216717	gene-Peve_00032419	51.2219933	44
Porites_evermani_scaffold_472	225044	256254	gene-Peve_00032420	29.48089782	467
Porites_evermani_scaffold_4720	10489	10960	gene-Peve_00032448	.	0
Porites_evermani_scaffold_4721	8377	10550	gene-Peve_00032449	0	13
Porites_evermani_scaffold_4722	11054	11457	gene-Peve_00032450	.	0
Porites_evermani_scaffold_4722	17765	19199	gene-Peve_00032451	0.9090909	10
Porites_evermani_scaffold_4723	18696	18838	gene-Peve_00032453	.	0
Porites_evermani_scaffold_4724	6379	7715	gene-Peve_00032454	0.4146730526	38
Porites_evermani_scaffold_4725	6359	7793	gene-Peve_00032455	0.1443001515	33
Porites_evermani_scaffold_4726	5	13174	gene-Peve_00032456	0	22
Porites_evermani_scaffold_4726	14330	17499	gene-Peve_00032457	2.43754313	23
Porites_evermani_scaffold_4726	19569	20153	gene-Peve_00032458	0	3
Porites_evermani_scaffold_4727	1800	2704	gene-Peve_00032459	1.346801333	27
Porites_evermani_scaffold_4727	7418	18290	gene-Peve_00032460	19.72495768	142
Porites_evermani_scaffold_4727	20012	21362	gene-Peve_00032461	0	35
Porites_evermani_scaffold_4728	13364	18732	gene-Peve_00032462	62.11632306	18
Porites_evermani_scaffold_4729	2151	10314	gene-Peve_00032463	0.9779735221	136
Porites_evermani_scaffold_4729	13630	14759	gene-Peve_00032464	0	16
Porites_evermani_scaffold_473	9465	12935	gene-Peve_00032468	.	0
Porites_evermani_scaffold_473	17492	17819	gene-Peve_00032466	.	0
Porites_evermani_scaffold_473	17885	18188	gene-Peve_00032467	0	2
Porites_evermani_scaffold_473	26338	29552	gene-Peve_00032469	0.4073294051	79
Porites_evermani_scaffold_473	60222	61866	gene-Peve_00032472	0.2841410172	58
Porites_evermani_scaffold_473	98212	104894	gene-Peve_00032474	2.373717276	123
Porites_evermani_scaffold_473	110169	112050	gene-Peve_00032473	1.232741615	13
Porites_evermani_scaffold_473	152476	156478	gene-Peve_00032475	3.17187812	25
Porites_evermani_scaffold_473	158729	160319	gene-Peve_00032476	0	2
Porites_evermani_scaffold_473	188966	189719	gene-Peve_00032477	0	6
Porites_evermani_scaffold_473	200954	202998	gene-Peve_00032478	0	31
Porites_evermani_scaffold_473	227454	229886	gene-Peve_00032480	0.2197802286	35
Porites_evermani_scaffold_473	239722	245608	gene-Peve_00032481	.	0
Porites_evermani_scaffold_473	255132	255663	gene-Peve_00032465	0.35714285	20
Porites_evermani_scaffold_4731	16311	19035	gene-Peve_00032482	0.5339105714	21
Porites_evermani_scaffold_4732	9373	9868	gene-Peve_00032484	.	0
Porites_evermani_scaffold_4732	19215	21943	gene-Peve_00032485	1.211604519	54
Porites_evermani_scaffold_4733	224	5301	gene-Peve_00032486	67.3020448	45
Porites_evermani_scaffold_4733	19497	19872	gene-Peve_00032487	2.247243286	21
Porites_evermani_scaffold_4734	17728	21234	gene-Peve_00032488	3.86060604	25
Porites_evermani_scaffold_4735	2132	21368	gene-Peve_00032489	1.206496425	579
Porites_evermani_scaffold_4736	1517	10691	gene-Peve_00032490	0.5703026375	251
Porites_evermani_scaffold_4736	17054	20521	gene-Peve_00032491	0.3107475326	92
Porites_evermani_scaffold_4737	5469	6764	gene-Peve_00032492	0	4
Porites_evermani_scaffold_4737	6889	7501	gene-Peve_00032493	.	0
Porites_evermani_scaffold_4738	6722	12377	gene-Peve_00032494	1.748239771	48
Porites_evermani_scaffold_4738	15035	15821	gene-Peve_00032495	.	0
Porites_evermani_scaffold_4738	19504	20280	gene-Peve_00032496	.	0
Porites_evermani_scaffold_4739	4290	20365	gene-Peve_00032497	0	11
Porites_evermani_scaffold_474	5766	19279	gene-Peve_00032498	0.5280073333	33
Porites_evermani_scaffold_474	21373	23457	gene-Peve_00032501	.	0
Porites_evermani_scaffold_474	27533	30668	gene-Peve_00032509	0	13
Porites_evermani_scaffold_474	32943	34045	gene-Peve_00032518	.	0
Porites_evermani_scaffold_474	37469	64742	gene-Peve_00032517	0.5705158187	651
Porites_evermani_scaffold_474	48325	51214	gene-Peve_00032499	0	44
Porites_evermani_scaffold_474	68529	71568	gene-Peve_00032500	27.00631055	44
Porites_evermani_scaffold_474	79956	90997	gene-Peve_00032502	69.27192011	151
Porites_evermani_scaffold_474	95733	102984	gene-Peve_00032503	10.67634828	123
Porites_evermani_scaffold_474	104311	121467	gene-Peve_00032504	71.6925936	177
Porites_evermani_scaffold_474	121648	134737	gene-Peve_00032505	10.34368765	218
Porites_evermani_scaffold_474	135027	163331	gene-Peve_00032506	26.85158319	125
Porites_evermani_scaffold_474	164881	167425	gene-Peve_00032507	69.08533071	35
Porites_evermani_scaffold_474	180186	195897	gene-Peve_00032508	0.1720794036	394
Porites_evermani_scaffold_474	197780	211409	gene-Peve_00032510	6.345746707	157
Porites_evermani_scaffold_474	211401	216046	gene-Peve_00032511	.	0
Porites_evermani_scaffold_474	227001	229878	gene-Peve_00032512	0.1524390244	41
Porites_evermani_scaffold_474	233422	236091	gene-Peve_00032513	0	13
Porites_evermani_scaffold_474	237580	249058	gene-Peve_00032515	0.5238472986	144
Porites_evermani_scaffold_474	250362	256549	gene-Peve_00032516	64.10646064	56
Porites_evermani_scaffold_4740	7516	9858	gene-Peve_00032519	70.94102864	11
Porites_evermani_scaffold_4740	10270	21532	gene-Peve_00032520	33.85435995	21
Porites_evermani_scaffold_4741	1152	9419	gene-Peve_00032521	91.7948717	10
Porites_evermani_scaffold_4742	976	1504	gene-Peve_00032522	0	21
Porites_evermani_scaffold_4742	4484	19761	gene-Peve_00032523	31.32558599	75
Porites_evermani_scaffold_4743	4367	12580	gene-Peve_00032525	1.19412384	81
Porites_evermani_scaffold_4743	12722	13304	gene-Peve_00032524	.	0
Porites_evermani_scaffold_4745	20449	21167	gene-Peve_00032526	0	20
Porites_evermani_scaffold_4746	291	3688	gene-Peve_00032527	0.6666666667	15
Porites_evermani_scaffold_4746	1772	2180	gene-Peve_00032529	0	7
Porites_evermani_scaffold_4746	15756	16383	gene-Peve_00032531	.	0
Porites_evermani_scaffold_4746	16551	17092	gene-Peve_00032530	.	0
Porites_evermani_scaffold_4747	12281	14241	gene-Peve_00032532	40.81902955	11
Porites_evermani_scaffold_4747	16763	17084	gene-Peve_00032533	0.6060606	15
Porites_evermani_scaffold_4747	17797	18442	gene-Peve_00032534	1.136363625	8
Porites_evermani_scaffold_4747	20400	20862	gene-Peve_00032535	0	12
Porites_evermani_scaffold_4748	7335	21064	gene-Peve_00032536	12.98878618	17
Porites_evermani_scaffold_4749	6477	13735	gene-Peve_00032537	0.2284480252	119
Porites_evermani_scaffold_4749	15367	18703	gene-Peve_00032538	0.2421799681	94
Porites_evermani_scaffold_475	19351	44254	gene-Peve_00032539	2.301612177	243
Porites_evermani_scaffold_475	49400	58993	gene-Peve_00032543	4.149786966	58
Porites_evermani_scaffold_475	81076	83827	gene-Peve_00032540	0.3519435286	70
Porites_evermani_scaffold_475	217389	228245	gene-Peve_00032541	0.5607973702	208
Porites_evermani_scaffold_475	230437	241918	gene-Peve_00032542	0.6837581884	138
Porites_evermani_scaffold_4750	1187	6432	gene-Peve_00032544	48.97727275	8
Porites_evermani_scaffold_4750	12918	14118	gene-Peve_00032545	.	0
Porites_evermani_scaffold_4750	16320	21820	gene-Peve_00032546	87.47321882	17
Porites_evermani_scaffold_4751	53	1879	gene-Peve_00032547	.	0
Porites_evermani_scaffold_4751	12969	17227	gene-Peve_00032548	.	0
Porites_evermani_scaffold_4752	3756	11649	gene-Peve_00032549	0.4834849631	244
Porites_evermani_scaffold_4752	12240	12738	gene-Peve_00032550	7.217055	10
Porites_evermani_scaffold_4752	16426	21356	gene-Peve_00032551	1.236703111	72
Porites_evermani_scaffold_4752	19372	21998	gene-Peve_00032552	1.730857787	47
Porites_evermani_scaffold_4753	1023	2128	gene-Peve_00032553	.	0
Porites_evermani_scaffold_4754	2507	16815	gene-Peve_00032554	90.38978127	94
Porites_evermani_scaffold_4757	9	612	gene-Peve_00032560	.	0
Porites_evermani_scaffold_4757	2302	6382	gene-Peve_00032559	0	22
Porites_evermani_scaffold_4757	6514	7450	gene-Peve_00032561	0	16
Porites_evermani_scaffold_4757	11266	12760	gene-Peve_00032556	0	1
Porites_evermani_scaffold_4757	12891	14727	gene-Peve_00032557	5	8
Porites_evermani_scaffold_4757	16059	20383	gene-Peve_00032558	0	45
Porites_evermani_scaffold_4758	2	5042	gene-Peve_00032562	80.20292212	8
Porites_evermani_scaffold_4758	5196	5676	gene-Peve_00032563	0	9
Porites_evermani_scaffold_4758	8460	14612	gene-Peve_00032564	0.6694671393	122
Porites_evermani_scaffold_4758	18621	21143	gene-Peve_00032565	84.22824733	15
Porites_evermani_scaffold_4759	7931	10487	gene-Peve_00032566	0	5
Porites_evermani_scaffold_476	3117	4164	gene-Peve_00032567	0	13
Porites_evermani_scaffold_476	21543	22517	gene-Peve_00032580	0	27
Porites_evermani_scaffold_476	26167	51516	gene-Peve_00032585	20.51155945	488
Porites_evermani_scaffold_476	48706	49309	gene-Peve_00032568	86.22053878	9
Porites_evermani_scaffold_476	56294	58121	gene-Peve_00032569	17.20475913	54
Porites_evermani_scaffold_476	84773	85457	gene-Peve_00032570	0	3
Porites_evermani_scaffold_476	88335	88974	gene-Peve_00032571	0	3
Porites_evermani_scaffold_476	100521	101166	gene-Peve_00032572	.	0
Porites_evermani_scaffold_476	106333	127412	gene-Peve_00032573	75.22797698	284
Porites_evermani_scaffold_476	141009	151469	gene-Peve_00032574	31.61286426	137
Porites_evermani_scaffold_476	158891	181887	gene-Peve_00032576	11.12317769	393
Porites_evermani_scaffold_476	186695	195673	gene-Peve_00032577	0.87889675	104
Porites_evermani_scaffold_476	198377	205223	gene-Peve_00032575	0.4361631026	156
Porites_evermani_scaffold_476	208444	212980	gene-Peve_00032581	0.4747386748	123
Porites_evermani_scaffold_476	215092	221176	gene-Peve_00032582	44.71824082	82
Porites_evermani_scaffold_476	225100	228372	gene-Peve_00032583	0.7576709744	117
Porites_evermani_scaffold_476	233819	238689	gene-Peve_00032584	0	40
Porites_evermani_scaffold_476	242941	253446	gene-Peve_00032586	1.073255156	257
Porites_evermani_scaffold_4760	7552	9574	gene-Peve_00032587	2.616074235	17
Porites_evermani_scaffold_4762	2614	8867	gene-Peve_00032588	84.71871891	70
Porites_evermani_scaffold_4762	17788	20125	gene-Peve_00032589	4.3560605	4
Porites_evermani_scaffold_4763	615	12262	gene-Peve_00032590	59.11385607	14
Porites_evermani_scaffold_4763	12515	13390	gene-Peve_00032591	.	0
Porites_evermani_scaffold_4763	18413	18737	gene-Peve_00032592	.	0
Porites_evermani_scaffold_4764	3041	11939	gene-Peve_00032593	20.4842238	130
Porites_evermani_scaffold_4764	12279	19219	gene-Peve_00032594	22.4379323	91
Porites_evermani_scaffold_4765	743	1304	gene-Peve_00032597	0	26
Porites_evermani_scaffold_4765	17658	18362	gene-Peve_00032596	2.182237421	38
Porites_evermani_scaffold_4766	8781	9768	gene-Peve_00032598	.	0
Porites_evermani_scaffold_4767	10015	18257	gene-Peve_00032600	1.670094207	208
Porites_evermani_scaffold_4769	5825	11471	gene-Peve_00032605	0	4
Porites_evermani_scaffold_4769	14915	20471	gene-Peve_00032606	.	0
Porites_evermani_scaffold_477	8904	23172	gene-Peve_00032616	0.3015865135	259
Porites_evermani_scaffold_477	28734	34078	gene-Peve_00032621	36.21137896	104
Porites_evermani_scaffold_477	35728	77461	gene-Peve_00032607	14.94287361	884
Porites_evermani_scaffold_477	78287	87345	gene-Peve_00032608	34.67184765	163
Porites_evermani_scaffold_477	91310	96159	gene-Peve_00032609	0.2583867152	151
Porites_evermani_scaffold_477	98095	106298	gene-Peve_00032610	0.8048081629	221
Porites_evermani_scaffold_477	113279	115320	gene-Peve_00032611	0.2564102692	52
Porites_evermani_scaffold_477	122768	125665	gene-Peve_00032612	0.8555041571	70
Porites_evermani_scaffold_477	128084	142345	gene-Peve_00032613	1.064048152	349
Porites_evermani_scaffold_477	144331	167138	gene-Peve_00032614	0.5596874827	549
Porites_evermani_scaffold_477	170938	184685	gene-Peve_00032615	0.7903434013	319
Porites_evermani_scaffold_477	188933	203920	gene-Peve_00032617	0.6644152751	338
Porites_evermani_scaffold_477	222752	235082	gene-Peve_00032618	0.6728965179	307
Porites_evermani_scaffold_477	242858	243413	gene-Peve_00032619	0	7
Porites_evermani_scaffold_477	243949	252913	gene-Peve_00032620	0.3837353496	266
Porites_evermani_scaffold_4770	2487	7313	gene-Peve_00032622	0	26
Porites_evermani_scaffold_4771	13063	20896	gene-Peve_00032623	0.8075196509	106
Porites_evermani_scaffold_4772	380	2089	gene-Peve_00032624	48.56778453	17
Porites_evermani_scaffold_4772	2348	21421	gene-Peve_00032625	15.07244201	269
Porites_evermani_scaffold_4773	3170	4727	gene-Peve_00032626	0.5333100233	43
Porites_evermani_scaffold_4773	7303	14288	gene-Peve_00032627	0	16
Porites_evermani_scaffold_4774	193	16155	gene-Peve_00032628	10.62234965	370
Porites_evermani_scaffold_4775	8532	9402	gene-Peve_00032629	0	6
Porites_evermani_scaffold_4775	18671	19463	gene-Peve_00032631	.	0
Porites_evermani_scaffold_4775	19763	21698	gene-Peve_00032630	0	3
Porites_evermani_scaffold_4776	2435	18328	gene-Peve_00032632	29.89188332	40
Porites_evermani_scaffold_4777	4259	10411	gene-Peve_00032633	0.7242504122	148
Porites_evermani_scaffold_4778	244	20518	gene-Peve_00032634	90.81104089	9
Porites_evermani_scaffold_4779	7479	20804	gene-Peve_00032636	77.86296629	101
Porites_evermani_scaffold_478	2196	9822	gene-Peve_00032637	39.55552023	22
Porites_evermani_scaffold_478	11725	15120	gene-Peve_00032646	95.4545455	2
Porites_evermani_scaffold_478	15568	22162	gene-Peve_00032651	69.59182147	38
Porites_evermani_scaffold_478	22245	27023	gene-Peve_00032654	63.23285676	67
Porites_evermani_scaffold_478	32337	33159	gene-Peve_00032655	0	24
Porites_evermani_scaffold_478	37533	38355	gene-Peve_00032656	0.1388889	40
Porites_evermani_scaffold_478	41317	51612	gene-Peve_00032657	24.67528589	158
Porites_evermani_scaffold_478	55300	62030	gene-Peve_00032638	61.92050781	43
Porites_evermani_scaffold_478	62262	77391	gene-Peve_00032639	42.32830231	96
Porites_evermani_scaffold_478	87281	91915	gene-Peve_00032640	0	23
Porites_evermani_scaffold_478	96958	101185	gene-Peve_00032642	0.4980969291	127
Porites_evermani_scaffold_478	113571	116134	gene-Peve_00032641	37.68117589	36
Porites_evermani_scaffold_478	116331	154012	gene-Peve_00032643	5.35572292	877
Porites_evermani_scaffold_478	158889	167793	gene-Peve_00032644	0.4745323547	265
Porites_evermani_scaffold_478	167799	174679	gene-Peve_00032645	0.1481366538	208
Porites_evermani_scaffold_478	190912	199282	gene-Peve_00032647	1.155106557	183
Porites_evermani_scaffold_478	203259	220978	gene-Peve_00032648	0.3913427758	281
Porites_evermani_scaffold_478	214872	215325	gene-Peve_00032650	0	2
Porites_evermani_scaffold_478	229748	252874	gene-Peve_00032652	0.298378421	544
Porites_evermani_scaffold_4780	3653	19416	gene-Peve_00032658	0.7060924929	420
Porites_evermani_scaffold_4781	8	16533	gene-Peve_00032659	0.2585838036	275
Porites_evermani_scaffold_4781	18922	20928	gene-Peve_00032660	1.907305667	45
Porites_evermani_scaffold_4782	2262	3900	gene-Peve_00032661	0	3
Porites_evermani_scaffold_4782	6307	6769	gene-Peve_00032662	0	8
Porites_evermani_scaffold_4784	2487	3165	gene-Peve_00032663	.	0
Porites_evermani_scaffold_4784	7556	8234	gene-Peve_00032664	.	0
Porites_evermani_scaffold_4784	8642	9320	gene-Peve_00032665	.	0
Porites_evermani_scaffold_4784	10718	14332	gene-Peve_00032666	61.52977769	58
Porites_evermani_scaffold_4784	18916	20005	gene-Peve_00032667	0.3565062381	42
Porites_evermani_scaffold_4785	0	4467	gene-Peve_00032668	48.58792005	21
Porites_evermani_scaffold_4785	6354	11266	gene-Peve_00032669	32.21761146	61
Porites_evermani_scaffold_4785	13908	20702	gene-Peve_00032670	9.030748688	16
Porites_evermani_scaffold_4789	0	3261	gene-Peve_00032671	0	8
Porites_evermani_scaffold_4789	8038	8533	gene-Peve_00032672	.	0
Porites_evermani_scaffold_4789	11308	17401	gene-Peve_00032673	0.380118	96
Porites_evermani_scaffold_479	331	745	gene-Peve_00032674	0	22
Porites_evermani_scaffold_479	1875	23255	gene-Peve_00032678	70.72042821	136
Porites_evermani_scaffold_479	44642	48952	gene-Peve_00032675	.	0
Porites_evermani_scaffold_479	49737	51453	gene-Peve_00032676	.	0
Porites_evermani_scaffold_479	62009	77608	gene-Peve_00032677	0.7349137344	418
Porites_evermani_scaffold_479	106934	119384	gene-Peve_00032679	2.47969697	299
Porites_evermani_scaffold_479	128461	133930	gene-Peve_00032680	34.38847509	78
Porites_evermani_scaffold_479	136176	145806	gene-Peve_00032681	60.07360138	66
Porites_evermani_scaffold_479	164795	204727	gene-Peve_00032682	6.811636292	428
Porites_evermani_scaffold_479	172713	174373	gene-Peve_00032683	0	17
Porites_evermani_scaffold_479	207205	233264	gene-Peve_00032684	14.35316514	327
Porites_evermani_scaffold_479	234849	243427	gene-Peve_00032685	2.461894073	96
Porites_evermani_scaffold_479	244948	247553	gene-Peve_00032686	0.5113636333	30
Porites_evermani_scaffold_4790	14750	19662	gene-Peve_00032687	73.60146528	29
Porites_evermani_scaffold_4791	7065	7884	gene-Peve_00032688	.	0
Porites_evermani_scaffold_4792	7041	19141	gene-Peve_00032689	1.379629667	30
Porites_evermani_scaffold_4793	149	15810	gene-Peve_00032690	38.77532195	172
Porites_evermani_scaffold_4794	4233	16834	gene-Peve_00032691	15.27975625	126
Porites_evermani_scaffold_4794	19281	20672	gene-Peve_00032692	.	0
Porites_evermani_scaffold_4796	15391	16795	gene-Peve_00032694	11.79931178	18
Porites_evermani_scaffold_4797	7964	9806	gene-Peve_00032695	75.43136637	19
Porites_evermani_scaffold_4797	17079	17367	gene-Peve_00032696	100	1
Porites_evermani_scaffold_4799	477	864	gene-Peve_00032697	1.068376067	15
Porites_evermani_scaffold_4799	1472	20233	gene-Peve_00032698	3.804702303	122
Porites_evermani_scaffold_48	11146	13339	gene-Peve_00032699	0.3166802973	37
Porites_evermani_scaffold_48	15243	20991	gene-Peve_00032728	43.24612794	67
Porites_evermani_scaffold_48	22767	46708	gene-Peve_00032733	0.2712891941	644
Porites_evermani_scaffold_48	50578	54737	gene-Peve_00032740	0.1923076923	52
Porites_evermani_scaffold_48	87900	92391	gene-Peve_00032715	91.7822682	46
Porites_evermani_scaffold_48	93741	101327	gene-Peve_00032721	63.60549112	50
Porites_evermani_scaffold_48	104010	116744	gene-Peve_00032727	0.3394642011	353
Porites_evermani_scaffold_48	119191	119962	gene-Peve_00032729	0	15
Porites_evermani_scaffold_48	123379	123751	gene-Peve_00032731	0.6493506429	14
Porites_evermani_scaffold_48	127981	130404	gene-Peve_00032730	1.080553224	76
Porites_evermani_scaffold_48	136064	140219	gene-Peve_00032732	0.6795634792	96
Porites_evermani_scaffold_48	140711	179369	gene-Peve_00032734	22.42767855	555
Porites_evermani_scaffold_48	181280	197048	gene-Peve_00032735	6.835695603	307
Porites_evermani_scaffold_48	197346	209890	gene-Peve_00032736	25.5143388	179
Porites_evermani_scaffold_48	216329	223589	gene-Peve_00032737	0.7394328088	136
Porites_evermani_scaffold_48	235735	247041	gene-Peve_00032738	4.282300391	215
Porites_evermani_scaffold_48	251736	262808	gene-Peve_00032739	25.05519688	224
Porites_evermani_scaffold_48	276324	288418	gene-Peve_00032741	1.65369646	272
Porites_evermani_scaffold_48	289438	298167	gene-Peve_00032742	0.2603252	190
Porites_evermani_scaffold_48	309908	312265	gene-Peve_00032743	1.49142525	52
Porites_evermani_scaffold_48	319286	320484	gene-Peve_00032744	0	30
Porites_evermani_scaffold_48	330812	332413	gene-Peve_00032746	0.1633986944	36
Porites_evermani_scaffold_48	344289	347792	gene-Peve_00032747	0.3217614454	119
Porites_evermani_scaffold_48	352602	366091	gene-Peve_00032748	23.44151686	258
Porites_evermani_scaffold_48	373197	399573	gene-Peve_00032749	8.62626874	489
Porites_evermani_scaffold_48	428472	449546	gene-Peve_00032700	49.72633847	36
Porites_evermani_scaffold_48	451317	453564	gene-Peve_00032701	.	0
Porites_evermani_scaffold_48	462037	462654	gene-Peve_00032702	.	0
Porites_evermani_scaffold_48	470037	474210	gene-Peve_00032703	1.244025588	80
Porites_evermani_scaffold_48	480082	486267	gene-Peve_00032704	.	0
Porites_evermani_scaffold_48	492601	516877	gene-Peve_00032705	2.906534653	473
Porites_evermani_scaffold_48	516950	519874	gene-Peve_00032707	0.4123916825	63
Porites_evermani_scaffold_48	530592	534943	gene-Peve_00032708	0.198797634	194
Porites_evermani_scaffold_48	537794	551836	gene-Peve_00032709	12.82118424	207
Porites_evermani_scaffold_48	553315	553924	gene-Peve_00032710	.	0
Porites_evermani_scaffold_48	555047	563455	gene-Peve_00032712	1.417578389	167
Porites_evermani_scaffold_48	565045	567372	gene-Peve_00032713	1.348079	64
Porites_evermani_scaffold_48	568633	593979	gene-Peve_00032714	10.89215736	450
Porites_evermani_scaffold_48	578433	584942	gene-Peve_00032716	0.2339146695	118
Porites_evermani_scaffold_48	594142	597748	gene-Peve_00032717	63.20304698	46
Porites_evermani_scaffold_48	600617	610517	gene-Peve_00032718	10.14211835	201
Porites_evermani_scaffold_48	620903	637839	gene-Peve_00032719	17.63732001	336
Porites_evermani_scaffold_48	640521	642492	gene-Peve_00032720	0.343500122	82
Porites_evermani_scaffold_48	671471	672878	gene-Peve_00032723	0.1644736842	38
Porites_evermani_scaffold_48	679562	684850	gene-Peve_00032724	0.05205622124	113
Porites_evermani_scaffold_48	697549	697858	gene-Peve_00032725	1.428571429	7
Porites_evermani_scaffold_48	711263	711623	gene-Peve_00032726	0	6
Porites_evermani_scaffold_480	5893	6538	gene-Peve_00032768	.	0
Porites_evermani_scaffold_480	35638	36040	gene-Peve_00032751	.	0
Porites_evermani_scaffold_480	64979	65381	gene-Peve_00032760	57.40891333	6
Porites_evermani_scaffold_480	78962	80440	gene-Peve_00032761	.	0
Porites_evermani_scaffold_480	82973	91662	gene-Peve_00032762	48.43208409	44
Porites_evermani_scaffold_480	84020	89472	gene-Peve_00032763	20	1
Porites_evermani_scaffold_480	100824	105279	gene-Peve_00032764	38.80952386	7
Porites_evermani_scaffold_480	120106	120406	gene-Peve_00032766	40	1
Porites_evermani_scaffold_480	133289	136060	gene-Peve_00032770	63.8193532	25
Porites_evermani_scaffold_480	143562	143871	gene-Peve_00032771	35.71428567	3
Porites_evermani_scaffold_480	145818	146361	gene-Peve_00032772	.	0
Porites_evermani_scaffold_480	147190	148237	gene-Peve_00032773	70.22692517	12
Porites_evermani_scaffold_480	155291	155901	gene-Peve_00032774	67.72727275	4
Porites_evermani_scaffold_480	159519	160574	gene-Peve_00032776	.	0
Porites_evermani_scaffold_480	161972	162869	gene-Peve_00032775	30	1
Porites_evermani_scaffold_480	176819	177839	gene-Peve_00032750	80	4
Porites_evermani_scaffold_480	184881	186642	gene-Peve_00032752	0	8
Porites_evermani_scaffold_480	196798	197347	gene-Peve_00032753	32.1717172	5
Porites_evermani_scaffold_480	204055	205492	gene-Peve_00032754	20.97836443	35
Porites_evermani_scaffold_480	210625	212835	gene-Peve_00032755	0.5263157895	19
Porites_evermani_scaffold_480	213502	215251	gene-Peve_00032756	0	4
Porites_evermani_scaffold_480	222111	232558	gene-Peve_00032757	0.4990054486	243
Porites_evermani_scaffold_480	252077	253523	gene-Peve_00032758	1.068376077	26
Porites_evermani_scaffold_4800	0	581	gene-Peve_00032777	0	3
Porites_evermani_scaffold_4800	9952	11097	gene-Peve_00032780	0.3017751538	26
Porites_evermani_scaffold_4800	18427	19477	gene-Peve_00032781	0	31
Porites_evermani_scaffold_4800	20449	21421	gene-Peve_00032778	0	32
Porites_evermani_scaffold_4801	5096	6487	gene-Peve_00032782	.	0
Porites_evermani_scaffold_4801	18748	21025	gene-Peve_00032784	.	0
Porites_evermani_scaffold_4804	5895	19104	gene-Peve_00032788	69.74538347	185
Porites_evermani_scaffold_4804	19481	19922	gene-Peve_00032787	.	0
Porites_evermani_scaffold_4805	4858	9462	gene-Peve_00032789	51.68625161	31
Porites_evermani_scaffold_4805	9661	20159	gene-Peve_00032790	1.776953956	158
Porites_evermani_scaffold_4806	8118	11655	gene-Peve_00032792	2.364403375	32
Porites_evermani_scaffold_4806	17403	17859	gene-Peve_00032791	.	0
Porites_evermani_scaffold_4807	4305	4674	gene-Peve_00032793	.	0
Porites_evermani_scaffold_4807	5033	10841	gene-Peve_00032794	100	1
Porites_evermani_scaffold_4807	15463	16501	gene-Peve_00032795	.	0
Porites_evermani_scaffold_4808	10545	14553	gene-Peve_00032796	0	14
Porites_evermani_scaffold_4808	18363	20502	gene-Peve_00032797	0.5169340364	55
Porites_evermani_scaffold_4809	9779	10745	gene-Peve_00032798	0	13
Porites_evermani_scaffold_4809	16108	21317	gene-Peve_00032799	0.378742046	87
Porites_evermani_scaffold_481	34164	43187	gene-Peve_00032815	76.87867929	59
Porites_evermani_scaffold_481	38969	39748	gene-Peve_00032818	74.60761461	18
Porites_evermani_scaffold_481	92490	93234	gene-Peve_00032810	.	0
Porites_evermani_scaffold_481	100058	100451	gene-Peve_00032812	97.18021563	16
Porites_evermani_scaffold_481	104532	107651	gene-Peve_00032813	37.92823127	15
Porites_evermani_scaffold_481	112297	115096	gene-Peve_00032814	0	1
Porites_evermani_scaffold_481	130473	135426	gene-Peve_00032816	79.5515152	25
Porites_evermani_scaffold_481	142014	142851	gene-Peve_00032819	0	3
Porites_evermani_scaffold_481	149923	150272	gene-Peve_00032820	.	0
Porites_evermani_scaffold_481	155148	158103	gene-Peve_00032821	81.67087556	36
Porites_evermani_scaffold_481	163079	168248	gene-Peve_00032822	78.00824175	56
Porites_evermani_scaffold_481	178469	178946	gene-Peve_00032801	.	0
Porites_evermani_scaffold_481	185920	186559	gene-Peve_00032804	37.56380317	6
Porites_evermani_scaffold_481	196744	199223	gene-Peve_00032805	80.01744166	61
Porites_evermani_scaffold_481	231339	232407	gene-Peve_00032806	90	3
Porites_evermani_scaffold_481	253646	254150	gene-Peve_00032809	82.13307532	22
Porites_evermani_scaffold_4810	1593	11658	gene-Peve_00032825	0.5102040714	14
Porites_evermani_scaffold_4810	14777	20457	gene-Peve_00032824	0.4	25
Porites_evermani_scaffold_4811	56	788	gene-Peve_00032826	.	0
Porites_evermani_scaffold_4811	7589	17211	gene-Peve_00032827	66.09577925	8
Porites_evermani_scaffold_4812	603	7433	gene-Peve_00032828	79.14526653	17
Porites_evermani_scaffold_4812	9774	13035	gene-Peve_00032829	83.2146022	15
Porites_evermani_scaffold_4812	13436	17670	gene-Peve_00032830	19.73714466	41
Porites_evermani_scaffold_4814	1212	16017	gene-Peve_00032831	1.388237557	149
Porites_evermani_scaffold_4814	7689	10384	gene-Peve_00032832	0	5
Porites_evermani_scaffold_4814	10680	11795	gene-Peve_00032833	2.722222333	3
Porites_evermani_scaffold_4816	9836	13684	gene-Peve_00032834	73.26090781	21
Porites_evermani_scaffold_4816	12594	13867	gene-Peve_00032835	71.72122241	17
Porites_evermani_scaffold_4818	697	8054	gene-Peve_00032836	0.1939276919	185
Porites_evermani_scaffold_4818	9061	17463	gene-Peve_00032838	40.15377804	98
Porites_evermani_scaffold_4818	17521	19367	gene-Peve_00032837	19.08212294	34
Porites_evermani_scaffold_482	3633	9397	gene-Peve_00032844	42.84427063	82
Porites_evermani_scaffold_482	13200	15359	gene-Peve_00032846	81.60543159	27
Porites_evermani_scaffold_482	18826	20084	gene-Peve_00032851	46.43377117	12
Porites_evermani_scaffold_482	25011	43086	gene-Peve_00032840	84.48042452	103
Porites_evermani_scaffold_482	82107	96226	gene-Peve_00032841	1.72926	147
Porites_evermani_scaffold_482	105217	125342	gene-Peve_00032842	1.286587925	214
Porites_evermani_scaffold_482	110650	116477	gene-Peve_00032843	.	0
Porites_evermani_scaffold_482	191808	201011	gene-Peve_00032847	0.753776918	61
Porites_evermani_scaffold_482	220277	226367	gene-Peve_00032848	0.5198962415	207
Porites_evermani_scaffold_482	233170	239337	gene-Peve_00032849	0.289855087	23
Porites_evermani_scaffold_482	250625	251333	gene-Peve_00032850	.	0
Porites_evermani_scaffold_4820	331	2710	gene-Peve_00032852	0	1
Porites_evermani_scaffold_4820	10758	19415	gene-Peve_00032853	.	0
Porites_evermani_scaffold_4821	2288	6497	gene-Peve_00032854	0.4190476267	75
Porites_evermani_scaffold_4823	15	1203	gene-Peve_00032855	21.33450907	27
Porites_evermani_scaffold_4823	1777	13560	gene-Peve_00032856	38.45023621	138
Porites_evermani_scaffold_4823	16156	20633	gene-Peve_00032857	1.410256389	18
Porites_evermani_scaffold_4824	6361	19309	gene-Peve_00032858	0	21
Porites_evermani_scaffold_4825	3224	19065	gene-Peve_00032859	0.6673913737	99
Porites_evermani_scaffold_4826	2	17270	gene-Peve_00032860	46.46217044	45
Porites_evermani_scaffold_4827	324	9217	gene-Peve_00032861	79.79560272	76
Porites_evermani_scaffold_4827	12071	12378	gene-Peve_00032862	.	0
Porites_evermani_scaffold_4827	13308	18943	gene-Peve_00032863	70.92020506	33
Porites_evermani_scaffold_4828	1570	2431	gene-Peve_00032864	0	9
Porites_evermani_scaffold_4828	4797	14032	gene-Peve_00032865	34.26677974	43
Porites_evermani_scaffold_4828	19605	20256	gene-Peve_00032866	0	12
Porites_evermani_scaffold_4829	3050	20174	gene-Peve_00032867	0	10
Porites_evermani_scaffold_483	409	12470	gene-Peve_00032868	1.718787337	169
Porites_evermani_scaffold_483	39857	41177	gene-Peve_00032877	.	0
Porites_evermani_scaffold_483	42534	43236	gene-Peve_00032882	.	0
Porites_evermani_scaffold_483	53003	81476	gene-Peve_00032869	0.7314411807	166
Porites_evermani_scaffold_483	82485	84333	gene-Peve_00032870	2.904509333	9
Porites_evermani_scaffold_483	115437	124350	gene-Peve_00032871	0.716364629	124
Porites_evermani_scaffold_483	143790	144799	gene-Peve_00032873	0.1984127143	28
Porites_evermani_scaffold_483	146769	155860	gene-Peve_00032874	30.69790983	135
Porites_evermani_scaffold_483	163195	164497	gene-Peve_00032875	2.27272725	4
Porites_evermani_scaffold_483	182162	182493	gene-Peve_00032878	8.333333	2
Porites_evermani_scaffold_483	190580	204986	gene-Peve_00032879	13.77934679	115
Porites_evermani_scaffold_483	208649	218414	gene-Peve_00032880	0.1420454489	176
Porites_evermani_scaffold_483	227211	236231	gene-Peve_00032881	0.8694644231	52
Porites_evermani_scaffold_4830	2500	3310	gene-Peve_00032883	90.53030313	8
Porites_evermani_scaffold_4830	10087	11080	gene-Peve_00032884	0	4
Porites_evermani_scaffold_4830	14437	20978	gene-Peve_00032885	0	7
Porites_evermani_scaffold_4832	8515	9139	gene-Peve_00032887	.	0
Porites_evermani_scaffold_4832	11316	15389	gene-Peve_00032886	0.5051776795	78
Porites_evermani_scaffold_4834	1405	2263	gene-Peve_00032889	0.7936508571	7
Porites_evermani_scaffold_4835	1245	9183	gene-Peve_00032890	93.44297526	27
Porites_evermani_scaffold_4835	14264	20719	gene-Peve_00032891	67.80673898	48
Porites_evermani_scaffold_4836	15966	18833	gene-Peve_00032892	93.09961968	19
Porites_evermani_scaffold_4837	3727	19735	gene-Peve_00032893	0.6010197224	317
Porites_evermani_scaffold_4838	18	18285	gene-Peve_00032894	36.37544892	107
Porites_evermani_scaffold_4838	3944	4248	gene-Peve_00032895	.	0
Porites_evermani_scaffold_4839	1873	3285	gene-Peve_00032896	93.74161687	23
Porites_evermani_scaffold_4839	8932	9244	gene-Peve_00032898	.	0
Porites_evermani_scaffold_4839	12684	17855	gene-Peve_00032897	0.8523908378	74
Porites_evermani_scaffold_484	2	3904	gene-Peve_00032899	0.09049774118	85
Porites_evermani_scaffold_484	6257	25394	gene-Peve_00032914	39.68882279	151
Porites_evermani_scaffold_484	30958	32569	gene-Peve_00032925	11.81144694	52
Porites_evermani_scaffold_484	33836	35763	gene-Peve_00032900	44.670038	22
Porites_evermani_scaffold_484	38588	39711	gene-Peve_00032901	0	14
Porites_evermani_scaffold_484	42041	43154	gene-Peve_00032902	3.563218379	29
Porites_evermani_scaffold_484	45693	49289	gene-Peve_00032903	56.97346363	32
Porites_evermani_scaffold_484	51481	51844	gene-Peve_00032904	.	0
Porites_evermani_scaffold_484	55971	58752	gene-Peve_00032905	39.86024829	49
Porites_evermani_scaffold_484	62801	63821	gene-Peve_00032906	0.35714285	20
Porites_evermani_scaffold_484	67348	69409	gene-Peve_00032907	0.6325415	32
Porites_evermani_scaffold_484	82223	83228	gene-Peve_00032908	1.697253686	35
Porites_evermani_scaffold_484	88872	124329	gene-Peve_00032909	24.96301344	429
Porites_evermani_scaffold_484	107597	109068	gene-Peve_00032910	14.64646467	3
Porites_evermani_scaffold_484	128728	132394	gene-Peve_00032911	73.79968518	11
Porites_evermani_scaffold_484	133858	134448	gene-Peve_00032912	97.61904767	3
Porites_evermani_scaffold_484	137679	143310	gene-Peve_00032913	74.83333336	25
Porites_evermani_scaffold_484	143361	148607	gene-Peve_00032915	52.54373916	51
Porites_evermani_scaffold_484	152106	158478	gene-Peve_00032916	0.2537722963	162
Porites_evermani_scaffold_484	159432	164097	gene-Peve_00032917	56.305433	22
Porites_evermani_scaffold_484	165566	180738	gene-Peve_00032918	64.76122123	102
Porites_evermani_scaffold_484	182157	183006	gene-Peve_00032920	3.333333333	6
Porites_evermani_scaffold_484	183873	186721	gene-Peve_00032921	2.1730772	75
Porites_evermani_scaffold_484	188347	192686	gene-Peve_00032922	23.19578513	45
Porites_evermani_scaffold_484	192947	210936	gene-Peve_00032923	22.15480914	256
Porites_evermani_scaffold_484	213480	221910	gene-Peve_00032924	42.11804443	70
Porites_evermani_scaffold_4840	1511	4867	gene-Peve_00032926	.	0
Porites_evermani_scaffold_4840	6916	9126	gene-Peve_00032927	0.7095343659	41
Porites_evermani_scaffold_4840	13406	14481	gene-Peve_00032928	4.265734231	13
Porites_evermani_scaffold_4841	245	2195	gene-Peve_00032929	76.66135374	23
Porites_evermani_scaffold_4841	4337	5726	gene-Peve_00032930	96.969697	3
Porites_evermani_scaffold_4841	9902	20037	gene-Peve_00032931	83.49181617	23
Porites_evermani_scaffold_4841	20360	20948	gene-Peve_00032932	.	0
Porites_evermani_scaffold_4842	8184	14167	gene-Peve_00032933	0	15
Porites_evermani_scaffold_4843	69	12985	gene-Peve_00032934	1.483253579	19
Porites_evermani_scaffold_4843	17593	20954	gene-Peve_00032935	100	2
Porites_evermani_scaffold_4844	2892	11384	gene-Peve_00032936	0.5882352941	17
Porites_evermani_scaffold_4845	2038	4786	gene-Peve_00032937	0.2575884286	42
Porites_evermani_scaffold_4845	16222	17173	gene-Peve_00032938	0.4784688947	19
Porites_evermani_scaffold_4846	2103	3207	gene-Peve_00032939	0.1112347097	31
Porites_evermani_scaffold_4846	8328	18705	gene-Peve_00032940	2.180720571	28
Porites_evermani_scaffold_4846	16153	17215	gene-Peve_00032942	.	0
Porites_evermani_scaffold_4847	16817	19636	gene-Peve_00032943	0.3837782958	71
Porites_evermani_scaffold_4848	32	10810	gene-Peve_00032944	46.88843986	111
Porites_evermani_scaffold_4848	13311	19792	gene-Peve_00032945	1.291061868	68
Porites_evermani_scaffold_4849	3594	5526	gene-Peve_00032946	0	48
Porites_evermani_scaffold_4849	12160	17510	gene-Peve_00032947	75.61548892	50
Porites_evermani_scaffold_4849	19400	19956	gene-Peve_00032948	90.909091	2
Porites_evermani_scaffold_485	10908	44560	gene-Peve_00032952	14.32396116	108
Porites_evermani_scaffold_485	45980	53512	gene-Peve_00032957	17.09410279	68
Porites_evermani_scaffold_485	61692	95609	gene-Peve_00032958	0.3146825253	533
Porites_evermani_scaffold_485	106801	113790	gene-Peve_00032959	13.51348336	117
Porites_evermani_scaffold_485	113934	127979	gene-Peve_00032949	18.57035056	229
Porites_evermani_scaffold_485	132007	169568	gene-Peve_00032951	0.7442965686	911
Porites_evermani_scaffold_485	194122	197263	gene-Peve_00032954	0.5151515	50
Porites_evermani_scaffold_485	208372	209165	gene-Peve_00032955	.	0
Porites_evermani_scaffold_485	211006	213192	gene-Peve_00032950	1.082440541	61
Porites_evermani_scaffold_485	234969	237784	gene-Peve_00032956	0.3618832025	79
Porites_evermani_scaffold_4850	6831	20307	gene-Peve_00032960	9.174535149	47
Porites_evermani_scaffold_4852	1342	3481	gene-Peve_00032963	.	0
Porites_evermani_scaffold_4852	8770	10264	gene-Peve_00032964	.	0
Porites_evermani_scaffold_4852	11321	12620	gene-Peve_00032965	.	0
Porites_evermani_scaffold_4852	15756	17300	gene-Peve_00032961	.	0
Porites_evermani_scaffold_4852	18465	20754	gene-Peve_00032962	23.076923	2
Porites_evermani_scaffold_4853	26	7992	gene-Peve_00032966	0	18
Porites_evermani_scaffold_4854	11267	11693	gene-Peve_00032967	0	7
Porites_evermani_scaffold_4854	18875	19696	gene-Peve_00032968	0	16
Porites_evermani_scaffold_4855	5075	9198	gene-Peve_00032969	.	0
Porites_evermani_scaffold_4855	11798	12359	gene-Peve_00032970	.	0
Porites_evermani_scaffold_4856	1085	3500	gene-Peve_00032972	0	9
Porites_evermani_scaffold_4857	6837	7361	gene-Peve_00032973	72.7272725	2
Porites_evermani_scaffold_4858	12160	13090	gene-Peve_00032974	0.1550387674	43
Porites_evermani_scaffold_4858	19380	19842	gene-Peve_00032975	0	1
Porites_evermani_scaffold_4859	1326	6449	gene-Peve_00032976	0.2947738468	124
Porites_evermani_scaffold_4859	9609	11842	gene-Peve_00032977	0.200617284	81
Porites_evermani_scaffold_486	25	15944	gene-Peve_00032978	0	45
Porites_evermani_scaffold_486	25612	32271	gene-Peve_00032986	0.3176075906	276
Porites_evermani_scaffold_486	32511	73478	gene-Peve_00032985	0.9653064746	906
Porites_evermani_scaffold_486	102223	118942	gene-Peve_00032979	3.387531958	190
Porites_evermani_scaffold_486	114402	118412	gene-Peve_00032980	10.24388691	43
Porites_evermani_scaffold_486	126708	156440	gene-Peve_00032981	0.8298666965	603
Porites_evermani_scaffold_486	144300	144591	gene-Peve_00032984	10.55149243	14
Porites_evermani_scaffold_486	167166	195420	gene-Peve_00032982	1.187453414	353
Porites_evermani_scaffold_486	204775	218398	gene-Peve_00032987	0.4924268781	279
Porites_evermani_scaffold_486	225854	245052	gene-Peve_00032988	0.7097192629	350
Porites_evermani_scaffold_4861	3405	6055	gene-Peve_00032989	.	0
Porites_evermani_scaffold_4861	12355	17961	gene-Peve_00032990	34.563492	8
Porites_evermani_scaffold_4863	6868	13145	gene-Peve_00032992	10.32206297	29
Porites_evermani_scaffold_4863	15735	20454	gene-Peve_00032993	58.33333333	3
Porites_evermani_scaffold_4864	10300	11138	gene-Peve_00032994	.	0
Porites_evermani_scaffold_4865	240	3965	gene-Peve_00032995	27	5
Porites_evermani_scaffold_4866	2397	4824	gene-Peve_00032997	0	6
Porites_evermani_scaffold_4866	14633	16118	gene-Peve_00032998	0	17
Porites_evermani_scaffold_4869	6294	6660	gene-Peve_00032999	0	1
Porites_evermani_scaffold_4869	7092	8229	gene-Peve_00033000	5.037209087	23
Porites_evermani_scaffold_487	9801	39273	gene-Peve_00033001	47.3506814	96
Porites_evermani_scaffold_487	39473	42023	gene-Peve_00033015	53.87616553	30
Porites_evermani_scaffold_487	43111	51561	gene-Peve_00033017	63.60050815	68
Porites_evermani_scaffold_487	51872	56683	gene-Peve_00033002	86.2553359	60
Porites_evermani_scaffold_487	59647	65623	gene-Peve_00033003	43.7847418	46
Porites_evermani_scaffold_487	72360	76081	gene-Peve_00033004	1.985946769	26
Porites_evermani_scaffold_487	76298	80756	gene-Peve_00033005	44.45810668	50
Porites_evermani_scaffold_487	90746	99161	gene-Peve_00033006	57.04228398	47
Porites_evermani_scaffold_487	147765	151051	gene-Peve_00033007	6.878986164	122
Porites_evermani_scaffold_487	162909	163548	gene-Peve_00033008	1.388889	7
Porites_evermani_scaffold_487	165810	166856	gene-Peve_00033011	.	0
Porites_evermani_scaffold_487	167445	167826	gene-Peve_00033012	0	3
Porites_evermani_scaffold_487	172662	173708	gene-Peve_00033014	.	0
Porites_evermani_scaffold_487	230679	240390	gene-Peve_00033016	50.38723352	23
Porites_evermani_scaffold_4870	509	16189	gene-Peve_00033018	0.6348476485	404
Porites_evermani_scaffold_4871	4119	5438	gene-Peve_00033019	0.6966371	50
Porites_evermani_scaffold_4871	13032	16006	gene-Peve_00033020	0	2
Porites_evermani_scaffold_4872	1423	2995	gene-Peve_00033021	.	0
Porites_evermani_scaffold_4872	7531	15887	gene-Peve_00033022	0	7
Porites_evermani_scaffold_4872	19344	19767	gene-Peve_00033023	5.848040762	21
Porites_evermani_scaffold_4873	1023	5712	gene-Peve_00033024	0.1886792453	53
Porites_evermani_scaffold_4874	8232	18865	gene-Peve_00033025	13.47297304	157
Porites_evermani_scaffold_4875	9420	11545	gene-Peve_00033026	0	29
Porites_evermani_scaffold_4877	13990	14587	gene-Peve_00033028	.	0
Porites_evermani_scaffold_4878	3290	15209	gene-Peve_00033029	22.60862516	77
Porites_evermani_scaffold_4878	17798	18416	gene-Peve_00033030	0	15
Porites_evermani_scaffold_4879	3202	6772	gene-Peve_00033031	43.15257844	18
Porites_evermani_scaffold_4879	6977	8030	gene-Peve_00033032	.	0
Porites_evermani_scaffold_4879	14478	17484	gene-Peve_00033033	0.2653042826	92
Porites_evermani_scaffold_488	757	15609	gene-Peve_00033034	57.8563439	130
Porites_evermani_scaffold_488	19861	24261	gene-Peve_00033036	88.72305643	14
Porites_evermani_scaffold_488	27937	47003	gene-Peve_00033037	36.59635996	246
Porites_evermani_scaffold_488	50490	72424	gene-Peve_00033035	2.60297984	163
Porites_evermani_scaffold_488	110929	111375	gene-Peve_00033038	.	0
Porites_evermani_scaffold_488	115016	117681	gene-Peve_00033040	.	0
Porites_evermani_scaffold_488	120908	121250	gene-Peve_00033041	.	0
Porites_evermani_scaffold_488	136633	137856	gene-Peve_00033042	0	4
Porites_evermani_scaffold_488	138296	150497	gene-Peve_00033043	0.1782531176	51
Porites_evermani_scaffold_488	156955	161158	gene-Peve_00033044	5.7396175	28
Porites_evermani_scaffold_488	167125	167512	gene-Peve_00033046	0	20
Porites_evermani_scaffold_488	168365	180791	gene-Peve_00033045	0.1356030816	294
Porites_evermani_scaffold_488	210689	232051	gene-Peve_00033047	0.6848392149	470
Porites_evermani_scaffold_4880	723	14297	gene-Peve_00033048	45.18007716	88
Porites_evermani_scaffold_4881	1	10761	gene-Peve_00033049	35.24396117	65
Porites_evermani_scaffold_4882	3335	9432	gene-Peve_00033050	0.3912005441	136
Porites_evermani_scaffold_4882	14055	15443	gene-Peve_00033051	1.063816542	48
Porites_evermani_scaffold_4883	476	20068	gene-Peve_00033052	2.0238095	14
Porites_evermani_scaffold_4885	261	5877	gene-Peve_00033054	57.40892666	38
Porites_evermani_scaffold_4885	11771	20292	gene-Peve_00033053	53.0738887	53
Porites_evermani_scaffold_4885	13960	14621	gene-Peve_00033055	29.68351211	28
Porites_evermani_scaffold_4886	4258	19747	gene-Peve_00033056	0.772367	116
Porites_evermani_scaffold_4887	691	2032	gene-Peve_00033057	0.6993006923	13
Porites_evermani_scaffold_4887	8342	19129	gene-Peve_00033058	0.1959553665	191
Porites_evermani_scaffold_489	9331	17648	gene-Peve_00033063	0.4533986651	212
Porites_evermani_scaffold_489	48618	48854	gene-Peve_00033066	.	0
Porites_evermani_scaffold_489	69264	73837	gene-Peve_00033067	6.813186857	7
Porites_evermani_scaffold_489	77633	100045	gene-Peve_00033068	1.742670062	225
Porites_evermani_scaffold_489	103276	131046	gene-Peve_00033059	0.4035548035	285
Porites_evermani_scaffold_489	147805	200009	gene-Peve_00033060	0.6169441505	771
Porites_evermani_scaffold_489	204428	206378	gene-Peve_00033061	0	8
Porites_evermani_scaffold_489	216906	226505	gene-Peve_00033062	0.497737549	51
Porites_evermani_scaffold_489	240694	241696	gene-Peve_00033064	0.6318681429	28
Porites_evermani_scaffold_489	247882	251185	gene-Peve_00033065	14.29103342	48
Porites_evermani_scaffold_4892	795	8301	gene-Peve_00033069	1.42989787	192
Porites_evermani_scaffold_4892	8855	19089	gene-Peve_00033070	36.68955683	150
Porites_evermani_scaffold_4893	3671	6038	gene-Peve_00033071	.	0
Porites_evermani_scaffold_4893	12117	13101	gene-Peve_00033072	.	0
Porites_evermani_scaffold_4894	6153	16489	gene-Peve_00033073	2.634523859	290
Porites_evermani_scaffold_4895	37	1142	gene-Peve_00033074	63.25156311	9
Porites_evermani_scaffold_4895	2003	9570	gene-Peve_00033075	64.38065368	81
Porites_evermani_scaffold_4895	12469	15780	gene-Peve_00033076	0.1200480204	49
Porites_evermani_scaffold_4896	16669	17850	gene-Peve_00033077	73.90102075	12
Porites_evermani_scaffold_4897	912	11871	gene-Peve_00033078	61.07289333	111
Porites_evermani_scaffold_4897	12333	20157	gene-Peve_00033079	26.95328476	173
Porites_evermani_scaffold_4899	4291	10035	gene-Peve_00033080	3.04292925	12
Porites_evermani_scaffold_49	2280	3540	gene-Peve_00033081	.	0
Porites_evermani_scaffold_49	8172	8684	gene-Peve_00033112	.	0
Porites_evermani_scaffold_49	9425	10301	gene-Peve_00033114	.	0
Porites_evermani_scaffold_49	25245	28001	gene-Peve_00033086	0.2162135532	94
Porites_evermani_scaffold_49	31148	31856	gene-Peve_00033094	19.57423641	32
Porites_evermani_scaffold_49	32911	33397	gene-Peve_00033101	13.01330778	9
Porites_evermani_scaffold_49	36282	38824	gene-Peve_00033098	0.6970432027	74
Porites_evermani_scaffold_49	41481	46157	gene-Peve_00033105	0.7963250938	128
Porites_evermani_scaffold_49	47637	49536	gene-Peve_00033106	0	46
Porites_evermani_scaffold_49	59685	66371	gene-Peve_00033107	5.941475813	48
Porites_evermani_scaffold_49	69714	76365	gene-Peve_00033108	1.84188	54
Porites_evermani_scaffold_49	88734	91804	gene-Peve_00033109	70.76054667	9
Porites_evermani_scaffold_49	99497	118090	gene-Peve_00033110	64.36689366	177
Porites_evermani_scaffold_49	128040	140471	gene-Peve_00033111	35.46581881	216
Porites_evermani_scaffold_49	147530	165944	gene-Peve_00033113	0.4295417105	411
Porites_evermani_scaffold_49	172308	207104	gene-Peve_00033115	11.30248049	508
Porites_evermani_scaffold_49	183986	184852	gene-Peve_00033116	.	0
Porites_evermani_scaffold_49	209070	238079	gene-Peve_00033117	14.70421197	486
Porites_evermani_scaffold_49	265575	266253	gene-Peve_00033118	0	10
Porites_evermani_scaffold_49	286906	292215	gene-Peve_00033119	0.6283373158	152
Porites_evermani_scaffold_49	295760	297230	gene-Peve_00033121	0.9594194516	31
Porites_evermani_scaffold_49	305096	312749	gene-Peve_00033122	0.08849557522	113
Porites_evermani_scaffold_49	318666	329403	gene-Peve_00033123	63.26632695	66
Porites_evermani_scaffold_49	332695	333373	gene-Peve_00033124	7.5757575	6
Porites_evermani_scaffold_49	334150	381291	gene-Peve_00033125	21.6805983	775
Porites_evermani_scaffold_49	381753	423578	gene-Peve_00033126	20.39549477	576
Porites_evermani_scaffold_49	391554	392942	gene-Peve_00033127	.	0
Porites_evermani_scaffold_49	429621	433728	gene-Peve_00033128	0.9715848	105
Porites_evermani_scaffold_49	442427	446121	gene-Peve_00033129	0.4428854881	84
Porites_evermani_scaffold_49	448476	512031	gene-Peve_00033130	9.706902421	982
Porites_evermani_scaffold_49	519879	521004	gene-Peve_00033082	1.455204824	51
Porites_evermani_scaffold_49	531624	540967	gene-Peve_00033083	0.407818848	204
Porites_evermani_scaffold_49	543484	564942	gene-Peve_00033084	7.986832714	412
Porites_evermani_scaffold_49	554426	554747	gene-Peve_00033085	.	0
Porites_evermani_scaffold_49	568405	574374	gene-Peve_00033087	3.025727492	130
Porites_evermani_scaffold_49	578903	580559	gene-Peve_00033088	0.4106280435	46
Porites_evermani_scaffold_49	582257	591652	gene-Peve_00033089	46.67658919	123
Porites_evermani_scaffold_49	591855	598335	gene-Peve_00033090	48.11558362	73
Porites_evermani_scaffold_49	599870	612025	gene-Peve_00033091	0.9113308938	320
Porites_evermani_scaffold_49	628718	643624	gene-Peve_00033096	0.3149229064	299
Porites_evermani_scaffold_49	654837	678500	gene-Peve_00033099	31.66708762	227
Porites_evermani_scaffold_49	686757	693877	gene-Peve_00033100	0.4066345063	79
Porites_evermani_scaffold_49	695338	699607	gene-Peve_00033102	0.7738095	28
Porites_evermani_scaffold_49	708535	709573	gene-Peve_00033104	.	0
Porites_evermani_scaffold_490	370	24380	gene-Peve_00033131	18.82917516	19
Porites_evermani_scaffold_490	29994	41192	gene-Peve_00033148	17.40166067	6
Porites_evermani_scaffold_490	48376	55564	gene-Peve_00033149	.	0
Porites_evermani_scaffold_490	62391	64600	gene-Peve_00033133	.	0
Porites_evermani_scaffold_490	64556	79206	gene-Peve_00033132	2.808976548	31
Porites_evermani_scaffold_490	69755	71998	gene-Peve_00033134	2.846153867	15
Porites_evermani_scaffold_490	82431	83743	gene-Peve_00033136	.	0
Porites_evermani_scaffold_490	83906	85224	gene-Peve_00033137	.	0
Porites_evermani_scaffold_490	90405	98961	gene-Peve_00033138	1.606565478	207
Porites_evermani_scaffold_490	100094	109842	gene-Peve_00033139	0.2630590226	265
Porites_evermani_scaffold_490	116832	127124	gene-Peve_00033140	1.617695234	286
Porites_evermani_scaffold_490	164078	166044	gene-Peve_00033143	0.7392607429	35
Porites_evermani_scaffold_490	179641	186504	gene-Peve_00033144	1.366754419	62
Porites_evermani_scaffold_490	194181	198456	gene-Peve_00033145	0.4307116067	89
Porites_evermani_scaffold_490	198643	199713	gene-Peve_00033146	0	21
Porites_evermani_scaffold_490	204531	227119	gene-Peve_00033147	2.678150687	377
Porites_evermani_scaffold_490	241486	242497	gene-Peve_00033151	0	37
Porites_evermani_scaffold_490	249095	249494	gene-Peve_00033152	.	0
Porites_evermani_scaffold_4900	2519	13752	gene-Peve_00033153	1.106203176	108
Porites_evermani_scaffold_4901	4424	14974	gene-Peve_00033154	0.9141956102	177
Porites_evermani_scaffold_4902	3898	13840	gene-Peve_00033155	0.7925957634	279
Porites_evermani_scaffold_4903	3533	3884	gene-Peve_00033156	94.78354986	7
Porites_evermani_scaffold_4903	6651	8334	gene-Peve_00033157	47.10338874	38
Porites_evermani_scaffold_4903	8433	8895	gene-Peve_00033158	3.030303	3
Porites_evermani_scaffold_4903	10654	16111	gene-Peve_00033159	31.17943449	41
Porites_evermani_scaffold_4903	16136	16838	gene-Peve_00033160	51.001608	19
Porites_evermani_scaffold_4904	1599	8973	gene-Peve_00033161	15.57050905	44
Porites_evermani_scaffold_4904	14098	20019	gene-Peve_00033162	6.455539819	94
Porites_evermani_scaffold_4905	0	18682	gene-Peve_00033163	3.846013239	511
Porites_evermani_scaffold_4906	496	5405	gene-Peve_00033164	.	0
Porites_evermani_scaffold_4906	12743	15972	gene-Peve_00033165	.	0
Porites_evermani_scaffold_4907	6141	7413	gene-Peve_00033166	.	0
Porites_evermani_scaffold_4907	13467	19422	gene-Peve_00033167	.	0
Porites_evermani_scaffold_4908	6509	7862	gene-Peve_00033168	.	0
Porites_evermani_scaffold_4908	10375	15864	gene-Peve_00033169	0.6126482174	46
Porites_evermani_scaffold_4908	18148	20035	gene-Peve_00033170	15.670853	52
Porites_evermani_scaffold_491	55201	55742	gene-Peve_00033171	0.4465557917	24
Porites_evermani_scaffold_491	65560	66633	gene-Peve_00033173	1.400012028	36
Porites_evermani_scaffold_491	70417	71090	gene-Peve_00033174	1.282051278	18
Porites_evermani_scaffold_491	75852	91750	gene-Peve_00033175	12.12008058	335
Porites_evermani_scaffold_491	86787	87603	gene-Peve_00033176	56.3263404	5
Porites_evermani_scaffold_491	100526	128041	gene-Peve_00033177	17.78138263	388
Porites_evermani_scaffold_491	106171	108151	gene-Peve_00033178	34.3722875	22
Porites_evermani_scaffold_491	116776	119164	gene-Peve_00033180	9.127102688	16
Porites_evermani_scaffold_491	120184	124527	gene-Peve_00033181	1.364349853	68
Porites_evermani_scaffold_491	129744	151713	gene-Peve_00033182	0.5648911981	540
Porites_evermani_scaffold_491	154179	158986	gene-Peve_00033183	0.3866344808	104
Porites_evermani_scaffold_491	165469	174070	gene-Peve_00033184	0	57
Porites_evermani_scaffold_491	176430	183138	gene-Peve_00033185	0.6814075769	130
Porites_evermani_scaffold_491	204682	239480	gene-Peve_00033187	0.1844483819	631
Porites_evermani_scaffold_491	245958	246546	gene-Peve_00033188	0.07505913333	15
Porites_evermani_scaffold_4910	843	2773	gene-Peve_00033189	66.10389614	7
Porites_evermani_scaffold_4910	7951	19451	gene-Peve_00033190	34.02203855	11
Porites_evermani_scaffold_4911	6965	13630	gene-Peve_00033191	77.700078	3
Porites_evermani_scaffold_4913	4299	10963	gene-Peve_00033192	8.111725402	117
Porites_evermani_scaffold_4913	12254	19723	gene-Peve_00033193	19.95303351	47
Porites_evermani_scaffold_4914	9792	10847	gene-Peve_00033194	0.23809525	28
Porites_evermani_scaffold_4915	1369	2452	gene-Peve_00033195	0.6944445	8
Porites_evermani_scaffold_4915	3511	3877	gene-Peve_00033196	0	3
Porites_evermani_scaffold_4915	6548	7631	gene-Peve_00033197	.	0
Porites_evermani_scaffold_4915	8690	11204	gene-Peve_00033198	7.750107	14
Porites_evermani_scaffold_4916	5855	9435	gene-Peve_00033199	90.00408488	8
Porites_evermani_scaffold_4917	2	1177	gene-Peve_00033200	3.268576687	16
Porites_evermani_scaffold_4917	12328	14193	gene-Peve_00033201	0.1162790698	43
Porites_evermani_scaffold_4918	313	16705	gene-Peve_00033202	8.257006143	7
Porites_evermani_scaffold_4919	13638	15788	gene-Peve_00033204	.	0
Porites_evermani_scaffold_492	829	2851	gene-Peve_00033205	0.2100840294	34
Porites_evermani_scaffold_492	11209	16793	gene-Peve_00033231	.	0
Porites_evermani_scaffold_492	25067	31190	gene-Peve_00033206	2.368527292	48
Porites_evermani_scaffold_492	26868	27696	gene-Peve_00033207	.	0
Porites_evermani_scaffold_492	32893	34660	gene-Peve_00033208	62.04288765	26
Porites_evermani_scaffold_492	43504	48257	gene-Peve_00033209	83.51179703	30
Porites_evermani_scaffold_492	51947	52511	gene-Peve_00033211	0	5
Porites_evermani_scaffold_492	52643	60691	gene-Peve_00033212	38.39588736	99
Porites_evermani_scaffold_492	61766	63077	gene-Peve_00033213	0	39
Porites_evermani_scaffold_492	64816	77788	gene-Peve_00033214	33.83518343	159
Porites_evermani_scaffold_492	79613	89952	gene-Peve_00033216	26.03515449	135
Porites_evermani_scaffold_492	90056	126127	gene-Peve_00033217	42.25014241	288
Porites_evermani_scaffold_492	122288	123637	gene-Peve_00033219	.	0
Porites_evermani_scaffold_492	127236	132470	gene-Peve_00033218	32.19358103	32
Porites_evermani_scaffold_492	133199	141580	gene-Peve_00033220	30.54611428	86
Porites_evermani_scaffold_492	151583	152801	gene-Peve_00033221	0.2197802286	35
Porites_evermani_scaffold_492	155629	156568	gene-Peve_00033222	0.6804733846	26
Porites_evermani_scaffold_492	158363	162094	gene-Peve_00033223	1.024147713	80
Porites_evermani_scaffold_492	166558	170695	gene-Peve_00033224	1.077193	50
Porites_evermani_scaffold_492	179022	180418	gene-Peve_00033225	0	7
Porites_evermani_scaffold_492	205925	207086	gene-Peve_00033226	2.5420875	18
Porites_evermani_scaffold_492	208967	210449	gene-Peve_00033227	0	50
Porites_evermani_scaffold_492	217235	235952	gene-Peve_00033228	0.5276679783	230
Porites_evermani_scaffold_492	238140	238852	gene-Peve_00033229	.	0
Porites_evermani_scaffold_492	246547	247173	gene-Peve_00033230	0	1
Porites_evermani_scaffold_4920	379	12751	gene-Peve_00033232	0	87
Porites_evermani_scaffold_4921	3424	6241	gene-Peve_00033233	.	0
Porites_evermani_scaffold_4921	11629	17285	gene-Peve_00033234	.	0
Porites_evermani_scaffold_4922	134	6437	gene-Peve_00033235	90.34243278	36
Porites_evermani_scaffold_4922	9533	18103	gene-Peve_00033236	14.82878912	131
Porites_evermani_scaffold_4923	5288	13477	gene-Peve_00033237	22.74184137	8
Porites_evermani_scaffold_4924	4740	6502	gene-Peve_00033238	0.5558724324	74
Porites_evermani_scaffold_4925	789	1158	gene-Peve_00033240	.	0
Porites_evermani_scaffold_4925	12684	13800	gene-Peve_00033241	0	4
Porites_evermani_scaffold_4925	17093	18847	gene-Peve_00033242	.	0
Porites_evermani_scaffold_4926	5927	7136	gene-Peve_00033243	0.2747252692	26
Porites_evermani_scaffold_4926	10984	12205	gene-Peve_00033244	.	0
Porites_evermani_scaffold_4927	13157	18085	gene-Peve_00033245	0.4132410815	135
Porites_evermani_scaffold_4928	11135	17505	gene-Peve_00033246	83.47067303	67
Porites_evermani_scaffold_4929	2256	5248	gene-Peve_00033247	1.243522554	92
Porites_evermani_scaffold_4929	11144	12073	gene-Peve_00033248	0	18
Porites_evermani_scaffold_493	178	38832	gene-Peve_00033249	24.06899691	811
Porites_evermani_scaffold_493	42784	44380	gene-Peve_00033272	0.5301724043	47
Porites_evermani_scaffold_493	50136	55853	gene-Peve_00033251	0.4741001022	137
Porites_evermani_scaffold_493	61036	61936	gene-Peve_00033252	4.772727261	23
Porites_evermani_scaffold_493	78454	79354	gene-Peve_00033255	0.4761905	14
Porites_evermani_scaffold_493	97630	109281	gene-Peve_00033257	0.7989566634	202
Porites_evermani_scaffold_493	119326	120519	gene-Peve_00033260	0.971671413	46
Porites_evermani_scaffold_493	121117	122053	gene-Peve_00033261	0.4524887059	17
Porites_evermani_scaffold_493	141279	146584	gene-Peve_00033264	49.4438041	72
Porites_evermani_scaffold_493	153134	154316	gene-Peve_00033265	26.308179	13
Porites_evermani_scaffold_493	158442	189028	gene-Peve_00033266	0.5262557904	625
Porites_evermani_scaffold_493	193190	194756	gene-Peve_00033268	18.65634364	14
Porites_evermani_scaffold_493	198934	222413	gene-Peve_00033269	9.697499558	450
Porites_evermani_scaffold_493	227650	246538	gene-Peve_00033270	55.22368857	247
Porites_evermani_scaffold_493	247385	248102	gene-Peve_00033271	0	20
Porites_evermani_scaffold_4931	10507	18362	gene-Peve_00033274	0.7925091709	158
Porites_evermani_scaffold_4933	1760	7256	gene-Peve_00033276	0.4360563434	166
Porites_evermani_scaffold_4933	11795	14673	gene-Peve_00033277	0.1710198955	67
Porites_evermani_scaffold_4934	6802	17873	gene-Peve_00033278	1.370783335	263
Porites_evermani_scaffold_4934	18118	18975	gene-Peve_00033279	0.5128205333	15
Porites_evermani_scaffold_4935	7130	17167	gene-Peve_00033280	3.562867357	14
Porites_evermani_scaffold_4936	11946	16592	gene-Peve_00033281	.	0
Porites_evermani_scaffold_4937	57	7636	gene-Peve_00033282	0.5716430608	148
Porites_evermani_scaffold_4937	17884	18889	gene-Peve_00033283	0.2525252424	33
Porites_evermani_scaffold_4938	2080	6759	gene-Peve_00033284	90.35353542	12
Porites_evermani_scaffold_4938	12143	12619	gene-Peve_00033285	.	0
Porites_evermani_scaffold_4938	15612	17043	gene-Peve_00033286	0	9
Porites_evermani_scaffold_4939	253	12948	gene-Peve_00033287	0.378787875	24
Porites_evermani_scaffold_494	2996	49708	gene-Peve_00033288	0.77731759	1005
Porites_evermani_scaffold_494	38875	39418	gene-Peve_00033296	4.891741143	14
Porites_evermani_scaffold_494	55702	104592	gene-Peve_00033298	1.23207075	1507
Porites_evermani_scaffold_494	107446	186797	gene-Peve_00033297	0.9735823816	2065
Porites_evermani_scaffold_494	115971	116460	gene-Peve_00033289	0	5
Porites_evermani_scaffold_494	120760	121273	gene-Peve_00033290	1.468254	14
Porites_evermani_scaffold_494	190914	192545	gene-Peve_00033291	0.7574417368	38
Porites_evermani_scaffold_494	198447	199371	gene-Peve_00033292	0	3
Porites_evermani_scaffold_494	222127	223369	gene-Peve_00033294	6.138786455	11
Porites_evermani_scaffold_494	242313	243741	gene-Peve_00033295	0	11
Porites_evermani_scaffold_4940	392	17710	gene-Peve_00033299	2.066115705	44
Porites_evermani_scaffold_4940	8585	9008	gene-Peve_00033300	0	7
Porites_evermani_scaffold_4941	3399	8883	gene-Peve_00033301	0	47
Porites_evermani_scaffold_4942	13421	14204	gene-Peve_00033302	47.87024375	12
Porites_evermani_scaffold_4942	14200	14482	gene-Peve_00033303	29.606983	13
Porites_evermani_scaffold_4943	5099	15321	gene-Peve_00033304	0.9922818125	144
Porites_evermani_scaffold_4945	11180	12194	gene-Peve_00033306	.	0
Porites_evermani_scaffold_4945	14487	14880	gene-Peve_00033307	.	0
Porites_evermani_scaffold_4945	17054	18741	gene-Peve_00033305	.	0
Porites_evermani_scaffold_4946	621	7690	gene-Peve_00033308	71.82642074	46
Porites_evermani_scaffold_4946	7761	18943	gene-Peve_00033309	9.551311	53
Porites_evermani_scaffold_4947	8251	9992	gene-Peve_00033310	0	18
Porites_evermani_scaffold_4947	11139	19502	gene-Peve_00033311	0.9894853178	129
Porites_evermani_scaffold_4948	460	9423	gene-Peve_00033312	0.50990675	52
Porites_evermani_scaffold_4949	3274	6233	gene-Peve_00033313	39.59156084	37
Porites_evermani_scaffold_4949	8292	19189	gene-Peve_00033314	11.64156255	130
Porites_evermani_scaffold_495	326	2534	gene-Peve_00033315	0	7
Porites_evermani_scaffold_495	12006	23595	gene-Peve_00033318	2.571301333	6
Porites_evermani_scaffold_495	74825	75281	gene-Peve_00033319	0	3
Porites_evermani_scaffold_495	104586	105979	gene-Peve_00033321	0	39
Porites_evermani_scaffold_495	108557	108775	gene-Peve_00033322	.	0
Porites_evermani_scaffold_495	114019	115898	gene-Peve_00033323	0	51
Porites_evermani_scaffold_495	132385	146844	gene-Peve_00033324	1.609792088	375
Porites_evermani_scaffold_495	135316	138317	gene-Peve_00033325	1.375489988	81
Porites_evermani_scaffold_495	196489	203736	gene-Peve_00033327	0.47229361	200
Porites_evermani_scaffold_495	239591	241740	gene-Peve_00033328	0	35
Porites_evermani_scaffold_4950	2563	17173	gene-Peve_00033329	87.16937389	27
Porites_evermani_scaffold_4951	11732	13044	gene-Peve_00033330	77.99966144	9
Porites_evermani_scaffold_4953	2	2196	gene-Peve_00033331	.	0
Porites_evermani_scaffold_4953	4012	15597	gene-Peve_00033332	39.26791411	37
Porites_evermani_scaffold_4954	9103	9790	gene-Peve_00033337	59.48220782	17
Porites_evermani_scaffold_4954	11388	12308	gene-Peve_00033333	19.27777475	12
Porites_evermani_scaffold_4954	12511	15857	gene-Peve_00033338	37.1916164	50
Porites_evermani_scaffold_4954	15935	16583	gene-Peve_00033334	40.60137924	21
Porites_evermani_scaffold_4955	426	17004	gene-Peve_00033339	7.466694474	76
Porites_evermani_scaffold_4956	282	18533	gene-Peve_00033340	0.3869085449	345
Porites_evermani_scaffold_4957	8756	12456	gene-Peve_00033342	0	24
Porites_evermani_scaffold_4958	2637	3327	gene-Peve_00033343	0	3
Porites_evermani_scaffold_4958	3492	4011	gene-Peve_00033344	.	0
Porites_evermani_scaffold_4958	6470	7362	gene-Peve_00033345	.	0
Porites_evermani_scaffold_4958	13054	13816	gene-Peve_00033346	.	0
Porites_evermani_scaffold_4958	14131	15183	gene-Peve_00033347	.	0
Porites_evermani_scaffold_4959	1120	2911	gene-Peve_00033349	.	0
Porites_evermani_scaffold_4959	6273	18655	gene-Peve_00033350	.	0
Porites_evermani_scaffold_496	1105	12641	gene-Peve_00033351	26.47343006	129
Porites_evermani_scaffold_496	25573	26857	gene-Peve_00033359	4.367041714	14
Porites_evermani_scaffold_496	32720	34016	gene-Peve_00033365	0	31
Porites_evermani_scaffold_496	36255	67797	gene-Peve_00033366	15.06385196	98
Porites_evermani_scaffold_496	70962	82472	gene-Peve_00033367	21.56852198	221
Porites_evermani_scaffold_496	85902	99376	gene-Peve_00033352	63.43752836	188
Porites_evermani_scaffold_496	99428	104182	gene-Peve_00033353	32.48820122	40
Porites_evermani_scaffold_496	107003	108318	gene-Peve_00033354	.	0
Porites_evermani_scaffold_496	115085	116400	gene-Peve_00033355	.	0
Porites_evermani_scaffold_496	127566	130966	gene-Peve_00033356	0	25
Porites_evermani_scaffold_496	132589	134291	gene-Peve_00033357	.	0
Porites_evermani_scaffold_496	142344	170002	gene-Peve_00033358	14.69495051	486
Porites_evermani_scaffold_496	171925	176573	gene-Peve_00033360	0.5386520376	133
Porites_evermani_scaffold_496	177243	185128	gene-Peve_00033361	2.359396276	228
Porites_evermani_scaffold_496	187728	191739	gene-Peve_00033362	31.92248744	59
Porites_evermani_scaffold_496	200226	200559	gene-Peve_00033363	0	13
Porites_evermani_scaffold_496	214803	232783	gene-Peve_00033364	8.508749937	399
Porites_evermani_scaffold_4960	12992	19185	gene-Peve_00033368	0.7642519223	103
Porites_evermani_scaffold_4961	166	3200	gene-Peve_00033369	19.2671245	36
Porites_evermani_scaffold_4961	8314	14711	gene-Peve_00033370	8.541750458	153
Porites_evermani_scaffold_4962	4683	7873	gene-Peve_00033371	91.6969697	10
Porites_evermani_scaffold_4962	12251	14081	gene-Peve_00033372	0.4108078548	62
Porites_evermani_scaffold_4962	14187	18106	gene-Peve_00033373	0.2327493333	126
Porites_evermani_scaffold_4963	2956	8541	gene-Peve_00033374	0.8499630488	41
Porites_evermani_scaffold_4964	4017	11883	gene-Peve_00033375	0	10
Porites_evermani_scaffold_4965	11676	19154	gene-Peve_00033378	11.23310241	108
Porites_evermani_scaffold_4965	13174	15422	gene-Peve_00033376	15.55970246	39
Porites_evermani_scaffold_4966	1337	1823	gene-Peve_00033379	0.6790123333	27
Porites_evermani_scaffold_4966	2347	5651	gene-Peve_00033382	0	51
Porites_evermani_scaffold_4966	7205	8844	gene-Peve_00033383	0.2028397586	29
Porites_evermani_scaffold_4966	9775	10243	gene-Peve_00033381	1.190476143	14
Porites_evermani_scaffold_4966	10987	14341	gene-Peve_00033380	2.048464333	39
Porites_evermani_scaffold_4967	1171	4975	gene-Peve_00033384	0	8
Porites_evermani_scaffold_4967	5065	7826	gene-Peve_00033385	40.530303	2
Porites_evermani_scaffold_4967	11826	18423	gene-Peve_00033386	.	0
Porites_evermani_scaffold_497	11178	22090	gene-Peve_00033387	4.116209392	74
Porites_evermani_scaffold_497	26910	29094	gene-Peve_00033402	0	46
Porites_evermani_scaffold_497	29400	39749	gene-Peve_00033403	1.61056565	200
Porites_evermani_scaffold_497	45592	49777	gene-Peve_00033404	0.1424772021	94
Porites_evermani_scaffold_497	51907	61862	gene-Peve_00033388	0.3843997767	215
Porites_evermani_scaffold_497	63741	66698	gene-Peve_00033389	.	0
Porites_evermani_scaffold_497	67366	68023	gene-Peve_00033390	.	0
Porites_evermani_scaffold_497	74493	75777	gene-Peve_00033391	0.5952380952	21
Porites_evermani_scaffold_497	78218	79451	gene-Peve_00033392	0	53
Porites_evermani_scaffold_497	81835	82582	gene-Peve_00033393	.	0
Porites_evermani_scaffold_497	84482	90871	gene-Peve_00033394	48.35193197	94
Porites_evermani_scaffold_497	91021	93980	gene-Peve_00033395	72.25309226	34
Porites_evermani_scaffold_497	94669	102308	gene-Peve_00033396	78.8359479	97
Porites_evermani_scaffold_497	104179	141855	gene-Peve_00033398	14.02186395	394
Porites_evermani_scaffold_497	127383	130326	gene-Peve_00033405	7.248380714	21
Porites_evermani_scaffold_497	133341	136245	gene-Peve_00033406	38.45368929	7
Porites_evermani_scaffold_497	142383	147028	gene-Peve_00033397	57.77546913	62
Porites_evermani_scaffold_497	149659	163232	gene-Peve_00033407	80.11062839	228
Porites_evermani_scaffold_497	168409	170045	gene-Peve_00033408	0.1210653729	59
Porites_evermani_scaffold_497	177351	181582	gene-Peve_00033409	0.1669337604	96
Porites_evermani_scaffold_497	183912	193794	gene-Peve_00033410	44.86947623	188
Porites_evermani_scaffold_497	193816	209291	gene-Peve_00033411	14.08004641	283
Porites_evermani_scaffold_497	214383	225978	gene-Peve_00033412	0.2932418382	173
Porites_evermani_scaffold_497	230136	231016	gene-Peve_00033413	0.26666668	25
Porites_evermani_scaffold_497	240924	242046	gene-Peve_00033415	1.169258368	38
Porites_evermani_scaffold_497	243744	246233	gene-Peve_00033416	3.462651226	31
Porites_evermani_scaffold_4970	703	4191	gene-Peve_00033417	0	4
Porites_evermani_scaffold_4972	613	7217	gene-Peve_00033419	62.55480642	12
Porites_evermani_scaffold_4972	7263	10280	gene-Peve_00033420	38.0952382	5
Porites_evermani_scaffold_4972	13868	17446	gene-Peve_00033421	.	0
Porites_evermani_scaffold_4973	802	2677	gene-Peve_00033422	0.1228501351	37
Porites_evermani_scaffold_4974	13139	13544	gene-Peve_00033423	0	1
Porites_evermani_scaffold_4974	16921	17371	gene-Peve_00033424	0	14
Porites_evermani_scaffold_4975	11061	11451	gene-Peve_00033425	0	15
Porites_evermani_scaffold_4976	13160	17278	gene-Peve_00033427	7.059607056	18
Porites_evermani_scaffold_4977	451	6452	gene-Peve_00033428	0.1834358696	161
Porites_evermani_scaffold_4977	12175	17094	gene-Peve_00033429	42.85714286	7
Porites_evermani_scaffold_4978	579	18942	gene-Peve_00033430	23.627451	68
Porites_evermani_scaffold_4979	1594	14943	gene-Peve_00033431	80.68881139	157
Porites_evermani_scaffold_498	6758	35547	gene-Peve_00033432	29.35838051	460
Porites_evermani_scaffold_498	44590	58337	gene-Peve_00033433	51.37116585	107
Porites_evermani_scaffold_498	61900	64342	gene-Peve_00033434	37.65278155	31
Porites_evermani_scaffold_498	64718	70944	gene-Peve_00033435	52.12706787	91
Porites_evermani_scaffold_498	83458	85321	gene-Peve_00033436	0.4132231364	44
Porites_evermani_scaffold_498	110927	111551	gene-Peve_00033437	0	13
Porites_evermani_scaffold_498	123962	128505	gene-Peve_00033438	0.8008755238	147
Porites_evermani_scaffold_498	136236	143328	gene-Peve_00033439	0.6031246806	191
Porites_evermani_scaffold_498	146082	160252	gene-Peve_00033440	42.64844553	119
Porites_evermani_scaffold_498	181299	188169	gene-Peve_00033441	0.6813106216	74
Porites_evermani_scaffold_498	192693	199470	gene-Peve_00033442	0.7601823933	89
Porites_evermani_scaffold_498	201433	214510	gene-Peve_00033443	51.45035084	157
Porites_evermani_scaffold_498	216387	242639	gene-Peve_00033444	13.43106304	397
Porites_evermani_scaffold_498	244090	245197	gene-Peve_00033445	2.189071067	30
Porites_evermani_scaffold_4980	348	10052	gene-Peve_00033446	40.53375193	14
Porites_evermani_scaffold_4980	16864	18409	gene-Peve_00033447	87.923143	13
Porites_evermani_scaffold_4981	15965	17489	gene-Peve_00033448	0	2
Porites_evermani_scaffold_4982	2452	7153	gene-Peve_00033449	96.153846	2
Porites_evermani_scaffold_4982	7819	18886	gene-Peve_00033450	45.85920367	48
Porites_evermani_scaffold_4983	4494	4833	gene-Peve_00033451	.	0
Porites_evermani_scaffold_4983	9537	11394	gene-Peve_00033452	0.3883163617	47
Porites_evermani_scaffold_4984	10407	18195	gene-Peve_00033454	0	4
Porites_evermani_scaffold_4986	4472	6355	gene-Peve_00033456	0.5056724828	58
Porites_evermani_scaffold_4986	14413	17500	gene-Peve_00033455	9.892602474	116
Porites_evermani_scaffold_4987	1410	5228	gene-Peve_00033457	.	0
Porites_evermani_scaffold_4987	5899	6412	gene-Peve_00033459	.	0
Porites_evermani_scaffold_4987	8272	9377	gene-Peve_00033460	.	0
Porites_evermani_scaffold_4987	17470	18005	gene-Peve_00033458	.	0
Porites_evermani_scaffold_4988	50	521	gene-Peve_00033461	0.5742193889	18
Porites_evermani_scaffold_4988	1529	6712	gene-Peve_00033464	0.3942322239	67
Porites_evermani_scaffold_4988	6766	8642	gene-Peve_00033469	0.1131681944	36
Porites_evermani_scaffold_4988	9595	10219	gene-Peve_00033463	0.5670049286	14
Porites_evermani_scaffold_4988	11088	13497	gene-Peve_00033462	0.2508705672	67
Porites_evermani_scaffold_4988	14215	14914	gene-Peve_00033465	0.2526010833	12
Porites_evermani_scaffold_4988	14987	15548	gene-Peve_00033466	0.306728625	8
Porites_evermani_scaffold_4988	15842	17737	gene-Peve_00033467	0.3355999434	53
Porites_evermani_scaffold_4988	17758	18334	gene-Peve_00033468	0.9139865385	13
Porites_evermani_scaffold_4989	0	9906	gene-Peve_00033470	76.99342503	133
Porites_evermani_scaffold_4989	14255	18086	gene-Peve_00033471	73.55701207	15
Porites_evermani_scaffold_499	14727	97126	gene-Peve_00033472	1.778219074	1383
Porites_evermani_scaffold_499	60483	61285	gene-Peve_00033481	1.8153846	25
Porites_evermani_scaffold_499	102007	103021	gene-Peve_00033484	78.40019723	13
Porites_evermani_scaffold_499	107183	127229	gene-Peve_00033485	36.79652147	101
Porites_evermani_scaffold_499	132024	144205	gene-Peve_00033475	0.2799306978	182
Porites_evermani_scaffold_499	146536	162937	gene-Peve_00033474	1.193008	85
Porites_evermani_scaffold_499	169037	189100	gene-Peve_00033476	24.04751046	46
Porites_evermani_scaffold_499	195698	196217	gene-Peve_00033477	.	0
Porites_evermani_scaffold_499	197444	198488	gene-Peve_00033478	.	0
Porites_evermani_scaffold_499	205909	206665	gene-Peve_00033479	.	0
Porites_evermani_scaffold_499	211682	215102	gene-Peve_00033480	0	4
Porites_evermani_scaffold_499	225831	229304	gene-Peve_00033482	3.174169767	30
Porites_evermani_scaffold_499	242831	245799	gene-Peve_00033483	0	10
Porites_evermani_scaffold_4990	9119	10998	gene-Peve_00033486	0	6
Porites_evermani_scaffold_4991	2813	15201	gene-Peve_00033487	9.6713286	20
Porites_evermani_scaffold_4991	18299	18632	gene-Peve_00033488	86.74603167	3
Porites_evermani_scaffold_4992	9030	9405	gene-Peve_00033489	0	5
Porites_evermani_scaffold_4992	16194	16608	gene-Peve_00033490	3.166833273	11
Porites_evermani_scaffold_4993	0	3800	gene-Peve_00033491	77.9530885	16
Porites_evermani_scaffold_4993	5624	13794	gene-Peve_00033492	83.87948876	96
Porites_evermani_scaffold_4994	16567	17068	gene-Peve_00033493	2.253686682	22
Porites_evermani_scaffold_4995	1016	4802	gene-Peve_00033494	1.468531462	13
Porites_evermani_scaffold_4995	5676	15141	gene-Peve_00033495	57.02539646	61
Porites_evermani_scaffold_4996	915	1260	gene-Peve_00033496	.	0
Porites_evermani_scaffold_4996	2235	2587	gene-Peve_00033499	0	2
Porites_evermani_scaffold_4996	3516	4288	gene-Peve_00033500	.	0
Porites_evermani_scaffold_4996	17955	18468	gene-Peve_00033498	.	0
Porites_evermani_scaffold_4997	908	12350	gene-Peve_00033502	0.6593406667	45
Porites_evermani_scaffold_4998	1382	1736	gene-Peve_00033503	.	0
Porites_evermani_scaffold_4999	6215	13884	gene-Peve_00033504	7.47669274	150
Porites_evermani_scaffold_5	7675	16916	gene-Peve_00033505	23.50325372	214
Porites_evermani_scaffold_5	25448	41753	gene-Peve_00033593	46.42423716	153
Porites_evermani_scaffold_5	50015	85262	gene-Peve_00033597	32.42922445	497
Porites_evermani_scaffold_5	87646	114996	gene-Peve_00033519	23.02627847	395
Porites_evermani_scaffold_5	116874	125348	gene-Peve_00033527	66.51930589	84
Porites_evermani_scaffold_5	126109	129880	gene-Peve_00033535	0.4385026706	85
Porites_evermani_scaffold_5	136524	140386	gene-Peve_00033548	0.3742278469	98
Porites_evermani_scaffold_5	143514	149221	gene-Peve_00033552	59.92377863	92
Porites_evermani_scaffold_5	153991	180376	gene-Peve_00033563	34.48195642	444
Porites_evermani_scaffold_5	183315	184206	gene-Peve_00033577	0.9487680286	35
Porites_evermani_scaffold_5	187098	188001	gene-Peve_00033581	72.23269569	16
Porites_evermani_scaffold_5	189646	194623	gene-Peve_00033582	83.75089985	53
Porites_evermani_scaffold_5	197569	199469	gene-Peve_00033583	11.46560512	33
Porites_evermani_scaffold_5	201537	202419	gene-Peve_00033584	0.2597402571	35
Porites_evermani_scaffold_5	205524	219930	gene-Peve_00033585	10.83727655	305
Porites_evermani_scaffold_5	229371	258550	gene-Peve_00033586	0.999821796	652
Porites_evermani_scaffold_5	273629	276044	gene-Peve_00033588	2.301517683	60
Porites_evermani_scaffold_5	277447	281896	gene-Peve_00033589	67.07073779	43
Porites_evermani_scaffold_5	284011	288074	gene-Peve_00033590	2.769536684	79
Porites_evermani_scaffold_5	289072	296438	gene-Peve_00033591	28.50706468	111
Porites_evermani_scaffold_5	301042	315539	gene-Peve_00033592	0.1650451301	346
Porites_evermani_scaffold_5	320309	321881	gene-Peve_00033595	0.1041666719	64
Porites_evermani_scaffold_5	323851	329318	gene-Peve_00033596	0.5178996522	161
Porites_evermani_scaffold_5	347699	381805	gene-Peve_00033598	0.3886431097	811
Porites_evermani_scaffold_5	390677	402103	gene-Peve_00033599	11.37853882	200
Porites_evermani_scaffold_5	406185	415702	gene-Peve_00033600	0.7765724805	154
Porites_evermani_scaffold_5	416686	430469	gene-Peve_00033601	0.7509034501	371
Porites_evermani_scaffold_5	432707	434209	gene-Peve_00033602	0	28
Porites_evermani_scaffold_5	438305	455007	gene-Peve_00033603	0.2816455296	389
Porites_evermani_scaffold_5	464079	470699	gene-Peve_00033507	0.6424656111	162
Porites_evermani_scaffold_5	473574	474911	gene-Peve_00033511	1.810654941	34
Porites_evermani_scaffold_5	475532	489888	gene-Peve_00033512	1.832706153	353
Porites_evermani_scaffold_5	501059	502052	gene-Peve_00033513	1.272689483	29
Porites_evermani_scaffold_5	507296	509038	gene-Peve_00033514	0.1253132857	42
Porites_evermani_scaffold_5	511500	517119	gene-Peve_00033508	0.3616080839	143
Porites_evermani_scaffold_5	519732	521079	gene-Peve_00033509	0.25252525	36
Porites_evermani_scaffold_5	521853	528676	gene-Peve_00033510	1.001398982	112
Porites_evermani_scaffold_5	543339	553760	gene-Peve_00033515	0.3325785687	262
Porites_evermani_scaffold_5	570219	570738	gene-Peve_00033517	1.010360667	21
Porites_evermani_scaffold_5	570857	571556	gene-Peve_00033518	10	1
Porites_evermani_scaffold_5	583528	592080	gene-Peve_00033516	0.5342467854	205
Porites_evermani_scaffold_5	603961	612477	gene-Peve_00033520	17.71492708	132
Porites_evermani_scaffold_5	614612	615539	gene-Peve_00033521	0.5627705714	28
Porites_evermani_scaffold_5	623445	623979	gene-Peve_00033524	0	16
Porites_evermani_scaffold_5	624837	635276	gene-Peve_00033525	17.04576733	187
Porites_evermani_scaffold_5	647643	667120	gene-Peve_00033526	13.80761309	431
Porites_evermani_scaffold_5	658102	659637	gene-Peve_00033528	2.369732323	65
Porites_evermani_scaffold_5	680515	686007	gene-Peve_00033529	51.79392393	67
Porites_evermani_scaffold_5	686173	693370	gene-Peve_00033530	76.45709379	87
Porites_evermani_scaffold_5	696866	721470	gene-Peve_00033531	45.4333798	299
Porites_evermani_scaffold_5	725273	736360	gene-Peve_00033532	0.5902732208	308
Porites_evermani_scaffold_5	747615	754205	gene-Peve_00033533	0.5543849245	159
Porites_evermani_scaffold_5	758849	760210	gene-Peve_00033534	0.167224087	46
Porites_evermani_scaffold_5	764608	793667	gene-Peve_00033536	0.6416048377	727
Porites_evermani_scaffold_5	806201	809571	gene-Peve_00033537	35.69358775	51
Porites_evermani_scaffold_5	813372	820207	gene-Peve_00033538	0.6588676488	168
Porites_evermani_scaffold_5	827300	838915	gene-Peve_00033539	0.2613513754	309
Porites_evermani_scaffold_5	846561	853672	gene-Peve_00033540	0.7996787273	154
Porites_evermani_scaffold_5	874854	875229	gene-Peve_00033543	78.131407	5
Porites_evermani_scaffold_5	882779	889705	gene-Peve_00033544	0.1848845583	120
Porites_evermani_scaffold_5	904746	914478	gene-Peve_00033545	0.8045768112	286
Porites_evermani_scaffold_5	919641	919959	gene-Peve_00033546	95.89285714	7
Porites_evermani_scaffold_5	927299	980616	gene-Peve_00033547	27.86888099	959
Porites_evermani_scaffold_5	982084	989486	gene-Peve_00033549	70.44825825	143
Porites_evermani_scaffold_5	989773	999993	gene-Peve_00033550	39.75296892	149
Porites_evermani_scaffold_5	1008702	1048830	gene-Peve_00033551	14.15389238	790
Porites_evermani_scaffold_5	1013412	1017449	gene-Peve_00033553	82.95876236	14
Porites_evermani_scaffold_5	1053173	1056201	gene-Peve_00033554	43.81247268	53
Porites_evermani_scaffold_5	1058606	1062029	gene-Peve_00033555	0.7992304495	109
Porites_evermani_scaffold_5	1062710	1074662	gene-Peve_00033556	0.1526546429	238
Porites_evermani_scaffold_5	1079008	1079917	gene-Peve_00033558	0.30769232	25
Porites_evermani_scaffold_5	1082424	1082865	gene-Peve_00033559	0	17
Porites_evermani_scaffold_5	1083045	1084892	gene-Peve_00033560	0.1059322034	59
Porites_evermani_scaffold_5	1093656	1100899	gene-Peve_00033561	0.6058049811	159
Porites_evermani_scaffold_5	1102424	1115697	gene-Peve_00033562	10.67328327	253
Porites_evermani_scaffold_5	1119805	1122254	gene-Peve_00033564	0.5145797547	53
Porites_evermani_scaffold_5	1127354	1153542	gene-Peve_00033565	6.070086839	647
Porites_evermani_scaffold_5	1161904	1179791	gene-Peve_00033566	0.2100610181	443
Porites_evermani_scaffold_5	1195485	1216797	gene-Peve_00033567	0.522188725	520
Porites_evermani_scaffold_5	1230464	1237160	gene-Peve_00033568	0.126237165	200
Porites_evermani_scaffold_5	1243642	1251981	gene-Peve_00033569	1.109257407	243
Porites_evermani_scaffold_5	1254868	1257179	gene-Peve_00033570	1.640065019	54
Porites_evermani_scaffold_5	1262788	1269497	gene-Peve_00033571	0.416653268	153
Porites_evermani_scaffold_5	1279264	1280221	gene-Peve_00033572	0	39
Porites_evermani_scaffold_5	1281282	1291188	gene-Peve_00033573	42.82804818	193
Porites_evermani_scaffold_5	1291308	1320021	gene-Peve_00033574	8.330018379	659
Porites_evermani_scaffold_5	1327340	1328360	gene-Peve_00033575	0	49
Porites_evermani_scaffold_5	1347135	1352012	gene-Peve_00033576	47.59733906	71
Porites_evermani_scaffold_5	1352399	1356925	gene-Peve_00033578	50.2507796	48
Porites_evermani_scaffold_5	1357723	1359173	gene-Peve_00033579	0.6119637818	55
Porites_evermani_scaffold_5	1363578	1378607	gene-Peve_00033580	71.27589878	126
Porites_evermani_scaffold_50	37416	43135	gene-Peve_00033616	0.4004793689	122
Porites_evermani_scaffold_50	55505	64852	gene-Peve_00033621	66.50819469	61
Porites_evermani_scaffold_50	70756	74699	gene-Peve_00033626	17.8438228	20
Porites_evermani_scaffold_50	98582	99635	gene-Peve_00033627	0	39
Porites_evermani_scaffold_50	103482	104607	gene-Peve_00033629	0	7
Porites_evermani_scaffold_50	117851	124232	gene-Peve_00033630	4.80769225	4
Porites_evermani_scaffold_50	129572	138414	gene-Peve_00033631	1.041666625	8
Porites_evermani_scaffold_50	140019	141290	gene-Peve_00033632	.	0
Porites_evermani_scaffold_50	144371	145714	gene-Peve_00033633	0	23
Porites_evermani_scaffold_50	148031	153204	gene-Peve_00033634	0.7309863827	81
Porites_evermani_scaffold_50	159463	163840	gene-Peve_00033635	0	12
Porites_evermani_scaffold_50	169180	179598	gene-Peve_00033637	0	40
Porites_evermani_scaffold_50	186927	205650	gene-Peve_00033636	3.193404474	97
Porites_evermani_scaffold_50	211815	215366	gene-Peve_00033639	0.24575164	75
Porites_evermani_scaffold_50	221918	223127	gene-Peve_00033640	0	24
Porites_evermani_scaffold_50	232805	236525	gene-Peve_00033641	0.2777777833	60
Porites_evermani_scaffold_50	248305	249535	gene-Peve_00033642	0	31
Porites_evermani_scaffold_50	253558	262351	gene-Peve_00033643	66.76553563	70
Porites_evermani_scaffold_50	267217	275611	gene-Peve_00033645	17.17506727	85
Porites_evermani_scaffold_50	276647	281870	gene-Peve_00033646	52.41937084	38
Porites_evermani_scaffold_50	280100	280502	gene-Peve_00033647	.	0
Porites_evermani_scaffold_50	285876	289381	gene-Peve_00033648	0	16
Porites_evermani_scaffold_50	296563	329555	gene-Peve_00033649	17.39317545	504
Porites_evermani_scaffold_50	333034	340983	gene-Peve_00033604	0.32532725	208
Porites_evermani_scaffold_50	344707	346775	gene-Peve_00033605	89.56996179	53
Porites_evermani_scaffold_50	352795	364094	gene-Peve_00033606	14.07518101	195
Porites_evermani_scaffold_50	368510	369872	gene-Peve_00033607	1.826600186	43
Porites_evermani_scaffold_50	376792	377659	gene-Peve_00033608	0	17
Porites_evermani_scaffold_50	384484	385402	gene-Peve_00033609	0	20
Porites_evermani_scaffold_50	387684	394020	gene-Peve_00033610	1.066189652	198
Porites_evermani_scaffold_50	394131	402076	gene-Peve_00033611	0.3378306369	168
Porites_evermani_scaffold_50	403559	407281	gene-Peve_00033612	0.1904761889	90
Porites_evermani_scaffold_50	407833	412219	gene-Peve_00033613	0.7468205179	112
Porites_evermani_scaffold_50	413014	414517	gene-Peve_00033614	0	30
Porites_evermani_scaffold_50	416997	456426	gene-Peve_00033615	12.07294582	551
Porites_evermani_scaffold_50	458551	466373	gene-Peve_00033617	44.67652441	111
Porites_evermani_scaffold_50	466307	473443	gene-Peve_00033618	61.00623852	91
Porites_evermani_scaffold_50	477635	483476	gene-Peve_00033619	39.57861253	78
Porites_evermani_scaffold_50	487728	528411	gene-Peve_00033620	2.132644602	855
Porites_evermani_scaffold_50	534843	535257	gene-Peve_00033623	15.52522014	7
Porites_evermani_scaffold_50	547022	606095	gene-Peve_00033624	22.42884994	922
Porites_evermani_scaffold_50	645365	663873	gene-Peve_00033625	67.06251775	153
Porites_evermani_scaffold_50	705697	709326	gene-Peve_00033628	.	0
Porites_evermani_scaffold_500	8277	8589	gene-Peve_00033651	.	0
Porites_evermani_scaffold_500	14423	42724	gene-Peve_00033661	0.4422660714	126
Porites_evermani_scaffold_500	63453	72440	gene-Peve_00033662	1.441606891	55
Porites_evermani_scaffold_500	118555	162856	gene-Peve_00033650	1.515332702	1023
Porites_evermani_scaffold_500	165855	173065	gene-Peve_00033652	0.4732198486	218
Porites_evermani_scaffold_500	179584	187800	gene-Peve_00033654	0.4059796609	174
Porites_evermani_scaffold_500	194797	215987	gene-Peve_00033656	27.49117664	345
Porites_evermani_scaffold_500	213657	214083	gene-Peve_00033657	63.0329965	16
Porites_evermani_scaffold_500	216391	224868	gene-Peve_00033658	18.75003837	110
Porites_evermani_scaffold_500	225426	226995	gene-Peve_00033659	1.698717969	32
Porites_evermani_scaffold_500	234545	242965	gene-Peve_00033660	0.6262262015	134
Porites_evermani_scaffold_5000	1815	3204	gene-Peve_00033663	.	0
Porites_evermani_scaffold_5001	4621	5378	gene-Peve_00033665	.	0
Porites_evermani_scaffold_5001	6089	11606	gene-Peve_00033664	0	31
Porites_evermani_scaffold_5002	464	2069	gene-Peve_00033666	2.542087556	18
Porites_evermani_scaffold_5002	12246	12722	gene-Peve_00033668	0	7
Porites_evermani_scaffold_5002	16253	16889	gene-Peve_00033667	0	20
Porites_evermani_scaffold_5002	16931	17975	gene-Peve_00033669	0.4970760417	24
Porites_evermani_scaffold_5003	1007	2621	gene-Peve_00033670	.	0
Porites_evermani_scaffold_5003	7168	7827	gene-Peve_00033671	.	0
Porites_evermani_scaffold_5004	3935	7784	gene-Peve_00033672	.	0
Porites_evermani_scaffold_5004	8396	9413	gene-Peve_00033673	.	0
Porites_evermani_scaffold_5004	10017	10897	gene-Peve_00033674	.	0
Porites_evermani_scaffold_5004	14832	15542	gene-Peve_00033675	.	0
Porites_evermani_scaffold_5005	0	4925	gene-Peve_00033676	81.29629633	9
Porites_evermani_scaffold_5006	12620	14336	gene-Peve_00033677	5.194805143	7
Porites_evermani_scaffold_5007	1474	2633	gene-Peve_00033678	.	0
Porites_evermani_scaffold_5007	14888	16913	gene-Peve_00033679	.	0
Porites_evermani_scaffold_5008	62	1525	gene-Peve_00033680	73.57187742	12
Porites_evermani_scaffold_5009	11216	11487	gene-Peve_00033681	.	0
Porites_evermani_scaffold_5009	14904	15175	gene-Peve_00033682	.	0
Porites_evermani_scaffold_501	1611	2913	gene-Peve_00033683	68.7325435	16
Porites_evermani_scaffold_501	4283	9414	gene-Peve_00033688	62.59422903	29
Porites_evermani_scaffold_501	17947	19291	gene-Peve_00033702	18.49981926	31
Porites_evermani_scaffold_501	27331	57857	gene-Peve_00033703	4.703451933	623
Porites_evermani_scaffold_501	75872	79623	gene-Peve_00033684	0.4625496	160
Porites_evermani_scaffold_501	88891	91062	gene-Peve_00033687	4.848484833	6
Porites_evermani_scaffold_501	95115	96397	gene-Peve_00033690	.	0
Porites_evermani_scaffold_501	98661	128598	gene-Peve_00033689	1.293065304	559
Porites_evermani_scaffold_501	116070	118044	gene-Peve_00033691	0.124533	73
Porites_evermani_scaffold_501	134257	135391	gene-Peve_00033692	0	34
Porites_evermani_scaffold_501	165228	165960	gene-Peve_00033694	0.5952380833	12
Porites_evermani_scaffold_501	167807	169439	gene-Peve_00033695	.	0
Porites_evermani_scaffold_501	174414	177414	gene-Peve_00033696	.	0
Porites_evermani_scaffold_501	197397	199438	gene-Peve_00033698	0.2557787069	58
Porites_evermani_scaffold_501	204822	213422	gene-Peve_00033699	1.738925407	204
Porites_evermani_scaffold_501	215488	236504	gene-Peve_00033700	14.4164243	266
Porites_evermani_scaffold_501	241400	244291	gene-Peve_00033701	0.5564115072	69
Porites_evermani_scaffold_5010	9377	18423	gene-Peve_00033704	56.16040373	41
Porites_evermani_scaffold_5011	0	16142	gene-Peve_00033705	31.32261072	25
Porites_evermani_scaffold_5012	5925	6792	gene-Peve_00033706	.	0
Porites_evermani_scaffold_5012	15526	17074	gene-Peve_00033707	0	2
Porites_evermani_scaffold_5013	0	8255	gene-Peve_00033708	50.01420462	16
Porites_evermani_scaffold_5013	8514	10480	gene-Peve_00033710	25.12946806	17
Porites_evermani_scaffold_5013	13502	17773	gene-Peve_00033709	68.5506836	20
Porites_evermani_scaffold_5014	10338	12442	gene-Peve_00033712	.	0
Porites_evermani_scaffold_5015	3723	16809	gene-Peve_00033713	40.74282749	91
Porites_evermani_scaffold_5016	9677	10139	gene-Peve_00033714	0	5
Porites_evermani_scaffold_5017	10430	14564	gene-Peve_00033716	.	0
Porites_evermani_scaffold_5017	15285	16379	gene-Peve_00033717	.	0
Porites_evermani_scaffold_5018	529	8620	gene-Peve_00033718	7.4181818	25
Porites_evermani_scaffold_5019	10195	15775	gene-Peve_00033719	66.64766851	102
Porites_evermani_scaffold_502	3458	37745	gene-Peve_00033720	0.9576965431	836
Porites_evermani_scaffold_502	44702	87413	gene-Peve_00033721	0.5729070926	1307
Porites_evermani_scaffold_502	77938	78555	gene-Peve_00033722	0	20
Porites_evermani_scaffold_502	103372	109476	gene-Peve_00033723	64.56516387	61
Porites_evermani_scaffold_502	109519	123607	gene-Peve_00033724	74.89310363	235
Porites_evermani_scaffold_502	123985	137509	gene-Peve_00033726	5.39291149	314
Porites_evermani_scaffold_502	144996	162831	gene-Peve_00033725	1.62262724	425
Porites_evermani_scaffold_502	165717	168644	gene-Peve_00033727	1.151229714	49
Porites_evermani_scaffold_502	177757	178729	gene-Peve_00033728	0	3
Porites_evermani_scaffold_502	185712	188469	gene-Peve_00033729	0	11
Porites_evermani_scaffold_502	193339	194187	gene-Peve_00033730	.	0
Porites_evermani_scaffold_502	199056	200025	gene-Peve_00033731	0	35
Porites_evermani_scaffold_502	201515	202936	gene-Peve_00033732	0	17
Porites_evermani_scaffold_502	207721	209854	gene-Peve_00033733	0	9
Porites_evermani_scaffold_502	227044	237982	gene-Peve_00033734	0.7916326802	222
Porites_evermani_scaffold_5020	224	12488	gene-Peve_00033735	48.28449329	21
Porites_evermani_scaffold_5021	265	17431	gene-Peve_00033736	0.182177322	118
Porites_evermani_scaffold_5022	1209	9952	gene-Peve_00033737	.	0
Porites_evermani_scaffold_5022	15431	18272	gene-Peve_00033738	.	0
Porites_evermani_scaffold_5023	12636	13892	gene-Peve_00033740	.	0
Porites_evermani_scaffold_5024	2109	11022	gene-Peve_00033741	.	0
Porites_evermani_scaffold_5024	11755	13728	gene-Peve_00033742	.	0
Porites_evermani_scaffold_5024	14128	15452	gene-Peve_00033743	.	0
Porites_evermani_scaffold_5026	1268	5573	gene-Peve_00033744	82.58147087	15
Porites_evermani_scaffold_5026	7544	14228	gene-Peve_00033745	53.82729174	69
Porites_evermani_scaffold_5027	3227	18246	gene-Peve_00033746	54.64401584	183
Porites_evermani_scaffold_5028	14690	17640	gene-Peve_00033747	0.3014663175	126
Porites_evermani_scaffold_503	2761	4033	gene-Peve_00033750	0	32
Porites_evermani_scaffold_503	4087	9703	gene-Peve_00033749	0.8278271404	57
Porites_evermani_scaffold_503	12542	13949	gene-Peve_00033748	0	6
Porites_evermani_scaffold_503	21527	32760	gene-Peve_00033751	0.3671262267	225
Porites_evermani_scaffold_503	53361	60608	gene-Peve_00033752	0	14
Porites_evermani_scaffold_503	69539	70119	gene-Peve_00033754	.	0
Porites_evermani_scaffold_503	71348	74451	gene-Peve_00033755	0.2840909062	32
Porites_evermani_scaffold_503	78149	88953	gene-Peve_00033756	0.96359645	60
Porites_evermani_scaffold_503	113477	113803	gene-Peve_00033757	0	2
Porites_evermani_scaffold_503	124019	127532	gene-Peve_00033759	0	2
Porites_evermani_scaffold_503	195941	196691	gene-Peve_00033760	.	0
Porites_evermani_scaffold_503	206378	222355	gene-Peve_00033761	49.64866775	51
Porites_evermani_scaffold_503	222504	237485	gene-Peve_00033762	25.02143622	257
Porites_evermani_scaffold_503	238083	244529	gene-Peve_00033763	1.859949696	102
Porites_evermani_scaffold_5031	204	10428	gene-Peve_00033765	79.09090912	25
Porites_evermani_scaffold_5032	2622	2979	gene-Peve_00033766	.	0
Porites_evermani_scaffold_5033	60	4203	gene-Peve_00033767	.	0
Porites_evermani_scaffold_5033	9094	10119	gene-Peve_00033768	.	0
Porites_evermani_scaffold_5033	11583	15894	gene-Peve_00033769	.	0
Porites_evermani_scaffold_5034	4365	5753	gene-Peve_00033770	.	0
Porites_evermani_scaffold_5034	5944	15770	gene-Peve_00033771	0.2670771304	92
Porites_evermani_scaffold_5034	17648	18125	gene-Peve_00033772	0	12
Porites_evermani_scaffold_5035	2441	12698	gene-Peve_00033773	0.5714285714	35
Porites_evermani_scaffold_5036	10556	12587	gene-Peve_00033774	0	15
Porites_evermani_scaffold_5036	13164	15751	gene-Peve_00033775	1.714015156	64
Porites_evermani_scaffold_5037	30	17334	gene-Peve_00033776	23.28295471	285
Porites_evermani_scaffold_5038	4790	5519	gene-Peve_00033777	0.2604166667	24
Porites_evermani_scaffold_5038	7748	8345	gene-Peve_00033778	0	15
Porites_evermani_scaffold_5038	11544	12474	gene-Peve_00033779	0	8
Porites_evermani_scaffold_5038	15387	16161	gene-Peve_00033780	0.5	20
Porites_evermani_scaffold_504	3890	11741	gene-Peve_00033781	58.52179878	94
Porites_evermani_scaffold_504	17000	20983	gene-Peve_00033786	0.2311241275	102
Porites_evermani_scaffold_504	25557	32742	gene-Peve_00033791	0.3938876593	91
Porites_evermani_scaffold_504	40858	41620	gene-Peve_00033782	1.6233766	10
Porites_evermani_scaffold_504	60026	63281	gene-Peve_00033783	0.9352184	105
Porites_evermani_scaffold_504	64340	66119	gene-Peve_00033784	0.3030302727	11
Porites_evermani_scaffold_504	73467	74067	gene-Peve_00033785	0	25
Porites_evermani_scaffold_504	88140	88737	gene-Peve_00033787	2.555875471	17
Porites_evermani_scaffold_504	91612	92338	gene-Peve_00033788	0	24
Porites_evermani_scaffold_504	95813	96470	gene-Peve_00033789	0.6410256667	12
Porites_evermani_scaffold_504	99096	153006	gene-Peve_00033790	9.515810114	1299
Porites_evermani_scaffold_504	160391	196537	gene-Peve_00033792	0.8390736536	915
Porites_evermani_scaffold_504	215731	218872	gene-Peve_00033793	0.1691810345	116
Porites_evermani_scaffold_504	230847	232520	gene-Peve_00033794	0	4
Porites_evermani_scaffold_504	234463	236136	gene-Peve_00033795	.	0
Porites_evermani_scaffold_5040	12256	17127	gene-Peve_00033796	0	26
Porites_evermani_scaffold_5041	1582	18075	gene-Peve_00033797	0	11
Porites_evermani_scaffold_5042	2	6641	gene-Peve_00033798	0.2164502143	42
Porites_evermani_scaffold_5042	5267	5544	gene-Peve_00033799	.	0
Porites_evermani_scaffold_5043	2904	5342	gene-Peve_00033800	100	1
Porites_evermani_scaffold_5043	6708	11511	gene-Peve_00033801	0.33333332	25
Porites_evermani_scaffold_5044	6763	7270	gene-Peve_00033802	0	12
Porites_evermani_scaffold_5044	9028	11091	gene-Peve_00033804	0.1851851852	54
Porites_evermani_scaffold_5044	11688	16740	gene-Peve_00033803	0.7449539386	114
Porites_evermani_scaffold_5046	8677	12774	gene-Peve_00033805	2.267734313	96
Porites_evermani_scaffold_5047	1877	8627	gene-Peve_00033806	1.509395417	36
Porites_evermani_scaffold_5047	13808	14656	gene-Peve_00033807	0.1262626389	36
Porites_evermani_scaffold_5048	22	7129	gene-Peve_00033808	0.7324956376	218
Porites_evermani_scaffold_5049	1252	11522	gene-Peve_00033809	0	43
Porites_evermani_scaffold_5049	16942	17408	gene-Peve_00033810	.	0
Porites_evermani_scaffold_505	6452	7007	gene-Peve_00033823	0	16
Porites_evermani_scaffold_505	24619	25042	gene-Peve_00033831	1	10
Porites_evermani_scaffold_505	25367	25674	gene-Peve_00033811	0	3
Porites_evermani_scaffold_505	30231	33013	gene-Peve_00033812	83.9218282	25
Porites_evermani_scaffold_505	48204	66315	gene-Peve_00033813	14.17074451	171
Porites_evermani_scaffold_505	69408	71785	gene-Peve_00033814	30.43099773	22
Porites_evermani_scaffold_505	92048	94156	gene-Peve_00033815	95.646592	6
Porites_evermani_scaffold_505	98677	99127	gene-Peve_00033817	0	9
Porites_evermani_scaffold_505	101986	102991	gene-Peve_00033818	0	21
Porites_evermani_scaffold_505	106626	118723	gene-Peve_00033819	29.76046285	183
Porites_evermani_scaffold_505	120444	136279	gene-Peve_00033820	22.35032199	224
Porites_evermani_scaffold_505	138323	152631	gene-Peve_00033821	72.89409605	182
Porites_evermani_scaffold_505	152910	169620	gene-Peve_00033822	59.52737717	248
Porites_evermani_scaffold_505	172789	176625	gene-Peve_00033824	0.4122239208	101
Porites_evermani_scaffold_505	193685	194074	gene-Peve_00033825	.	0
Porites_evermani_scaffold_505	194825	204116	gene-Peve_00033826	1.222673608	125
Porites_evermani_scaffold_505	208065	216857	gene-Peve_00033827	26.82662881	62
Porites_evermani_scaffold_505	237483	244546	gene-Peve_00033830	54.42308058	103
Porites_evermani_scaffold_5050	31	15806	gene-Peve_00033832	83.90311094	88
Porites_evermani_scaffold_5051	7812	8433	gene-Peve_00033833	2.737758889	18
Porites_evermani_scaffold_5051	13046	13817	gene-Peve_00033834	0.1547987368	19
Porites_evermani_scaffold_5051	16475	17222	gene-Peve_00033835	0.7692308	10
Porites_evermani_scaffold_5052	785	14046	gene-Peve_00033836	0.973477216	250
Porites_evermani_scaffold_5053	7075	17863	gene-Peve_00033837	64.09375123	31
Porites_evermani_scaffold_5054	2753	6811	gene-Peve_00033838	0	41
Porites_evermani_scaffold_5054	7528	17546	gene-Peve_00033839	0.3042328095	126
Porites_evermani_scaffold_5055	834	15085	gene-Peve_00033840	77.27272725	8
Porites_evermani_scaffold_5056	3667	12179	gene-Peve_00033841	50	2
Porites_evermani_scaffold_5056	12374	17835	gene-Peve_00033842	.	0
Porites_evermani_scaffold_5057	5638	7409	gene-Peve_00033844	0	3
Porites_evermani_scaffold_5057	12284	14145	gene-Peve_00033843	0	3
Porites_evermani_scaffold_5058	584	4882	gene-Peve_00033845	0	3
Porites_evermani_scaffold_5058	7546	15677	gene-Peve_00033846	95	2
Porites_evermani_scaffold_5059	65	1493	gene-Peve_00033847	.	0
Porites_evermani_scaffold_506	1494	2094	gene-Peve_00033848	0	20
Porites_evermani_scaffold_506	2154	2476	gene-Peve_00033852	1.6502934	5
Porites_evermani_scaffold_506	14714	15353	gene-Peve_00033866	25.89534657	7
Porites_evermani_scaffold_506	19065	19371	gene-Peve_00033850	0	6
Porites_evermani_scaffold_506	37588	38032	gene-Peve_00033853	0	18
Porites_evermani_scaffold_506	49580	50953	gene-Peve_00033854	.	0
Porites_evermani_scaffold_506	70942	73348	gene-Peve_00033856	0.4170274333	60
Porites_evermani_scaffold_506	78894	79673	gene-Peve_00033857	0	17
Porites_evermani_scaffold_506	127273	129132	gene-Peve_00033862	89.69524893	59
Porites_evermani_scaffold_506	128700	130248	gene-Peve_00033863	88.35716269	55
Porites_evermani_scaffold_506	155493	156531	gene-Peve_00033864	28.17684209	22
Porites_evermani_scaffold_506	172225	175428	gene-Peve_00033865	82.61266342	62
Porites_evermani_scaffold_506	206230	207233	gene-Peve_00033867	93.95065535	26
Porites_evermani_scaffold_5060	8726	11136	gene-Peve_00033868	.	0
Porites_evermani_scaffold_5060	11391	16575	gene-Peve_00033869	.	0
Porites_evermani_scaffold_5061	75	2324	gene-Peve_00033870	74.9716117	20
Porites_evermani_scaffold_5061	14866	17406	gene-Peve_00033871	98.89546346	13
Porites_evermani_scaffold_5062	9544	10690	gene-Peve_00033872	0	13
Porites_evermani_scaffold_5062	13126	15689	gene-Peve_00033873	4.761904857	7
Porites_evermani_scaffold_5063	472	8171	gene-Peve_00033874	80.9315557	79
Porites_evermani_scaffold_5064	3821	7147	gene-Peve_00033878	1.403106446	65
Porites_evermani_scaffold_5064	7575	8167	gene-Peve_00033879	3.193834143	21
Porites_evermani_scaffold_5064	14134	15039	gene-Peve_00033876	2.06244961	41
Porites_evermani_scaffold_5065	200	1544	gene-Peve_00033880	83.76262633	6
Porites_evermani_scaffold_5065	1559	8287	gene-Peve_00033881	56.47393552	44
Porites_evermani_scaffold_5066	2087	8362	gene-Peve_00033882	0.2677478605	43
Porites_evermani_scaffold_5066	8987	17756	gene-Peve_00033883	4.715136045	112
Porites_evermani_scaffold_5067	5344	6175	gene-Peve_00033884	.	0
Porites_evermani_scaffold_5068	1628	2561	gene-Peve_00033888	0.4464285625	16
Porites_evermani_scaffold_5068	6484	7228	gene-Peve_00033889	.	0
Porites_evermani_scaffold_5068	7901	8849	gene-Peve_00033890	0	13
Porites_evermani_scaffold_5068	9715	10459	gene-Peve_00033891	.	0
Porites_evermani_scaffold_5068	11132	12065	gene-Peve_00033892	.	0
Porites_evermani_scaffold_5068	15622	16396	gene-Peve_00033887	1.352719444	18
Porites_evermani_scaffold_5068	15931	16866	gene-Peve_00033885	1.1544148	45
Porites_evermani_scaffold_5069	9400	10970	gene-Peve_00033893	.	0
Porites_evermani_scaffold_5069	12522	17589	gene-Peve_00033894	.	0
Porites_evermani_scaffold_507	384	1408	gene-Peve_00033895	0.3703703889	18
Porites_evermani_scaffold_507	38873	39545	gene-Peve_00033900	0	15
Porites_evermani_scaffold_507	39973	46089	gene-Peve_00033902	0.3270615545	101
Porites_evermani_scaffold_507	59505	61815	gene-Peve_00033904	0.2805823881	67
Porites_evermani_scaffold_507	63302	67724	gene-Peve_00033911	67.79196867	55
Porites_evermani_scaffold_507	71717	77972	gene-Peve_00033916	29.82846982	68
Porites_evermani_scaffold_507	78064	82333	gene-Peve_00033896	49.03784421	29
Porites_evermani_scaffold_507	83110	97568	gene-Peve_00033897	21.56325801	106
Porites_evermani_scaffold_507	97878	108594	gene-Peve_00033898	20.65509205	58
Porites_evermani_scaffold_507	113349	117526	gene-Peve_00033899	0.5822438478	46
Porites_evermani_scaffold_507	121097	122181	gene-Peve_00033901	.	0
Porites_evermani_scaffold_507	125214	129061	gene-Peve_00033903	.	0
Porites_evermani_scaffold_507	129947	130679	gene-Peve_00033905	0	21
Porites_evermani_scaffold_507	134477	135254	gene-Peve_00033906	0	8
Porites_evermani_scaffold_507	136811	152262	gene-Peve_00033907	58.62329387	82
Porites_evermani_scaffold_507	154492	157174	gene-Peve_00033908	.	0
Porites_evermani_scaffold_507	161011	161911	gene-Peve_00033909	0	19
Porites_evermani_scaffold_507	163979	170673	gene-Peve_00033910	0	12
Porites_evermani_scaffold_507	176282	176711	gene-Peve_00033912	.	0
Porites_evermani_scaffold_507	180920	188220	gene-Peve_00033913	0.5614973235	34
Porites_evermani_scaffold_507	190227	201651	gene-Peve_00033914	17.82051269	13
Porites_evermani_scaffold_507	209469	213202	gene-Peve_00033915	0.7142857143	14
Porites_evermani_scaffold_507	223383	224837	gene-Peve_00033917	44.65811967	6
Porites_evermani_scaffold_5071	2	8157	gene-Peve_00033918	89.57293525	12
Porites_evermani_scaffold_5071	16870	17673	gene-Peve_00033919	100	1
Porites_evermani_scaffold_5072	8760	17431	gene-Peve_00033920	0.5447060085	118
Porites_evermani_scaffold_5073	2919	7254	gene-Peve_00033922	14.9621212	20
Porites_evermani_scaffold_5073	13991	16002	gene-Peve_00033921	1.030219769	13
Porites_evermani_scaffold_5075	672	1239	gene-Peve_00033923	0.08920605263	19
Porites_evermani_scaffold_5075	7430	13018	gene-Peve_00033924	0	13
Porites_evermani_scaffold_5076	1554	14346	gene-Peve_00033925	.	0
Porites_evermani_scaffold_5077	12898	17371	gene-Peve_00033926	.	0
Porites_evermani_scaffold_5078	10580	14410	gene-Peve_00033927	0.6767707757	107
Porites_evermani_scaffold_5078	14946	15858	gene-Peve_00033928	0.5681818182	44
Porites_evermani_scaffold_508	7997	37037	gene-Peve_00033929	46.49415475	338
Porites_evermani_scaffold_508	38848	67896	gene-Peve_00033934	1.107254503	503
Porites_evermani_scaffold_508	81019	104077	gene-Peve_00033936	5.463309562	276
Porites_evermani_scaffold_508	104181	111701	gene-Peve_00033937	65.04707716	56
Porites_evermani_scaffold_508	113699	115767	gene-Peve_00033938	35.55162645	22
Porites_evermani_scaffold_508	118334	127531	gene-Peve_00033939	2.145247893	75
Porites_evermani_scaffold_508	133447	135983	gene-Peve_00033930	85.98617385	20
Porites_evermani_scaffold_508	155883	178481	gene-Peve_00033931	42.42240216	19
Porites_evermani_scaffold_508	181691	204568	gene-Peve_00033932	0.5452973352	355
Porites_evermani_scaffold_508	212631	239946	gene-Peve_00033935	12.0241067	161
Porites_evermani_scaffold_5080	1463	14516	gene-Peve_00033940	1.662329741	263
Porites_evermani_scaffold_5081	399	8834	gene-Peve_00033941	1.326346254	177
Porites_evermani_scaffold_5082	1578	1908	gene-Peve_00033942	.	0
Porites_evermani_scaffold_5082	6581	7340	gene-Peve_00033943	0	4
Porites_evermani_scaffold_5083	3400	5802	gene-Peve_00033944	0.2777777667	30
Porites_evermani_scaffold_5083	12494	13631	gene-Peve_00033945	0	4
Porites_evermani_scaffold_5083	14081	15877	gene-Peve_00033946	.	0
Porites_evermani_scaffold_5084	3587	13711	gene-Peve_00033947	0	42
Porites_evermani_scaffold_5085	8352	17456	gene-Peve_00033948	72.81676545	76
Porites_evermani_scaffold_5086	1	2896	gene-Peve_00033950	.	0
Porites_evermani_scaffold_5086	5049	13825	gene-Peve_00033951	1.522466163	252
Porites_evermani_scaffold_5088	5456	8342	gene-Peve_00033954	.	0
Porites_evermani_scaffold_5088	13677	17581	gene-Peve_00033955	.	0
Porites_evermani_scaffold_5089	6138	15561	gene-Peve_00033956	.	0
Porites_evermani_scaffold_509	23762	24245	gene-Peve_00033960	.	0
Porites_evermani_scaffold_509	27684	28146	gene-Peve_00033966	10	1
Porites_evermani_scaffold_509	33027	40843	gene-Peve_00033975	1.000394953	43
Porites_evermani_scaffold_509	54326	65170	gene-Peve_00033958	0.3723758081	271
Porites_evermani_scaffold_509	70983	87079	gene-Peve_00033959	14.9929097	153
Porites_evermani_scaffold_509	81531	82197	gene-Peve_00033962	.	0
Porites_evermani_scaffold_509	90789	91731	gene-Peve_00033963	5.29411765	20
Porites_evermani_scaffold_509	92160	102868	gene-Peve_00033964	63.40719529	93
Porites_evermani_scaffold_509	105295	109866	gene-Peve_00033965	55.26064734	68
Porites_evermani_scaffold_509	113100	115884	gene-Peve_00033967	0.065789475	80
Porites_evermani_scaffold_509	117564	127458	gene-Peve_00033968	21.76657217	175
Porites_evermani_scaffold_509	128325	129006	gene-Peve_00033969	0.64484125	24
Porites_evermani_scaffold_509	138624	175413	gene-Peve_00033970	62.02786112	408
Porites_evermani_scaffold_509	179100	209271	gene-Peve_00033971	5.408598814	636
Porites_evermani_scaffold_509	212172	214016	gene-Peve_00033972	0.1736111111	36
Porites_evermani_scaffold_509	223039	238107	gene-Peve_00033973	11.60420626	354
Porites_evermani_scaffold_509	239629	240615	gene-Peve_00033974	11.11111117	6
Porites_evermani_scaffold_5090	11279	12714	gene-Peve_00033978	.	0
Porites_evermani_scaffold_5091	4015	4371	gene-Peve_00033979	.	0
Porites_evermani_scaffold_5091	4649	7080	gene-Peve_00033980	0	2
Porites_evermani_scaffold_5092	3582	9519	gene-Peve_00033982	41.1282648	100
Porites_evermani_scaffold_5092	14744	15620	gene-Peve_00033983	.	0
Porites_evermani_scaffold_5093	1265	4119	gene-Peve_00033984	2.893639276	58
Porites_evermani_scaffold_5093	9975	16329	gene-Peve_00033985	0.1923077	40
Porites_evermani_scaffold_5094	3947	8986	gene-Peve_00033986	.	0
Porites_evermani_scaffold_5094	10864	16026	gene-Peve_00033987	73.52941175	8
Porites_evermani_scaffold_5095	12658	13243	gene-Peve_00033988	.	0
Porites_evermani_scaffold_5097	2	4834	gene-Peve_00033991	73.71215388	41
Porites_evermani_scaffold_5097	2148	2490	gene-Peve_00033993	48.75	4
Porites_evermani_scaffold_5097	5103	9849	gene-Peve_00033992	55.77927183	12
Porites_evermani_scaffold_5097	10813	17472	gene-Peve_00033990	2.38225825	52
Porites_evermani_scaffold_5098	1333	12391	gene-Peve_00033994	19.47475808	76
Porites_evermani_scaffold_5099	645	11940	gene-Peve_00033995	13.32344342	108
Porites_evermani_scaffold_51	2702	3119	gene-Peve_00033996	.	0
Porites_evermani_scaffold_51	3434	9059	gene-Peve_00033997	7.263291933	30
Porites_evermani_scaffold_51	14946	24453	gene-Peve_00034042	9.773606028	144
Porites_evermani_scaffold_51	29570	34355	gene-Peve_00034047	0.8228230325	154
Porites_evermani_scaffold_51	47490	51898	gene-Peve_00034014	0.6985398605	129
Porites_evermani_scaffold_51	55700	64934	gene-Peve_00034013	10.80556679	189
Porites_evermani_scaffold_51	69460	90864	gene-Peve_00034020	13.3912119	417
Porites_evermani_scaffold_51	92183	93368	gene-Peve_00034021	0.3839612857	56
Porites_evermani_scaffold_51	98486	106237	gene-Peve_00034022	11.92405792	153
Porites_evermani_scaffold_51	108352	112388	gene-Peve_00034023	0.09920634722	72
Porites_evermani_scaffold_51	112650	116393	gene-Peve_00034024	2.287570271	85
Porites_evermani_scaffold_51	121838	126002	gene-Peve_00034025	2.474236196	112
Porites_evermani_scaffold_51	127444	128973	gene-Peve_00034026	0	41
Porites_evermani_scaffold_51	131770	151965	gene-Peve_00034027	11.37643265	354
Porites_evermani_scaffold_51	153197	181098	gene-Peve_00034028	21.02089747	513
Porites_evermani_scaffold_51	190238	195193	gene-Peve_00034029	69.29982829	62
Porites_evermani_scaffold_51	197659	200411	gene-Peve_00034030	0	56
Porites_evermani_scaffold_51	224827	227484	gene-Peve_00034031	0	61
Porites_evermani_scaffold_51	239858	240958	gene-Peve_00034032	0	14
Porites_evermani_scaffold_51	248887	249193	gene-Peve_00034033	0	11
Porites_evermani_scaffold_51	250679	268523	gene-Peve_00034034	7.777436699	322
Porites_evermani_scaffold_51	269827	296666	gene-Peve_00034035	34.98384756	416
Porites_evermani_scaffold_51	286492	287061	gene-Peve_00034036	6.363636333	6
Porites_evermani_scaffold_51	297204	297855	gene-Peve_00034037	.	0
Porites_evermani_scaffold_51	302331	303923	gene-Peve_00034038	2.843073833	30
Porites_evermani_scaffold_51	305194	306335	gene-Peve_00034039	1.138519615	39
Porites_evermani_scaffold_51	318809	319950	gene-Peve_00034040	0.1651046591	44
Porites_evermani_scaffold_51	323205	324898	gene-Peve_00034041	1.124989068	44
Porites_evermani_scaffold_51	326523	327312	gene-Peve_00034043	0.308641963	27
Porites_evermani_scaffold_51	331864	335553	gene-Peve_00034044	0.6143691584	101
Porites_evermani_scaffold_51	342088	343000	gene-Peve_00034045	1.428571429	21
Porites_evermani_scaffold_51	346086	347251	gene-Peve_00034046	5.293560562	16
Porites_evermani_scaffold_51	349719	350673	gene-Peve_00034048	0	23
Porites_evermani_scaffold_51	354685	355564	gene-Peve_00034049	0	27
Porites_evermani_scaffold_51	357847	362080	gene-Peve_00034050	1.148749213	89
Porites_evermani_scaffold_51	366981	367855	gene-Peve_00034051	0	28
Porites_evermani_scaffold_51	368022	377166	gene-Peve_00034052	20.69139007	191
Porites_evermani_scaffold_51	379117	394470	gene-Peve_00033998	13.87171145	361
Porites_evermani_scaffold_51	412813	424879	gene-Peve_00033999	0.2723592812	345
Porites_evermani_scaffold_51	435271	445266	gene-Peve_00034000	0.255076692	276
Porites_evermani_scaffold_51	451112	460805	gene-Peve_00034001	0.1163792086	302
Porites_evermani_scaffold_51	478068	487941	gene-Peve_00034002	0.4391263333	276
Porites_evermani_scaffold_51	493228	500394	gene-Peve_00034003	0.9744024225	187
Porites_evermani_scaffold_51	503641	507546	gene-Peve_00034004	0.8213695978	92
Porites_evermani_scaffold_51	511042	511969	gene-Peve_00034005	0.5341880333	30
Porites_evermani_scaffold_51	521236	524419	gene-Peve_00034006	0	4
Porites_evermani_scaffold_51	529984	552168	gene-Peve_00034007	0.4350677662	325
Porites_evermani_scaffold_51	557256	561340	gene-Peve_00034008	0.4545454364	55
Porites_evermani_scaffold_51	569009	570904	gene-Peve_00034009	0.9919247273	44
Porites_evermani_scaffold_51	575356	599924	gene-Peve_00034010	33.03222424	267
Porites_evermani_scaffold_51	601319	650619	gene-Peve_00034012	11.82270723	827
Porites_evermani_scaffold_51	652247	676202	gene-Peve_00034015	0.9685290373	429
Porites_evermani_scaffold_51	669246	669637	gene-Peve_00034016	0	1
Porites_evermani_scaffold_51	678151	682964	gene-Peve_00034017	0.4269708621	87
Porites_evermani_scaffold_51	685804	686698	gene-Peve_00034018	1.893939389	18
Porites_evermani_scaffold_51	693844	704038	gene-Peve_00034019	21.50297121	160
Porites_evermani_scaffold_510	4705	15592	gene-Peve_00034053	0.3644111526	249
Porites_evermani_scaffold_510	20237	20723	gene-Peve_00034072	0	20
Porites_evermani_scaffold_510	28304	37932	gene-Peve_00034054	0.319785843	242
Porites_evermani_scaffold_510	49132	55848	gene-Peve_00034055	0.8304897706	170
Porites_evermani_scaffold_510	59892	61816	gene-Peve_00034056	0.4801920714	42
Porites_evermani_scaffold_510	71901	73856	gene-Peve_00034057	0	51
Porites_evermani_scaffold_510	81639	91546	gene-Peve_00034058	1.126831368	253
Porites_evermani_scaffold_510	82277	87657	gene-Peve_00034059	1.499008237	139
Porites_evermani_scaffold_510	143179	150503	gene-Peve_00034060	29.3661618	66
Porites_evermani_scaffold_510	151863	157598	gene-Peve_00034061	37.11846708	37
Porites_evermani_scaffold_510	158665	166188	gene-Peve_00034062	15.38594361	64
Porites_evermani_scaffold_510	165921	170304	gene-Peve_00034063	0.7576965179	112
Porites_evermani_scaffold_510	170745	183739	gene-Peve_00034064	12.62543226	246
Porites_evermani_scaffold_510	184409	187527	gene-Peve_00034065	0.09615384615	104
Porites_evermani_scaffold_510	196411	197161	gene-Peve_00034066	0.591716	13
Porites_evermani_scaffold_510	203285	207300	gene-Peve_00034067	0.4552738846	52
Porites_evermani_scaffold_510	212293	216058	gene-Peve_00034068	0.723905713	108
Porites_evermani_scaffold_510	219315	219735	gene-Peve_00034069	0	19
Porites_evermani_scaffold_510	228314	229082	gene-Peve_00034070	1.692307733	15
Porites_evermani_scaffold_510	230973	231354	gene-Peve_00034071	0.48076925	16
Porites_evermani_scaffold_5100	468	1082	gene-Peve_00034073	35.90623582	11
Porites_evermani_scaffold_5100	8840	9395	gene-Peve_00034075	44.08258407	14
Porites_evermani_scaffold_5100	10408	10743	gene-Peve_00034074	48.3112926	10
Porites_evermani_scaffold_5100	16706	17406	gene-Peve_00034076	47.63326585	13
Porites_evermani_scaffold_5101	4920	13976	gene-Peve_00034077	5.888753467	45
Porites_evermani_scaffold_5102	962	6546	gene-Peve_00034078	0.279823268	97
Porites_evermani_scaffold_5102	10005	10440	gene-Peve_00034080	.	0
Porites_evermani_scaffold_5102	10626	11447	gene-Peve_00034079	.	0
Porites_evermani_scaffold_5103	14521	15493	gene-Peve_00034081	0.4917184348	23
Porites_evermani_scaffold_5104	7992	8577	gene-Peve_00034083	.	0
Porites_evermani_scaffold_5104	12196	12571	gene-Peve_00034084	72.48190431	13
Porites_evermani_scaffold_5105	2144	5470	gene-Peve_00034085	0.4251159333	45
Porites_evermani_scaffold_5105	6619	8287	gene-Peve_00034086	0	2
Porites_evermani_scaffold_5106	8880	10164	gene-Peve_00034087	.	0
Porites_evermani_scaffold_5106	16057	17381	gene-Peve_00034088	0.4383116857	35
Porites_evermani_scaffold_5107	6195	16935	gene-Peve_00034089	1.173014505	192
Porites_evermani_scaffold_5108	954	13688	gene-Peve_00034091	0.7476290226	221
Porites_evermani_scaffold_5109	2016	2764	gene-Peve_00034092	0	29
Porites_evermani_scaffold_511	3878	8162	gene-Peve_00034095	0	60
Porites_evermani_scaffold_511	24003	24879	gene-Peve_00034100	89.05172214	28
Porites_evermani_scaffold_511	43670	57776	gene-Peve_00034109	21.54374245	328
Porites_evermani_scaffold_511	64963	72973	gene-Peve_00034110	18.39503054	149
Porites_evermani_scaffold_511	75080	81796	gene-Peve_00034096	66.48194165	66
Porites_evermani_scaffold_511	81881	104007	gene-Peve_00034097	13.40775617	330
Porites_evermani_scaffold_511	105438	127068	gene-Peve_00034098	32.95159955	521
Porites_evermani_scaffold_511	135849	157379	gene-Peve_00034099	0.7353661591	591
Porites_evermani_scaffold_511	142768	144700	gene-Peve_00034102	0.2853445082	61
Porites_evermani_scaffold_511	158791	178303	gene-Peve_00034104	24.19759701	441
Porites_evermani_scaffold_511	178512	185597	gene-Peve_00034105	30.63038902	179
Porites_evermani_scaffold_511	211680	216634	gene-Peve_00034106	0	89
Porites_evermani_scaffold_511	225559	235726	gene-Peve_00034107	27.70455023	101
Porites_evermani_scaffold_511	238935	240237	gene-Peve_00034108	0	18
Porites_evermani_scaffold_5110	10278	12192	gene-Peve_00034111	0	3
Porites_evermani_scaffold_5112	2448	6040	gene-Peve_00034113	40.17004727	22
Porites_evermani_scaffold_5112	12973	13714	gene-Peve_00034114	42.26880946	13
Porites_evermani_scaffold_5114	2983	17185	gene-Peve_00034116	0.7113221583	259
Porites_evermani_scaffold_5115	653	14497	gene-Peve_00034117	0.92051282	50
Porites_evermani_scaffold_5116	2174	3354	gene-Peve_00034118	.	0
Porites_evermani_scaffold_5116	4347	5896	gene-Peve_00034119	0	5
Porites_evermani_scaffold_5117	862	2089	gene-Peve_00034121	.	0
Porites_evermani_scaffold_5117	2785	5953	gene-Peve_00034120	8.492363405	37
Porites_evermani_scaffold_5118	2	845	gene-Peve_00034122	0	23
Porites_evermani_scaffold_5118	6410	13397	gene-Peve_00034123	0.8698139398	83
Porites_evermani_scaffold_5119	3989	7303	gene-Peve_00034124	0.1748041013	79
Porites_evermani_scaffold_5119	11156	15690	gene-Peve_00034125	1.830945991	115
Porites_evermani_scaffold_512	1291	13132	gene-Peve_00034126	0	30
Porites_evermani_scaffold_512	15728	31045	gene-Peve_00034132	0.7568909342	380
Porites_evermani_scaffold_512	39555	40497	gene-Peve_00034127	0.7742832069	29
Porites_evermani_scaffold_512	49153	50095	gene-Peve_00034128	0	6
Porites_evermani_scaffold_512	56441	57383	gene-Peve_00034129	0.3205128333	24
Porites_evermani_scaffold_512	72670	83727	gene-Peve_00034130	2.067246459	133
Porites_evermani_scaffold_512	135112	137473	gene-Peve_00034133	0.1960784314	51
Porites_evermani_scaffold_512	147350	168163	gene-Peve_00034134	45.19435943	176
Porites_evermani_scaffold_512	172380	196051	gene-Peve_00034135	20.16803073	299
Porites_evermani_scaffold_512	202180	211476	gene-Peve_00034136	1.580152833	215
Porites_evermani_scaffold_512	202751	203835	gene-Peve_00034137	2.040816286	7
Porites_evermani_scaffold_512	214182	225682	gene-Peve_00034139	4.392270505	200
Porites_evermani_scaffold_512	226962	238655	gene-Peve_00034140	0.528750026	154
Porites_evermani_scaffold_5120	497	6854	gene-Peve_00034141	0.2049180328	61
Porites_evermani_scaffold_5120	10209	15374	gene-Peve_00034142	0.8747206705	173
Porites_evermani_scaffold_5122	7344	15665	gene-Peve_00034143	18.35164831	13
Porites_evermani_scaffold_5123	14885	15407	gene-Peve_00034144	.	0
Porites_evermani_scaffold_5124	237	1062	gene-Peve_00034145	0.4067460417	24
Porites_evermani_scaffold_5125	2315	7269	gene-Peve_00034146	0.5069602426	136
Porites_evermani_scaffold_5125	12412	12793	gene-Peve_00034148	.	0
Porites_evermani_scaffold_5126	1268	11401	gene-Peve_00034150	0.678458323	226
Porites_evermani_scaffold_5126	11708	16968	gene-Peve_00034149	0.3594771176	51
Porites_evermani_scaffold_5127	3501	5897	gene-Peve_00034151	54.41825855	11
Porites_evermani_scaffold_5127	6761	7995	gene-Peve_00034153	68.44194086	22
Porites_evermani_scaffold_5127	9165	10381	gene-Peve_00034154	50.80952575	28
Porites_evermani_scaffold_5127	14491	15568	gene-Peve_00034152	81.20969871	31
Porites_evermani_scaffold_5128	9827	16143	gene-Peve_00034155	0.5	20
Porites_evermani_scaffold_513	8960	9633	gene-Peve_00034156	.	0
Porites_evermani_scaffold_513	75028	76343	gene-Peve_00034158	.	0
Porites_evermani_scaffold_513	86641	87274	gene-Peve_00034159	.	0
Porites_evermani_scaffold_513	154306	155273	gene-Peve_00034162	.	0
Porites_evermani_scaffold_513	174053	204171	gene-Peve_00034160	4.670551976	41
Porites_evermani_scaffold_513	190417	190652	gene-Peve_00034166	.	0
Porites_evermani_scaffold_513	227908	242785	gene-Peve_00034167	12.28106904	275
Porites_evermani_scaffold_5130	9574	9889	gene-Peve_00034169	0	9
Porites_evermani_scaffold_5131	1119	1605	gene-Peve_00034170	.	0
Porites_evermani_scaffold_5131	8055	8571	gene-Peve_00034173	10	1
Porites_evermani_scaffold_5131	11990	12389	gene-Peve_00034171	.	0
Porites_evermani_scaffold_5131	12533	13443	gene-Peve_00034174	.	0
Porites_evermani_scaffold_5132	1121	9771	gene-Peve_00034175	21.21428743	65
Porites_evermani_scaffold_5133	277	5342	gene-Peve_00034176	33.030303	3
Porites_evermani_scaffold_5133	6603	9485	gene-Peve_00034177	0	2
Porites_evermani_scaffold_5134	0	14553	gene-Peve_00034178	1.506804246	187
Porites_evermani_scaffold_5135	2187	3312	gene-Peve_00034179	.	0
Porites_evermani_scaffold_5135	6548	10728	gene-Peve_00034181	.	0
Porites_evermani_scaffold_5135	14596	16951	gene-Peve_00034180	.	0
Porites_evermani_scaffold_5136	673	15150	gene-Peve_00034182	12.3376622	10
Porites_evermani_scaffold_5136	10430	11005	gene-Peve_00034183	.	0
Porites_evermani_scaffold_5137	5005	15592	gene-Peve_00034184	89.86111117	12
Porites_evermani_scaffold_5139	10960	15283	gene-Peve_00034185	0.4243192604	96
Porites_evermani_scaffold_514	7031	9124	gene-Peve_00034186	0	12
Porites_evermani_scaffold_514	40753	98681	gene-Peve_00034192	15.84536135	635
Porites_evermani_scaffold_514	110691	131015	gene-Peve_00034187	14.55422734	485
Porites_evermani_scaffold_514	135095	140247	gene-Peve_00034188	30.60544237	56
Porites_evermani_scaffold_514	140920	142761	gene-Peve_00034189	.	0
Porites_evermani_scaffold_514	149322	157977	gene-Peve_00034190	0.5167737179	195
Porites_evermani_scaffold_514	161796	175920	gene-Peve_00034191	0.4122133089	395
Porites_evermani_scaffold_514	184374	186950	gene-Peve_00034193	1.004614316	57
Porites_evermani_scaffold_514	188696	200336	gene-Peve_00034194	0.4421536085	258
Porites_evermani_scaffold_514	208455	225265	gene-Peve_00034195	0.3394335445	472
Porites_evermani_scaffold_5140	9142	10024	gene-Peve_00034198	.	0
Porites_evermani_scaffold_5141	6228	11456	gene-Peve_00034199	0.5628664476	105
Porites_evermani_scaffold_5142	188	15378	gene-Peve_00034200	69.9674688	15
Porites_evermani_scaffold_5143	5297	8890	gene-Peve_00034201	.	0
Porites_evermani_scaffold_5146	2457	4214	gene-Peve_00034203	0.1551549655	29
Porites_evermani_scaffold_5146	5536	6715	gene-Peve_00034202	0	13
Porites_evermani_scaffold_5146	7249	9011	gene-Peve_00034204	0	6
Porites_evermani_scaffold_5146	9877	14712	gene-Peve_00034205	1.21794875	20
Porites_evermani_scaffold_5147	10162	14766	gene-Peve_00034206	0	5
Porites_evermani_scaffold_5148	3126	9473	gene-Peve_00034207	76.30107038	65
Porites_evermani_scaffold_5148	12419	15929	gene-Peve_00034208	59.79516403	38
Porites_evermani_scaffold_5148	16470	16896	gene-Peve_00034209	0.6944444167	12
Porites_evermani_scaffold_5149	13367	16357	gene-Peve_00034210	100	1
Porites_evermani_scaffold_515	8520	8889	gene-Peve_00034211	0	7
Porites_evermani_scaffold_515	24111	37321	gene-Peve_00034214	0.7748962669	281
Porites_evermani_scaffold_515	42533	42881	gene-Peve_00034220	0.6060606364	11
Porites_evermani_scaffold_515	59449	70286	gene-Peve_00034212	0.5681540698	215
Porites_evermani_scaffold_515	79335	82778	gene-Peve_00034213	59.01324265	48
Porites_evermani_scaffold_515	84370	93954	gene-Peve_00034215	56.49394696	25
Porites_evermani_scaffold_515	99954	117828	gene-Peve_00034216	0.49204545	300
Porites_evermani_scaffold_515	119120	127202	gene-Peve_00034217	1.73584227	189
Porites_evermani_scaffold_515	129551	132987	gene-Peve_00034218	1.897019624	85
Porites_evermani_scaffold_515	142298	144180	gene-Peve_00034219	0	27
Porites_evermani_scaffold_515	144908	149849	gene-Peve_00034221	0.3134388966	174
Porites_evermani_scaffold_515	163316	164811	gene-Peve_00034222	22.89089994	17
Porites_evermani_scaffold_515	167305	179047	gene-Peve_00034223	76.0156881	49
Porites_evermani_scaffold_515	179902	184735	gene-Peve_00034224	62.84964325	65
Porites_evermani_scaffold_515	189964	194479	gene-Peve_00034225	0.3187760517	116
Porites_evermani_scaffold_515	203037	203907	gene-Peve_00034226	0.395256913	23
Porites_evermani_scaffold_515	204845	209643	gene-Peve_00034227	0.8095075802	81
Porites_evermani_scaffold_515	210855	216233	gene-Peve_00034228	2.066605488	123
Porites_evermani_scaffold_515	220151	220616	gene-Peve_00034229	0.7745726667	18
Porites_evermani_scaffold_515	227040	234513	gene-Peve_00034230	0.5360681692	201
Porites_evermani_scaffold_5150	2	1211	gene-Peve_00034231	0	11
Porites_evermani_scaffold_5151	10473	16350	gene-Peve_00034232	0.21328672	100
Porites_evermani_scaffold_5152	8298	9510	gene-Peve_00034233	1.666666667	6
Porites_evermani_scaffold_5154	646	2386	gene-Peve_00034234	.	0
Porites_evermani_scaffold_5154	9546	14366	gene-Peve_00034235	0.395256913	23
Porites_evermani_scaffold_5155	7808	16310	gene-Peve_00034236	0.7743428191	94
Porites_evermani_scaffold_5157	5704	9528	gene-Peve_00034237	1.692405035	57
Porites_evermani_scaffold_5158	721	12046	gene-Peve_00034238	0.3632478667	90
Porites_evermani_scaffold_5159	1500	4775	gene-Peve_00034239	0.1435185222	90
Porites_evermani_scaffold_516	9279	47779	gene-Peve_00034240	0.7886912749	684
Porites_evermani_scaffold_516	51188	92314	gene-Peve_00034246	13.40183345	253
Porites_evermani_scaffold_516	95031	103920	gene-Peve_00034241	0.06410256667	60
Porites_evermani_scaffold_516	109659	110607	gene-Peve_00034242	.	0
Porites_evermani_scaffold_516	129779	151099	gene-Peve_00034243	1.024266864	396
Porites_evermani_scaffold_516	158220	172903	gene-Peve_00034244	92.51546008	141
Porites_evermani_scaffold_516	179532	185730	gene-Peve_00034245	0.907136435	200
Porites_evermani_scaffold_516	195223	198088	gene-Peve_00034247	0.178571425	80
Porites_evermani_scaffold_516	210402	217871	gene-Peve_00034248	3.292969652	253
Porites_evermani_scaffold_516	229423	231282	gene-Peve_00034249	.	0
Porites_evermani_scaffold_516	240851	241199	gene-Peve_00034250	0	7
Porites_evermani_scaffold_5161	64	4374	gene-Peve_00034252	.	0
Porites_evermani_scaffold_5161	8464	10759	gene-Peve_00034253	0	11
Porites_evermani_scaffold_5162	1567	2818	gene-Peve_00034254	.	0
Porites_evermani_scaffold_5162	5334	7576	gene-Peve_00034255	.	0
Porites_evermani_scaffold_5162	7762	10377	gene-Peve_00034256	47.78848756	16
Porites_evermani_scaffold_5164	5266	13615	gene-Peve_00034258	0.3030303091	55
Porites_evermani_scaffold_5166	369	15827	gene-Peve_00034260	89.52903487	87
Porites_evermani_scaffold_5167	1230	4118	gene-Peve_00034261	.	0
Porites_evermani_scaffold_5167	14667	15063	gene-Peve_00034262	.	0
Porites_evermani_scaffold_5168	6562	12109	gene-Peve_00034263	1.004784684	19
Porites_evermani_scaffold_5168	13610	14387	gene-Peve_00034264	.	0
Porites_evermani_scaffold_5169	3827	16673	gene-Peve_00034265	1.12483574	269
Porites_evermani_scaffold_517	1117	17537	gene-Peve_00034266	0.5113730395	152
Porites_evermani_scaffold_517	24228	31684	gene-Peve_00034282	0.7575757273	11
Porites_evermani_scaffold_517	32062	36097	gene-Peve_00034284	0	1
Porites_evermani_scaffold_517	43047	43371	gene-Peve_00034285	0	11
Porites_evermani_scaffold_517	45116	46224	gene-Peve_00034267	2.590324516	31
Porites_evermani_scaffold_517	59011	75565	gene-Peve_00034268	1.179494742	530
Porites_evermani_scaffold_517	84147	98837	gene-Peve_00034283	0.5410432597	462
Porites_evermani_scaffold_517	112145	117541	gene-Peve_00034269	0.5382013875	160
Porites_evermani_scaffold_517	118367	119366	gene-Peve_00034270	2.097853063	48
Porites_evermani_scaffold_517	120000	134976	gene-Peve_00034271	31.92739476	358
Porites_evermani_scaffold_517	140650	147253	gene-Peve_00034272	62.95748479	133
Porites_evermani_scaffold_517	149629	169781	gene-Peve_00034273	31.48400383	328
Porites_evermani_scaffold_517	174330	180624	gene-Peve_00034275	0.9303448188	149
Porites_evermani_scaffold_517	184919	196366	gene-Peve_00034276	48.66916759	201
Porites_evermani_scaffold_517	193409	193816	gene-Peve_00034277	0	5
Porites_evermani_scaffold_517	205828	206670	gene-Peve_00034278	.	0
Porites_evermani_scaffold_517	212896	216321	gene-Peve_00034279	90	2
Porites_evermani_scaffold_517	219801	220449	gene-Peve_00034280	.	0
Porites_evermani_scaffold_517	231690	234877	gene-Peve_00034281	0.4901960833	12
Porites_evermani_scaffold_5170	4341	8304	gene-Peve_00034286	.	0
Porites_evermani_scaffold_5171	249	16115	gene-Peve_00034287	0.6950632138	290
Porites_evermani_scaffold_5172	188	866	gene-Peve_00034289	.	0
Porites_evermani_scaffold_5172	1080	6867	gene-Peve_00034288	.	0
Porites_evermani_scaffold_5172	12387	13686	gene-Peve_00034290	0.3289473684	19
Porites_evermani_scaffold_5173	13413	14166	gene-Peve_00034291	0.5871212083	24
Porites_evermani_scaffold_5173	15374	16127	gene-Peve_00034292	.	0
Porites_evermani_scaffold_5174	8716	12708	gene-Peve_00034293	0	7
Porites_evermani_scaffold_5175	1774	4087	gene-Peve_00034294	11.83501683	18
Porites_evermani_scaffold_5175	4385	13329	gene-Peve_00034295	71.85797341	27
Porites_evermani_scaffold_5176	4	6816	gene-Peve_00034296	0.4487003864	176
Porites_evermani_scaffold_5177	2056	14625	gene-Peve_00034297	.	0
Porites_evermani_scaffold_5178	1653	5064	gene-Peve_00034298	.	0
Porites_evermani_scaffold_5178	3870	12687	gene-Peve_00034299	9.235589	8
Porites_evermani_scaffold_5179	848	10179	gene-Peve_00034300	47.36244749	125
Porites_evermani_scaffold_518	4637	5093	gene-Peve_00034301	0.3289473684	19
Porites_evermani_scaffold_518	11204	37429	gene-Peve_00034306	0.5590024748	476
Porites_evermani_scaffold_518	27953	30154	gene-Peve_00034313	0	44
Porites_evermani_scaffold_518	43804	44140	gene-Peve_00034315	1.923077	4
Porites_evermani_scaffold_518	52694	54171	gene-Peve_00034302	0.2380952333	30
Porites_evermani_scaffold_518	59357	61810	gene-Peve_00034303	0.4280287667	60
Porites_evermani_scaffold_518	78075	80846	gene-Peve_00034304	.	0
Porites_evermani_scaffold_518	92471	93728	gene-Peve_00034305	.	0
Porites_evermani_scaffold_518	97568	97925	gene-Peve_00034307	0	1
Porites_evermani_scaffold_518	109574	122877	gene-Peve_00034308	0.5548409607	178
Porites_evermani_scaffold_518	135045	142525	gene-Peve_00034309	6.280756333	9
Porites_evermani_scaffold_518	172978	196023	gene-Peve_00034310	58.76849252	23
Porites_evermani_scaffold_518	228108	232171	gene-Peve_00034312	49.14639889	28
Porites_evermani_scaffold_518	232965	234179	gene-Peve_00034314	42.30231308	13
Porites_evermani_scaffold_5180	1917	2877	gene-Peve_00034316	0.6429022903	31
Porites_evermani_scaffold_5181	2687	8249	gene-Peve_00034317	0	8
Porites_evermani_scaffold_5181	11846	16578	gene-Peve_00034318	.	0
Porites_evermani_scaffold_5182	291	15909	gene-Peve_00034319	32.0700154	86
Porites_evermani_scaffold_5184	3611	4217	gene-Peve_00034320	.	0
Porites_evermani_scaffold_5184	6658	13917	gene-Peve_00034321	48.25719806	106
Porites_evermani_scaffold_5186	1509	11225	gene-Peve_00034322	.	0
Porites_evermani_scaffold_5187	315	16297	gene-Peve_00034323	0.9162672176	262
Porites_evermani_scaffold_5189	5957	6368	gene-Peve_00034324	.	0
Porites_evermani_scaffold_5189	8370	12339	gene-Peve_00034325	3.63636365	20
Porites_evermani_scaffold_5189	15111	16453	gene-Peve_00034326	.	0
Porites_evermani_scaffold_519	14656	37215	gene-Peve_00034333	13.55774133	247
Porites_evermani_scaffold_519	42726	44189	gene-Peve_00034340	0.3739316154	39
Porites_evermani_scaffold_519	55105	57198	gene-Peve_00034341	0.124533	73
Porites_evermani_scaffold_519	58199	63291	gene-Peve_00034328	0.7275932994	157
Porites_evermani_scaffold_519	66585	80822	gene-Peve_00034329	0.3654150233	344
Porites_evermani_scaffold_519	94569	124306	gene-Peve_00034331	0.8158502089	785
Porites_evermani_scaffold_519	147187	152604	gene-Peve_00034334	0.33991725	128
Porites_evermani_scaffold_519	155006	179441	gene-Peve_00034335	4.6800694	190
Porites_evermani_scaffold_519	180180	180936	gene-Peve_00034336	0	2
Porites_evermani_scaffold_519	183003	185541	gene-Peve_00034337	.	0
Porites_evermani_scaffold_519	186560	217860	gene-Peve_00034338	36.7975779	372
Porites_evermani_scaffold_519	238288	238810	gene-Peve_00034339	.	0
Porites_evermani_scaffold_5191	1320	6276	gene-Peve_00034342	.	0
Porites_evermani_scaffold_5191	2582	4394	gene-Peve_00034343	.	0
Porites_evermani_scaffold_5192	1713	14518	gene-Peve_00034344	48.61404532	97
Porites_evermani_scaffold_5193	3108	3408	gene-Peve_00034345	.	0
Porites_evermani_scaffold_5193	11343	12868	gene-Peve_00034346	.	0
Porites_evermani_scaffold_5193	13555	15134	gene-Peve_00034347	.	0
Porites_evermani_scaffold_5194	5366	16359	gene-Peve_00034348	66.15600452	27
Porites_evermani_scaffold_5195	952	5352	gene-Peve_00034349	0	2
Porites_evermani_scaffold_5195	6537	11746	gene-Peve_00034350	18.1818182	5
Porites_evermani_scaffold_5195	12002	16402	gene-Peve_00034351	85.952381	2
Porites_evermani_scaffold_5196	2178	2934	gene-Peve_00034352	0	6
Porites_evermani_scaffold_5196	9311	14310	gene-Peve_00034353	0.5541204118	136
Porites_evermani_scaffold_5198	367	2272	gene-Peve_00034354	0	50
Porites_evermani_scaffold_5198	11239	13270	gene-Peve_00034355	10	1
Porites_evermani_scaffold_5199	10566	12693	gene-Peve_00034356	.	0
Porites_evermani_scaffold_5199	11303	11580	gene-Peve_00034357	.	0
Porites_evermani_scaffold_5199	13689	14793	gene-Peve_00034358	0	3
Porites_evermani_scaffold_52	1605	2333	gene-Peve_00034387	0.48076925	16
Porites_evermani_scaffold_52	6287	7937	gene-Peve_00034400	12.62865053	40
Porites_evermani_scaffold_52	8450	11148	gene-Peve_00034399	26.85236249	37
Porites_evermani_scaffold_52	62713	64342	gene-Peve_00034378	.	0
Porites_evermani_scaffold_52	66396	67464	gene-Peve_00034379	.	0
Porites_evermani_scaffold_52	71264	73355	gene-Peve_00034386	0.1251564468	47
Porites_evermani_scaffold_52	94637	95663	gene-Peve_00034388	0	19
Porites_evermani_scaffold_52	119482	121081	gene-Peve_00034389	0	10
Porites_evermani_scaffold_52	125159	125450	gene-Peve_00034390	0	1
Porites_evermani_scaffold_52	129113	129914	gene-Peve_00034391	0	3
Porites_evermani_scaffold_52	134092	135193	gene-Peve_00034392	0	1
Porites_evermani_scaffold_52	147123	149214	gene-Peve_00034393	0	45
Porites_evermani_scaffold_52	182831	184019	gene-Peve_00034394	.	0
Porites_evermani_scaffold_52	235697	237559	gene-Peve_00034397	0	69
Porites_evermani_scaffold_52	241246	242896	gene-Peve_00034398	0.136798907	43
Porites_evermani_scaffold_52	253636	268880	gene-Peve_00034401	21.92322478	356
Porites_evermani_scaffold_52	273434	275105	gene-Peve_00034402	0	94
Porites_evermani_scaffold_52	280985	304033	gene-Peve_00034403	28.39611744	187
Porites_evermani_scaffold_52	293373	298137	gene-Peve_00034404	.	0
Porites_evermani_scaffold_52	312044	314231	gene-Peve_00034359	0	40
Porites_evermani_scaffold_52	340127	340664	gene-Peve_00034360	0.57041	22
Porites_evermani_scaffold_52	364036	369832	gene-Peve_00034361	0.417637925	120
Porites_evermani_scaffold_52	372209	395163	gene-Peve_00034362	3.757440554	612
Porites_evermani_scaffold_52	399340	404875	gene-Peve_00034363	1.279232332	205
Porites_evermani_scaffold_52	417824	418757	gene-Peve_00034364	0.09717505263	38
Porites_evermani_scaffold_52	439734	440505	gene-Peve_00034365	0	16
Porites_evermani_scaffold_52	455474	456110	gene-Peve_00034366	0.4273504615	13
Porites_evermani_scaffold_52	462224	475452	gene-Peve_00034367	0.9705077166	247
Porites_evermani_scaffold_52	477152	489829	gene-Peve_00034369	24.4764522	200
Porites_evermani_scaffold_52	490002	494895	gene-Peve_00034370	76.75902734	41
Porites_evermani_scaffold_52	509938	521910	gene-Peve_00034371	5.781260502	263
Porites_evermani_scaffold_52	527690	536302	gene-Peve_00034372	65.16064751	147
Porites_evermani_scaffold_52	538646	542401	gene-Peve_00034373	35.06953311	47
Porites_evermani_scaffold_52	550367	553099	gene-Peve_00034374	0	14
Porites_evermani_scaffold_52	568887	609737	gene-Peve_00034375	4.915560508	1078
Porites_evermani_scaffold_52	577620	591962	gene-Peve_00034376	0.4583854065	428
Porites_evermani_scaffold_52	581877	582971	gene-Peve_00034377	0.3846153846	39
Porites_evermani_scaffold_52	612456	636104	gene-Peve_00034380	46.42523896	252
Porites_evermani_scaffold_52	641788	642981	gene-Peve_00034381	0.3896103864	44
Porites_evermani_scaffold_52	643670	654376	gene-Peve_00034382	25.37734504	135
Porites_evermani_scaffold_52	656565	661097	gene-Peve_00034383	68.94545843	56
Porites_evermani_scaffold_52	666715	673506	gene-Peve_00034384	63.05807407	30
Porites_evermani_scaffold_52	677937	698243	gene-Peve_00034385	18.88662304	424
Porites_evermani_scaffold_520	2319	12252	gene-Peve_00034405	12.54889243	40
Porites_evermani_scaffold_520	23092	73476	gene-Peve_00034410	27.61996209	238
Porites_evermani_scaffold_520	79241	102178	gene-Peve_00034413	5.40001998	351
Porites_evermani_scaffold_520	104290	190485	gene-Peve_00034406	1.330535724	1621
Porites_evermani_scaffold_520	173378	175184	gene-Peve_00034408	0.30769232	50
Porites_evermani_scaffold_520	203466	212338	gene-Peve_00034409	30.41401656	80
Porites_evermani_scaffold_520	214562	223577	gene-Peve_00034411	41.66666671	7
Porites_evermani_scaffold_520	234930	240456	gene-Peve_00034412	.	0
Porites_evermani_scaffold_5200	4389	15390	gene-Peve_00034414	2.178965186	102
Porites_evermani_scaffold_5201	7559	8558	gene-Peve_00034415	0.154321	27
Porites_evermani_scaffold_5203	440	11214	gene-Peve_00034416	0.5731314138	261
Porites_evermani_scaffold_5204	3598	16309	gene-Peve_00034417	1.088008647	434
Porites_evermani_scaffold_5205	689	2962	gene-Peve_00034418	0.2987974337	83
Porites_evermani_scaffold_5205	5765	7717	gene-Peve_00034419	0.5027804756	82
Porites_evermani_scaffold_5206	2220	13587	gene-Peve_00034420	2.547672882	34
Porites_evermani_scaffold_5207	3451	6131	gene-Peve_00034421	1.178575729	59
Porites_evermani_scaffold_5207	9658	16195	gene-Peve_00034422	2.07359726	96
Porites_evermani_scaffold_5208	2126	13633	gene-Peve_00034423	0.4391254167	168
Porites_evermani_scaffold_5209	5038	7159	gene-Peve_00034424	0	2
Porites_evermani_scaffold_5209	12192	14107	gene-Peve_00034425	0	8
Porites_evermani_scaffold_521	687	18106	gene-Peve_00034426	2.756066192	146
Porites_evermani_scaffold_521	66304	68008	gene-Peve_00034427	0.5749876364	33
Porites_evermani_scaffold_521	81595	86904	gene-Peve_00034429	0	1
Porites_evermani_scaffold_521	102916	127902	gene-Peve_00034431	4.320426353	184
Porites_evermani_scaffold_521	146337	164518	gene-Peve_00034433	6.408167557	298
Porites_evermani_scaffold_521	196780	198439	gene-Peve_00034434	.	0
Porites_evermani_scaffold_521	228162	229833	gene-Peve_00034435	0	8
Porites_evermani_scaffold_521	237580	238257	gene-Peve_00034436	0.6666667	10
Porites_evermani_scaffold_5211	113	11216	gene-Peve_00034437	0	75
Porites_evermani_scaffold_5212	7405	16113	gene-Peve_00034438	0.07017544211	95
Porites_evermani_scaffold_5213	2562	4345	gene-Peve_00034439	.	0
Porites_evermani_scaffold_5213	4445	12157	gene-Peve_00034440	66.67114881	26
Porites_evermani_scaffold_5214	6929	8683	gene-Peve_00034441	.	0
Porites_evermani_scaffold_5214	11873	15863	gene-Peve_00034442	1.25	8
Porites_evermani_scaffold_5215	2846	13354	gene-Peve_00034443	1.058802298	84
Porites_evermani_scaffold_5216	3649	6619	gene-Peve_00034444	.	0
Porites_evermani_scaffold_5217	5177	14356	gene-Peve_00034445	0	19
Porites_evermani_scaffold_5218	2190	2493	gene-Peve_00034446	1.210426182	11
Porites_evermani_scaffold_5219	1694	3695	gene-Peve_00034447	0.9523809529	85
Porites_evermani_scaffold_522	0	1162	gene-Peve_00034448	0	13
Porites_evermani_scaffold_522	19343	24117	gene-Peve_00034458	0.3073442635	167
Porites_evermani_scaffold_522	34648	68010	gene-Peve_00034460	0.9199350635	614
Porites_evermani_scaffold_522	68300	71983	gene-Peve_00034459	0	24
Porites_evermani_scaffold_522	81722	86268	gene-Peve_00034449	0.09157509524	84
Porites_evermani_scaffold_522	87360	101373	gene-Peve_00034450	0.983825009	334
Porites_evermani_scaffold_522	107187	107514	gene-Peve_00034451	0.5882353	10
Porites_evermani_scaffold_522	121123	121858	gene-Peve_00034452	0	11
Porites_evermani_scaffold_522	121972	124023	gene-Peve_00034453	1.229783607	56
Porites_evermani_scaffold_522	147307	187022	gene-Peve_00034455	0.5028533846	962
Porites_evermani_scaffold_522	207042	215802	gene-Peve_00034456	0.3101177902	205
Porites_evermani_scaffold_5220	722	1636	gene-Peve_00034464	6.666667	1
Porites_evermani_scaffold_5220	1644	3678	gene-Peve_00034465	0.8403361429	14
Porites_evermani_scaffold_5220	4549	4870	gene-Peve_00034466	0	1
Porites_evermani_scaffold_5220	5974	6685	gene-Peve_00034461	.	0
Porites_evermani_scaffold_5220	8041	8482	gene-Peve_00034462	.	0
Porites_evermani_scaffold_5220	12117	14715	gene-Peve_00034463	5.16157125	8
Porites_evermani_scaffold_5221	11743	15817	gene-Peve_00034467	2.313809659	85
Porites_evermani_scaffold_5223	2737	3217	gene-Peve_00034468	.	0
Porites_evermani_scaffold_5223	5945	6992	gene-Peve_00034469	.	0
Porites_evermani_scaffold_5223	9225	10335	gene-Peve_00034470	.	0
Porites_evermani_scaffold_5224	7017	10121	gene-Peve_00034471	.	0
Porites_evermani_scaffold_5225	2970	5013	gene-Peve_00034472	.	0
Porites_evermani_scaffold_5225	6727	14487	gene-Peve_00034473	.	0
Porites_evermani_scaffold_5225	14792	16017	gene-Peve_00034474	.	0
Porites_evermani_scaffold_5227	1903	2150	gene-Peve_00034475	.	0
Porites_evermani_scaffold_5227	2757	3076	gene-Peve_00034476	.	0
Porites_evermani_scaffold_5227	5132	12085	gene-Peve_00034478	.	0
Porites_evermani_scaffold_5227	12219	12759	gene-Peve_00034479	.	0
Porites_evermani_scaffold_5227	12717	15735	gene-Peve_00034477	0	15
Porites_evermani_scaffold_523	2398	6153	gene-Peve_00034480	71.52557741	17
Porites_evermani_scaffold_523	8938	13051	gene-Peve_00034484	0.1333992087	115
Porites_evermani_scaffold_523	15950	17630	gene-Peve_00034489	0	11
Porites_evermani_scaffold_523	23310	33022	gene-Peve_00034494	9.400145528	123
Porites_evermani_scaffold_523	33408	38487	gene-Peve_00034499	70.82928212	65
Porites_evermani_scaffold_523	44617	45317	gene-Peve_00034501	0	6
Porites_evermani_scaffold_523	53149	55736	gene-Peve_00034481	0	46
Porites_evermani_scaffold_523	57660	107909	gene-Peve_00034483	7.935037964	673
Porites_evermani_scaffold_523	88095	92152	gene-Peve_00034485	0.4047619	70
Porites_evermani_scaffold_523	102217	103313	gene-Peve_00034486	0.5128205333	15
Porites_evermani_scaffold_523	110724	115338	gene-Peve_00034487	0.2416696614	127
Porites_evermani_scaffold_523	133457	134333	gene-Peve_00034488	.	0
Porites_evermani_scaffold_523	136969	137533	gene-Peve_00034490	.	0
Porites_evermani_scaffold_523	138216	140596	gene-Peve_00034482	0.6778309474	38
Porites_evermani_scaffold_523	143801	150756	gene-Peve_00034491	0.2057072857	140
Porites_evermani_scaffold_523	160116	160998	gene-Peve_00034492	0.705815913	23
Porites_evermani_scaffold_523	165025	171336	gene-Peve_00034493	2.160825789	90
Porites_evermani_scaffold_523	192531	193323	gene-Peve_00034495	0	27
Porites_evermani_scaffold_523	199390	200197	gene-Peve_00034496	0	4
Porites_evermani_scaffold_523	209492	210851	gene-Peve_00034497	0.1201923077	52
Porites_evermani_scaffold_523	221741	223270	gene-Peve_00034498	47.95795639	31
Porites_evermani_scaffold_523	223385	237578	gene-Peve_00034500	15.75177985	48
Porites_evermani_scaffold_5230	1691	15957	gene-Peve_00034502	0.3106837445	227
Porites_evermani_scaffold_5232	6498	9736	gene-Peve_00034503	82.05128225	4
Porites_evermani_scaffold_5232	10780	13580	gene-Peve_00034504	13.67669485	40
Porites_evermani_scaffold_5233	1259	4603	gene-Peve_00034505	0.0925926	45
Porites_evermani_scaffold_5233	5648	7648	gene-Peve_00034506	1.025641033	30
Porites_evermani_scaffold_5233	10773	14065	gene-Peve_00034507	8.727299526	19
Porites_evermani_scaffold_5234	950	8924	gene-Peve_00034508	70.41666675	4
Porites_evermani_scaffold_5234	9070	11845	gene-Peve_00034509	.	0
Porites_evermani_scaffold_5235	552	5527	gene-Peve_00034510	56.17831216	43
Porites_evermani_scaffold_5236	12478	15923	gene-Peve_00034511	62.57455775	8
Porites_evermani_scaffold_5237	1170	5636	gene-Peve_00034512	0.5533307971	69
Porites_evermani_scaffold_5238	497	2860	gene-Peve_00034513	.	0
Porites_evermani_scaffold_5238	5619	10293	gene-Peve_00034514	.	0
Porites_evermani_scaffold_5239	6102	6651	gene-Peve_00034515	.	0
Porites_evermani_scaffold_524	734	14477	gene-Peve_00034516	10.18493435	111
Porites_evermani_scaffold_524	17041	20390	gene-Peve_00034530	64.7586188	40
Porites_evermani_scaffold_524	20743	31120	gene-Peve_00034537	22.15641612	137
Porites_evermani_scaffold_524	31632	34434	gene-Peve_00034539	0.1261034098	61
Porites_evermani_scaffold_524	34739	40795	gene-Peve_00034540	7.54617476	129
Porites_evermani_scaffold_524	44675	45848	gene-Peve_00034541	0.2450980294	34
Porites_evermani_scaffold_524	47176	47803	gene-Peve_00034517	0.4761905	14
Porites_evermani_scaffold_524	50131	50512	gene-Peve_00034518	.	0
Porites_evermani_scaffold_524	51288	52331	gene-Peve_00034519	0	27
Porites_evermani_scaffold_524	53384	54318	gene-Peve_00034520	1	15
Porites_evermani_scaffold_524	59236	74904	gene-Peve_00034521	0.6752136657	344
Porites_evermani_scaffold_524	78947	86915	gene-Peve_00034522	0.5418353681	163
Porites_evermani_scaffold_524	98842	99196	gene-Peve_00034523	.	0
Porites_evermani_scaffold_524	103472	119220	gene-Peve_00034524	0.6881808747	407
Porites_evermani_scaffold_524	126831	131466	gene-Peve_00034525	0.2868225536	112
Porites_evermani_scaffold_524	138723	140102	gene-Peve_00034526	0.5258652432	37
Porites_evermani_scaffold_524	146078	160582	gene-Peve_00034527	1.029870953	190
Porites_evermani_scaffold_524	165196	167116	gene-Peve_00034528	0.2820512769	65
Porites_evermani_scaffold_524	169874	172634	gene-Peve_00034529	0.84511075	68
Porites_evermani_scaffold_524	185610	195393	gene-Peve_00034531	0.2851496304	92
Porites_evermani_scaffold_524	197655	198648	gene-Peve_00034532	.	0
Porites_evermani_scaffold_524	203198	208925	gene-Peve_00034533	0.4702194483	29
Porites_evermani_scaffold_524	208950	210003	gene-Peve_00034534	0	30
Porites_evermani_scaffold_524	215077	221281	gene-Peve_00034535	0	7
Porites_evermani_scaffold_524	228149	229532	gene-Peve_00034536	0	9
Porites_evermani_scaffold_524	230553	237357	gene-Peve_00034538	0	8
Porites_evermani_scaffold_5240	8091	11486	gene-Peve_00034542	0	29
Porites_evermani_scaffold_5242	8004	10446	gene-Peve_00034543	.	0
Porites_evermani_scaffold_5242	10594	14004	gene-Peve_00034544	.	0
Porites_evermani_scaffold_5244	8621	9704	gene-Peve_00034545	.	0
Porites_evermani_scaffold_5244	13608	14694	gene-Peve_00034546	9.082369844	32
Porites_evermani_scaffold_5246	8112	14895	gene-Peve_00034548	0	3
Porites_evermani_scaffold_5247	4724	5783	gene-Peve_00034549	0	12
Porites_evermani_scaffold_5247	7143	12724	gene-Peve_00034550	0	5
Porites_evermani_scaffold_5248	13786	15153	gene-Peve_00034551	0.6227637931	29
Porites_evermani_scaffold_5249	1577	2735	gene-Peve_00034552	0	18
Porites_evermani_scaffold_525	966	4127	gene-Peve_00034553	0.9145908111	90
Porites_evermani_scaffold_525	38130	44495	gene-Peve_00034567	2.413905657	35
Porites_evermani_scaffold_525	46090	47046	gene-Peve_00034568	0	24
Porites_evermani_scaffold_525	50434	54343	gene-Peve_00034569	0	4
Porites_evermani_scaffold_525	56637	57057	gene-Peve_00034554	0	1
Porites_evermani_scaffold_525	63189	63564	gene-Peve_00034556	0	14
Porites_evermani_scaffold_525	68251	80507	gene-Peve_00034555	0.1857044028	216
Porites_evermani_scaffold_525	85430	87780	gene-Peve_00034557	0.1385041579	38
Porites_evermani_scaffold_525	90471	115434	gene-Peve_00034558	8.193882192	339
Porites_evermani_scaffold_525	118322	119236	gene-Peve_00034560	.	0
Porites_evermani_scaffold_525	128465	149335	gene-Peve_00034561	10.41047274	112
Porites_evermani_scaffold_525	151020	156650	gene-Peve_00034562	1.031157472	108
Porites_evermani_scaffold_525	159995	160385	gene-Peve_00034564	.	0
Porites_evermani_scaffold_525	166657	180874	gene-Peve_00034565	3.532064837	43
Porites_evermani_scaffold_525	193604	216317	gene-Peve_00034566	9.594147144	180
Porites_evermani_scaffold_5250	1084	3144	gene-Peve_00034570	0.5555555333	15
Porites_evermani_scaffold_5251	318	15228	gene-Peve_00034571	22.08845211	37
Porites_evermani_scaffold_5253	3303	8447	gene-Peve_00034572	0.2380952381	63
Porites_evermani_scaffold_5254	4651	11794	gene-Peve_00034573	1.451110115	192
Porites_evermani_scaffold_5254	14881	15322	gene-Peve_00034574	0.3030303333	15
Porites_evermani_scaffold_5255	6	13559	gene-Peve_00034575	0.8216747524	412
Porites_evermani_scaffold_5256	2051	6626	gene-Peve_00034576	85.81561605	41
Porites_evermani_scaffold_5257	3529	11399	gene-Peve_00034577	0.470815392	125
Porites_evermani_scaffold_5258	9418	9694	gene-Peve_00034578	.	0
Porites_evermani_scaffold_5258	11347	12250	gene-Peve_00034579	.	0
Porites_evermani_scaffold_5258	12463	12849	gene-Peve_00034580	.	0
Porites_evermani_scaffold_5259	2109	4185	gene-Peve_00034581	.	0
Porites_evermani_scaffold_5259	4929	14538	gene-Peve_00034582	0.1373626346	52
Porites_evermani_scaffold_5259	14869	15650	gene-Peve_00034583	0	2
Porites_evermani_scaffold_526	23896	32188	gene-Peve_00034584	.	0
Porites_evermani_scaffold_526	51476	56299	gene-Peve_00034585	.	0
Porites_evermani_scaffold_526	59767	60153	gene-Peve_00034586	.	0
Porites_evermani_scaffold_526	152189	156313	gene-Peve_00034590	0.6429162941	102
Porites_evermani_scaffold_526	162097	176575	gene-Peve_00034591	1.665816412	136
Porites_evermani_scaffold_526	179381	180463	gene-Peve_00034592	.	0
Porites_evermani_scaffold_526	188380	196172	gene-Peve_00034593	0.2222255745	275
Porites_evermani_scaffold_526	197387	201680	gene-Peve_00034594	0.6708592815	135
Porites_evermani_scaffold_526	234174	235290	gene-Peve_00034595	0.1503759429	35
Porites_evermani_scaffold_5260	4812	13906	gene-Peve_00034596	0.2840909062	32
Porites_evermani_scaffold_5262	7008	8070	gene-Peve_00034597	.	0
Porites_evermani_scaffold_5263	5027	5507	gene-Peve_00034598	0	6
Porites_evermani_scaffold_5264	606	951	gene-Peve_00034599	0	3
Porites_evermani_scaffold_5264	4877	11759	gene-Peve_00034600	13.36786178	51
Porites_evermani_scaffold_5265	2654	4388	gene-Peve_00034601	0.2232142813	32
Porites_evermani_scaffold_5265	6462	7386	gene-Peve_00034602	2.087906923	39
Porites_evermani_scaffold_5265	8520	9447	gene-Peve_00034604	0.2663954516	31
Porites_evermani_scaffold_5265	10979	12380	gene-Peve_00034603	0	18
Porites_evermani_scaffold_5266	1623	9466	gene-Peve_00034605	0.26025641	100
Porites_evermani_scaffold_5267	8268	8704	gene-Peve_00034606	.	0
Porites_evermani_scaffold_5268	7125	11223	gene-Peve_00034607	0.5024417686	121
Porites_evermani_scaffold_527	513	17367	gene-Peve_00034609	1.058566645	152
Porites_evermani_scaffold_527	24187	52193	gene-Peve_00034616	1.921152515	297
Porites_evermani_scaffold_527	53077	54412	gene-Peve_00034610	.	0
Porites_evermani_scaffold_527	69244	72796	gene-Peve_00034611	0.617284	9
Porites_evermani_scaffold_527	72848	96585	gene-Peve_00034612	0.1603561057	123
Porites_evermani_scaffold_527	79727	81870	gene-Peve_00034613	.	0
Porites_evermani_scaffold_527	112053	137156	gene-Peve_00034614	10	3
Porites_evermani_scaffold_527	176709	177171	gene-Peve_00034618	.	0
Porites_evermani_scaffold_527	208281	220142	gene-Peve_00034620	4.500022086	186
Porites_evermani_scaffold_527	221948	222662	gene-Peve_00034621	0.33333335	20
Porites_evermani_scaffold_527	227796	238355	gene-Peve_00034622	1.857596964	55
Porites_evermani_scaffold_5270	696	14716	gene-Peve_00034624	0.5254161417	240
Porites_evermani_scaffold_5271	496	3191	gene-Peve_00034625	0.1694915254	59
Porites_evermani_scaffold_5272	1837	2781	gene-Peve_00034626	34.31656733	6
Porites_evermani_scaffold_5272	3544	5925	gene-Peve_00034627	65.21474061	28
Porites_evermani_scaffold_5272	6254	6713	gene-Peve_00034628	.	0
Porites_evermani_scaffold_5273	760	1036	gene-Peve_00034629	1.584022	11
Porites_evermani_scaffold_5273	1183	1930	gene-Peve_00034630	0	14
Porites_evermani_scaffold_5273	3412	4185	gene-Peve_00034631	0	3
Porites_evermani_scaffold_5274	3201	3570	gene-Peve_00034632	.	0
Porites_evermani_scaffold_5275	229	15313	gene-Peve_00034633	59.93997811	61
Porites_evermani_scaffold_5276	1041	2291	gene-Peve_00034634	0	5
Porites_evermani_scaffold_5276	6855	15044	gene-Peve_00034635	0.5937054115	226
Porites_evermani_scaffold_5278	430	1601	gene-Peve_00034636	2.5	4
Porites_evermani_scaffold_5278	3707	5725	gene-Peve_00034637	0	40
Porites_evermani_scaffold_5279	201	2838	gene-Peve_00034638	0.1683501667	54
Porites_evermani_scaffold_5279	5927	15119	gene-Peve_00034639	0.625	48
Porites_evermani_scaffold_528	17217	17821	gene-Peve_00034646	0	13
Porites_evermani_scaffold_528	18239	18884	gene-Peve_00034654	0.2469135926	27
Porites_evermani_scaffold_528	35652	36438	gene-Peve_00034640	.	0
Porites_evermani_scaffold_528	44719	45214	gene-Peve_00034642	.	0
Porites_evermani_scaffold_528	46482	46798	gene-Peve_00034643	.	0
Porites_evermani_scaffold_528	47623	47939	gene-Peve_00034644	.	0
Porites_evermani_scaffold_528	49110	49788	gene-Peve_00034645	0.6243032609	23
Porites_evermani_scaffold_528	59370	59721	gene-Peve_00034648	.	0
Porites_evermani_scaffold_528	86407	86749	gene-Peve_00034649	.	0
Porites_evermani_scaffold_528	96247	97203	gene-Peve_00034650	.	0
Porites_evermani_scaffold_528	115037	117845	gene-Peve_00034651	4.413902545	11
Porites_evermani_scaffold_528	131987	136886	gene-Peve_00034653	.	0
Porites_evermani_scaffold_528	167782	181357	gene-Peve_00034656	.	0
Porites_evermani_scaffold_528	210220	211504	gene-Peve_00034658	0.9536095357	28
Porites_evermani_scaffold_528	212339	212774	gene-Peve_00034659	.	0
Porites_evermani_scaffold_528	228942	238464	gene-Peve_00034660	0	2
Porites_evermani_scaffold_5280	279	5512	gene-Peve_00034661	69.93054563	52
Porites_evermani_scaffold_5280	9277	13445	gene-Peve_00034662	34.5034964	5
Porites_evermani_scaffold_5280	13839	15218	gene-Peve_00034663	.	0
Porites_evermani_scaffold_5281	2	3131	gene-Peve_00034664	18.80190462	80
Porites_evermani_scaffold_5281	13425	15228	gene-Peve_00034665	0	2
Porites_evermani_scaffold_5285	3472	12088	gene-Peve_00034667	.	0
Porites_evermani_scaffold_5286	6320	10006	gene-Peve_00034668	0	5
Porites_evermani_scaffold_5288	244	5576	gene-Peve_00034669	74.004329	14
Porites_evermani_scaffold_5288	5817	15281	gene-Peve_00034670	84.88668739	18
Porites_evermani_scaffold_5289	897	3834	gene-Peve_00034671	0	1
Porites_evermani_scaffold_5289	4985	5903	gene-Peve_00034672	.	0
Porites_evermani_scaffold_5289	6002	6380	gene-Peve_00034673	0	3
Porites_evermani_scaffold_5289	15041	15359	gene-Peve_00034674	.	0
Porites_evermani_scaffold_529	1754	2765	gene-Peve_00034680	17.79374473	26
Porites_evermani_scaffold_529	8122	19390	gene-Peve_00034676	25.16674544	112
Porites_evermani_scaffold_529	23064	28200	gene-Peve_00034675	0.5006205714	119
Porites_evermani_scaffold_529	40248	48042	gene-Peve_00034677	59.82809858	155
Porites_evermani_scaffold_529	80301	83182	gene-Peve_00034679	0.1893939318	44
Porites_evermani_scaffold_529	84863	93678	gene-Peve_00034681	12.82309618	137
Porites_evermani_scaffold_529	94488	124088	gene-Peve_00034682	56.80538111	351
Porites_evermani_scaffold_529	108848	111800	gene-Peve_00034683	7.990499362	58
Porites_evermani_scaffold_529	113639	125513	gene-Peve_00034684	72.84978735	115
Porites_evermani_scaffold_529	130760	133689	gene-Peve_00034685	24.11785304	51
Porites_evermani_scaffold_529	133900	142350	gene-Peve_00034686	85.2800125	103
Porites_evermani_scaffold_529	146144	147110	gene-Peve_00034687	27.04379675	16
Porites_evermani_scaffold_529	148145	149555	gene-Peve_00034688	0.4114014737	57
Porites_evermani_scaffold_529	151180	160920	gene-Peve_00034689	0.1953103222	180
Porites_evermani_scaffold_529	166368	177350	gene-Peve_00034690	1.121401261	253
Porites_evermani_scaffold_529	179434	238308	gene-Peve_00034691	8.446545918	1135
Porites_evermani_scaffold_5290	2899	9765	gene-Peve_00034692	2.176568679	109
Porites_evermani_scaffold_5293	1266	1632	gene-Peve_00034693	.	0
Porites_evermani_scaffold_5294	11711	14896	gene-Peve_00034695	91.2179835	12
Porites_evermani_scaffold_5295	13013	14768	gene-Peve_00034696	0.2197802286	35
Porites_evermani_scaffold_5296	13165	15165	gene-Peve_00034697	0	4
Porites_evermani_scaffold_5297	427	11463	gene-Peve_00034698	45.454545	1
Porites_evermani_scaffold_5298	601	10614	gene-Peve_00034699	0	4
Porites_evermani_scaffold_5299	12068	13481	gene-Peve_00034700	.	0
Porites_evermani_scaffold_53	794	16434	gene-Peve_00034701	4.712806525	373
Porites_evermani_scaffold_53	16668	32984	gene-Peve_00034755	12.77055879	329
Porites_evermani_scaffold_53	36012	55090	gene-Peve_00034761	0.7765695538	502
Porites_evermani_scaffold_53	67874	92384	gene-Peve_00034711	0.9347713211	626
Porites_evermani_scaffold_53	109065	123527	gene-Peve_00034725	0.5626173186	361
Porites_evermani_scaffold_53	128056	154029	gene-Peve_00034728	4.795959969	679
Porites_evermani_scaffold_53	154176	154469	gene-Peve_00034732	0.8333333	10
Porites_evermani_scaffold_53	154738	170022	gene-Peve_00034740	1.046325281	303
Porites_evermani_scaffold_53	180027	205314	gene-Peve_00034742	0.6082225295	440
Porites_evermani_scaffold_53	184461	185658	gene-Peve_00034744	2.711266167	24
Porites_evermani_scaffold_53	185722	188449	gene-Peve_00034743	0.3968253889	18
Porites_evermani_scaffold_53	211972	249785	gene-Peve_00034745	1.191601379	919
Porites_evermani_scaffold_53	245227	245655	gene-Peve_00034746	1.8181818	5
Porites_evermani_scaffold_53	252195	253338	gene-Peve_00034747	0.23809525	28
Porites_evermani_scaffold_53	258358	276496	gene-Peve_00034748	0.5861268436	486
Porites_evermani_scaffold_53	279082	289272	gene-Peve_00034749	8.398768271	240
Porites_evermani_scaffold_53	292143	292388	gene-Peve_00034750	4.0976535	6
Porites_evermani_scaffold_53	297850	301385	gene-Peve_00034751	0	63
Porites_evermani_scaffold_53	301801	316414	gene-Peve_00034752	3.898835449	356
Porites_evermani_scaffold_53	322943	338996	gene-Peve_00034754	0.1665473343	353
Porites_evermani_scaffold_53	344104	353924	gene-Peve_00034753	1.287624845	200
Porites_evermani_scaffold_53	375596	379047	gene-Peve_00034757	1.064828874	95
Porites_evermani_scaffold_53	389418	389934	gene-Peve_00034759	0	19
Porites_evermani_scaffold_53	395570	399498	gene-Peve_00034758	0.08130081707	82
Porites_evermani_scaffold_53	412761	420600	gene-Peve_00034763	0.6784408095	210
Porites_evermani_scaffold_53	425525	428736	gene-Peve_00034764	81.2603073	23
Porites_evermani_scaffold_53	438724	446753	gene-Peve_00034702	1.011656844	128
Porites_evermani_scaffold_53	458037	466271	gene-Peve_00034703	1.21283826	192
Porites_evermani_scaffold_53	474363	476207	gene-Peve_00034704	0.4476453544	79
Porites_evermani_scaffold_53	478551	490979	gene-Peve_00034705	27.62033622	178
Porites_evermani_scaffold_53	512133	515633	gene-Peve_00034706	55.21128187	63
Porites_evermani_scaffold_53	515911	516831	gene-Peve_00034707	62.96536795	19
Porites_evermani_scaffold_53	522585	523800	gene-Peve_00034709	60.97153565	34
Porites_evermani_scaffold_53	524638	527918	gene-Peve_00034710	62.21460156	34
Porites_evermani_scaffold_53	530781	531303	gene-Peve_00034712	.	0
Porites_evermani_scaffold_53	534326	535682	gene-Peve_00034714	67.56690886	29
Porites_evermani_scaffold_53	537152	542460	gene-Peve_00034715	57.53774829	35
Porites_evermani_scaffold_53	547086	547827	gene-Peve_00034716	.	0
Porites_evermani_scaffold_53	553439	553868	gene-Peve_00034717	74.457596	12
Porites_evermani_scaffold_53	558422	562523	gene-Peve_00034718	71.93661479	58
Porites_evermani_scaffold_53	566720	568442	gene-Peve_00034720	5.455465625	8
Porites_evermani_scaffold_53	577325	577976	gene-Peve_00034721	44.438891	11
Porites_evermani_scaffold_53	590191	591861	gene-Peve_00034727	31.62264578	9
Porites_evermani_scaffold_53	628845	631067	gene-Peve_00034729	75.05552826	50
Porites_evermani_scaffold_53	632785	639215	gene-Peve_00034730	74.5181103	60
Porites_evermani_scaffold_53	659661	660400	gene-Peve_00034733	93.33333333	3
Porites_evermani_scaffold_53	661327	662133	gene-Peve_00034734	66.949836	14
Porites_evermani_scaffold_53	663453	665110	gene-Peve_00034735	95.5792541	10
Porites_evermani_scaffold_53	665610	666207	gene-Peve_00034736	100	1
Porites_evermani_scaffold_53	672699	675138	gene-Peve_00034737	93.83116886	7
Porites_evermani_scaffold_53	675613	676369	gene-Peve_00034738	61.32053075	16
Porites_evermani_scaffold_53	679223	687631	gene-Peve_00034739	35.8563039	139
Porites_evermani_scaffold_53	692324	693395	gene-Peve_00034741	82.57575767	3
Porites_evermani_scaffold_530	27608	44229	gene-Peve_00034765	1.664577615	377
Porites_evermani_scaffold_530	46472	58039	gene-Peve_00034766	.	0
Porites_evermani_scaffold_530	62693	63053	gene-Peve_00034767	0.6493506364	11
Porites_evermani_scaffold_530	66845	67172	gene-Peve_00034768	5.263158	2
Porites_evermani_scaffold_530	74743	83911	gene-Peve_00034769	0.1830193397	262
Porites_evermani_scaffold_530	94073	110201	gene-Peve_00034770	0.2214825638	431
Porites_evermani_scaffold_530	123952	136386	gene-Peve_00034771	1.060969037	375
Porites_evermani_scaffold_530	139362	140765	gene-Peve_00034772	0.3766478475	59
Porites_evermani_scaffold_530	145591	192861	gene-Peve_00034773	7.312392691	703
Porites_evermani_scaffold_530	156642	162254	gene-Peve_00034774	45.89583869	45
Porites_evermani_scaffold_530	198223	204238	gene-Peve_00034775	0	29
Porites_evermani_scaffold_530	209627	210554	gene-Peve_00034778	.	0
Porites_evermani_scaffold_530	213035	220456	gene-Peve_00034776	.	0
Porites_evermani_scaffold_530	225465	226428	gene-Peve_00034779	.	0
Porites_evermani_scaffold_5300	14679	15209	gene-Peve_00034780	.	0
Porites_evermani_scaffold_5301	6964	8293	gene-Peve_00034781	.	0
Porites_evermani_scaffold_5301	12388	15068	gene-Peve_00034782	0.3720238125	80
Porites_evermani_scaffold_5302	1461	7750	gene-Peve_00034783	1.645021643	42
Porites_evermani_scaffold_5304	945	1476	gene-Peve_00034784	0.4807692308	26
Porites_evermani_scaffold_5304	1899	9435	gene-Peve_00034785	1.699037365	52
Porites_evermani_scaffold_5305	1268	1673	gene-Peve_00034786	0	13
Porites_evermani_scaffold_5305	12827	13196	gene-Peve_00034787	0	6
Porites_evermani_scaffold_5307	1448	9027	gene-Peve_00034788	0.7439623856	236
Porites_evermani_scaffold_5307	13527	14388	gene-Peve_00034789	0.2777777917	24
Porites_evermani_scaffold_5308	5142	8428	gene-Peve_00034790	0.8261665652	46
Porites_evermani_scaffold_5308	9617	15131	gene-Peve_00034791	0	24
Porites_evermani_scaffold_5309	11439	12291	gene-Peve_00034792	1.428571429	7
Porites_evermani_scaffold_531	27740	30127	gene-Peve_00034796	.	0
Porites_evermani_scaffold_531	45680	48702	gene-Peve_00034793	.	0
Porites_evermani_scaffold_531	83946	89773	gene-Peve_00034794	.	0
Porites_evermani_scaffold_531	92842	93728	gene-Peve_00034795	.	0
Porites_evermani_scaffold_531	93990	95173	gene-Peve_00034797	.	0
Porites_evermani_scaffold_531	110553	111755	gene-Peve_00034799	0	6
Porites_evermani_scaffold_531	128490	141214	gene-Peve_00034800	9.284590081	247
Porites_evermani_scaffold_531	144520	167189	gene-Peve_00034801	4.049787133	566
Porites_evermani_scaffold_531	167649	179629	gene-Peve_00034802	0.4657262415	294
Porites_evermani_scaffold_531	185403	192034	gene-Peve_00034803	4.493312529	85
Porites_evermani_scaffold_531	201440	222892	gene-Peve_00034804	0.6338024744	293
Porites_evermani_scaffold_531	234053	234419	gene-Peve_00034805	0.5952380833	12
Porites_evermani_scaffold_5310	3016	3879	gene-Peve_00034806	.	0
Porites_evermani_scaffold_5310	5596	9200	gene-Peve_00034807	0.1700680238	42
Porites_evermani_scaffold_5310	9143	12199	gene-Peve_00034808	0.2705627879	33
Porites_evermani_scaffold_5310	14489	14831	gene-Peve_00034809	.	0
Porites_evermani_scaffold_5311	6767	8218	gene-Peve_00034810	0.7912088	35
Porites_evermani_scaffold_5311	11849	14801	gene-Peve_00034811	55.40427485	39
Porites_evermani_scaffold_5312	14180	15125	gene-Peve_00034812	1.5686275	8
Porites_evermani_scaffold_5313	1028	3748	gene-Peve_00034813	0	7
Porites_evermani_scaffold_5313	5890	7207	gene-Peve_00034814	0	29
Porites_evermani_scaffold_5313	8863	9880	gene-Peve_00034815	0	1
Porites_evermani_scaffold_5314	3987	9506	gene-Peve_00034816	72.53550397	88
Porites_evermani_scaffold_5315	1949	3990	gene-Peve_00034818	0	15
Porites_evermani_scaffold_5315	6341	13296	gene-Peve_00034817	0.4188519786	140
Porites_evermani_scaffold_5316	8809	10963	gene-Peve_00034819	0	2
Porites_evermani_scaffold_5316	12021	14921	gene-Peve_00034820	0.3603896133	75
Porites_evermani_scaffold_5317	4533	8682	gene-Peve_00034821	.	0
Porites_evermani_scaffold_5319	10116	10443	gene-Peve_00034822	.	0
Porites_evermani_scaffold_532	10743	21798	gene-Peve_00034823	0.4252839362	141
Porites_evermani_scaffold_532	24116	25190	gene-Peve_00034824	0.3634085238	42
Porites_evermani_scaffold_532	27028	35349	gene-Peve_00034826	40.57714016	86
Porites_evermani_scaffold_532	39458	48624	gene-Peve_00034829	62.87234139	18
Porites_evermani_scaffold_532	49706	56410	gene-Peve_00034830	0	3
Porites_evermani_scaffold_532	60159	66606	gene-Peve_00034834	63.33333333	3
Porites_evermani_scaffold_532	80069	92889	gene-Peve_00034825	0	51
Porites_evermani_scaffold_532	100926	106341	gene-Peve_00034827	.	0
Porites_evermani_scaffold_532	106366	108926	gene-Peve_00034828	.	0
Porites_evermani_scaffold_532	121147	123619	gene-Peve_00034831	.	0
Porites_evermani_scaffold_532	125468	128585	gene-Peve_00034832	0	3
Porites_evermani_scaffold_532	134270	137756	gene-Peve_00034833	0	11
Porites_evermani_scaffold_532	146154	155235	gene-Peve_00034835	0.259004619	105
Porites_evermani_scaffold_532	163400	163706	gene-Peve_00034836	2.777778	2
Porites_evermani_scaffold_532	168309	168627	gene-Peve_00034837	0	6
Porites_evermani_scaffold_532	172616	187821	gene-Peve_00034838	24.46423002	154
Porites_evermani_scaffold_532	188004	196127	gene-Peve_00034839	64.92958016	135
Porites_evermani_scaffold_532	196692	236940	gene-Peve_00034840	21.07600621	611
Porites_evermani_scaffold_5320	1264	4560	gene-Peve_00034841	.	0
Porites_evermani_scaffold_5320	8203	12254	gene-Peve_00034842	.	0
Porites_evermani_scaffold_5321	6943	11716	gene-Peve_00034843	30.289011	50
Porites_evermani_scaffold_5322	5172	7167	gene-Peve_00034844	42.31303682	11
Porites_evermani_scaffold_5323	339	7010	gene-Peve_00034845	0	23
Porites_evermani_scaffold_5323	12332	14030	gene-Peve_00034846	.	0
Porites_evermani_scaffold_5324	0	4320	gene-Peve_00034847	33.39826829	7
Porites_evermani_scaffold_5324	5563	13711	gene-Peve_00034848	94.25	5
Porites_evermani_scaffold_5325	2072	12837	gene-Peve_00034849	73.88443398	187
Porites_evermani_scaffold_5325	10644	11432	gene-Peve_00034850	80.37372346	24
Porites_evermani_scaffold_5326	1448	14301	gene-Peve_00034851	0.530549614	57
Porites_evermani_scaffold_5329	12894	14690	gene-Peve_00034852	1.100843593	54
Porites_evermani_scaffold_533	18905	37066	gene-Peve_00034853	36.74294776	244
Porites_evermani_scaffold_533	51574	62457	gene-Peve_00034861	48.45735344	107
Porites_evermani_scaffold_533	65265	68512	gene-Peve_00034863	.	0
Porites_evermani_scaffold_533	71293	96825	gene-Peve_00034867	42.19120601	258
Porites_evermani_scaffold_533	96865	104735	gene-Peve_00034854	35.35058621	71
Porites_evermani_scaffold_533	112362	113774	gene-Peve_00034855	7.720817214	14
Porites_evermani_scaffold_533	114563	142479	gene-Peve_00034856	73.83076875	253
Porites_evermani_scaffold_533	150214	151559	gene-Peve_00034857	90.909091	1
Porites_evermani_scaffold_533	152862	167443	gene-Peve_00034858	33.49229279	186
Porites_evermani_scaffold_533	175353	176337	gene-Peve_00034859	0	2
Porites_evermani_scaffold_533	184672	189274	gene-Peve_00034860	1.3712121	20
Porites_evermani_scaffold_533	195026	225841	gene-Peve_00034862	2.412114108	195
Porites_evermani_scaffold_533	220444	222177	gene-Peve_00034865	0	3
Porites_evermani_scaffold_533	232061	233665	gene-Peve_00034866	0	46
Porites_evermani_scaffold_5330	12741	13278	gene-Peve_00034869	1.298701286	7
Porites_evermani_scaffold_5331	13452	14961	gene-Peve_00034870	0.5	20
Porites_evermani_scaffold_5333	4671	12896	gene-Peve_00034872	41.19282707	90
Porites_evermani_scaffold_5334	6140	13703	gene-Peve_00034873	0.5226480732	41
Porites_evermani_scaffold_5335	4935	6769	gene-Peve_00034874	0.6228956389	36
Porites_evermani_scaffold_5336	4439	5316	gene-Peve_00034876	0.06550465789	38
Porites_evermani_scaffold_5336	8069	11495	gene-Peve_00034875	1.34259033	106
Porites_evermani_scaffold_5337	2778	6377	gene-Peve_00034878	0	16
Porites_evermani_scaffold_5337	6873	13721	gene-Peve_00034879	.	0
Porites_evermani_scaffold_5338	4946	14551	gene-Peve_00034880	0.3588110346	231
Porites_evermani_scaffold_5339	4030	8372	gene-Peve_00034881	.	0
Porites_evermani_scaffold_534	10866	11208	gene-Peve_00034887	47.2455992	15
Porites_evermani_scaffold_534	23666	90765	gene-Peve_00034882	6.716083343	1474
Porites_evermani_scaffold_534	91336	92689	gene-Peve_00034883	.	0
Porites_evermani_scaffold_534	99871	102830	gene-Peve_00034884	40	5
Porites_evermani_scaffold_534	112400	114563	gene-Peve_00034885	.	0
Porites_evermani_scaffold_534	166770	173727	gene-Peve_00034886	2.057613148	81
Porites_evermani_scaffold_534	174261	178906	gene-Peve_00034888	4.230839294	85
Porites_evermani_scaffold_534	211012	212964	gene-Peve_00034890	0	1
Porites_evermani_scaffold_534	233086	234973	gene-Peve_00034891	0.1058201111	63
Porites_evermani_scaffold_5341	6082	10932	gene-Peve_00034892	.	0
Porites_evermani_scaffold_5341	13131	14408	gene-Peve_00034893	2.421695952	21
Porites_evermani_scaffold_5342	5549	9429	gene-Peve_00034894	0.724494082	61
Porites_evermani_scaffold_5343	687	4024	gene-Peve_00034895	59.77982609	23
Porites_evermani_scaffold_5343	5799	8428	gene-Peve_00034896	0	56
Porites_evermani_scaffold_5344	1433	11033	gene-Peve_00034897	55.77931681	26
Porites_evermani_scaffold_5345	3963	7851	gene-Peve_00034898	100	4
Porites_evermani_scaffold_5345	12141	14797	gene-Peve_00034899	83.1029685	14
Porites_evermani_scaffold_5346	2030	3125	gene-Peve_00034900	.	0
Porites_evermani_scaffold_5346	6272	7905	gene-Peve_00034901	0	3
Porites_evermani_scaffold_5347	11045	11399	gene-Peve_00034902	0	22
Porites_evermani_scaffold_5347	13339	13927	gene-Peve_00034903	0.1048581143	35
Porites_evermani_scaffold_5348	1064	2067	gene-Peve_00034904	0	1
Porites_evermani_scaffold_5349	5565	7814	gene-Peve_00034905	38.846154	2
Porites_evermani_scaffold_535	12	3797	gene-Peve_00034906	0.1774891818	110
Porites_evermani_scaffold_535	9264	14409	gene-Peve_00034912	.	0
Porites_evermani_scaffold_535	20190	29497	gene-Peve_00034922	0.5185786417	120
Porites_evermani_scaffold_535	40360	40684	gene-Peve_00034907	.	0
Porites_evermani_scaffold_535	42914	85827	gene-Peve_00034908	1.00589456	727
Porites_evermani_scaffold_535	87257	88381	gene-Peve_00034910	7.1794872	15
Porites_evermani_scaffold_535	94422	95043	gene-Peve_00034911	0.3344481739	23
Porites_evermani_scaffold_535	95524	116310	gene-Peve_00034914	11.38301051	393
Porites_evermani_scaffold_535	118953	122690	gene-Peve_00034913	15	26
Porites_evermani_scaffold_535	125388	126372	gene-Peve_00034915	3.641247567	30
Porites_evermani_scaffold_535	130203	132108	gene-Peve_00034916	0.7350427556	45
Porites_evermani_scaffold_535	134508	140115	gene-Peve_00034917	0.1572327044	159
Porites_evermani_scaffold_535	141006	181069	gene-Peve_00034918	41.85363116	201
Porites_evermani_scaffold_535	156319	158419	gene-Peve_00034919	13.0649315	6
Porites_evermani_scaffold_535	183163	187727	gene-Peve_00034920	.	0
Porites_evermani_scaffold_535	191724	192534	gene-Peve_00034921	0.5952380833	12
Porites_evermani_scaffold_535	194993	197498	gene-Peve_00034923	0.5128205333	30
Porites_evermani_scaffold_535	197941	207242	gene-Peve_00034924	0	1
Porites_evermani_scaffold_535	209883	210396	gene-Peve_00034925	0.78125	8
Porites_evermani_scaffold_535	211601	214356	gene-Peve_00034926	0.1736111111	36
Porites_evermani_scaffold_535	215478	216015	gene-Peve_00034927	0.33333332	25
Porites_evermani_scaffold_535	217015	235696	gene-Peve_00034928	15.6557747	194
Porites_evermani_scaffold_5350	4	1324	gene-Peve_00034929	.	0
Porites_evermani_scaffold_5350	3192	3815	gene-Peve_00034930	.	0
Porites_evermani_scaffold_5350	4184	5142	gene-Peve_00034931	.	0
Porites_evermani_scaffold_5350	6417	7551	gene-Peve_00034932	.	0
Porites_evermani_scaffold_5350	8005	14249	gene-Peve_00034933	.	0
Porites_evermani_scaffold_5352	38	11012	gene-Peve_00034934	15.56306226	117
Porites_evermani_scaffold_5354	618	8727	gene-Peve_00034935	41.84862295	59
Porites_evermani_scaffold_5355	649	13137	gene-Peve_00034936	86.36108257	23
Porites_evermani_scaffold_5357	2	2111	gene-Peve_00034937	.	0
Porites_evermani_scaffold_5357	13345	14444	gene-Peve_00034938	0	4
Porites_evermani_scaffold_5358	9	5198	gene-Peve_00034939	73.43042161	41
Porites_evermani_scaffold_5358	7538	8562	gene-Peve_00034940	4.818594095	21
Porites_evermani_scaffold_5358	9785	14651	gene-Peve_00034941	0.15757576	100
Porites_evermani_scaffold_5359	7627	11923	gene-Peve_00034942	.	0
Porites_evermani_scaffold_536	242	9617	gene-Peve_00034943	8.274080059	152
Porites_evermani_scaffold_536	20813	21236	gene-Peve_00034944	.	0
Porites_evermani_scaffold_536	75223	88800	gene-Peve_00034947	2.987005466	146
Porites_evermani_scaffold_536	105836	106262	gene-Peve_00034950	0	10
Porites_evermani_scaffold_536	122626	130285	gene-Peve_00034951	1.1794872	15
Porites_evermani_scaffold_536	123872	124552	gene-Peve_00034952	.	0
Porites_evermani_scaffold_536	138732	161442	gene-Peve_00034953	9.593536306	271
Porites_evermani_scaffold_536	168543	170650	gene-Peve_00034954	0.2190435488	82
Porites_evermani_scaffold_536	181732	185329	gene-Peve_00034955	0	22
Porites_evermani_scaffold_536	192233	206983	gene-Peve_00034956	81.4469929	134
Porites_evermani_scaffold_536	208199	215610	gene-Peve_00034957	56.7386651	109
Porites_evermani_scaffold_536	223053	231274	gene-Peve_00034958	1.388466821	67
Porites_evermani_scaffold_536	231719	236279	gene-Peve_00034959	0	31
Porites_evermani_scaffold_5360	6908	11035	gene-Peve_00034960	.	0
Porites_evermani_scaffold_5361	6854	14628	gene-Peve_00034961	1.341694029	35
Porites_evermani_scaffold_5362	6703	13976	gene-Peve_00034962	3.407097387	137
Porites_evermani_scaffold_5364	1308	3462	gene-Peve_00034964	5.541065481	106
Porites_evermani_scaffold_5364	13393	14224	gene-Peve_00034963	0	12
Porites_evermani_scaffold_5365	3560	5141	gene-Peve_00034966	0.3166910303	33
Porites_evermani_scaffold_5365	11653	12262	gene-Peve_00034967	0.2506265789	19
Porites_evermani_scaffold_5367	2619	2928	gene-Peve_00034968	.	0
Porites_evermani_scaffold_5367	5533	7014	gene-Peve_00034969	.	0
Porites_evermani_scaffold_5367	7110	13392	gene-Peve_00034970	40.49637066	61
Porites_evermani_scaffold_5368	3969	14104	gene-Peve_00034971	0.3109036383	188
Porites_evermani_scaffold_5369	1275	14558	gene-Peve_00034972	7.51902369	58
Porites_evermani_scaffold_537	2867	8664	gene-Peve_00034973	1.143420138	167
Porites_evermani_scaffold_537	13014	46432	gene-Peve_00034984	1.724355717	413
Porites_evermani_scaffold_537	52147	65093	gene-Peve_00034991	0.2136752051	78
Porites_evermani_scaffold_537	79159	87316	gene-Peve_00034975	58.96973474	47
Porites_evermani_scaffold_537	89419	95328	gene-Peve_00034976	50.71346516	86
Porites_evermani_scaffold_537	99575	102625	gene-Peve_00034977	0	68
Porites_evermani_scaffold_537	104083	105840	gene-Peve_00034978	0	45
Porites_evermani_scaffold_537	111854	121528	gene-Peve_00034980	2.80509129	224
Porites_evermani_scaffold_537	124187	126765	gene-Peve_00034979	49.39393933	6
Porites_evermani_scaffold_537	129707	133442	gene-Peve_00034981	50.54244126	27
Porites_evermani_scaffold_537	134793	137178	gene-Peve_00034982	61.64860497	39
Porites_evermani_scaffold_537	139198	143201	gene-Peve_00034983	0	16
Porites_evermani_scaffold_537	148047	148848	gene-Peve_00034985	0	5
Porites_evermani_scaffold_537	160749	161796	gene-Peve_00034986	0	9
Porites_evermani_scaffold_537	166117	180148	gene-Peve_00034987	48.21691175	8
Porites_evermani_scaffold_537	182395	184818	gene-Peve_00034988	48.10785826	23
Porites_evermani_scaffold_537	186219	222163	gene-Peve_00034989	2.421172917	408
Porites_evermani_scaffold_537	187885	194079	gene-Peve_00034990	0.3261284182	110
Porites_evermani_scaffold_5370	12135	13155	gene-Peve_00034992	0	2
Porites_evermani_scaffold_5371	6153	13949	gene-Peve_00034993	79.73641967	12
Porites_evermani_scaffold_5372	329	813	gene-Peve_00034994	.	0
Porites_evermani_scaffold_5372	6963	8107	gene-Peve_00034996	.	0
Porites_evermani_scaffold_5372	10546	11196	gene-Peve_00034997	.	0
Porites_evermani_scaffold_5373	112	463	gene-Peve_00034998	0.2079002308	13
Porites_evermani_scaffold_5374	3594	13961	gene-Peve_00034999	0.3417825939	197
Porites_evermani_scaffold_5375	2043	5388	gene-Peve_00035000	63.8290044	10
Porites_evermani_scaffold_5375	7309	14486	gene-Peve_00035001	1.025431299	194
Porites_evermani_scaffold_5377	2427	14440	gene-Peve_00035002	2.533819709	110
Porites_evermani_scaffold_5378	232	13661	gene-Peve_00035003	0.6189730204	196
Porites_evermani_scaffold_5379	1212	7522	gene-Peve_00035004	0.5841498475	118
Porites_evermani_scaffold_538	14647	15937	gene-Peve_00035016	68.52822935	31
Porites_evermani_scaffold_538	26294	27100	gene-Peve_00035025	68.955489	6
Porites_evermani_scaffold_538	27619	30305	gene-Peve_00035026	74.15509488	25
Porites_evermani_scaffold_538	28543	29108	gene-Peve_00035028	.	0
Porites_evermani_scaffold_538	32969	33578	gene-Peve_00035029	.	0
Porites_evermani_scaffold_538	35030	35348	gene-Peve_00035030	.	0
Porites_evermani_scaffold_538	41007	41796	gene-Peve_00035032	.	0
Porites_evermani_scaffold_538	49901	50366	gene-Peve_00035034	78.27779093	14
Porites_evermani_scaffold_538	53968	54624	gene-Peve_00035035	.	0
Porites_evermani_scaffold_538	54901	56212	gene-Peve_00035036	0	1
Porites_evermani_scaffold_538	59557	59893	gene-Peve_00035037	.	0
Porites_evermani_scaffold_538	60873	61488	gene-Peve_00035038	.	0
Porites_evermani_scaffold_538	72512	72906	gene-Peve_00035040	.	0
Porites_evermani_scaffold_538	76940	77738	gene-Peve_00035041	.	0
Porites_evermani_scaffold_538	91128	91799	gene-Peve_00035042	45.98214275	4
Porites_evermani_scaffold_538	93198	94800	gene-Peve_00035043	.	0
Porites_evermani_scaffold_538	95539	96619	gene-Peve_00035044	.	0
Porites_evermani_scaffold_538	96772	97393	gene-Peve_00035045	.	0
Porites_evermani_scaffold_538	98423	101234	gene-Peve_00035046	.	0
Porites_evermani_scaffold_538	105394	106953	gene-Peve_00035047	.	0
Porites_evermani_scaffold_538	107279	107849	gene-Peve_00035049	.	0
Porites_evermani_scaffold_538	107924	108721	gene-Peve_00035048	.	0
Porites_evermani_scaffold_538	118108	124462	gene-Peve_00035050	23.89675368	34
Porites_evermani_scaffold_538	125364	127219	gene-Peve_00035051	43.54655735	17
Porites_evermani_scaffold_538	136345	138921	gene-Peve_00035005	.	0
Porites_evermani_scaffold_538	145936	146890	gene-Peve_00035009	35.86960664	14
Porites_evermani_scaffold_538	153415	154758	gene-Peve_00035006	.	0
Porites_evermani_scaffold_538	155684	156974	gene-Peve_00035010	.	0
Porites_evermani_scaffold_538	170017	170734	gene-Peve_00035012	24.0430402	5
Porites_evermani_scaffold_538	172011	173880	gene-Peve_00035013	.	0
Porites_evermani_scaffold_538	174737	176156	gene-Peve_00035014	.	0
Porites_evermani_scaffold_538	177172	177967	gene-Peve_00035015	.	0
Porites_evermani_scaffold_538	188708	189158	gene-Peve_00035019	66.94607283	18
Porites_evermani_scaffold_538	193987	194939	gene-Peve_00035020	24.47819912	8
Porites_evermani_scaffold_538	195523	197740	gene-Peve_00035021	78.5673361	48
Porites_evermani_scaffold_538	200053	200485	gene-Peve_00035022	.	0
Porites_evermani_scaffold_538	203274	204303	gene-Peve_00035023	18.181818	1
Porites_evermani_scaffold_538	209219	210083	gene-Peve_00035024	18.58791338	21
Porites_evermani_scaffold_538	216954	217791	gene-Peve_00035027	77.966663	18
Porites_evermani_scaffold_5380	11192	12929	gene-Peve_00035052	1.175133727	55
Porites_evermani_scaffold_5381	1626	10116	gene-Peve_00035053	7.606679036	84
Porites_evermani_scaffold_5383	1415	11186	gene-Peve_00035054	.	0
Porites_evermani_scaffold_5385	8538	12909	gene-Peve_00035055	0.1196172273	22
Porites_evermani_scaffold_5387	2	833	gene-Peve_00035056	0	15
Porites_evermani_scaffold_5387	9327	9888	gene-Peve_00035057	0	6
Porites_evermani_scaffold_5388	6471	7812	gene-Peve_00035058	.	0
Porites_evermani_scaffold_5389	810	12324	gene-Peve_00035059	1.401420219	114
Porites_evermani_scaffold_539	1536	5046	gene-Peve_00035067	0.487804878	41
Porites_evermani_scaffold_539	14951	48932	gene-Peve_00035074	13.91017851	211
Porites_evermani_scaffold_539	49833	61215	gene-Peve_00035077	70.06495606	108
Porites_evermani_scaffold_539	65593	66541	gene-Peve_00035060	.	0
Porites_evermani_scaffold_539	71199	73154	gene-Peve_00035063	0.4048583077	13
Porites_evermani_scaffold_539	73405	74549	gene-Peve_00035064	1.159554714	14
Porites_evermani_scaffold_539	141118	141786	gene-Peve_00035068	0.5087719333	30
Porites_evermani_scaffold_539	157421	157961	gene-Peve_00035069	1.190476143	7
Porites_evermani_scaffold_539	161698	167357	gene-Peve_00035070	0.3783957614	88
Porites_evermani_scaffold_539	178427	181084	gene-Peve_00035071	.	0
Porites_evermani_scaffold_539	203978	205606	gene-Peve_00035072	0	14
Porites_evermani_scaffold_5390	25	13881	gene-Peve_00035080	60.90244116	56
Porites_evermani_scaffold_5391	5353	13224	gene-Peve_00035081	.	0
Porites_evermani_scaffold_5392	3714	9756	gene-Peve_00035082	69.41356135	69
Porites_evermani_scaffold_5393	2195	6282	gene-Peve_00035083	0	22
Porites_evermani_scaffold_5394	17	14141	gene-Peve_00035084	0.6209323897	213
Porites_evermani_scaffold_5395	2425	4387	gene-Peve_00035085	2.08333325	4
Porites_evermani_scaffold_5395	8106	14057	gene-Peve_00035086	0	1
Porites_evermani_scaffold_5396	7128	13233	gene-Peve_00035088	2.621387835	133
Porites_evermani_scaffold_5397	24	7975	gene-Peve_00035089	0.2590190814	86
Porites_evermani_scaffold_5398	12969	14110	gene-Peve_00035090	0.2024291579	38
Porites_evermani_scaffold_5399	4926	12097	gene-Peve_00035091	.	0
Porites_evermani_scaffold_54	3554	4426	gene-Peve_00035092	0.1680672353	17
Porites_evermani_scaffold_54	11922	16478	gene-Peve_00035135	.	0
Porites_evermani_scaffold_54	19152	22180	gene-Peve_00035093	.	0
Porites_evermani_scaffold_54	22761	24546	gene-Peve_00035096	0	2
Porites_evermani_scaffold_54	37422	38877	gene-Peve_00035127	7.4065126	10
Porites_evermani_scaffold_54	46364	74488	gene-Peve_00035128	0.8676248274	649
Porites_evermani_scaffold_54	83935	86551	gene-Peve_00035129	6.260551984	63
Porites_evermani_scaffold_54	87403	90136	gene-Peve_00035130	2.24624292	113
Porites_evermani_scaffold_54	93107	94143	gene-Peve_00035131	.	0
Porites_evermani_scaffold_54	98337	99698	gene-Peve_00035132	1.162171154	39
Porites_evermani_scaffold_54	113570	116235	gene-Peve_00035133	0.5300693684	57
Porites_evermani_scaffold_54	129934	134512	gene-Peve_00035134	.	0
Porites_evermani_scaffold_54	135933	154666	gene-Peve_00035136	0.807291582	378
Porites_evermani_scaffold_54	180469	195228	gene-Peve_00035138	19.70172844	405
Porites_evermani_scaffold_54	195431	207075	gene-Peve_00035139	29.44831998	211
Porites_evermani_scaffold_54	210288	247708	gene-Peve_00035140	1.036502458	1078
Porites_evermani_scaffold_54	268188	296370	gene-Peve_00035095	9.665253242	708
Porites_evermani_scaffold_54	314547	314958	gene-Peve_00035097	0.2941176	10
Porites_evermani_scaffold_54	332805	333699	gene-Peve_00035098	0	21
Porites_evermani_scaffold_54	341373	341959	gene-Peve_00035099	0	5
Porites_evermani_scaffold_54	352866	353784	gene-Peve_00035100	.	0
Porites_evermani_scaffold_54	361313	361916	gene-Peve_00035103	.	0
Porites_evermani_scaffold_54	365760	366900	gene-Peve_00035104	0.6161431538	26
Porites_evermani_scaffold_54	368133	369035	gene-Peve_00035105	0	8
Porites_evermani_scaffold_54	369356	369845	gene-Peve_00035106	.	0
Porites_evermani_scaffold_54	374534	375398	gene-Peve_00035107	0.4464285625	16
Porites_evermani_scaffold_54	376984	377422	gene-Peve_00035108	.	0
Porites_evermani_scaffold_54	380729	381623	gene-Peve_00035109	0	6
Porites_evermani_scaffold_54	386067	386961	gene-Peve_00035110	0.6971677778	18
Porites_evermani_scaffold_54	396844	397729	gene-Peve_00035111	0.6944444167	12
Porites_evermani_scaffold_54	400088	402927	gene-Peve_00035112	1.487005048	63
Porites_evermani_scaffold_54	406202	411562	gene-Peve_00035113	0.4271323878	98
Porites_evermani_scaffold_54	413242	425883	gene-Peve_00035114	0.5795579968	315
Porites_evermani_scaffold_54	448697	458458	gene-Peve_00035116	1.034772283	237
Porites_evermani_scaffold_54	461762	485452	gene-Peve_00035117	1.046354058	497
Porites_evermani_scaffold_54	493646	494043	gene-Peve_00035118	91.84097991	11
Porites_evermani_scaffold_54	497742	504468	gene-Peve_00035119	36.28144919	52
Porites_evermani_scaffold_54	524347	524920	gene-Peve_00035120	0.9803921176	17
Porites_evermani_scaffold_54	526922	534135	gene-Peve_00035121	0.1510770952	210
Porites_evermani_scaffold_54	541693	580475	gene-Peve_00035122	10.1616799	1019
Porites_evermani_scaffold_54	589966	690396	gene-Peve_00035123	4.911992325	2164
Porites_evermani_scaffold_540	188	8776	gene-Peve_00035142	0.181652177	226
Porites_evermani_scaffold_540	15576	27002	gene-Peve_00035155	80.61237375	12
Porites_evermani_scaffold_540	33542	49718	gene-Peve_00035144	19.20649987	270
Porites_evermani_scaffold_540	58562	60545	gene-Peve_00035145	0.1984126905	42
Porites_evermani_scaffold_540	61671	75590	gene-Peve_00035146	13.71933419	335
Porites_evermani_scaffold_540	78158	87119	gene-Peve_00035147	18.30632343	111
Porites_evermani_scaffold_540	88136	97280	gene-Peve_00035148	24.43740604	144
Porites_evermani_scaffold_540	99364	105492	gene-Peve_00035149	6.658609932	118
Porites_evermani_scaffold_540	107233	134565	gene-Peve_00035150	16.36253466	433
Porites_evermani_scaffold_540	138482	140336	gene-Peve_00035151	0	16
Porites_evermani_scaffold_540	141157	151501	gene-Peve_00035152	12.57023182	83
Porites_evermani_scaffold_540	151667	154718	gene-Peve_00035153	46.68158062	63
Porites_evermani_scaffold_540	156608	158114	gene-Peve_00035154	45.8333335	2
Porites_evermani_scaffold_540	163626	164634	gene-Peve_00035156	0	33
Porites_evermani_scaffold_540	183028	183475	gene-Peve_00035157	0	6
Porites_evermani_scaffold_540	183500	186824	gene-Peve_00035158	0	32
Porites_evermani_scaffold_540	190738	191998	gene-Peve_00035159	0	37
Porites_evermani_scaffold_540	215659	216772	gene-Peve_00035160	0.3068783111	45
Porites_evermani_scaffold_540	221328	232458	gene-Peve_00035161	0.1861813419	234
Porites_evermani_scaffold_5400	4478	7484	gene-Peve_00035162	0	17
Porites_evermani_scaffold_5401	2	7931	gene-Peve_00035163	4.428903125	8
Porites_evermani_scaffold_5401	8021	8443	gene-Peve_00035164	.	0
Porites_evermani_scaffold_5402	1045	3799	gene-Peve_00035165	90.4545455	2
Porites_evermani_scaffold_5402	3827	7425	gene-Peve_00035166	91.21878124	21
Porites_evermani_scaffold_5404	47	406	gene-Peve_00035168	.	0
Porites_evermani_scaffold_5405	1850	11489	gene-Peve_00035169	.	0
Porites_evermani_scaffold_5406	5189	11483	gene-Peve_00035170	.	0
Porites_evermani_scaffold_5406	12695	13868	gene-Peve_00035171	.	0
Porites_evermani_scaffold_5407	11888	12998	gene-Peve_00035172	.	0
Porites_evermani_scaffold_5408	9	555	gene-Peve_00035173	.	0
Porites_evermani_scaffold_5408	2304	7953	gene-Peve_00035174	76.11981748	21
Porites_evermani_scaffold_5408	8051	8971	gene-Peve_00035175	.	0
Porites_evermani_scaffold_5409	121	5960	gene-Peve_00035176	.	0
Porites_evermani_scaffold_541	1786	18581	gene-Peve_00035179	19.50319953	183
Porites_evermani_scaffold_541	28893	42685	gene-Peve_00035189	0.5	20
Porites_evermani_scaffold_541	50596	62270	gene-Peve_00035177	0	69
Porites_evermani_scaffold_541	64736	66724	gene-Peve_00035178	0	7
Porites_evermani_scaffold_541	69986	70598	gene-Peve_00035180	.	0
Porites_evermani_scaffold_541	74068	75142	gene-Peve_00035181	0	2
Porites_evermani_scaffold_541	77312	78335	gene-Peve_00035182	0	1
Porites_evermani_scaffold_541	84943	94131	gene-Peve_00035185	1.403290592	49
Porites_evermani_scaffold_541	107913	108820	gene-Peve_00035186	.	0
Porites_evermani_scaffold_541	109075	110521	gene-Peve_00035187	0	4
Porites_evermani_scaffold_541	118944	133485	gene-Peve_00035188	0.2135662419	62
Porites_evermani_scaffold_541	145734	156245	gene-Peve_00035190	1.693105601	173
Porites_evermani_scaffold_541	160613	161614	gene-Peve_00035191	0	7
Porites_evermani_scaffold_541	175243	193793	gene-Peve_00035192	1.219372475	217
Porites_evermani_scaffold_541	201072	227535	gene-Peve_00035193	0.5248542085	235
Porites_evermani_scaffold_5410	1978	2977	gene-Peve_00035194	0.2380952286	35
Porites_evermani_scaffold_5410	5944	13425	gene-Peve_00035195	0.2369485849	106
Porites_evermani_scaffold_5411	974	1430	gene-Peve_00035196	.	0
Porites_evermani_scaffold_5411	4879	5443	gene-Peve_00035197	0	7
Porites_evermani_scaffold_5411	8166	14006	gene-Peve_00035198	22.22222222	9
Porites_evermani_scaffold_5412	2023	3034	gene-Peve_00035199	0	33
Porites_evermani_scaffold_5412	5411	8664	gene-Peve_00035200	.	0
Porites_evermani_scaffold_5414	3141	13671	gene-Peve_00035201	.	0
Porites_evermani_scaffold_5415	2122	8542	gene-Peve_00035203	.	0
Porites_evermani_scaffold_5415	8949	10728	gene-Peve_00035204	.	0
Porites_evermani_scaffold_5416	1578	5955	gene-Peve_00035205	77.4242425	6
Porites_evermani_scaffold_5417	6592	8506	gene-Peve_00035206	0.1398601455	55
Porites_evermani_scaffold_5418	4586	11894	gene-Peve_00035207	1.631209518	191
Porites_evermani_scaffold_5419	7	13448	gene-Peve_00035208	1.002279061	230
Porites_evermani_scaffold_542	15	8465	gene-Peve_00035209	0.5381657358	212
Porites_evermani_scaffold_542	8343	20076	gene-Peve_00035210	28.23897652	288
Porites_evermani_scaffold_542	45487	45959	gene-Peve_00035218	0	9
Porites_evermani_scaffold_542	46431	87648	gene-Peve_00035219	30.86587172	642
Porites_evermani_scaffold_542	115861	127891	gene-Peve_00035211	75.71468913	95
Porites_evermani_scaffold_542	129708	143087	gene-Peve_00035212	69.78483994	102
Porites_evermani_scaffold_542	143378	147477	gene-Peve_00035213	78.22909924	45
Porites_evermani_scaffold_542	148641	150907	gene-Peve_00035214	.	0
Porites_evermani_scaffold_542	152886	176915	gene-Peve_00035215	1.156683013	240
Porites_evermani_scaffold_542	226839	232718	gene-Peve_00035217	69.22743157	42
Porites_evermani_scaffold_5421	89	13439	gene-Peve_00035220	22.78156565	40
Porites_evermani_scaffold_5422	1260	4005	gene-Peve_00035221	0	83
Porites_evermani_scaffold_5422	11710	12217	gene-Peve_00035222	0.2506265789	19
Porites_evermani_scaffold_5425	5177	8982	gene-Peve_00035223	2.547025276	76
Porites_evermani_scaffold_5426	993	4165	gene-Peve_00035224	0.1044932121	33
Porites_evermani_scaffold_5426	5840	7866	gene-Peve_00035225	0.2785753208	53
Porites_evermani_scaffold_5429	1942	10546	gene-Peve_00035226	0.8895811084	83
Porites_evermani_scaffold_543	11008	11598	gene-Peve_00035248	.	0
Porites_evermani_scaffold_543	28674	29528	gene-Peve_00035231	70.64098345	11
Porites_evermani_scaffold_543	45979	46977	gene-Peve_00035238	43.19377757	7
Porites_evermani_scaffold_543	51656	51959	gene-Peve_00035239	41.075742	6
Porites_evermani_scaffold_543	55190	56189	gene-Peve_00035240	55	3
Porites_evermani_scaffold_543	58440	63138	gene-Peve_00035241	35.62029906	139
Porites_evermani_scaffold_543	69460	74601	gene-Peve_00035242	0	17
Porites_evermani_scaffold_543	79602	80367	gene-Peve_00035243	0	4
Porites_evermani_scaffold_543	87570	87901	gene-Peve_00035246	67.1028973	10
Porites_evermani_scaffold_543	96651	97931	gene-Peve_00035247	78.25139532	22
Porites_evermani_scaffold_543	110268	112850	gene-Peve_00035249	.	0
Porites_evermani_scaffold_543	111622	113846	gene-Peve_00035250	.	0
Porites_evermani_scaffold_543	122569	127333	gene-Peve_00035252	.	0
Porites_evermani_scaffold_543	129334	129823	gene-Peve_00035253	68.45799169	13
Porites_evermani_scaffold_543	135439	136594	gene-Peve_00035227	20.75098814	7
Porites_evermani_scaffold_543	137638	138231	gene-Peve_00035228	64.52070177	13
Porites_evermani_scaffold_543	138975	142472	gene-Peve_00035229	71.22066808	52
Porites_evermani_scaffold_543	181249	182447	gene-Peve_00035232	81.38186692	25
Porites_evermani_scaffold_543	186896	188243	gene-Peve_00035233	62.5515996	5
Porites_evermani_scaffold_543	207504	209356	gene-Peve_00035234	45.41206355	20
Porites_evermani_scaffold_543	215184	217969	gene-Peve_00035235	36.46081464	33
Porites_evermani_scaffold_543	226161	226557	gene-Peve_00035236	.	0
Porites_evermani_scaffold_543	228867	229206	gene-Peve_00035237	79.06677938	13
Porites_evermani_scaffold_5430	4803	5262	gene-Peve_00035254	0	5
Porites_evermani_scaffold_5432	3809	6947	gene-Peve_00035255	0	1
Porites_evermani_scaffold_5433	3536	4914	gene-Peve_00035258	0	48
Porites_evermani_scaffold_5435	8622	9483	gene-Peve_00035259	0.896633275	40
Porites_evermani_scaffold_5437	4013	5405	gene-Peve_00035260	11.61012495	19
Porites_evermani_scaffold_544	2511	15627	gene-Peve_00035262	0.5540851178	314
Porites_evermani_scaffold_544	17079	24365	gene-Peve_00035274	0.2272288276	116
Porites_evermani_scaffold_544	30436	46512	gene-Peve_00035275	0.3375408571	196
Porites_evermani_scaffold_544	64908	90256	gene-Peve_00035276	0.4858904778	586
Porites_evermani_scaffold_544	111215	113539	gene-Peve_00035265	3.379860951	41
Porites_evermani_scaffold_544	121468	126294	gene-Peve_00035267	.	0
Porites_evermani_scaffold_544	143303	153190	gene-Peve_00035268	0.3519295772	272
Porites_evermani_scaffold_544	154768	165131	gene-Peve_00035269	0.9607901015	266
Porites_evermani_scaffold_544	179048	179681	gene-Peve_00035270	0	4
Porites_evermani_scaffold_544	179711	180413	gene-Peve_00035271	28.1716102	5
Porites_evermani_scaffold_544	190938	233474	gene-Peve_00035272	4.365227937	491
Porites_evermani_scaffold_544	208871	211139	gene-Peve_00035273	37.96968667	43
Porites_evermani_scaffold_5440	10197	11406	gene-Peve_00035277	0.8418515455	22
Porites_evermani_scaffold_5441	1931	7959	gene-Peve_00035278	0.3706419032	62
Porites_evermani_scaffold_5442	1145	5688	gene-Peve_00035279	0.1587301619	105
Porites_evermani_scaffold_5444	3706	6111	gene-Peve_00035281	.	0
Porites_evermani_scaffold_5446	2521	3371	gene-Peve_00035283	.	0
Porites_evermani_scaffold_5447	4653	7082	gene-Peve_00035284	0	36
Porites_evermani_scaffold_5448	2568	3759	gene-Peve_00035285	.	0
Porites_evermani_scaffold_5449	1722	2386	gene-Peve_00035287	0	11
Porites_evermani_scaffold_5449	6123	7014	gene-Peve_00035288	0.1012145769	26
Porites_evermani_scaffold_5449	8108	10865	gene-Peve_00035289	0.1191646146	96
Porites_evermani_scaffold_545	1638	19915	gene-Peve_00035290	13.84029579	272
Porites_evermani_scaffold_545	23715	24303	gene-Peve_00035305	17.66339875	4
Porites_evermani_scaffold_545	25107	31160	gene-Peve_00035308	3.80952381	42
Porites_evermani_scaffold_545	32756	39341	gene-Peve_00035309	38.43286417	100
Porites_evermani_scaffold_545	39581	44211	gene-Peve_00035291	67.38454455	65
Porites_evermani_scaffold_545	51596	63066	gene-Peve_00035292	29.03883001	220
Porites_evermani_scaffold_545	68038	80476	gene-Peve_00035293	22.02020891	193
Porites_evermani_scaffold_545	83602	105097	gene-Peve_00035294	36.79361691	395
Porites_evermani_scaffold_545	107516	111502	gene-Peve_00035295	0.3443934567	127
Porites_evermani_scaffold_545	115266	127980	gene-Peve_00035296	21.70690594	259
Porites_evermani_scaffold_545	130191	136398	gene-Peve_00035297	0.5404248435	147
Porites_evermani_scaffold_545	140245	152881	gene-Peve_00035298	45.76920518	157
Porites_evermani_scaffold_545	153622	157097	gene-Peve_00035299	0.4757727684	95
Porites_evermani_scaffold_545	158459	160647	gene-Peve_00035300	6.775615696	46
Porites_evermani_scaffold_545	165371	171482	gene-Peve_00035301	70.69608377	79
Porites_evermani_scaffold_545	175134	175731	gene-Peve_00035304	63.04290957	7
Porites_evermani_scaffold_545	176886	197842	gene-Peve_00035302	64.67772137	183
Porites_evermani_scaffold_545	201163	210616	gene-Peve_00035306	75.02888818	85
Porites_evermani_scaffold_545	212228	228513	gene-Peve_00035307	57.07289403	286
Porites_evermani_scaffold_5450	6977	9624	gene-Peve_00035310	0.6297917765	85
Porites_evermani_scaffold_5450	10014	13333	gene-Peve_00035311	2.064559074	81
Porites_evermani_scaffold_5451	2	9745	gene-Peve_00035312	11.97857988	25
Porites_evermani_scaffold_5452	95	931	gene-Peve_00035313	0	20
Porites_evermani_scaffold_5452	2499	3237	gene-Peve_00035314	.	0
Porites_evermani_scaffold_5452	6946	12680	gene-Peve_00035315	0.2012310547	128
Porites_evermani_scaffold_5453	679	1064	gene-Peve_00035316	.	0
Porites_evermani_scaffold_5453	11342	11948	gene-Peve_00035317	0	18
Porites_evermani_scaffold_5454	4402	4720	gene-Peve_00035318	0	6
Porites_evermani_scaffold_5454	9639	13073	gene-Peve_00035320	37.98472994	111
Porites_evermani_scaffold_5455	16	12499	gene-Peve_00035321	0.489787913	138
Porites_evermani_scaffold_5458	666	12629	gene-Peve_00035322	43.85706173	26
Porites_evermani_scaffold_5459	7291	11765	gene-Peve_00035323	0	15
Porites_evermani_scaffold_546	6898	10365	gene-Peve_00035324	2.941001324	34
Porites_evermani_scaffold_546	29045	29832	gene-Peve_00035336	4.761904667	3
Porites_evermani_scaffold_546	46807	47128	gene-Peve_00035337	.	0
Porites_evermani_scaffold_546	62760	64139	gene-Peve_00035325	.	0
Porites_evermani_scaffold_546	70502	72645	gene-Peve_00035327	.	0
Porites_evermani_scaffold_546	77428	103215	gene-Peve_00035326	0.5913978387	31
Porites_evermani_scaffold_546	131408	134911	gene-Peve_00035329	.	0
Porites_evermani_scaffold_546	143675	152132	gene-Peve_00035330	.	0
Porites_evermani_scaffold_546	167751	171759	gene-Peve_00035331	.	0
Porites_evermani_scaffold_546	177313	177964	gene-Peve_00035332	72.78554785	13
Porites_evermani_scaffold_546	190731	191798	gene-Peve_00035333	.	0
Porites_evermani_scaffold_546	206625	208560	gene-Peve_00035334	40.83881575	4
Porites_evermani_scaffold_546	208923	209888	gene-Peve_00035335	20.54558033	24
Porites_evermani_scaffold_5460	6465	10158	gene-Peve_00035339	0	19
Porites_evermani_scaffold_5461	2844	6148	gene-Peve_00035340	0	11
Porites_evermani_scaffold_5461	8757	10506	gene-Peve_00035341	.	0
Porites_evermani_scaffold_5463	4621	13320	gene-Peve_00035343	100	2
Porites_evermani_scaffold_5464	7560	8967	gene-Peve_00035344	0	12
Porites_evermani_scaffold_5466	133	10898	gene-Peve_00035345	1.607516049	371
Porites_evermani_scaffold_5466	2516	3206	gene-Peve_00035346	0	14
Porites_evermani_scaffold_5467	2440	11832	gene-Peve_00035347	28.77896687	123
Porites_evermani_scaffold_5469	4979	5363	gene-Peve_00035348	.	0
Porites_evermani_scaffold_5469	7436	11448	gene-Peve_00035349	30.17785981	31
Porites_evermani_scaffold_547	30198	41919	gene-Peve_00035369	38.83464727	106
Porites_evermani_scaffold_547	45945	52184	gene-Peve_00035371	4.497833642	137
Porites_evermani_scaffold_547	60763	61909	gene-Peve_00035378	0.2024291579	38
Porites_evermani_scaffold_547	65944	70555	gene-Peve_00035350	72.39371688	75
Porites_evermani_scaffold_547	73482	74571	gene-Peve_00035358	0.3174603333	21
Porites_evermani_scaffold_547	79040	85919	gene-Peve_00035367	41.61696348	115
Porites_evermani_scaffold_547	97477	99361	gene-Peve_00035370	27.12955574	38
Porites_evermani_scaffold_547	111842	112613	gene-Peve_00035372	30.6153846	5
Porites_evermani_scaffold_547	114738	115746	gene-Peve_00035373	39.83471589	9
Porites_evermani_scaffold_547	117462	119259	gene-Peve_00035374	90.10171926	62
Porites_evermani_scaffold_547	120291	121983	gene-Peve_00035375	39.9254801	51
Porites_evermani_scaffold_547	122420	124510	gene-Peve_00035376	44.2708366	50
Porites_evermani_scaffold_547	128900	132497	gene-Peve_00035377	81.10677065	66
Porites_evermani_scaffold_547	134439	135594	gene-Peve_00035379	62.16619525	20
Porites_evermani_scaffold_547	138532	140027	gene-Peve_00035380	80.94233074	35
Porites_evermani_scaffold_547	143415	143844	gene-Peve_00035381	75.02775617	24
Porites_evermani_scaffold_547	151718	152312	gene-Peve_00035351	47.42749018	44
Porites_evermani_scaffold_547	156123	158568	gene-Peve_00035352	85.61990094	16
Porites_evermani_scaffold_547	160921	164081	gene-Peve_00035353	79.10044632	57
Porites_evermani_scaffold_547	175188	177444	gene-Peve_00035355	48.67056202	65
Porites_evermani_scaffold_547	179252	180987	gene-Peve_00035356	13.56169871	24
Porites_evermani_scaffold_547	189742	192531	gene-Peve_00035359	2.010822509	55
Porites_evermani_scaffold_547	201089	201736	gene-Peve_00035360	0.4385964737	19
Porites_evermani_scaffold_547	202030	203103	gene-Peve_00035361	0.5681818182	11
Porites_evermani_scaffold_547	203851	206524	gene-Peve_00035362	0	12
Porites_evermani_scaffold_547	207795	208548	gene-Peve_00035363	0.5787037222	36
Porites_evermani_scaffold_547	210545	212142	gene-Peve_00035364	1.244769717	46
Porites_evermani_scaffold_547	216296	219803	gene-Peve_00035365	0.07072135644	101
Porites_evermani_scaffold_547	232098	233445	gene-Peve_00035366	0.5296641136	44
Porites_evermani_scaffold_5470	5911	13141	gene-Peve_00035382	0.528753	115
Porites_evermani_scaffold_5471	1505	13278	gene-Peve_00035383	91.09652214	84
Porites_evermani_scaffold_5472	1263	2940	gene-Peve_00035384	.	0
Porites_evermani_scaffold_5472	7869	9621	gene-Peve_00035386	34.7826085	2
Porites_evermani_scaffold_5472	12822	13239	gene-Peve_00035385	0	1
Porites_evermani_scaffold_5473	4069	8541	gene-Peve_00035387	1.245059283	46
Porites_evermani_scaffold_5474	625	4222	gene-Peve_00035388	0	29
Porites_evermani_scaffold_5474	5611	12566	gene-Peve_00035389	0.9958791429	14
Porites_evermani_scaffold_5475	2346	12839	gene-Peve_00035390	0	17
Porites_evermani_scaffold_5476	196	6779	gene-Peve_00035391	16.67300292	36
Porites_evermani_scaffold_5477	2845	12258	gene-Peve_00035392	14.56328803	78
Porites_evermani_scaffold_5478	31	4353	gene-Peve_00035393	.	0
Porites_evermani_scaffold_548	10893	13890	gene-Peve_00035394	0	6
Porites_evermani_scaffold_548	20023	21679	gene-Peve_00035404	.	0
Porites_evermani_scaffold_548	31557	36928	gene-Peve_00035408	58.74417174	19
Porites_evermani_scaffold_548	50235	51465	gene-Peve_00035396	.	0
Porites_evermani_scaffold_548	54362	55592	gene-Peve_00035397	.	0
Porites_evermani_scaffold_548	58488	60640	gene-Peve_00035398	.	0
Porites_evermani_scaffold_548	100787	123627	gene-Peve_00035395	11.13595687	24
Porites_evermani_scaffold_548	126465	128541	gene-Peve_00035400	.	0
Porites_evermani_scaffold_548	130029	130544	gene-Peve_00035401	.	0
Porites_evermani_scaffold_548	138809	147575	gene-Peve_00035402	5.014216538	13
Porites_evermani_scaffold_548	170397	185263	gene-Peve_00035405	6	5
Porites_evermani_scaffold_548	210574	220268	gene-Peve_00035406	0	19
Porites_evermani_scaffold_548	228114	229218	gene-Peve_00035407	0	6
Porites_evermani_scaffold_5480	1773	10857	gene-Peve_00035409	3.737373744	39
Porites_evermani_scaffold_5481	8634	11773	gene-Peve_00035410	1.457804352	54
Porites_evermani_scaffold_5482	9545	12872	gene-Peve_00035411	0	6
Porites_evermani_scaffold_5482	9916	11613	gene-Peve_00035412	.	0
Porites_evermani_scaffold_5483	2982	3771	gene-Peve_00035413	100	2
Porites_evermani_scaffold_5483	3684	8206	gene-Peve_00035414	76.00656914	22
Porites_evermani_scaffold_5484	364	8942	gene-Peve_00035415	33.61217218	34
Porites_evermani_scaffold_5485	6364	12329	gene-Peve_00035416	1.062757393	112
Porites_evermani_scaffold_5487	981	4890	gene-Peve_00035417	67.812704	17
Porites_evermani_scaffold_5487	7441	9679	gene-Peve_00035418	.	0
Porites_evermani_scaffold_5488	11016	12165	gene-Peve_00035419	0	4
Porites_evermani_scaffold_549	1278	7992	gene-Peve_00035420	3.528138524	42
Porites_evermani_scaffold_549	62861	85369	gene-Peve_00035429	1.68550571	297
Porites_evermani_scaffold_549	74145	74991	gene-Peve_00035421	11.90534186	21
Porites_evermani_scaffold_549	93777	94422	gene-Peve_00035422	0	9
Porites_evermani_scaffold_549	111132	111504	gene-Peve_00035423	0	8
Porites_evermani_scaffold_549	117508	142085	gene-Peve_00035424	1.0729509	360
Porites_evermani_scaffold_549	155202	175051	gene-Peve_00035425	0.3368218732	213
Porites_evermani_scaffold_549	175515	191612	gene-Peve_00035426	2.780113181	94
Porites_evermani_scaffold_549	203625	226281	gene-Peve_00035428	0.7207975347	202
Porites_evermani_scaffold_549	229517	233544	gene-Peve_00035427	0	6
Porites_evermani_scaffold_5490	1649	10306	gene-Peve_00035430	18.0173445	32
Porites_evermani_scaffold_5491	6832	7288	gene-Peve_00035431	.	0
Porites_evermani_scaffold_5492	11397	11757	gene-Peve_00035432	0	9
Porites_evermani_scaffold_5494	23	11818	gene-Peve_00035433	1.370148083	108
Porites_evermani_scaffold_5495	2818	3229	gene-Peve_00035434	0	13
Porites_evermani_scaffold_5495	4959	6350	gene-Peve_00035436	0.9577234318	44
Porites_evermani_scaffold_5495	6657	7206	gene-Peve_00035437	30.45454525	4
Porites_evermani_scaffold_5495	11014	11725	gene-Peve_00035435	0	21
Porites_evermani_scaffold_5497	644	11444	gene-Peve_00035438	0	13
Porites_evermani_scaffold_5498	1646	7237	gene-Peve_00035439	0.3623188261	23
Porites_evermani_scaffold_5499	1562	4607	gene-Peve_00035440	0	15
Porites_evermani_scaffold_5499	10457	11324	gene-Peve_00035441	.	0
Porites_evermani_scaffold_55	4326	4992	gene-Peve_00035442	0	11
Porites_evermani_scaffold_55	12840	15384	gene-Peve_00035455	1.225198417	48
Porites_evermani_scaffold_55	20000	40335	gene-Peve_00035461	27.30575503	131
Porites_evermani_scaffold_55	41104	41749	gene-Peve_00035468	0	21
Porites_evermani_scaffold_55	60672	68027	gene-Peve_00035472	46.05709167	138
Porites_evermani_scaffold_55	71795	72982	gene-Peve_00035478	0.2525252424	33
Porites_evermani_scaffold_55	76918	78082	gene-Peve_00035444	1.259851231	39
Porites_evermani_scaffold_55	82341	83487	gene-Peve_00035448	0.3668827297	37
Porites_evermani_scaffold_55	91432	92593	gene-Peve_00035453	0	14
Porites_evermani_scaffold_55	102273	112644	gene-Peve_00035454	51.40260788	150
Porites_evermani_scaffold_55	113401	115690	gene-Peve_00035456	37.36324424	29
Porites_evermani_scaffold_55	116059	130076	gene-Peve_00035458	79.3897864	205
Porites_evermani_scaffold_55	136133	147694	gene-Peve_00035457	24.60264129	222
Porites_evermani_scaffold_55	156433	158795	gene-Peve_00035459	75.92100859	29
Porites_evermani_scaffold_55	159622	184130	gene-Peve_00035460	20.99430679	515
Porites_evermani_scaffold_55	173110	174626	gene-Peve_00035462	1.674704586	29
Porites_evermani_scaffold_55	185735	195240	gene-Peve_00035463	0.6125648015	267
Porites_evermani_scaffold_55	197275	197932	gene-Peve_00035464	0	12
Porites_evermani_scaffold_55	200300	261418	gene-Peve_00035465	8.172566162	1442
Porites_evermani_scaffold_55	262390	288123	gene-Peve_00035466	2.643023269	465
Porites_evermani_scaffold_55	290201	295028	gene-Peve_00035467	.	0
Porites_evermani_scaffold_55	299078	326438	gene-Peve_00035469	0.8868532157	459
Porites_evermani_scaffold_55	336398	382142	gene-Peve_00035470	0.6535518546	798
Porites_evermani_scaffold_55	340887	341330	gene-Peve_00035471	0	5
Porites_evermani_scaffold_55	386266	394087	gene-Peve_00035474	0.3298563448	174
Porites_evermani_scaffold_55	403708	416753	gene-Peve_00035475	0.4085581405	242
Porites_evermani_scaffold_55	427374	433832	gene-Peve_00035476	0.8352557955	132
Porites_evermani_scaffold_55	460661	466131	gene-Peve_00035477	1.486827306	124
Porites_evermani_scaffold_55	492233	492617	gene-Peve_00035483	.	0
Porites_evermani_scaffold_55	494045	497897	gene-Peve_00035443	0.825287863	146
Porites_evermani_scaffold_55	523183	528412	gene-Peve_00035445	0	13
Porites_evermani_scaffold_55	556411	565523	gene-Peve_00035446	6.246885341	129
Porites_evermani_scaffold_55	572265	607885	gene-Peve_00035447	24.97560359	419
Porites_evermani_scaffold_55	612267	612767	gene-Peve_00035449	45.66070388	17
Porites_evermani_scaffold_55	614742	615177	gene-Peve_00035450	45.99614167	21
Porites_evermani_scaffold_55	626675	646385	gene-Peve_00035451	17.1697057	137
Porites_evermani_scaffold_55	661193	671915	gene-Peve_00035452	0.1856308458	253
Porites_evermani_scaffold_550	4041	5165	gene-Peve_00035484	2.712967179	28
Porites_evermani_scaffold_550	14951	23577	gene-Peve_00035489	0.4545951297	239
Porites_evermani_scaffold_550	25804	33792	gene-Peve_00035496	1.290180085	200
Porites_evermani_scaffold_550	55220	72914	gene-Peve_00035497	0.2243088263	213
Porites_evermani_scaffold_550	88054	98018	gene-Peve_00035498	0.2970926136	220
Porites_evermani_scaffold_550	101522	113683	gene-Peve_00035500	0.3360062484	322
Porites_evermani_scaffold_550	122458	123445	gene-Peve_00035486	0.4651162791	43
Porites_evermani_scaffold_550	131977	138477	gene-Peve_00035487	75.4819509	72
Porites_evermani_scaffold_550	140551	147375	gene-Peve_00035488	52.37417682	77
Porites_evermani_scaffold_550	148114	152989	gene-Peve_00035490	0.4124875806	62
Porites_evermani_scaffold_550	166316	175206	gene-Peve_00035491	0.1615593171	82
Porites_evermani_scaffold_550	176404	180474	gene-Peve_00035492	0.09469696753	154
Porites_evermani_scaffold_550	195895	199095	gene-Peve_00035493	11.6272295	76
Porites_evermani_scaffold_550	202667	214040	gene-Peve_00035494	42.00689798	153
Porites_evermani_scaffold_550	216091	223893	gene-Peve_00035495	69.27092483	60
Porites_evermani_scaffold_5500	2435	7812	gene-Peve_00035501	41.67644187	31
Porites_evermani_scaffold_5500	11307	11965	gene-Peve_00035502	1.066242097	31
Porites_evermani_scaffold_5501	3981	12593	gene-Peve_00035503	0.2950681127	142
Porites_evermani_scaffold_5502	6638	7985	gene-Peve_00035505	1.059461091	55
Porites_evermani_scaffold_5502	11012	12188	gene-Peve_00035506	1.020229469	32
Porites_evermani_scaffold_5503	484	2221	gene-Peve_00035507	0	1
Porites_evermani_scaffold_5503	6640	7117	gene-Peve_00035508	0	17
Porites_evermani_scaffold_5503	11988	12561	gene-Peve_00035509	.	0
Porites_evermani_scaffold_5504	8087	12814	gene-Peve_00035510	56.69913414	7
Porites_evermani_scaffold_5507	220	655	gene-Peve_00035511	.	0
Porites_evermani_scaffold_5507	3897	12692	gene-Peve_00035512	.	0
Porites_evermani_scaffold_5508	2489	3515	gene-Peve_00035513	0.303030303	33
Porites_evermani_scaffold_5509	6	2476	gene-Peve_00035514	69.81934725	8
Porites_evermani_scaffold_551	2078	2789	gene-Peve_00035517	.	0
Porites_evermani_scaffold_551	30166	31000	gene-Peve_00035518	.	0
Porites_evermani_scaffold_551	37470	38680	gene-Peve_00035519	.	0
Porites_evermani_scaffold_551	41750	44024	gene-Peve_00035520	0	4
Porites_evermani_scaffold_551	48230	48869	gene-Peve_00035521	0	5
Porites_evermani_scaffold_551	55169	55733	gene-Peve_00035523	.	0
Porites_evermani_scaffold_551	73909	74139	gene-Peve_00035525	.	0
Porites_evermani_scaffold_551	111259	112486	gene-Peve_00035526	1.320253224	49
Porites_evermani_scaffold_551	150936	159410	gene-Peve_00035530	.	0
Porites_evermani_scaffold_551	180781	181447	gene-Peve_00035531	.	0
Porites_evermani_scaffold_551	186929	187349	gene-Peve_00035532	.	0
Porites_evermani_scaffold_5510	981	11182	gene-Peve_00035533	20.28792379	139
Porites_evermani_scaffold_5511	1534	10416	gene-Peve_00035534	2.809724811	196
Porites_evermani_scaffold_5513	594	1178	gene-Peve_00035535	.	0
Porites_evermani_scaffold_5513	2955	3297	gene-Peve_00035536	.	0
Porites_evermani_scaffold_5513	4257	4569	gene-Peve_00035537	.	0
Porites_evermani_scaffold_5514	7942	11361	gene-Peve_00035538	0.7992008095	21
Porites_evermani_scaffold_5515	2762	3967	gene-Peve_00035539	.	0
Porites_evermani_scaffold_5515	6125	7912	gene-Peve_00035540	0	7
Porites_evermani_scaffold_5515	8703	11101	gene-Peve_00035541	.	0
Porites_evermani_scaffold_5518	223	12114	gene-Peve_00035542	0.8100239153	189
Porites_evermani_scaffold_5519	2499	12007	gene-Peve_00035543	19.84989156	34
Porites_evermani_scaffold_552	36946	37678	gene-Peve_00035559	.	0
Porites_evermani_scaffold_552	53944	55289	gene-Peve_00035544	.	0
Porites_evermani_scaffold_552	55366	56500	gene-Peve_00035545	.	0
Porites_evermani_scaffold_552	66849	69490	gene-Peve_00035546	0.3125	32
Porites_evermani_scaffold_552	87855	99271	gene-Peve_00035548	0.06038647101	138
Porites_evermani_scaffold_552	107308	120517	gene-Peve_00035549	12.9090868	291
Porites_evermani_scaffold_552	123948	148564	gene-Peve_00035550	24.52491489	258
Porites_evermani_scaffold_552	176345	178610	gene-Peve_00035552	0.3846154	20
Porites_evermani_scaffold_552	182854	195934	gene-Peve_00035551	1.409859569	239
Porites_evermani_scaffold_552	206218	215403	gene-Peve_00035554	0.59317058	300
Porites_evermani_scaffold_552	221211	222128	gene-Peve_00035556	0.680272	3
Porites_evermani_scaffold_552	228333	228945	gene-Peve_00035557	18.0128205	4
Porites_evermani_scaffold_5521	0	4293	gene-Peve_00035560	2.170868333	6
Porites_evermani_scaffold_5522	1	5361	gene-Peve_00035561	20.36630033	9
Porites_evermani_scaffold_5523	23	6141	gene-Peve_00035562	95.4242425	10
Porites_evermani_scaffold_5524	29	8248	gene-Peve_00035563	1.013599	93
Porites_evermani_scaffold_5525	5697	6111	gene-Peve_00035564	0	13
Porites_evermani_scaffold_5526	3689	7882	gene-Peve_00035565	1.127218373	102
Porites_evermani_scaffold_5527	4280	8928	gene-Peve_00035566	5.404124826	46
Porites_evermani_scaffold_5528	5454	9607	gene-Peve_00035567	.	0
Porites_evermani_scaffold_5529	45	6571	gene-Peve_00035568	0.2592118319	113
Porites_evermani_scaffold_5529	11636	12124	gene-Peve_00035569	.	0
Porites_evermani_scaffold_553	10382	14383	gene-Peve_00035582	0	44
Porites_evermani_scaffold_553	16058	16661	gene-Peve_00035586	.	0
Porites_evermani_scaffold_553	18252	29460	gene-Peve_00035593	0.120772942	69
Porites_evermani_scaffold_553	29526	34220	gene-Peve_00035594	67.83704744	78
Porites_evermani_scaffold_553	41436	42531	gene-Peve_00035570	0	31
Porites_evermani_scaffold_553	47426	50859	gene-Peve_00035571	11.08304975	63
Porites_evermani_scaffold_553	52961	59536	gene-Peve_00035572	0.4478195932	177
Porites_evermani_scaffold_553	61903	63623	gene-Peve_00035573	25.20745288	26
Porites_evermani_scaffold_553	63918	74212	gene-Peve_00035574	76.9698084	102
Porites_evermani_scaffold_553	75251	75561	gene-Peve_00035575	.	0
Porites_evermani_scaffold_553	75917	78586	gene-Peve_00035576	77.18728277	26
Porites_evermani_scaffold_553	81094	83615	gene-Peve_00035577	.	0
Porites_evermani_scaffold_553	84644	85684	gene-Peve_00035578	.	0
Porites_evermani_scaffold_553	99186	104163	gene-Peve_00035579	1.262760532	62
Porites_evermani_scaffold_553	110706	113337	gene-Peve_00035580	0	80
Porites_evermani_scaffold_553	119172	119824	gene-Peve_00035581	0.4166666667	15
Porites_evermani_scaffold_553	120068	125731	gene-Peve_00035583	0.8918196942	121
Porites_evermani_scaffold_553	133440	134470	gene-Peve_00035584	0.4931972857	28
Porites_evermani_scaffold_553	135898	147458	gene-Peve_00035585	1.094502263	209
Porites_evermani_scaffold_553	149908	153570	gene-Peve_00035587	0.5866803505	97
Porites_evermani_scaffold_553	158853	159237	gene-Peve_00035588	0	21
Porites_evermani_scaffold_553	167505	176020	gene-Peve_00035589	0.187659654	211
Porites_evermani_scaffold_553	186113	186514	gene-Peve_00035590	0	10
Porites_evermani_scaffold_553	203832	206568	gene-Peve_00035591	0.6181417973	74
Porites_evermani_scaffold_553	225730	229522	gene-Peve_00035592	0.4617786557	122
Porites_evermani_scaffold_5531	447	11522	gene-Peve_00035595	66.9866859	134
Porites_evermani_scaffold_5532	136	910	gene-Peve_00035596	.	0
Porites_evermani_scaffold_5532	3540	10572	gene-Peve_00035597	29.8531615	14
Porites_evermani_scaffold_5534	4793	7067	gene-Peve_00035598	70.65911654	13
Porites_evermani_scaffold_5534	8380	12069	gene-Peve_00035599	88.08784975	68
Porites_evermani_scaffold_5535	1372	11294	gene-Peve_00035600	61.68079884	89
Porites_evermani_scaffold_5536	6925	10027	gene-Peve_00035601	78.27633487	15
Porites_evermani_scaffold_5539	54	2340	gene-Peve_00035603	77.71489324	17
Porites_evermani_scaffold_5539	4614	6382	gene-Peve_00035604	1.640692657	35
Porites_evermani_scaffold_554	6153	9184	gene-Peve_00035609	0.1844746136	88
Porites_evermani_scaffold_554	12251	12951	gene-Peve_00035616	1.956521739	23
Porites_evermani_scaffold_554	19773	20835	gene-Peve_00035620	2.000707625	24
Porites_evermani_scaffold_554	24419	28122	gene-Peve_00035621	0.21189136	125
Porites_evermani_scaffold_554	30329	32060	gene-Peve_00035622	0	32
Porites_evermani_scaffold_554	33293	34544	gene-Peve_00035623	0.2409297143	49
Porites_evermani_scaffold_554	51914	53222	gene-Peve_00035606	2.313138286	49
Porites_evermani_scaffold_554	59853	63626	gene-Peve_00035607	18.66691008	65
Porites_evermani_scaffold_554	66620	72112	gene-Peve_00035608	0.2765306171	175
Porites_evermani_scaffold_554	81154	94569	gene-Peve_00035612	0.4865128801	342
Porites_evermani_scaffold_554	96577	110654	gene-Peve_00035611	0.5244083747	419
Porites_evermani_scaffold_554	115237	118710	gene-Peve_00035613	1.537456523	88
Porites_evermani_scaffold_554	119971	138491	gene-Peve_00035614	0.3634973341	449
Porites_evermani_scaffold_554	146671	147906	gene-Peve_00035615	8.080808111	9
Porites_evermani_scaffold_554	148366	151249	gene-Peve_00035617	28.29835525	16
Porites_evermani_scaffold_554	156885	198331	gene-Peve_00035618	0.6705496002	958
Porites_evermani_scaffold_554	207572	224035	gene-Peve_00035619	0.4565992601	273
Porites_evermani_scaffold_5540	2126	11695	gene-Peve_00035624	0.2960963038	158
Porites_evermani_scaffold_5542	6	11644	gene-Peve_00035625	70.07773817	18
Porites_evermani_scaffold_5543	7060	11987	gene-Peve_00035626	19.0972956	35
Porites_evermani_scaffold_5544	1519	6689	gene-Peve_00035627	71.25090028	36
Porites_evermani_scaffold_5545	5	3515	gene-Peve_00035628	3.034385545	33
Porites_evermani_scaffold_5545	7354	7675	gene-Peve_00035629	20	1
Porites_evermani_scaffold_5546	535	11627	gene-Peve_00035630	2.25196562	142
Porites_evermani_scaffold_5547	309	9770	gene-Peve_00035631	0.2084006667	204
Porites_evermani_scaffold_5548	11039	11959	gene-Peve_00035632	.	0
Porites_evermani_scaffold_555	15311	28785	gene-Peve_00035638	0.8612054599	187
Porites_evermani_scaffold_555	34616	35087	gene-Peve_00035645	0	4
Porites_evermani_scaffold_555	39206	40926	gene-Peve_00035648	.	0
Porites_evermani_scaffold_555	44196	47344	gene-Peve_00035650	1.03821791	89
Porites_evermani_scaffold_555	48685	85663	gene-Peve_00035633	0.750780383	470
Porites_evermani_scaffold_555	87091	87670	gene-Peve_00035634	.	0
Porites_evermani_scaffold_555	90488	102177	gene-Peve_00035635	0.9452287731	119
Porites_evermani_scaffold_555	110908	119531	gene-Peve_00035636	19.12099555	112
Porites_evermani_scaffold_555	123442	140636	gene-Peve_00035637	1.143765561	212
Porites_evermani_scaffold_555	143616	143994	gene-Peve_00035639	0	2
Porites_evermani_scaffold_555	145487	147055	gene-Peve_00035640	.	0
Porites_evermani_scaffold_555	173810	174365	gene-Peve_00035642	.	0
Porites_evermani_scaffold_555	179909	212450	gene-Peve_00035643	10.29864363	431
Porites_evermani_scaffold_555	214614	226281	gene-Peve_00035644	0.6916058354	243
Porites_evermani_scaffold_555	231515	232151	gene-Peve_00035647	0	17
Porites_evermani_scaffold_5550	2434	10775	gene-Peve_00035651	80.94728194	16
Porites_evermani_scaffold_5553	210	9452	gene-Peve_00035652	2.736995484	122
Porites_evermani_scaffold_5554	6253	6667	gene-Peve_00035653	.	0
Porites_evermani_scaffold_5554	10684	11041	gene-Peve_00035656	.	0
Porites_evermani_scaffold_5556	6461	9817	gene-Peve_00035657	3.895905075	67
Porites_evermani_scaffold_5557	4826	5315	gene-Peve_00035658	0	12
Porites_evermani_scaffold_5558	1106	4250	gene-Peve_00035659	0.6043290133	75
Porites_evermani_scaffold_5558	9411	12263	gene-Peve_00035660	34.27687596	27
Porites_evermani_scaffold_5559	1384	9888	gene-Peve_00035661	0.5661375556	45
Porites_evermani_scaffold_556	6509	19121	gene-Peve_00035662	30.08412619	160
Porites_evermani_scaffold_556	19952	30668	gene-Peve_00035667	25.2861205	181
Porites_evermani_scaffold_556	32359	33184	gene-Peve_00035669	0	10
Porites_evermani_scaffold_556	33931	34707	gene-Peve_00035679	0	16
Porites_evermani_scaffold_556	38917	48534	gene-Peve_00035680	0.2918899904	209
Porites_evermani_scaffold_556	48806	54722	gene-Peve_00035664	0.2637362615	130
Porites_evermani_scaffold_556	56161	57583	gene-Peve_00035665	2.289377286	28
Porites_evermani_scaffold_556	72734	77049	gene-Peve_00035666	0.279823268	97
Porites_evermani_scaffold_556	78151	87531	gene-Peve_00035668	0.2969700836	287
Porites_evermani_scaffold_556	102223	105921	gene-Peve_00035670	0.1142376162	99
Porites_evermani_scaffold_556	115969	119976	gene-Peve_00035671	1.627895661	62
Porites_evermani_scaffold_556	123052	143940	gene-Peve_00035672	12.81932655	498
Porites_evermani_scaffold_556	145738	173456	gene-Peve_00035673	20.39549591	572
Porites_evermani_scaffold_556	191249	199472	gene-Peve_00035676	0.313633562	121
Porites_evermani_scaffold_556	222522	223699	gene-Peve_00035677	0	8
Porites_evermani_scaffold_5561	7	3396	gene-Peve_00035681	0.4024621094	64
Porites_evermani_scaffold_5561	9089	11456	gene-Peve_00035682	.	0
Porites_evermani_scaffold_5563	714	12215	gene-Peve_00035683	0.7617443593	270
Porites_evermani_scaffold_5564	496	973	gene-Peve_00035684	0	6
Porites_evermani_scaffold_5564	1045	1420	gene-Peve_00035685	.	0
Porites_evermani_scaffold_5564	6323	7253	gene-Peve_00035686	0	7
Porites_evermani_scaffold_5565	2786	7882	gene-Peve_00035687	16.58432141	87
Porites_evermani_scaffold_5565	9383	11779	gene-Peve_00035688	9.813481854	41
Porites_evermani_scaffold_5567	277	978	gene-Peve_00035689	0.7518796842	19
Porites_evermani_scaffold_5567	9022	10098	gene-Peve_00035690	.	0
Porites_evermani_scaffold_5569	3706	4318	gene-Peve_00035691	.	0
Porites_evermani_scaffold_557	18857	21858	gene-Peve_00035714	0	58
Porites_evermani_scaffold_557	25982	31023	gene-Peve_00035711	3.49623625	44
Porites_evermani_scaffold_557	36748	37123	gene-Peve_00035695	.	0
Porites_evermani_scaffold_557	43516	46073	gene-Peve_00035696	0.2857142857	35
Porites_evermani_scaffold_557	50100	56709	gene-Peve_00035699	0.5584994694	49
Porites_evermani_scaffold_557	57960	58389	gene-Peve_00035700	.	0
Porites_evermani_scaffold_557	66385	73156	gene-Peve_00035698	0.3144089091	121
Porites_evermani_scaffold_557	75537	84260	gene-Peve_00035701	1.309912875	24
Porites_evermani_scaffold_557	89377	90640	gene-Peve_00035702	0	8
Porites_evermani_scaffold_557	91337	92550	gene-Peve_00035703	1.111111111	9
Porites_evermani_scaffold_557	101441	101783	gene-Peve_00035706	0	3
Porites_evermani_scaffold_557	104591	110605	gene-Peve_00035704	0.9835235417	48
Porites_evermani_scaffold_557	110696	111116	gene-Peve_00035705	.	0
Porites_evermani_scaffold_557	118126	119355	gene-Peve_00035707	0.3385416875	32
Porites_evermani_scaffold_557	119602	123861	gene-Peve_00035708	0.9186597913	115
Porites_evermani_scaffold_557	125477	134044	gene-Peve_00035709	0.5416795739	115
Porites_evermani_scaffold_557	127785	128709	gene-Peve_00035710	0.5291005556	9
Porites_evermani_scaffold_557	139434	146652	gene-Peve_00035713	0.3499619394	132
Porites_evermani_scaffold_557	152035	155443	gene-Peve_00035712	0.05980861364	88
Porites_evermani_scaffold_557	162952	173496	gene-Peve_00035715	1.217948696	46
Porites_evermani_scaffold_557	174917	175247	gene-Peve_00035718	0	7
Porites_evermani_scaffold_557	179734	188151	gene-Peve_00035716	3.852074852	54
Porites_evermani_scaffold_557	191465	196869	gene-Peve_00035717	0.2610483776	98
Porites_evermani_scaffold_557	199490	207934	gene-Peve_00035720	1.832529619	194
Porites_evermani_scaffold_557	209097	216024	gene-Peve_00035719	0.1420454687	32
Porites_evermani_scaffold_557	217316	218182	gene-Peve_00035692	0	20
Porites_evermani_scaffold_557	218062	218604	gene-Peve_00035693	0	11
Porites_evermani_scaffold_557	218768	219406	gene-Peve_00035694	0	7
Porites_evermani_scaffold_5570	102	3552	gene-Peve_00035721	0.8809523714	35
Porites_evermani_scaffold_5571	8979	10484	gene-Peve_00035722	.	0
Porites_evermani_scaffold_5573	125	8518	gene-Peve_00035723	23.89767239	69
Porites_evermani_scaffold_5575	1124	11325	gene-Peve_00035724	37.48062768	167
Porites_evermani_scaffold_5576	645	10610	gene-Peve_00035725	0.3496503462	26
Porites_evermani_scaffold_5577	843	11546	gene-Peve_00035726	8	10
Porites_evermani_scaffold_5578	4001	8738	gene-Peve_00035727	21.88342039	59
Porites_evermani_scaffold_5579	1469	9535	gene-Peve_00035728	29.81940537	43
Porites_evermani_scaffold_558	20240	20855	gene-Peve_00035729	.	0
Porites_evermani_scaffold_558	23981	27393	gene-Peve_00035734	21.67392596	24
Porites_evermani_scaffold_558	42882	44319	gene-Peve_00035739	.	0
Porites_evermani_scaffold_558	53391	54810	gene-Peve_00035743	.	0
Porites_evermani_scaffold_558	58271	59269	gene-Peve_00035748	.	0
Porites_evermani_scaffold_558	126370	135529	gene-Peve_00035731	0.9649682711	225
Porites_evermani_scaffold_558	141527	146210	gene-Peve_00035732	1.348634717	53
Porites_evermani_scaffold_558	163462	164839	gene-Peve_00035735	2.141839667	18
Porites_evermani_scaffold_558	169810	170649	gene-Peve_00035737	.	0
Porites_evermani_scaffold_558	172616	174397	gene-Peve_00035738	0.7575757273	11
Porites_evermani_scaffold_558	180344	181724	gene-Peve_00035740	0.125	40
Porites_evermani_scaffold_558	188154	189602	gene-Peve_00035741	0.5055147083	24
Porites_evermani_scaffold_558	192168	193615	gene-Peve_00035742	.	0
Porites_evermani_scaffold_558	204041	205478	gene-Peve_00035745	0.7211538438	32
Porites_evermani_scaffold_558	212607	227284	gene-Peve_00035746	0.2661717373	255
Porites_evermani_scaffold_558	230420	231616	gene-Peve_00035747	1.3392857	10
Porites_evermani_scaffold_5580	1871	2843	gene-Peve_00035751	.	0
Porites_evermani_scaffold_5580	3516	4267	gene-Peve_00035752	.	0
Porites_evermani_scaffold_5580	9827	10632	gene-Peve_00035753	.	0
Porites_evermani_scaffold_5584	1506	10014	gene-Peve_00035754	93.21139653	17
Porites_evermani_scaffold_5585	8589	9225	gene-Peve_00035755	0.2232142857	28
Porites_evermani_scaffold_5586	5803	9848	gene-Peve_00035756	0.4081632571	35
Porites_evermani_scaffold_5588	5419	6142	gene-Peve_00035757	0.2292663158	19
Porites_evermani_scaffold_5589	6611	7901	gene-Peve_00035758	0.9090909091	11
Porites_evermani_scaffold_559	15	3590	gene-Peve_00035760	52.36991673	44
Porites_evermani_scaffold_559	10731	11748	gene-Peve_00035772	84.8968253	10
Porites_evermani_scaffold_559	13301	17099	gene-Peve_00035773	41.76118742	69
Porites_evermani_scaffold_559	33517	42114	gene-Peve_00035761	0.6514856967	244
Porites_evermani_scaffold_559	49473	56701	gene-Peve_00035762	0.4898381446	166
Porites_evermani_scaffold_559	57928	65181	gene-Peve_00035763	0.8999804762	168
Porites_evermani_scaffold_559	76678	81649	gene-Peve_00035765	2.43041561	59
Porites_evermani_scaffold_559	89900	90218	gene-Peve_00035767	.	0
Porites_evermani_scaffold_559	93356	110899	gene-Peve_00035766	0.5387458133	75
Porites_evermani_scaffold_559	112983	113979	gene-Peve_00035768	.	0
Porites_evermani_scaffold_559	129487	130453	gene-Peve_00035769	2.597680179	28
Porites_evermani_scaffold_559	140089	155139	gene-Peve_00035770	1.158784017	60
Porites_evermani_scaffold_559	165973	171615	gene-Peve_00035771	0.3402223172	145
Porites_evermani_scaffold_5590	5238	7029	gene-Peve_00035774	0	1
Porites_evermani_scaffold_5592	276	1717	gene-Peve_00035775	0	2
Porites_evermani_scaffold_5593	2553	11696	gene-Peve_00035776	0.4549559748	318
Porites_evermani_scaffold_5594	1	4012	gene-Peve_00035777	0.3246753214	28
Porites_evermani_scaffold_5598	2102	3464	gene-Peve_00035778	.	0
Porites_evermani_scaffold_5598	3617	4166	gene-Peve_00035779	.	0
Porites_evermani_scaffold_56	2125	11982	gene-Peve_00035786	0.8224703852	244
Porites_evermani_scaffold_56	62317	75913	gene-Peve_00035781	62.87412811	118
Porites_evermani_scaffold_56	78265	82809	gene-Peve_00035782	0.5263157895	19
Porites_evermani_scaffold_56	99910	108441	gene-Peve_00035783	36.5592503	70
Porites_evermani_scaffold_56	117791	166163	gene-Peve_00035784	40.7912566	459
Porites_evermani_scaffold_56	168541	170116	gene-Peve_00035785	0.1960784314	51
Porites_evermani_scaffold_56	172426	273243	gene-Peve_00035787	14.74035705	1906
Porites_evermani_scaffold_56	273587	275146	gene-Peve_00035788	.	0
Porites_evermani_scaffold_56	277347	278295	gene-Peve_00035789	95.8333335	2
Porites_evermani_scaffold_56	288468	303791	gene-Peve_00035790	88.8007591	197
Porites_evermani_scaffold_56	329044	330046	gene-Peve_00035791	1.930596258	31
Porites_evermani_scaffold_56	332355	381518	gene-Peve_00035792	7.193830974	744
Porites_evermani_scaffold_56	334204	334591	gene-Peve_00035793	0	6
Porites_evermani_scaffold_56	395934	396468	gene-Peve_00035795	0.7936507778	9
Porites_evermani_scaffold_56	403602	465666	gene-Peve_00035796	2.012423375	1267
Porites_evermani_scaffold_56	466031	487701	gene-Peve_00035797	1.964982611	506
Porites_evermani_scaffold_56	489607	500291	gene-Peve_00035798	1.760004224	205
Porites_evermani_scaffold_56	500509	505753	gene-Peve_00035799	59.04346414	98
Porites_evermani_scaffold_56	519487	520582	gene-Peve_00035800	0.78488532	25
Porites_evermani_scaffold_56	522617	529079	gene-Peve_00035801	0.3112765608	148
Porites_evermani_scaffold_56	548942	552160	gene-Peve_00035802	0.3378787867	75
Porites_evermani_scaffold_56	566395	567421	gene-Peve_00035803	0	22
Porites_evermani_scaffold_56	574302	577325	gene-Peve_00035804	0.4652503333	48
Porites_evermani_scaffold_56	580148	591590	gene-Peve_00035805	7.896191721	247
Porites_evermani_scaffold_56	596944	597487	gene-Peve_00035806	0	2
Porites_evermani_scaffold_56	599088	616044	gene-Peve_00035807	0.8588196952	292
Porites_evermani_scaffold_56	606882	607383	gene-Peve_00035809	0	8
Porites_evermani_scaffold_56	636627	641281	gene-Peve_00035810	.	0
Porites_evermani_scaffold_56	643396	666272	gene-Peve_00035812	9.235579222	9
Porites_evermani_scaffold_56	667770	671198	gene-Peve_00035780	.	0
Porites_evermani_scaffold_560	1005	17137	gene-Peve_00035815	0.653693448	250
Porites_evermani_scaffold_560	24474	50491	gene-Peve_00035821	2.273365403	300
Porites_evermani_scaffold_560	51427	119002	gene-Peve_00035822	7.093598824	660
Porites_evermani_scaffold_560	78553	79084	gene-Peve_00035823	.	0
Porites_evermani_scaffold_560	126379	142359	gene-Peve_00035813	0.4566240969	227
Porites_evermani_scaffold_560	132125	135446	gene-Peve_00035814	0.09107468852	61
Porites_evermani_scaffold_560	155882	158440	gene-Peve_00035816	0.2272727262	84
Porites_evermani_scaffold_560	184957	197463	gene-Peve_00035817	32.4002218	177
Porites_evermani_scaffold_560	197290	221247	gene-Peve_00035818	17.73074506	241
Porites_evermani_scaffold_5600	1870	3359	gene-Peve_00035825	0	3
Porites_evermani_scaffold_5600	3959	5745	gene-Peve_00035826	10.25641	3
Porites_evermani_scaffold_5600	7341	8546	gene-Peve_00035827	29.0811965	6
Porites_evermani_scaffold_5601	4992	5961	gene-Peve_00035828	0	1
Porites_evermani_scaffold_5607	8355	11656	gene-Peve_00035829	53.68686867	12
Porites_evermani_scaffold_5608	4938	9581	gene-Peve_00035830	34.052174	5
Porites_evermani_scaffold_5609	575	4525	gene-Peve_00035831	.	0
Porites_evermani_scaffold_561	688	7829	gene-Peve_00035832	7.283480602	118
Porites_evermani_scaffold_561	13757	26069	gene-Peve_00035842	0.1679289687	383
Porites_evermani_scaffold_561	66178	86117	gene-Peve_00035843	26.72523665	304
Porites_evermani_scaffold_561	92775	101770	gene-Peve_00035833	0.5985659745	196
Porites_evermani_scaffold_561	110519	118071	gene-Peve_00035834	0.2387934624	186
Porites_evermani_scaffold_561	128410	141088	gene-Peve_00035835	15.799932	265
Porites_evermani_scaffold_561	145104	154290	gene-Peve_00035837	0.1860942412	311
Porites_evermani_scaffold_561	155761	159773	gene-Peve_00035836	61.12064196	23
Porites_evermani_scaffold_561	163795	165562	gene-Peve_00035838	2.76115187	23
Porites_evermani_scaffold_561	168718	184403	gene-Peve_00035839	13.02656879	264
Porites_evermani_scaffold_561	188504	197169	gene-Peve_00035840	68.41093674	132
Porites_evermani_scaffold_561	200176	208505	gene-Peve_00035841	.	0
Porites_evermani_scaffold_5610	1645	3999	gene-Peve_00035844	0	24
Porites_evermani_scaffold_5611	41	10021	gene-Peve_00035845	66.64783153	36
Porites_evermani_scaffold_5613	1560	2768	gene-Peve_00035850	36.77312681	16
Porites_evermani_scaffold_5613	9033	9486	gene-Peve_00035847	.	0
Porites_evermani_scaffold_5614	1900	10122	gene-Peve_00035852	12.76842446	123
Porites_evermani_scaffold_5616	3979	11585	gene-Peve_00035853	18.6876189	86
Porites_evermani_scaffold_5617	233	3779	gene-Peve_00035857	0.9881582131	61
Porites_evermani_scaffold_5617	5106	5490	gene-Peve_00035854	3.333333333	3
Porites_evermani_scaffold_5617	8369	8945	gene-Peve_00035855	.	0
Porites_evermani_scaffold_5618	1128	11104	gene-Peve_00035858	0	6
Porites_evermani_scaffold_5619	2747	3022	gene-Peve_00035859	0	2
Porites_evermani_scaffold_5619	5822	8558	gene-Peve_00035861	0.1809056944	72
Porites_evermani_scaffold_562	3561	19652	gene-Peve_00035862	0.6349828276	116
Porites_evermani_scaffold_562	53846	113840	gene-Peve_00035869	3.87593336	175
Porites_evermani_scaffold_562	116244	124766	gene-Peve_00035863	0.8024495854	41
Porites_evermani_scaffold_562	159722	196502	gene-Peve_00035864	21.10281492	215
Porites_evermani_scaffold_562	165427	167449	gene-Peve_00035865	24.1942174	42
Porites_evermani_scaffold_562	168381	172340	gene-Peve_00035866	40.03579754	50
Porites_evermani_scaffold_562	207364	208058	gene-Peve_00035867	.	0
Porites_evermani_scaffold_562	228740	230296	gene-Peve_00035868	61.66666667	3
Porites_evermani_scaffold_5621	2881	11499	gene-Peve_00035870	17.1428572	5
Porites_evermani_scaffold_5623	1680	4312	gene-Peve_00035871	.	0
Porites_evermani_scaffold_5624	0	8676	gene-Peve_00035872	68.55197534	67
Porites_evermani_scaffold_5624	9591	11465	gene-Peve_00035873	7.975358	3
Porites_evermani_scaffold_5625	140	3384	gene-Peve_00035875	.	0
Porites_evermani_scaffold_5625	5610	9356	gene-Peve_00035876	34.1937173	53
Porites_evermani_scaffold_5625	9798	10503	gene-Peve_00035874	41.93904887	8
Porites_evermani_scaffold_5626	1430	7391	gene-Peve_00035877	18.48214283	24
Porites_evermani_scaffold_5628	1	10340	gene-Peve_00035878	.	0
Porites_evermani_scaffold_5628	10559	11435	gene-Peve_00035879	.	0
Porites_evermani_scaffold_563	9924	10263	gene-Peve_00035888	0.843254	14
Porites_evermani_scaffold_563	10366	11339	gene-Peve_00035890	1.282051316	19
Porites_evermani_scaffold_563	21332	26622	gene-Peve_00035892	0.2561379548	177
Porites_evermani_scaffold_563	43918	50383	gene-Peve_00035893	0.2361406099	182
Porites_evermani_scaffold_563	58817	62762	gene-Peve_00035894	0.4725654563	103
Porites_evermani_scaffold_563	65246	66215	gene-Peve_00035880	0.7448195	46
Porites_evermani_scaffold_563	75162	107076	gene-Peve_00035882	16.25205826	596
Porites_evermani_scaffold_563	107166	126947	gene-Peve_00035883	3.148916351	499
Porites_evermani_scaffold_563	111749	112447	gene-Peve_00035884	2.200369083	24
Porites_evermani_scaffold_563	130924	157281	gene-Peve_00035885	13.51139179	518
Porites_evermani_scaffold_563	166346	175532	gene-Peve_00035886	47.99664624	168
Porites_evermani_scaffold_563	182719	191782	gene-Peve_00035887	43.38791415	130
Porites_evermani_scaffold_563	199871	227726	gene-Peve_00035889	23.43147104	655
Porites_evermani_scaffold_563	230726	231230	gene-Peve_00035891	0	22
Porites_evermani_scaffold_5630	3450	5203	gene-Peve_00035895	0.7182005079	63
Porites_evermani_scaffold_5631	1	7106	gene-Peve_00035896	0.5039189643	28
Porites_evermani_scaffold_5631	8160	9384	gene-Peve_00035897	.	0
Porites_evermani_scaffold_5632	817	5097	gene-Peve_00035898	1.745834839	31
Porites_evermani_scaffold_5636	2328	9438	gene-Peve_00035899	0	32
Porites_evermani_scaffold_5638	1445	8563	gene-Peve_00035900	31.26450318	55
Porites_evermani_scaffold_5639	3233	4123	gene-Peve_00035901	0.51666668	25
Porites_evermani_scaffold_5639	4099	10876	gene-Peve_00035902	1.020270828	99
Porites_evermani_scaffold_564	29134	29464	gene-Peve_00035910	0	10
Porites_evermani_scaffold_564	47560	48532	gene-Peve_00035903	8.08020875	24
Porites_evermani_scaffold_564	66152	68113	gene-Peve_00035908	13.96038328	18
Porites_evermani_scaffold_564	71377	72010	gene-Peve_00035909	.	0
Porites_evermani_scaffold_564	80673	80991	gene-Peve_00035911	.	0
Porites_evermani_scaffold_564	82248	82941	gene-Peve_00035912	.	0
Porites_evermani_scaffold_564	105443	109187	gene-Peve_00035913	15.97153171	109
Porites_evermani_scaffold_564	118897	119797	gene-Peve_00035914	50.56642168	25
Porites_evermani_scaffold_564	128659	131942	gene-Peve_00035916	0.288600303	33
Porites_evermani_scaffold_564	135763	137774	gene-Peve_00035917	20.93183519	31
Porites_evermani_scaffold_564	139214	142684	gene-Peve_00035918	.	0
Porites_evermani_scaffold_564	147572	148171	gene-Peve_00035919	.	0
Porites_evermani_scaffold_564	151315	154156	gene-Peve_00035920	1.602489066	61
Porites_evermani_scaffold_564	162875	163902	gene-Peve_00035921	1.745562154	13
Porites_evermani_scaffold_564	166363	169444	gene-Peve_00035922	.	0
Porites_evermani_scaffold_564	173383	174055	gene-Peve_00035923	.	0
Porites_evermani_scaffold_564	174794	176394	gene-Peve_00035924	.	0
Porites_evermani_scaffold_564	190191	190530	gene-Peve_00035925	73.62468573	11
Porites_evermani_scaffold_564	191762	193424	gene-Peve_00035926	61.21945595	43
Porites_evermani_scaffold_564	205062	212655	gene-Peve_00035904	35.5256456	88
Porites_evermani_scaffold_564	210589	210960	gene-Peve_00035905	0	13
Porites_evermani_scaffold_564	213455	214746	gene-Peve_00035906	0	2
Porites_evermani_scaffold_564	223415	226575	gene-Peve_00035907	0	14
Porites_evermani_scaffold_5640	5929	8678	gene-Peve_00035927	0	1
Porites_evermani_scaffold_5642	5	11211	gene-Peve_00035928	0.2754820909	33
Porites_evermani_scaffold_5643	1974	4415	gene-Peve_00035929	.	0
Porites_evermani_scaffold_5644	823	4052	gene-Peve_00035930	1.52777775	12
Porites_evermani_scaffold_5646	1949	3604	gene-Peve_00035931	0	18
Porites_evermani_scaffold_5646	5579	11203	gene-Peve_00035932	0.7173250581	155
Porites_evermani_scaffold_5647	1081	3699	gene-Peve_00035933	92.35722625	8
Porites_evermani_scaffold_5647	5015	7597	gene-Peve_00035934	87.5151515	10
Porites_evermani_scaffold_5649	1	4939	gene-Peve_00035935	0	13
Porites_evermani_scaffold_565	27173	38789	gene-Peve_00035944	5.145244642	274
Porites_evermani_scaffold_565	41875	43741	gene-Peve_00035947	0.2114164884	43
Porites_evermani_scaffold_565	45728	61935	gene-Peve_00035948	0.8920729962	264
Porites_evermani_scaffold_565	94745	112361	gene-Peve_00035937	0.4923917583	211
Porites_evermani_scaffold_565	115639	128580	gene-Peve_00035939	0.3369167333	240
Porites_evermani_scaffold_565	140234	141980	gene-Peve_00035941	0	26
Porites_evermani_scaffold_565	144256	168162	gene-Peve_00035942	1.882519352	392
Porites_evermani_scaffold_565	173880	192900	gene-Peve_00035943	1.474550992	397
Porites_evermani_scaffold_565	198049	215421	gene-Peve_00035945	1.027238294	510
Porites_evermani_scaffold_565	219178	220360	gene-Peve_00035946	0.2747252692	26
Porites_evermani_scaffold_5651	9602	10022	gene-Peve_00035949	0	9
Porites_evermani_scaffold_5652	4118	5093	gene-Peve_00035950	0	12
Porites_evermani_scaffold_5653	3290	8300	gene-Peve_00035951	57.85714286	7
Porites_evermani_scaffold_5654	4001	7697	gene-Peve_00035952	0	5
Porites_evermani_scaffold_5655	575	8817	gene-Peve_00035953	96.1389356	25
Porites_evermani_scaffold_5656	865	2743	gene-Peve_00035954	.	0
Porites_evermani_scaffold_5656	10272	10656	gene-Peve_00035955	0	1
Porites_evermani_scaffold_5657	2650	6015	gene-Peve_00035956	0.1754386053	38
Porites_evermani_scaffold_566	11230	12142	gene-Peve_00035961	0	23
Porites_evermani_scaffold_566	20784	21570	gene-Peve_00035966	0.48076925	16
Porites_evermani_scaffold_566	28835	40641	gene-Peve_00035957	0.7770909212	330
Porites_evermani_scaffold_566	28904	29684	gene-Peve_00035968	0	21
Porites_evermani_scaffold_566	66615	67134	gene-Peve_00035959	0	20
Porites_evermani_scaffold_566	92817	93780	gene-Peve_00035960	0.3246753182	22
Porites_evermani_scaffold_566	124118	128041	gene-Peve_00035962	0.09523809524	105
Porites_evermani_scaffold_566	160171	161615	gene-Peve_00035963	15.16671	7
Porites_evermani_scaffold_566	166315	171579	gene-Peve_00035964	0.3279031053	76
Porites_evermani_scaffold_566	179119	179626	gene-Peve_00035965	.	0
Porites_evermani_scaffold_566	189344	216993	gene-Peve_00035967	8.464885997	332
Porites_evermani_scaffold_5660	158	405	gene-Peve_00035969	100	4
Porites_evermani_scaffold_5660	986	1331	gene-Peve_00035970	90.909091	1
Porites_evermani_scaffold_5660	2177	10035	gene-Peve_00035972	46.06675866	89
Porites_evermani_scaffold_5660	10179	10731	gene-Peve_00035971	0	14
Porites_evermani_scaffold_5661	1310	3554	gene-Peve_00035973	.	0
Porites_evermani_scaffold_5661	4879	10616	gene-Peve_00035974	.	0
Porites_evermani_scaffold_5663	3030	5487	gene-Peve_00035975	.	0
Porites_evermani_scaffold_5664	10118	11039	gene-Peve_00035976	.	0
Porites_evermani_scaffold_5666	154	1310	gene-Peve_00035978	.	0
Porites_evermani_scaffold_5666	4925	5876	gene-Peve_00035979	.	0
Porites_evermani_scaffold_5666	8190	8538	gene-Peve_00035980	.	0
Porites_evermani_scaffold_5667	1147	7526	gene-Peve_00035981	0.32795135	140
Porites_evermani_scaffold_5667	10565	11027	gene-Peve_00035982	0.2820512857	21
Porites_evermani_scaffold_567	63	1653	gene-Peve_00035985	2.899159588	17
Porites_evermani_scaffold_567	2602	3484	gene-Peve_00035990	10	2
Porites_evermani_scaffold_567	6245	26468	gene-Peve_00035996	5.741731591	298
Porites_evermani_scaffold_567	10092	11011	gene-Peve_00036002	0	3
Porites_evermani_scaffold_567	56993	57698	gene-Peve_00035987	0	9
Porites_evermani_scaffold_567	62667	71226	gene-Peve_00035988	0.4530796543	81
Porites_evermani_scaffold_567	68634	70642	gene-Peve_00035989	1.091004577	26
Porites_evermani_scaffold_567	87727	92054	gene-Peve_00035991	0.1407914795	146
Porites_evermani_scaffold_567	99580	107892	gene-Peve_00035992	15.21335693	147
Porites_evermani_scaffold_567	107956	119142	gene-Peve_00035993	67.34906715	120
Porites_evermani_scaffold_567	123611	127021	gene-Peve_00035994	80.46863392	26
Porites_evermani_scaffold_567	127569	139434	gene-Peve_00035995	80.4084863	171
Porites_evermani_scaffold_567	140379	142956	gene-Peve_00035997	46.84191078	18
Porites_evermani_scaffold_567	143208	152542	gene-Peve_00035998	82.75002144	128
Porites_evermani_scaffold_567	155072	158716	gene-Peve_00035999	47.59518258	33
Porites_evermani_scaffold_567	159462	162553	gene-Peve_00036000	36.11592591	32
Porites_evermani_scaffold_567	162938	186166	gene-Peve_00036001	61.16737286	64
Porites_evermani_scaffold_567	190691	191396	gene-Peve_00036003	0.2551020357	28
Porites_evermani_scaffold_567	196058	196910	gene-Peve_00036004	.	0
Porites_evermani_scaffold_567	203756	206047	gene-Peve_00036005	0.26666668	25
Porites_evermani_scaffold_567	213415	223601	gene-Peve_00036006	75.66099659	83
Porites_evermani_scaffold_5670	1210	3878	gene-Peve_00036007	0.4726107375	80
Porites_evermani_scaffold_5673	3008	7208	gene-Peve_00036008	0.5719499831	118
Porites_evermani_scaffold_5677	1357	2705	gene-Peve_00036009	0.3225806452	31
Porites_evermani_scaffold_5678	4523	9025	gene-Peve_00036011	14.4545454	10
Porites_evermani_scaffold_5678	9837	10767	gene-Peve_00036012	.	0
Porites_evermani_scaffold_5679	3602	10689	gene-Peve_00036013	17.42843947	131
Porites_evermani_scaffold_568	320	932	gene-Peve_00036014	0	1
Porites_evermani_scaffold_568	6249	7752	gene-Peve_00036022	0	22
Porites_evermani_scaffold_568	18263	27101	gene-Peve_00036027	2.07792304	177
Porites_evermani_scaffold_568	31425	55153	gene-Peve_00036028	19.07478821	625
Porites_evermani_scaffold_568	63403	93826	gene-Peve_00036016	0.6784366801	794
Porites_evermani_scaffold_568	100952	113071	gene-Peve_00036017	14.98179634	212
Porites_evermani_scaffold_568	137823	146835	gene-Peve_00036018	0.9421111257	175
Porites_evermani_scaffold_568	156102	160280	gene-Peve_00036019	0.3048466694	121
Porites_evermani_scaffold_568	178431	181747	gene-Peve_00036020	0	76
Porites_evermani_scaffold_568	192020	194648	gene-Peve_00036024	0.3489454032	62
Porites_evermani_scaffold_568	215700	228232	gene-Peve_00036026	1.377984421	214
Porites_evermani_scaffold_5680	6105	9437	gene-Peve_00036029	0.0999001039	77
Porites_evermani_scaffold_5681	2540	3824	gene-Peve_00036030	.	0
Porites_evermani_scaffold_5684	2536	5054	gene-Peve_00036031	.	0
Porites_evermani_scaffold_5684	5689	9315	gene-Peve_00036032	.	0
Porites_evermani_scaffold_5686	4526	5579	gene-Peve_00036035	0.2403846154	26
Porites_evermani_scaffold_5687	1829	3740	gene-Peve_00036036	80.8333335	2
Porites_evermani_scaffold_5688	0	6460	gene-Peve_00036037	0.6580855781	192
Porites_evermani_scaffold_5689	1686	8615	gene-Peve_00036038	29.72479683	47
Porites_evermani_scaffold_569	3192	4990	gene-Peve_00036039	15.45454545	11
Porites_evermani_scaffold_569	5373	7153	gene-Peve_00036043	31.42156862	8
Porites_evermani_scaffold_569	8912	11375	gene-Peve_00036044	22.95948356	34
Porites_evermani_scaffold_569	11614	15211	gene-Peve_00036048	51.60144049	51
Porites_evermani_scaffold_569	15423	23589	gene-Peve_00036052	74.93138625	77
Porites_evermani_scaffold_569	24705	43263	gene-Peve_00036060	21.43170315	290
Porites_evermani_scaffold_569	46098	47496	gene-Peve_00036061	81.78581105	20
Porites_evermani_scaffold_569	49473	54342	gene-Peve_00036040	68.3632612	59
Porites_evermani_scaffold_569	58160	96084	gene-Peve_00036042	61.87342298	237
Porites_evermani_scaffold_569	58458	61396	gene-Peve_00036041	82.7494589	10
Porites_evermani_scaffold_569	100864	103049	gene-Peve_00036045	0.3623188478	46
Porites_evermani_scaffold_569	105660	107595	gene-Peve_00036046	0	6
Porites_evermani_scaffold_569	108099	114200	gene-Peve_00036047	89.224585	7
Porites_evermani_scaffold_569	116861	118796	gene-Peve_00036049	.	0
Porites_evermani_scaffold_569	119215	128272	gene-Peve_00036050	49.03318904	28
Porites_evermani_scaffold_569	133812	144424	gene-Peve_00036051	62.08146442	101
Porites_evermani_scaffold_569	150968	166432	gene-Peve_00036053	29.42890446	13
Porites_evermani_scaffold_569	167168	182438	gene-Peve_00036054	.	0
Porites_evermani_scaffold_569	192132	200512	gene-Peve_00036055	0	10
Porites_evermani_scaffold_569	201924	203634	gene-Peve_00036056	0	4
Porites_evermani_scaffold_569	218397	222390	gene-Peve_00036057	1.2738095	20
Porites_evermani_scaffold_569	223583	223937	gene-Peve_00036058	.	0
Porites_evermani_scaffold_569	225130	225484	gene-Peve_00036059	.	0
Porites_evermani_scaffold_5690	3853	4882	gene-Peve_00036062	.	0
Porites_evermani_scaffold_5690	5132	8268	gene-Peve_00036063	.	0
Porites_evermani_scaffold_5691	4697	5399	gene-Peve_00036064	.	0
Porites_evermani_scaffold_5691	6765	9966	gene-Peve_00036065	69.47507623	13
Porites_evermani_scaffold_5692	3885	4621	gene-Peve_00036066	.	0
Porites_evermani_scaffold_5692	7495	9352	gene-Peve_00036067	0	7
Porites_evermani_scaffold_5694	9446	9880	gene-Peve_00036068	0	45
Porites_evermani_scaffold_5695	1459	9109	gene-Peve_00036069	1.722724612	85
Porites_evermani_scaffold_5697	252	10540	gene-Peve_00036070	90.63507321	56
Porites_evermani_scaffold_5699	3115	7278	gene-Peve_00036071	0.1863143577	123
Porites_evermani_scaffold_57	5383	12020	gene-Peve_00036072	87.14607044	77
Porites_evermani_scaffold_57	16626	17864	gene-Peve_00036110	27.60627761	28
Porites_evermani_scaffold_57	17948	19021	gene-Peve_00036116	5.994047625	40
Porites_evermani_scaffold_57	21311	22287	gene-Peve_00036119	54.43062095	20
Porites_evermani_scaffold_57	22326	23499	gene-Peve_00036120	75.84055521	38
Porites_evermani_scaffold_57	24341	27861	gene-Peve_00036078	16.31121651	99
Porites_evermani_scaffold_57	30489	31223	gene-Peve_00036083	7.865561864	22
Porites_evermani_scaffold_57	46709	63668	gene-Peve_00036091	41.12157885	289
Porites_evermani_scaffold_57	73235	76086	gene-Peve_00036098	0.2698412714	70
Porites_evermani_scaffold_57	78599	109776	gene-Peve_00036099	0.8374785519	761
Porites_evermani_scaffold_57	117429	119857	gene-Peve_00036100	0.1157407407	54
Porites_evermani_scaffold_57	122556	129109	gene-Peve_00036101	25.58611447	81
Porites_evermani_scaffold_57	131993	134507	gene-Peve_00036102	0.2669552727	77
Porites_evermani_scaffold_57	136610	146456	gene-Peve_00036103	58.28190172	196
Porites_evermani_scaffold_57	154195	155756	gene-Peve_00036104	0.9523809524	21
Porites_evermani_scaffold_57	175992	181393	gene-Peve_00036106	.	0
Porites_evermani_scaffold_57	185249	191332	gene-Peve_00036107	0.4492140754	199
Porites_evermani_scaffold_57	196335	205610	gene-Peve_00036108	0.3365770928	194
Porites_evermani_scaffold_57	208313	209237	gene-Peve_00036109	2.6783217	10
Porites_evermani_scaffold_57	211548	216648	gene-Peve_00036111	0.139393936	125
Porites_evermani_scaffold_57	216758	219610	gene-Peve_00036112	0.1677489205	88
Porites_evermani_scaffold_57	219866	225004	gene-Peve_00036113	1.555064968	31
Porites_evermani_scaffold_57	232075	235131	gene-Peve_00036114	0	37
Porites_evermani_scaffold_57	236236	236992	gene-Peve_00036115	0.291149087	23
Porites_evermani_scaffold_57	245163	256821	gene-Peve_00036117	1.575965637	295
Porites_evermani_scaffold_57	262154	272068	gene-Peve_00036118	0.3262153744	203
Porites_evermani_scaffold_57	294221	311905	gene-Peve_00036121	1.688590284	440
Porites_evermani_scaffold_57	313852	314767	gene-Peve_00036122	0.2020202121	33
Porites_evermani_scaffold_57	318013	345544	gene-Peve_00036073	13.38823148	467
Porites_evermani_scaffold_57	345786	378884	gene-Peve_00036074	5.388006748	806
Porites_evermani_scaffold_57	379716	397590	gene-Peve_00036075	0.2287497445	497
Porites_evermani_scaffold_57	402354	469280	gene-Peve_00036077	1.948899559	1128
Porites_evermani_scaffold_57	443315	446481	gene-Peve_00036080	11.36120438	52
Porites_evermani_scaffold_57	449335	453474	gene-Peve_00036081	6.886544375	16
Porites_evermani_scaffold_57	473033	483664	gene-Peve_00036082	0.3302668953	258
Porites_evermani_scaffold_57	492821	508267	gene-Peve_00036084	17.31016198	195
Porites_evermani_scaffold_57	519316	526130	gene-Peve_00036085	0.1471383797	158
Porites_evermani_scaffold_57	554343	561435	gene-Peve_00036087	0.8765180667	195
Porites_evermani_scaffold_57	569703	570570	gene-Peve_00036088	0	26
Porites_evermani_scaffold_57	573421	575066	gene-Peve_00036089	6.564380894	47
Porites_evermani_scaffold_57	580466	581360	gene-Peve_00036090	0	24
Porites_evermani_scaffold_57	588797	589727	gene-Peve_00036092	0.2857142857	35
Porites_evermani_scaffold_57	593188	594124	gene-Peve_00036093	0	29
Porites_evermani_scaffold_57	596752	619357	gene-Peve_00036094	0.7434950267	599
Porites_evermani_scaffold_57	639072	653596	gene-Peve_00036095	2.960671764	259
Porites_evermani_scaffold_57	655534	659060	gene-Peve_00036096	0.68829475	152
Porites_evermani_scaffold_57	660205	672244	gene-Peve_00036097	1.187361185	432
Porites_evermani_scaffold_570	12484	15263	gene-Peve_00036123	75.13260119	36
Porites_evermani_scaffold_570	17119	17542	gene-Peve_00036136	78.04393792	13
Porites_evermani_scaffold_570	41027	41392	gene-Peve_00036128	89.9090909	10
Porites_evermani_scaffold_570	46194	49697	gene-Peve_00036129	90	1
Porites_evermani_scaffold_570	61484	62268	gene-Peve_00036130	87.92207786	7
Porites_evermani_scaffold_570	69142	69445	gene-Peve_00036131	68.31028392	13
Porites_evermani_scaffold_570	72802	73805	gene-Peve_00036133	63.27957512	17
Porites_evermani_scaffold_570	88567	90094	gene-Peve_00036134	33.52453138	29
Porites_evermani_scaffold_570	91697	92609	gene-Peve_00036135	62.81385286	7
Porites_evermani_scaffold_570	95401	99907	gene-Peve_00036137	71.66685174	27
Porites_evermani_scaffold_570	134995	139101	gene-Peve_00036140	27.5254353	33
Porites_evermani_scaffold_570	153528	154104	gene-Peve_00036141	.	0
Porites_evermani_scaffold_570	165764	167717	gene-Peve_00036142	36.86033256	9
Porites_evermani_scaffold_570	168114	168969	gene-Peve_00036143	53.37121217	12
Porites_evermani_scaffold_570	173497	174374	gene-Peve_00036144	58.65301369	13
Porites_evermani_scaffold_570	197777	198140	gene-Peve_00036145	73.07539667	3
Porites_evermani_scaffold_570	204219	204876	gene-Peve_00036146	95	2
Porites_evermani_scaffold_570	206342	208601	gene-Peve_00036124	73.01106248	40
Porites_evermani_scaffold_5700	265	6585	gene-Peve_00036147	91.16161633	3
Porites_evermani_scaffold_5701	7631	9822	gene-Peve_00036148	0.1033057955	44
Porites_evermani_scaffold_5702	2465	5388	gene-Peve_00036149	.	0
Porites_evermani_scaffold_5703	51	4838	gene-Peve_00036150	95.96682443	14
Porites_evermani_scaffold_5706	2558	3101	gene-Peve_00036152	0.2879970435	23
Porites_evermani_scaffold_5707	7898	9242	gene-Peve_00036153	0	10
Porites_evermani_scaffold_5708	986	2631	gene-Peve_00036154	0.397058825	40
Porites_evermani_scaffold_5709	3985	8133	gene-Peve_00036155	0.2323232267	75
Porites_evermani_scaffold_571	20128	34980	gene-Peve_00036159	19.74278803	128
Porites_evermani_scaffold_571	108790	129111	gene-Peve_00036156	0.6318849011	445
Porites_evermani_scaffold_571	143410	154479	gene-Peve_00036157	13.11966118	228
Porites_evermani_scaffold_571	159623	168627	gene-Peve_00036158	75.24223661	178
Porites_evermani_scaffold_571	174650	182438	gene-Peve_00036160	0.6460176232	138
Porites_evermani_scaffold_571	183967	201310	gene-Peve_00036161	44.02283279	194
Porites_evermani_scaffold_571	207070	210357	gene-Peve_00036162	0.6410256154	13
Porites_evermani_scaffold_571	214405	223936	gene-Peve_00036163	0.4166666667	120
Porites_evermani_scaffold_5710	2402	8837	gene-Peve_00036164	64	5
Porites_evermani_scaffold_5711	114	8208	gene-Peve_00036165	1.666666667	12
Porites_evermani_scaffold_5713	8855	10352	gene-Peve_00036166	0	16
Porites_evermani_scaffold_5714	6163	10282	gene-Peve_00036167	0	122
Porites_evermani_scaffold_5716	100	5249	gene-Peve_00036168	44.89714763	32
Porites_evermani_scaffold_5717	2992	10003	gene-Peve_00036169	30.43546646	50
Porites_evermani_scaffold_5719	4970	9069	gene-Peve_00036170	.	0
Porites_evermani_scaffold_572	3792	5144	gene-Peve_00036171	0.6493506429	14
Porites_evermani_scaffold_572	23447	25402	gene-Peve_00036174	0	6
Porites_evermani_scaffold_572	25524	29049	gene-Peve_00036175	0	28
Porites_evermani_scaffold_572	42608	48116	gene-Peve_00036194	0.3977272708	48
Porites_evermani_scaffold_572	50648	56856	gene-Peve_00036172	0.5991942844	109
Porites_evermani_scaffold_572	68807	72204	gene-Peve_00036176	0.1196172237	76
Porites_evermani_scaffold_572	72904	77172	gene-Peve_00036177	0.2801120392	51
Porites_evermani_scaffold_572	81995	86191	gene-Peve_00036178	41.24486876	70
Porites_evermani_scaffold_572	92416	92746	gene-Peve_00036179	.	0
Porites_evermani_scaffold_572	96808	100657	gene-Peve_00036180	.	0
Porites_evermani_scaffold_572	103553	106239	gene-Peve_00036181	44.82977365	60
Porites_evermani_scaffold_572	111801	124846	gene-Peve_00036182	61.90443776	89
Porites_evermani_scaffold_572	128976	200337	gene-Peve_00036185	7.377281123	1572
Porites_evermani_scaffold_572	132819	134940	gene-Peve_00036183	57.3479787	37
Porites_evermani_scaffold_572	144933	150316	gene-Peve_00036186	0.8498002667	165
Porites_evermani_scaffold_572	158030	162535	gene-Peve_00036187	0.6017907557	131
Porites_evermani_scaffold_572	172784	176591	gene-Peve_00036188	0.4903017059	119
Porites_evermani_scaffold_572	186413	187642	gene-Peve_00036189	0.5078125	32
Porites_evermani_scaffold_572	187752	191987	gene-Peve_00036190	0.3821399823	113
Porites_evermani_scaffold_572	195032	199228	gene-Peve_00036191	1.139264242	124
Porites_evermani_scaffold_572	210939	230153	gene-Peve_00036192	20.8467846	333
Porites_evermani_scaffold_5720	622	7845	gene-Peve_00036195	1.32575755	20
Porites_evermani_scaffold_5721	1508	2156	gene-Peve_00036196	0.1672240769	26
Porites_evermani_scaffold_5723	5674	7653	gene-Peve_00036197	.	0
Porites_evermani_scaffold_5724	9559	10063	gene-Peve_00036198	0	11
Porites_evermani_scaffold_5725	2358	8751	gene-Peve_00036199	63.4965036	5
Porites_evermani_scaffold_5726	654	4616	gene-Peve_00036200	0.78125	8
Porites_evermani_scaffold_5726	4976	8756	gene-Peve_00036201	78.60294117	12
Porites_evermani_scaffold_5727	3995	7747	gene-Peve_00036202	0	2
Porites_evermani_scaffold_5728	4204	6175	gene-Peve_00036203	0	8
Porites_evermani_scaffold_5729	29	623	gene-Peve_00036204	0.5555555833	12
Porites_evermani_scaffold_573	29347	43484	gene-Peve_00036206	0.4526859	340
Porites_evermani_scaffold_573	55343	102855	gene-Peve_00036205	1.223096197	1085
Porites_evermani_scaffold_573	98351	98691	gene-Peve_00036207	4.848484833	6
Porites_evermani_scaffold_573	104854	107119	gene-Peve_00036208	13.08783519	21
Porites_evermani_scaffold_573	112060	147425	gene-Peve_00036211	0.764571263	692
Porites_evermani_scaffold_573	116723	118302	gene-Peve_00036212	.	0
Porites_evermani_scaffold_573	118989	120514	gene-Peve_00036213	.	0
Porites_evermani_scaffold_573	124090	126400	gene-Peve_00036214	1.281855	25
Porites_evermani_scaffold_573	148612	154452	gene-Peve_00036210	2.344022338	130
Porites_evermani_scaffold_573	169644	195805	gene-Peve_00036216	0.7216452745	572
Porites_evermani_scaffold_573	201060	203514	gene-Peve_00036217	1.027671593	54
Porites_evermani_scaffold_573	209454	210090	gene-Peve_00036218	0	5
Porites_evermani_scaffold_573	213659	217579	gene-Peve_00036220	2.147889281	96
Porites_evermani_scaffold_573	217546	219561	gene-Peve_00036221	2.11546936	25
Porites_evermani_scaffold_573	222105	222510	gene-Peve_00036223	.	0
Porites_evermani_scaffold_5730	3436	10112	gene-Peve_00036224	76.3333334	5
Porites_evermani_scaffold_5731	35	1727	gene-Peve_00036226	0.5979437273	44
Porites_evermani_scaffold_5733	479	6828	gene-Peve_00036227	0.07026789855	138
Porites_evermani_scaffold_5734	1682	2045	gene-Peve_00036228	0.3061224762	21
Porites_evermani_scaffold_5736	0	5986	gene-Peve_00036229	0.25	80
Porites_evermani_scaffold_5738	7239	8342	gene-Peve_00036230	0.7747543571	14
Porites_evermani_scaffold_5739	4862	7838	gene-Peve_00036231	1.413690438	16
Porites_evermani_scaffold_574	1054	10255	gene-Peve_00036236	1.211578214	98
Porites_evermani_scaffold_574	12304	34397	gene-Peve_00036241	3.47232853	100
Porites_evermani_scaffold_574	37811	49067	gene-Peve_00036242	14.19706051	43
Porites_evermani_scaffold_574	53128	74681	gene-Peve_00036243	0.9549498795	224
Porites_evermani_scaffold_574	74762	91362	gene-Peve_00036232	1.69977874	388
Porites_evermani_scaffold_574	94640	96467	gene-Peve_00036233	0.1322751429	42
Porites_evermani_scaffold_574	112872	135010	gene-Peve_00036234	46.9765937	392
Porites_evermani_scaffold_574	144135	145367	gene-Peve_00036237	.	0
Porites_evermani_scaffold_574	147445	148336	gene-Peve_00036238	.	0
Porites_evermani_scaffold_574	160926	161544	gene-Peve_00036239	.	0
Porites_evermani_scaffold_574	197120	203111	gene-Peve_00036240	.	0
Porites_evermani_scaffold_5740	0	3650	gene-Peve_00036244	2.331072824	17
Porites_evermani_scaffold_5741	2112	3148	gene-Peve_00036245	.	0
Porites_evermani_scaffold_5742	140	1130	gene-Peve_00036246	.	0
Porites_evermani_scaffold_5743	6787	9595	gene-Peve_00036247	0	3
Porites_evermani_scaffold_5745	2053	2851	gene-Peve_00036248	0	14
Porites_evermani_scaffold_5746	771	6609	gene-Peve_00036249	.	0
Porites_evermani_scaffold_575	17660	19322	gene-Peve_00036250	5.941636677	31
Porites_evermani_scaffold_575	29942	31181	gene-Peve_00036256	0	7
Porites_evermani_scaffold_575	38809	42859	gene-Peve_00036262	0.1948051932	88
Porites_evermani_scaffold_575	53124	54057	gene-Peve_00036251	0.1550387674	43
Porites_evermani_scaffold_575	68091	92700	gene-Peve_00036252	39.53808663	449
Porites_evermani_scaffold_575	92968	94480	gene-Peve_00036253	11.95770465	31
Porites_evermani_scaffold_575	99111	136911	gene-Peve_00036254	2.650250933	845
Porites_evermani_scaffold_575	107814	116723	gene-Peve_00036255	0.2876051092	174
Porites_evermani_scaffold_575	119640	120993	gene-Peve_00036257	0	24
Porites_evermani_scaffold_575	141932	167154	gene-Peve_00036258	23.21582597	281
Porites_evermani_scaffold_575	169876	177622	gene-Peve_00036259	1.33670842	250
Porites_evermani_scaffold_575	196943	197975	gene-Peve_00036260	0.2450980294	34
Porites_evermani_scaffold_575	207355	229313	gene-Peve_00036261	0.3896103896	77
Porites_evermani_scaffold_5752	8876	10011	gene-Peve_00036263	78.1282052	5
Porites_evermani_scaffold_5754	882	1822	gene-Peve_00036264	0	24
Porites_evermani_scaffold_5756	7876	9245	gene-Peve_00036265	50.8421774	5
Porites_evermani_scaffold_576	7520	59003	gene-Peve_00036267	0.832443861	698
Porites_evermani_scaffold_576	97407	130018	gene-Peve_00036268	0.8984688694	245
Porites_evermani_scaffold_576	100764	101436	gene-Peve_00036269	0	3
Porites_evermani_scaffold_576	145776	146088	gene-Peve_00036270	1.174782857	14
Porites_evermani_scaffold_576	161941	162816	gene-Peve_00036271	14.04239089	19
Porites_evermani_scaffold_576	163408	163701	gene-Peve_00036272	23.076923	1
Porites_evermani_scaffold_576	165623	170242	gene-Peve_00036273	1.051016726	124
Porites_evermani_scaffold_576	166796	167741	gene-Peve_00036274	1.5683256	35
Porites_evermani_scaffold_576	207907	209326	gene-Peve_00036277	0.4635095833	48
Porites_evermani_scaffold_576	209532	226287	gene-Peve_00036276	0.7668664959	490
Porites_evermani_scaffold_5761	362	8264	gene-Peve_00036278	.	0
Porites_evermani_scaffold_5763	785	7459	gene-Peve_00036279	0.2062588919	74
Porites_evermani_scaffold_5764	8352	9284	gene-Peve_00036280	0	24
Porites_evermani_scaffold_5765	1155	8325	gene-Peve_00036281	.	0
Porites_evermani_scaffold_5769	7807	8744	gene-Peve_00036282	0	11
Porites_evermani_scaffold_577	13344	44638	gene-Peve_00036285	6.308221508	258
Porites_evermani_scaffold_577	47320	71118	gene-Peve_00036294	16.07625272	325
Porites_evermani_scaffold_577	74767	106742	gene-Peve_00036283	4.533586276	670
Porites_evermani_scaffold_577	108551	114938	gene-Peve_00036284	21.56473046	78
Porites_evermani_scaffold_577	124994	129182	gene-Peve_00036286	0.7413419773	44
Porites_evermani_scaffold_577	139599	142326	gene-Peve_00036288	0.2136752051	39
Porites_evermani_scaffold_577	142407	157021	gene-Peve_00036287	15.42715576	172
Porites_evermani_scaffold_577	161392	162310	gene-Peve_00036289	0.2314814815	27
Porites_evermani_scaffold_577	170417	210284	gene-Peve_00036290	0.2227868212	755
Porites_evermani_scaffold_577	194945	196547	gene-Peve_00036291	3.104395625	8
Porites_evermani_scaffold_577	216800	224612	gene-Peve_00036292	0.9367522815	135
Porites_evermani_scaffold_577	226477	227821	gene-Peve_00036293	0.2136752308	26
Porites_evermani_scaffold_5773	2134	6431	gene-Peve_00036295	69.040404	6
Porites_evermani_scaffold_5774	857	1880	gene-Peve_00036296	0.2173913	20
Porites_evermani_scaffold_5775	6095	7239	gene-Peve_00036298	.	0
Porites_evermani_scaffold_5778	1206	9767	gene-Peve_00036299	43.7942114	110
Porites_evermani_scaffold_5779	6072	7422	gene-Peve_00036300	0.7189542941	17
Porites_evermani_scaffold_578	13417	18975	gene-Peve_00036301	0.2660009379	177
Porites_evermani_scaffold_578	21535	27263	gene-Peve_00036310	0.2923027785	149
Porites_evermani_scaffold_578	33279	36701	gene-Peve_00036314	2.752291333	24
Porites_evermani_scaffold_578	38203	38559	gene-Peve_00036315	.	0
Porites_evermani_scaffold_578	42562	45278	gene-Peve_00036316	0.1231527069	58
Porites_evermani_scaffold_578	51598	51901	gene-Peve_00036302	0	11
Porites_evermani_scaffold_578	58386	60330	gene-Peve_00036303	0	16
Porites_evermani_scaffold_578	64912	99997	gene-Peve_00036304	8.732247338	506
Porites_evermani_scaffold_578	127968	159682	gene-Peve_00036307	1.006861464	153
Porites_evermani_scaffold_578	151879	152343	gene-Peve_00036308	.	0
Porites_evermani_scaffold_578	193589	193913	gene-Peve_00036311	.	0
Porites_evermani_scaffold_578	214689	219779	gene-Peve_00036312	15.4545455	10
Porites_evermani_scaffold_578	224129	225992	gene-Peve_00036313	.	0
Porites_evermani_scaffold_5781	475	7600	gene-Peve_00036317	28.78185156	73
Porites_evermani_scaffold_5782	2241	3072	gene-Peve_00036318	0	4
Porites_evermani_scaffold_5782	3759	4080	gene-Peve_00036319	0	3
Porites_evermani_scaffold_5783	6357	8050	gene-Peve_00036320	0	3
Porites_evermani_scaffold_5784	4263	9707	gene-Peve_00036321	.	0
Porites_evermani_scaffold_5785	7406	9666	gene-Peve_00036322	0.2114164884	43
Porites_evermani_scaffold_5788	28	5935	gene-Peve_00036323	.	0
Porites_evermani_scaffold_5789	7609	9241	gene-Peve_00036324	0.470784807	57
Porites_evermani_scaffold_579	22140	24940	gene-Peve_00036343	0	2
Porites_evermani_scaffold_579	41713	44257	gene-Peve_00036325	0	13
Porites_evermani_scaffold_579	53776	54277	gene-Peve_00036326	23.20998979	19
Porites_evermani_scaffold_579	55502	58072	gene-Peve_00036327	0	11
Porites_evermani_scaffold_579	61857	63389	gene-Peve_00036328	0	11
Porites_evermani_scaffold_579	73983	75773	gene-Peve_00036329	0	2
Porites_evermani_scaffold_579	75680	79733	gene-Peve_00036330	0	14
Porites_evermani_scaffold_579	88659	93084	gene-Peve_00036331	2.681925941	17
Porites_evermani_scaffold_579	103941	104736	gene-Peve_00036332	1.429738625	8
Porites_evermani_scaffold_579	104988	105607	gene-Peve_00036333	0	11
Porites_evermani_scaffold_579	118538	121864	gene-Peve_00036334	76.56499324	25
Porites_evermani_scaffold_579	121889	122823	gene-Peve_00036335	79.07699443	14
Porites_evermani_scaffold_579	198323	198704	gene-Peve_00036339	50	1
Porites_evermani_scaffold_579	199428	199784	gene-Peve_00036340	72.727273	1
Porites_evermani_scaffold_579	216778	224438	gene-Peve_00036341	1.275702401	147
Porites_evermani_scaffold_579	226023	226936	gene-Peve_00036342	38.1515546	5
Porites_evermani_scaffold_5790	3051	7682	gene-Peve_00036344	0.4944642037	54
Porites_evermani_scaffold_5791	2879	9319	gene-Peve_00036345	0	1
Porites_evermani_scaffold_5792	4216	7775	gene-Peve_00036346	65.66251648	27
Porites_evermani_scaffold_5794	908	7644	gene-Peve_00036347	94.33370979	14
Porites_evermani_scaffold_5795	175	1105	gene-Peve_00036348	1.853146864	22
Porites_evermani_scaffold_5795	4380	8293	gene-Peve_00036349	0.3089462435	115
Porites_evermani_scaffold_5796	901	5401	gene-Peve_00036350	0	28
Porites_evermani_scaffold_5797	498	5750	gene-Peve_00036351	11.07154783	46
Porites_evermani_scaffold_58	8116	30173	gene-Peve_00036352	1.141944226	438
Porites_evermani_scaffold_58	33405	34164	gene-Peve_00036375	0.5934066	25
Porites_evermani_scaffold_58	46038	46464	gene-Peve_00036379	0.4166666667	15
Porites_evermani_scaffold_58	62961	63957	gene-Peve_00036358	.	0
Porites_evermani_scaffold_58	72538	72979	gene-Peve_00036367	.	0
Porites_evermani_scaffold_58	80024	82778	gene-Peve_00036369	0.5004930962	52
Porites_evermani_scaffold_58	98025	99141	gene-Peve_00036372	0.229885069	29
Porites_evermani_scaffold_58	100447	112910	gene-Peve_00036373	6.056832311	222
Porites_evermani_scaffold_58	122526	130205	gene-Peve_00036374	0.3792050833	264
Porites_evermani_scaffold_58	132123	133293	gene-Peve_00036376	19.83726354	24
Porites_evermani_scaffold_58	137044	137915	gene-Peve_00036377	0.3720238056	36
Porites_evermani_scaffold_58	146026	153721	gene-Peve_00036378	0.5597435868	242
Porites_evermani_scaffold_58	162466	166308	gene-Peve_00036380	0.2685157115	104
Porites_evermani_scaffold_58	178623	179262	gene-Peve_00036381	4.578754429	7
Porites_evermani_scaffold_58	183730	212081	gene-Peve_00036382	5.785952222	519
Porites_evermani_scaffold_58	212365	219096	gene-Peve_00036383	33.3717533	10
Porites_evermani_scaffold_58	221405	228332	gene-Peve_00036384	0	31
Porites_evermani_scaffold_58	237443	244847	gene-Peve_00036386	0.7123219773	88
Porites_evermani_scaffold_58	246990	248196	gene-Peve_00036387	0	19
Porites_evermani_scaffold_58	257680	275115	gene-Peve_00036388	11.0766361	284
Porites_evermani_scaffold_58	276696	279032	gene-Peve_00036353	71.29556678	23
Porites_evermani_scaffold_58	282044	317035	gene-Peve_00036354	2.261614396	510
Porites_evermani_scaffold_58	321386	329187	gene-Peve_00036355	0.6541796776	214
Porites_evermani_scaffold_58	338454	338886	gene-Peve_00036356	0.9259258889	9
Porites_evermani_scaffold_58	368479	381080	gene-Peve_00036357	0.2860306255	259
Porites_evermani_scaffold_58	383156	390797	gene-Peve_00036359	0.3190830429	233
Porites_evermani_scaffold_58	418839	424197	gene-Peve_00036360	0	8
Porites_evermani_scaffold_58	436265	443420	gene-Peve_00036361	0.6059024286	77
Porites_evermani_scaffold_58	444882	454799	gene-Peve_00036362	1.369851742	229
Porites_evermani_scaffold_58	462414	471435	gene-Peve_00036363	75.65384954	90
Porites_evermani_scaffold_58	472422	474822	gene-Peve_00036364	24.66839153	32
Porites_evermani_scaffold_58	475042	506922	gene-Peve_00036365	5.537607389	578
Porites_evermani_scaffold_58	515114	615929	gene-Peve_00036366	7.353711505	1606
Porites_evermani_scaffold_58	636983	645318	gene-Peve_00036368	0.4649041507	219
Porites_evermani_scaffold_58	658798	671763	gene-Peve_00036370	0.5601347297	296
Porites_evermani_scaffold_580	3974	6781	gene-Peve_00036389	.	0
Porites_evermani_scaffold_580	7027	43095	gene-Peve_00036395	3.402341041	320
Porites_evermani_scaffold_580	56607	67809	gene-Peve_00036402	51.28518078	125
Porites_evermani_scaffold_580	80048	84736	gene-Peve_00036390	42.49482295	119
Porites_evermani_scaffold_580	86336	96070	gene-Peve_00036391	75.37939009	107
Porites_evermani_scaffold_580	96260	98360	gene-Peve_00036392	32.09907729	38
Porites_evermani_scaffold_580	104306	105785	gene-Peve_00036393	0	27
Porites_evermani_scaffold_580	111668	123195	gene-Peve_00036394	0.5506599676	278
Porites_evermani_scaffold_580	129610	135478	gene-Peve_00036396	74.56262548	62
Porites_evermani_scaffold_580	189796	209951	gene-Peve_00036399	0.7982292408	569
Porites_evermani_scaffold_580	220048	220960	gene-Peve_00036400	91.4199134	5
Porites_evermani_scaffold_580	223486	228341	gene-Peve_00036401	0.16666666	50
Porites_evermani_scaffold_5801	3696	7316	gene-Peve_00036403	4.189986804	56
Porites_evermani_scaffold_5802	154	8319	gene-Peve_00036404	2.247395295	95
Porites_evermani_scaffold_5804	996	2823	gene-Peve_00036405	45.4686148	5
Porites_evermani_scaffold_5804	5639	9358	gene-Peve_00036406	70	1
Porites_evermani_scaffold_5805	4285	5056	gene-Peve_00036407	0	9
Porites_evermani_scaffold_5805	5261	6022	gene-Peve_00036408	0	18
Porites_evermani_scaffold_5806	6494	8018	gene-Peve_00036410	0	26
Porites_evermani_scaffold_5809	1	3038	gene-Peve_00036411	.	0
Porites_evermani_scaffold_581	13766	15248	gene-Peve_00036415	.	0
Porites_evermani_scaffold_581	16403	20447	gene-Peve_00036418	2.353999806	62
Porites_evermani_scaffold_581	18342	18990	gene-Peve_00036412	.	0
Porites_evermani_scaffold_581	24182	24863	gene-Peve_00036413	0	5
Porites_evermani_scaffold_581	35664	36134	gene-Peve_00036414	0	3
Porites_evermani_scaffold_581	76748	77294	gene-Peve_00036419	0	12
Porites_evermani_scaffold_581	79289	79766	gene-Peve_00036420	.	0
Porites_evermani_scaffold_581	82914	84258	gene-Peve_00036422	1.282051333	6
Porites_evermani_scaffold_581	99177	99816	gene-Peve_00036425	4.4444444	5
Porites_evermani_scaffold_581	103333	107215	gene-Peve_00036426	0	2
Porites_evermani_scaffold_581	109630	110164	gene-Peve_00036427	23.257553	12
Porites_evermani_scaffold_581	111232	112366	gene-Peve_00036428	.	0
Porites_evermani_scaffold_581	114231	115365	gene-Peve_00036429	.	0
Porites_evermani_scaffold_581	119494	123376	gene-Peve_00036430	.	0
Porites_evermani_scaffold_581	129340	130756	gene-Peve_00036431	0.69696968	25
Porites_evermani_scaffold_581	140442	221098	gene-Peve_00036433	3.259195129	657
Porites_evermani_scaffold_581	174559	175047	gene-Peve_00036434	0	15
Porites_evermani_scaffold_581	188026	190183	gene-Peve_00036435	0	1
Porites_evermani_scaffold_581	223455	226777	gene-Peve_00036436	.	0
Porites_evermani_scaffold_5810	613	8737	gene-Peve_00036437	0.6211077031	64
Porites_evermani_scaffold_5811	277	3484	gene-Peve_00036438	79.36043125	8
Porites_evermani_scaffold_5811	4615	5707	gene-Peve_00036439	0	1
Porites_evermani_scaffold_5813	6221	7736	gene-Peve_00036440	.	0
Porites_evermani_scaffold_5814	4499	4808	gene-Peve_00036441	.	0
Porites_evermani_scaffold_5815	5300	6011	gene-Peve_00036442	76.05229775	8
Porites_evermani_scaffold_5816	1813	2152	gene-Peve_00036443	.	0
Porites_evermani_scaffold_5817	2586	8981	gene-Peve_00036445	.	0
Porites_evermani_scaffold_5818	8359	9352	gene-Peve_00036446	.	0
Porites_evermani_scaffold_582	8510	11580	gene-Peve_00036447	0.6340288876	89
Porites_evermani_scaffold_582	18118	26286	gene-Peve_00036455	0.9677337253	273
Porites_evermani_scaffold_582	26419	57891	gene-Peve_00036464	22.50092286	356
Porites_evermani_scaffold_582	61321	70528	gene-Peve_00036448	4.095955288	243
Porites_evermani_scaffold_582	72574	73444	gene-Peve_00036449	44.74716962	8
Porites_evermani_scaffold_582	81105	89529	gene-Peve_00036450	0.2943414612	232
Porites_evermani_scaffold_582	98126	101675	gene-Peve_00036451	30.60065303	65
Porites_evermani_scaffold_582	104290	110294	gene-Peve_00036452	34.36854928	72
Porites_evermani_scaffold_582	115095	117919	gene-Peve_00036453	93.95376645	20
Porites_evermani_scaffold_582	121258	121606	gene-Peve_00036454	0	6
Porites_evermani_scaffold_582	123936	139021	gene-Peve_00036456	73.36008288	98
Porites_evermani_scaffold_582	155600	157528	gene-Peve_00036457	0.2912239221	77
Porites_evermani_scaffold_582	169817	175442	gene-Peve_00036458	0.268664913	115
Porites_evermani_scaffold_582	180329	190242	gene-Peve_00036459	0.4268922645	155
Porites_evermani_scaffold_582	195781	196517	gene-Peve_00036460	0	24
Porites_evermani_scaffold_582	199126	200071	gene-Peve_00036461	1.043956038	26
Porites_evermani_scaffold_582	202961	203703	gene-Peve_00036462	0	8
Porites_evermani_scaffold_582	208205	213138	gene-Peve_00036463	0.2956989194	124
Porites_evermani_scaffold_582	214011	223564	gene-Peve_00036465	0.6721560833	120
Porites_evermani_scaffold_5821	1036	6141	gene-Peve_00036466	0.2024291579	38
Porites_evermani_scaffold_5822	100	8941	gene-Peve_00036467	68.16401979	98
Porites_evermani_scaffold_5824	2794	9321	gene-Peve_00036468	9.894560615	130
Porites_evermani_scaffold_5825	2918	7275	gene-Peve_00036469	28.94660892	12
Porites_evermani_scaffold_5826	1417	9329	gene-Peve_00036470	83.35348562	29
Porites_evermani_scaffold_5828	3063	3372	gene-Peve_00036472	.	0
Porites_evermani_scaffold_5828	4457	5490	gene-Peve_00036473	0	1
Porites_evermani_scaffold_5829	8	595	gene-Peve_00036474	45.454545	1
Porites_evermani_scaffold_5829	3065	4157	gene-Peve_00036475	40	2
Porites_evermani_scaffold_5829	4539	8765	gene-Peve_00036476	49.29212151	47
Porites_evermani_scaffold_583	6824	8224	gene-Peve_00036477	0	22
Porites_evermani_scaffold_583	16349	38193	gene-Peve_00036487	16.68995224	280
Porites_evermani_scaffold_583	40426	55562	gene-Peve_00036499	62.00387441	140
Porites_evermani_scaffold_583	58277	62834	gene-Peve_00036478	0.3127096045	134
Porites_evermani_scaffold_583	64107	64659	gene-Peve_00036479	0	25
Porites_evermani_scaffold_583	68096	90829	gene-Peve_00036480	4.567600591	640
Porites_evermani_scaffold_583	95168	96647	gene-Peve_00036481	0.2913753095	42
Porites_evermani_scaffold_583	99300	106211	gene-Peve_00036482	5.73499504	75
Porites_evermani_scaffold_583	106271	109272	gene-Peve_00036484	2.685832697	33
Porites_evermani_scaffold_583	111452	121730	gene-Peve_00036485	57.66887912	65
Porites_evermani_scaffold_583	122184	124914	gene-Peve_00036486	59.5353535	30
Porites_evermani_scaffold_583	127792	129110	gene-Peve_00036488	9.3333332	5
Porites_evermani_scaffold_583	129304	129568	gene-Peve_00036489	92.063492	3
Porites_evermani_scaffold_583	129634	132348	gene-Peve_00036490	78.46206421	24
Porites_evermani_scaffold_583	133180	143592	gene-Peve_00036491	25.84678826	177
Porites_evermani_scaffold_583	144053	150674	gene-Peve_00036492	25.63889439	106
Porites_evermani_scaffold_583	151129	170373	gene-Peve_00036493	7.07035602	252
Porites_evermani_scaffold_583	171311	179698	gene-Peve_00036494	19.18056387	143
Porites_evermani_scaffold_583	182790	184617	gene-Peve_00036495	23.57142859	34
Porites_evermani_scaffold_583	186839	188642	gene-Peve_00036496	0.1876172683	41
Porites_evermani_scaffold_583	190082	191093	gene-Peve_00036497	0.9090909048	21
Porites_evermani_scaffold_583	198235	203923	gene-Peve_00036498	0.189018901	101
Porites_evermani_scaffold_583	205515	214839	gene-Peve_00036500	1.305839353	187
Porites_evermani_scaffold_583	215094	217767	gene-Peve_00036501	16.5424837	20
Porites_evermani_scaffold_583	218235	222002	gene-Peve_00036502	70.73556604	53
Porites_evermani_scaffold_5830	2136	8902	gene-Peve_00036503	2.545323407	91
Porites_evermani_scaffold_5833	3072	3516	gene-Peve_00036504	0	13
Porites_evermani_scaffold_5836	1155	5355	gene-Peve_00036505	3.481228913	23
Porites_evermani_scaffold_5838	2240	9269	gene-Peve_00036506	51.0687928	20
Porites_evermani_scaffold_584	94	13313	gene-Peve_00036507	0.6469717374	396
Porites_evermani_scaffold_584	26082	72074	gene-Peve_00036514	0.5082496923	1157
Porites_evermani_scaffold_584	101823	128284	gene-Peve_00036508	1.641021329	73
Porites_evermani_scaffold_584	147691	158569	gene-Peve_00036509	6.959267411	90
Porites_evermani_scaffold_584	159194	167188	gene-Peve_00036510	14.40295814	42
Porites_evermani_scaffold_584	220570	221907	gene-Peve_00036512	44.94949483	6
Porites_evermani_scaffold_584	222089	227498	gene-Peve_00036513	57.18456224	42
Porites_evermani_scaffold_5840	2	6118	gene-Peve_00036515	0	4
Porites_evermani_scaffold_5843	7856	8213	gene-Peve_00036516	16.46239257	7
Porites_evermani_scaffold_5846	3829	4165	gene-Peve_00036517	20.03899288	8
Porites_evermani_scaffold_5848	1	8517	gene-Peve_00036518	2.739791667	174
Porites_evermani_scaffold_585	1017	29746	gene-Peve_00036519	1.523510345	766
Porites_evermani_scaffold_585	34596	36833	gene-Peve_00036532	0.2324186667	57
Porites_evermani_scaffold_585	39393	42020	gene-Peve_00036538	34.7975876	48
Porites_evermani_scaffold_585	43021	46159	gene-Peve_00036539	43.71963989	36
Porites_evermani_scaffold_585	47202	60799	gene-Peve_00036540	12.49061091	150
Porites_evermani_scaffold_585	67183	67809	gene-Peve_00036521	0	14
Porites_evermani_scaffold_585	70111	71770	gene-Peve_00036523	1.143430558	43
Porites_evermani_scaffold_585	74741	75380	gene-Peve_00036526	1.911027625	8
Porites_evermani_scaffold_585	79385	80399	gene-Peve_00036527	2.03497025	16
Porites_evermani_scaffold_585	81503	82613	gene-Peve_00036528	0	8
Porites_evermani_scaffold_585	83513	84050	gene-Peve_00036529	0.75757575	4
Porites_evermani_scaffold_585	93757	101224	gene-Peve_00036530	51.23234935	82
Porites_evermani_scaffold_585	116967	130550	gene-Peve_00036531	0.4512957165	194
Porites_evermani_scaffold_585	144929	158134	gene-Peve_00036533	6.691401635	189
Porites_evermani_scaffold_585	166117	198888	gene-Peve_00036534	3.502897591	707
Porites_evermani_scaffold_5850	3529	7667	gene-Peve_00036541	3.333333333	3
Porites_evermani_scaffold_5853	714	8803	gene-Peve_00036542	.	0
Porites_evermani_scaffold_5857	924	5832	gene-Peve_00036543	83.91654868	19
Porites_evermani_scaffold_5859	45	2725	gene-Peve_00036544	78.52102012	26
Porites_evermani_scaffold_586	1447	43302	gene-Peve_00036545	3.429795001	752
Porites_evermani_scaffold_586	46864	50813	gene-Peve_00036554	54.19229686	44
Porites_evermani_scaffold_586	53215	54319	gene-Peve_00036567	1.9243856	35
Porites_evermani_scaffold_586	56162	61606	gene-Peve_00036546	60.25529274	46
Porites_evermani_scaffold_586	63819	67402	gene-Peve_00036547	0.9989312658	79
Porites_evermani_scaffold_586	69311	76931	gene-Peve_00036548	50.83703159	61
Porites_evermani_scaffold_586	78261	85059	gene-Peve_00036549	78.92175922	79
Porites_evermani_scaffold_586	86717	87630	gene-Peve_00036550	0	23
Porites_evermani_scaffold_586	102242	113951	gene-Peve_00036551	0.3126670426	282
Porites_evermani_scaffold_586	117291	121583	gene-Peve_00036552	0.0892857125	80
Porites_evermani_scaffold_586	130624	134413	gene-Peve_00036553	0.2131782907	86
Porites_evermani_scaffold_586	136738	139708	gene-Peve_00036555	78.88307438	53
Porites_evermani_scaffold_586	142785	151116	gene-Peve_00036556	11.50282234	161
Porites_evermani_scaffold_586	151604	177722	gene-Peve_00036558	16.76034283	515
Porites_evermani_scaffold_586	180373	196389	gene-Peve_00036559	1.025135376	298
Porites_evermani_scaffold_586	199295	201278	gene-Peve_00036560	0.47149322	50
Porites_evermani_scaffold_586	202221	202641	gene-Peve_00036561	.	0
Porites_evermani_scaffold_586	205780	206272	gene-Peve_00036562	.	0
Porites_evermani_scaffold_586	207432	210997	gene-Peve_00036563	1.149350657	35
Porites_evermani_scaffold_586	211120	211840	gene-Peve_00036564	0.625	20
Porites_evermani_scaffold_586	222280	222804	gene-Peve_00036565	0.6060606	15
Porites_evermani_scaffold_586	225997	226574	gene-Peve_00036566	.	0
Porites_evermani_scaffold_5860	456	7132	gene-Peve_00036568	5.082082287	150
Porites_evermani_scaffold_5861	1627	8152	gene-Peve_00036569	27.18016711	18
Porites_evermani_scaffold_5862	5141	8240	gene-Peve_00036570	0.5091111519	79
Porites_evermani_scaffold_5863	6502	7210	gene-Peve_00036571	0.2777778	20
Porites_evermani_scaffold_5864	345	7620	gene-Peve_00036572	5.502136758	33
Porites_evermani_scaffold_5866	7	997	gene-Peve_00036573	0	10
Porites_evermani_scaffold_5868	7767	9110	gene-Peve_00036574	.	0
Porites_evermani_scaffold_5869	637	5311	gene-Peve_00036575	0.2971933333	81
Porites_evermani_scaffold_5869	1521	1738	gene-Peve_00036576	0	2
Porites_evermani_scaffold_587	7517	10639	gene-Peve_00036586	0.2976190417	24
Porites_evermani_scaffold_587	35558	51226	gene-Peve_00036577	29.15407772	198
Porites_evermani_scaffold_587	53709	75756	gene-Peve_00036578	4.128073055	434
Porites_evermani_scaffold_587	77087	77867	gene-Peve_00036579	0.4761904667	15
Porites_evermani_scaffold_587	80811	81702	gene-Peve_00036580	0.2057613333	27
Porites_evermani_scaffold_587	108370	109697	gene-Peve_00036581	6.846897963	27
Porites_evermani_scaffold_587	116305	117481	gene-Peve_00036582	0	41
Porites_evermani_scaffold_587	119548	120706	gene-Peve_00036583	.	0
Porites_evermani_scaffold_587	128192	138286	gene-Peve_00036584	1.330905158	240
Porites_evermani_scaffold_587	141783	143678	gene-Peve_00036585	1.261518275	69
Porites_evermani_scaffold_587	149090	160100	gene-Peve_00036587	0.5610007143	266
Porites_evermani_scaffold_587	162157	168728	gene-Peve_00036588	50.24651973	118
Porites_evermani_scaffold_587	168897	193127	gene-Peve_00036589	11.82811812	200
Porites_evermani_scaffold_587	207206	218980	gene-Peve_00036590	1.0897436	30
Porites_evermani_scaffold_5875	3234	3954	gene-Peve_00036591	99.047619	7
Porites_evermani_scaffold_5877	6664	7784	gene-Peve_00036592	4.375	8
Porites_evermani_scaffold_5878	6278	7463	gene-Peve_00036593	20.81009267	24
Porites_evermani_scaffold_588	576	948	gene-Peve_00036594	0	5
Porites_evermani_scaffold_588	1103	12508	gene-Peve_00036603	8.431336101	129
Porites_evermani_scaffold_588	28410	31720	gene-Peve_00036609	0	7
Porites_evermani_scaffold_588	57930	62311	gene-Peve_00036610	0.2112470909	66
Porites_evermani_scaffold_588	66112	86131	gene-Peve_00036611	0.3306842609	184
Porites_evermani_scaffold_588	91691	93754	gene-Peve_00036595	0.2666666667	75
Porites_evermani_scaffold_588	110146	111704	gene-Peve_00036596	0	44
Porites_evermani_scaffold_588	119702	120398	gene-Peve_00036598	.	0
Porites_evermani_scaffold_588	124859	125555	gene-Peve_00036600	0	4
Porites_evermani_scaffold_588	135072	137690	gene-Peve_00036601	0.3588078571	70
Porites_evermani_scaffold_588	146986	164441	gene-Peve_00036602	77.97503823	311
Porites_evermani_scaffold_588	168965	170703	gene-Peve_00036604	96.49158438	32
Porites_evermani_scaffold_588	177746	201967	gene-Peve_00036606	8.993875943	244
Porites_evermani_scaffold_588	211779	212139	gene-Peve_00036607	.	0
Porites_evermani_scaffold_588	213825	221404	gene-Peve_00036608	1.872772918	98
Porites_evermani_scaffold_5882	2935	6538	gene-Peve_00036612	5	2
Porites_evermani_scaffold_5883	5227	6329	gene-Peve_00036613	.	0
Porites_evermani_scaffold_5884	6141	7843	gene-Peve_00036614	0	17
Porites_evermani_scaffold_5885	1326	4602	gene-Peve_00036615	0.2073521034	58
Porites_evermani_scaffold_5887	2005	5667	gene-Peve_00036616	0.3877340392	102
Porites_evermani_scaffold_5888	1118	3359	gene-Peve_00036617	.	0
Porites_evermani_scaffold_5889	2225	2615	gene-Peve_00036618	0	6
Porites_evermani_scaffold_589	3582	28451	gene-Peve_00036624	46.84816985	461
Porites_evermani_scaffold_589	31247	31933	gene-Peve_00036639	0.2849002963	27
Porites_evermani_scaffold_589	38878	42187	gene-Peve_00036620	81.46757612	26
Porites_evermani_scaffold_589	61757	68939	gene-Peve_00036621	0.2149041429	147
Porites_evermani_scaffold_589	76876	85563	gene-Peve_00036622	0.5887099425	226
Porites_evermani_scaffold_589	92118	97310	gene-Peve_00036623	0.5119317926	135
Porites_evermani_scaffold_589	99509	112057	gene-Peve_00036625	73.29369811	110
Porites_evermani_scaffold_589	102422	103892	gene-Peve_00036626	88.5454546	5
Porites_evermani_scaffold_589	113932	116928	gene-Peve_00036627	50.22258562	61
Porites_evermani_scaffold_589	122198	124358	gene-Peve_00036628	94.33639513	39
Porites_evermani_scaffold_589	127466	131384	gene-Peve_00036629	62.02809861	76
Porites_evermani_scaffold_589	131734	135653	gene-Peve_00036630	58.927477	66
Porites_evermani_scaffold_589	139021	145090	gene-Peve_00036631	0.6995933816	152
Porites_evermani_scaffold_589	146183	147825	gene-Peve_00036632	20.6487551	49
Porites_evermani_scaffold_589	149384	155964	gene-Peve_00036633	59.43843758	71
Porites_evermani_scaffold_589	160366	162027	gene-Peve_00036634	18.67424245	20
Porites_evermani_scaffold_589	162513	184224	gene-Peve_00036635	19.3756616	460
Porites_evermani_scaffold_589	201257	202160	gene-Peve_00036636	.	0
Porites_evermani_scaffold_589	206358	209777	gene-Peve_00036637	0.4398338357	140
Porites_evermani_scaffold_589	223042	223399	gene-Peve_00036638	0	11
Porites_evermani_scaffold_5892	2	902	gene-Peve_00036641	.	0
Porites_evermani_scaffold_5894	130	5455	gene-Peve_00036642	0	31
Porites_evermani_scaffold_5895	4896	5559	gene-Peve_00036643	0	25
Porites_evermani_scaffold_5898	4377	6678	gene-Peve_00036644	62.3543125	6
Porites_evermani_scaffold_5899	883	6975	gene-Peve_00036645	0.2804487308	26
Porites_evermani_scaffold_59	14998	15471	gene-Peve_00036646	58.58250731	13
Porites_evermani_scaffold_59	39839	40967	gene-Peve_00036706	20.406585	5
Porites_evermani_scaffold_59	55304	56129	gene-Peve_00036665	5.1709402	10
Porites_evermani_scaffold_59	57468	58062	gene-Peve_00036682	17.36337671	17
Porites_evermani_scaffold_59	67852	69388	gene-Peve_00036688	41.42971729	24
Porites_evermani_scaffold_59	74830	75300	gene-Peve_00036690	65.85217254	13
Porites_evermani_scaffold_59	74859	75728	gene-Peve_00036689	63.85425622	18
Porites_evermani_scaffold_59	85720	87816	gene-Peve_00036691	34.16448721	14
Porites_evermani_scaffold_59	89035	90170	gene-Peve_00036692	68.03543709	22
Porites_evermani_scaffold_59	99035	99344	gene-Peve_00036694	85.38868533	9
Porites_evermani_scaffold_59	103331	104384	gene-Peve_00036695	61.60421191	47
Porites_evermani_scaffold_59	115827	116852	gene-Peve_00036696	56.57405658	31
Porites_evermani_scaffold_59	134503	136788	gene-Peve_00036699	82.60310117	75
Porites_evermani_scaffold_59	138199	138851	gene-Peve_00036700	68.10450193	15
Porites_evermani_scaffold_59	138947	139827	gene-Peve_00036701	85.14238824	25
Porites_evermani_scaffold_59	167926	168427	gene-Peve_00036704	47.13904308	12
Porites_evermani_scaffold_59	168854	169771	gene-Peve_00036705	61.23530224	17
Porites_evermani_scaffold_59	169905	171438	gene-Peve_00036703	45.27856797	33
Porites_evermani_scaffold_59	171572	172607	gene-Peve_00036702	61.81656227	22
Porites_evermani_scaffold_59	179719	180499	gene-Peve_00036707	80.960706	9
Porites_evermani_scaffold_59	181847	185487	gene-Peve_00036708	84.56312018	49
Porites_evermani_scaffold_59	202067	202562	gene-Peve_00036647	81.57066091	11
Porites_evermani_scaffold_59	210767	212457	gene-Peve_00036649	.	0
Porites_evermani_scaffold_59	213440	214015	gene-Peve_00036650	87.30542617	18
Porites_evermani_scaffold_59	236157	236718	gene-Peve_00036651	95.25641022	9
Porites_evermani_scaffold_59	239212	241951	gene-Peve_00036652	82.25584394	34
Porites_evermani_scaffold_59	245529	245764	gene-Peve_00036654	90.8088235	4
Porites_evermani_scaffold_59	252557	254298	gene-Peve_00036656	83.2789844	15
Porites_evermani_scaffold_59	257142	257759	gene-Peve_00036657	88.55702529	14
Porites_evermani_scaffold_59	299521	320772	gene-Peve_00036658	46.97760667	356
Porites_evermani_scaffold_59	321195	321582	gene-Peve_00036659	2	5
Porites_evermani_scaffold_59	347038	362281	gene-Peve_00036660	57.04033773	252
Porites_evermani_scaffold_59	349077	350734	gene-Peve_00036662	92.6073926	10
Porites_evermani_scaffold_59	362371	365496	gene-Peve_00036661	87.92076539	23
Porites_evermani_scaffold_59	368159	378441	gene-Peve_00036663	56.49784748	116
Porites_evermani_scaffold_59	378714	385228	gene-Peve_00036664	23.84996193	108
Porites_evermani_scaffold_59	387211	389605	gene-Peve_00036666	0.125	80
Porites_evermani_scaffold_59	393957	394986	gene-Peve_00036667	0.591133	29
Porites_evermani_scaffold_59	398582	400343	gene-Peve_00036668	1.299010204	54
Porites_evermani_scaffold_59	404400	412487	gene-Peve_00036669	1.007706778	234
Porites_evermani_scaffold_59	412868	429625	gene-Peve_00036670	19.65957156	336
Porites_evermani_scaffold_59	433934	438069	gene-Peve_00036671	0.8464001739	138
Porites_evermani_scaffold_59	440234	463723	gene-Peve_00036672	24.24070323	396
Porites_evermani_scaffold_59	466845	470587	gene-Peve_00036673	46.81984637	46
Porites_evermani_scaffold_59	487392	491193	gene-Peve_00036674	1	10
Porites_evermani_scaffold_59	507029	508208	gene-Peve_00036676	0.378787875	24
Porites_evermani_scaffold_59	519426	522530	gene-Peve_00036675	0	11
Porites_evermani_scaffold_59	538725	572099	gene-Peve_00036678	11.04367375	548
Porites_evermani_scaffold_59	577442	592057	gene-Peve_00036680	59.00176083	213
Porites_evermani_scaffold_59	592945	630297	gene-Peve_00036681	4.439380986	666
Porites_evermani_scaffold_59	630617	636779	gene-Peve_00036683	66.37528134	56
Porites_evermani_scaffold_59	641418	643169	gene-Peve_00036684	0	34
Porites_evermani_scaffold_59	657125	659285	gene-Peve_00036686	32.62547624	42
Porites_evermani_scaffold_59	661303	661969	gene-Peve_00036685	88.34110327	11
Porites_evermani_scaffold_590	27512	28643	gene-Peve_00036709	0.1515151455	55
Porites_evermani_scaffold_590	34345	36325	gene-Peve_00036710	.	0
Porites_evermani_scaffold_590	38083	40100	gene-Peve_00036711	0	37
Porites_evermani_scaffold_590	40995	53952	gene-Peve_00036712	0.3142365805	205
Porites_evermani_scaffold_590	58316	63824	gene-Peve_00036713	0.5151560714	140
Porites_evermani_scaffold_590	68502	69602	gene-Peve_00036714	0.22222224	25
Porites_evermani_scaffold_590	69668	70382	gene-Peve_00036715	0.9090909091	11
Porites_evermani_scaffold_590	75506	88682	gene-Peve_00036716	0.4401519151	271
Porites_evermani_scaffold_590	94587	105521	gene-Peve_00036717	22.35382096	207
Porites_evermani_scaffold_590	107643	125220	gene-Peve_00036718	15.2660845	58
Porites_evermani_scaffold_590	128829	129600	gene-Peve_00036719	1.888888867	15
Porites_evermani_scaffold_590	135879	150605	gene-Peve_00036720	18.57531282	124
Porites_evermani_scaffold_590	155196	155819	gene-Peve_00036721	.	0
Porites_evermani_scaffold_590	155832	156726	gene-Peve_00036722	.	0
Porites_evermani_scaffold_590	159279	159902	gene-Peve_00036723	.	0
Porites_evermani_scaffold_590	159915	160809	gene-Peve_00036724	0	1
Porites_evermani_scaffold_590	162442	173431	gene-Peve_00036725	7.256880904	229
Porites_evermani_scaffold_590	173452	177098	gene-Peve_00036726	31.39497635	46
Porites_evermani_scaffold_590	177164	179777	gene-Peve_00036727	29.98168429	24
Porites_evermani_scaffold_590	179769	180537	gene-Peve_00036729	.	0
Porites_evermani_scaffold_590	180757	184189	gene-Peve_00036730	.	0
Porites_evermani_scaffold_590	184463	225363	gene-Peve_00036728	6.84257609	523
Porites_evermani_scaffold_590	211249	216374	gene-Peve_00036731	0.8179954216	102
Porites_evermani_scaffold_5901	834	1215	gene-Peve_00036732	0	6
Porites_evermani_scaffold_5904	416	2988	gene-Peve_00036733	0.4784688947	38
Porites_evermani_scaffold_5904	4052	6165	gene-Peve_00036734	0	39
Porites_evermani_scaffold_591	1406	34045	gene-Peve_00036736	31.63150896	561
Porites_evermani_scaffold_591	36731	57760	gene-Peve_00036751	47.40888866	116
Porites_evermani_scaffold_591	57940	65552	gene-Peve_00036737	73.24231377	74
Porites_evermani_scaffold_591	71482	74115	gene-Peve_00036738	42.67623744	25
Porites_evermani_scaffold_591	75775	77122	gene-Peve_00036739	0.4079254167	60
Porites_evermani_scaffold_591	79301	87168	gene-Peve_00036740	0.1491499967	305
Porites_evermani_scaffold_591	93136	105494	gene-Peve_00036741	0.8416451519	237
Porites_evermani_scaffold_591	110707	111916	gene-Peve_00036742	4.5454545	2
Porites_evermani_scaffold_591	114880	115684	gene-Peve_00036743	.	0
Porites_evermani_scaffold_591	130149	131343	gene-Peve_00036744	2.3717948	10
Porites_evermani_scaffold_591	138318	139541	gene-Peve_00036745	0	7
Porites_evermani_scaffold_591	144712	145933	gene-Peve_00036746	98	5
Porites_evermani_scaffold_591	146058	175083	gene-Peve_00036747	1.391470672	539
Porites_evermani_scaffold_591	176377	190072	gene-Peve_00036748	23.21180877	219
Porites_evermani_scaffold_591	196629	218478	gene-Peve_00036749	0.427095045	400
Porites_evermani_scaffold_591	224997	225411	gene-Peve_00036750	0	13
Porites_evermani_scaffold_5911	850	4141	gene-Peve_00036752	92.307692	1
Porites_evermani_scaffold_5911	7836	8268	gene-Peve_00036753	0	14
Porites_evermani_scaffold_5914	109	8780	gene-Peve_00036754	79.69282743	44
Porites_evermani_scaffold_5916	1605	5084	gene-Peve_00036755	.	0
Porites_evermani_scaffold_5919	4922	5912	gene-Peve_00036756	0	4
Porites_evermani_scaffold_592	15117	18160	gene-Peve_00036764	0.6212797578	128
Porites_evermani_scaffold_592	27960	29253	gene-Peve_00036771	0.4924813725	51
Porites_evermani_scaffold_592	34518	48824	gene-Peve_00036776	47.48876205	160
Porites_evermani_scaffold_592	50629	51352	gene-Peve_00036758	0.3448275862	29
Porites_evermani_scaffold_592	53484	62175	gene-Peve_00036759	5.0073215	16
Porites_evermani_scaffold_592	65856	73556	gene-Peve_00036760	71.31969241	101
Porites_evermani_scaffold_592	73851	90911	gene-Peve_00036761	19.89527705	291
Porites_evermani_scaffold_592	93219	93636	gene-Peve_00036762	0	13
Porites_evermani_scaffold_592	105986	111417	gene-Peve_00036763	0	148
Porites_evermani_scaffold_592	121875	122497	gene-Peve_00036765	0	12
Porites_evermani_scaffold_592	124056	128288	gene-Peve_00036766	1.037970336	107
Porites_evermani_scaffold_592	130073	140870	gene-Peve_00036767	7.55850812	324
Porites_evermani_scaffold_592	151930	152643	gene-Peve_00036769	5.100911348	23
Porites_evermani_scaffold_592	154153	162281	gene-Peve_00036770	0.6675733731	201
Porites_evermani_scaffold_592	169798	170716	gene-Peve_00036772	2.287461692	39
Porites_evermani_scaffold_592	180962	188955	gene-Peve_00036773	19.50254117	210
Porites_evermani_scaffold_592	189323	207090	gene-Peve_00036774	22.19362983	348
Porites_evermani_scaffold_592	216710	222062	gene-Peve_00036775	3.727308366	145
Porites_evermani_scaffold_5920	137	1646	gene-Peve_00036777	0	6
Porites_evermani_scaffold_5921	42	3485	gene-Peve_00036778	81.3636365	4
Porites_evermani_scaffold_5922	4070	7025	gene-Peve_00036779	0.25	20
Porites_evermani_scaffold_5925	3692	8445	gene-Peve_00036780	88.86518257	7
Porites_evermani_scaffold_5926	1180	1561	gene-Peve_00036781	.	0
Porites_evermani_scaffold_5926	6212	7522	gene-Peve_00036782	0	6
Porites_evermani_scaffold_5927	354	8000	gene-Peve_00036783	50	2
Porites_evermani_scaffold_5928	924	6327	gene-Peve_00036784	0.4603841264	87
Porites_evermani_scaffold_593	16876	29302	gene-Peve_00036785	0.4403146906	278
Porites_evermani_scaffold_593	19241	20432	gene-Peve_00036797	1.525747	11
Porites_evermani_scaffold_593	31891	32429	gene-Peve_00036786	.	0
Porites_evermani_scaffold_593	33244	33649	gene-Peve_00036787	0	2
Porites_evermani_scaffold_593	43018	92775	gene-Peve_00036788	4.731707259	934
Porites_evermani_scaffold_593	83819	84323	gene-Peve_00036789	0.21929825	24
Porites_evermani_scaffold_593	94456	107510	gene-Peve_00036790	0.9957190625	304
Porites_evermani_scaffold_593	113210	187903	gene-Peve_00036792	9.080398219	1313
Porites_evermani_scaffold_593	165165	166398	gene-Peve_00036793	23.0658689	51
Porites_evermani_scaffold_593	167618	169168	gene-Peve_00036794	4.246031667	6
Porites_evermani_scaffold_593	193910	216155	gene-Peve_00036795	24.83114157	249
Porites_evermani_scaffold_593	219884	220848	gene-Peve_00036798	.	0
Porites_evermani_scaffold_5930	171	2817	gene-Peve_00036800	54.86513492	12
Porites_evermani_scaffold_5930	3792	8689	gene-Peve_00036801	66.909091	5
Porites_evermani_scaffold_5931	247	7309	gene-Peve_00036802	0.1345486146	96
Porites_evermani_scaffold_5937	3693	4383	gene-Peve_00036803	.	0
Porites_evermani_scaffold_5938	152	4677	gene-Peve_00036804	0	7
Porites_evermani_scaffold_5939	26	3251	gene-Peve_00036805	.	0
Porites_evermani_scaffold_594	1777	77189	gene-Peve_00036806	0.7644542503	995
Porites_evermani_scaffold_594	82338	84386	gene-Peve_00036817	0	5
Porites_evermani_scaffold_594	89566	119536	gene-Peve_00036816	0.9346749651	458
Porites_evermani_scaffold_594	106086	109130	gene-Peve_00036807	0.7440476	40
Porites_evermani_scaffold_594	123691	137964	gene-Peve_00036808	33.80371771	255
Porites_evermani_scaffold_594	161744	164620	gene-Peve_00036810	0.3447257042	71
Porites_evermani_scaffold_594	171849	176315	gene-Peve_00036811	92.277296	36
Porites_evermani_scaffold_594	183815	186079	gene-Peve_00036812	0.3705053367	98
Porites_evermani_scaffold_594	189801	190503	gene-Peve_00036813	0.6	25
Porites_evermani_scaffold_594	196679	197063	gene-Peve_00036815	0	12
Porites_evermani_scaffold_594	203516	221865	gene-Peve_00036814	0.9387698871	443
Porites_evermani_scaffold_5940	6859	7414	gene-Peve_00036818	0.625	16
Porites_evermani_scaffold_5944	3217	5989	gene-Peve_00036819	0	4
Porites_evermani_scaffold_5947	352	1420	gene-Peve_00036821	.	0
Porites_evermani_scaffold_5947	4350	5232	gene-Peve_00036822	.	0
Porites_evermani_scaffold_5949	5090	6507	gene-Peve_00036823	0.8123746341	41
Porites_evermani_scaffold_595	2905	5166	gene-Peve_00036828	0.2181995316	79
Porites_evermani_scaffold_595	19012	22213	gene-Peve_00036824	0.6239916322	87
Porites_evermani_scaffold_595	27282	29382	gene-Peve_00036825	0.7495408636	44
Porites_evermani_scaffold_595	45095	46511	gene-Peve_00036826	54.145299	6
Porites_evermani_scaffold_595	46629	76515	gene-Peve_00036827	9.181830338	582
Porites_evermani_scaffold_595	76624	82743	gene-Peve_00036829	0.3403612115	156
Porites_evermani_scaffold_595	89103	113225	gene-Peve_00036830	1.695165496	689
Porites_evermani_scaffold_595	91603	92556	gene-Peve_00036831	0	6
Porites_evermani_scaffold_595	116572	119268	gene-Peve_00036832	0.4601571296	54
Porites_evermani_scaffold_595	119935	120379	gene-Peve_00036833	0	7
Porites_evermani_scaffold_595	121820	122303	gene-Peve_00036834	0.5208333125	16
Porites_evermani_scaffold_595	123775	127670	gene-Peve_00036835	0.4231080612	98
Porites_evermani_scaffold_595	128960	132979	gene-Peve_00036836	0.2321601415	106
Porites_evermani_scaffold_595	134627	135071	gene-Peve_00036837	0	6
Porites_evermani_scaffold_595	135791	138774	gene-Peve_00036838	0.4234693857	70
Porites_evermani_scaffold_595	137747	159503	gene-Peve_00036839	0.4818576032	494
Porites_evermani_scaffold_595	184063	197186	gene-Peve_00036840	50.4484831	219
Porites_evermani_scaffold_5952	2440	3246	gene-Peve_00036842	.	0
Porites_evermani_scaffold_5952	4789	7397	gene-Peve_00036843	3.0555555	6
Porites_evermani_scaffold_5953	409	6905	gene-Peve_00036844	20	1
Porites_evermani_scaffold_5954	794	1130	gene-Peve_00036845	0.5075621538	13
Porites_evermani_scaffold_5954	6633	7693	gene-Peve_00036846	.	0
Porites_evermani_scaffold_5959	4790	6161	gene-Peve_00036847	.	0
Porites_evermani_scaffold_596	1	625	gene-Peve_00036848	0.2380952381	21
Porites_evermani_scaffold_596	5857	13069	gene-Peve_00036859	1.12860432	128
Porites_evermani_scaffold_596	16501	40179	gene-Peve_00036861	0.4552301373	459
Porites_evermani_scaffold_596	42358	72408	gene-Peve_00036862	0.5350918545	639
Porites_evermani_scaffold_596	79654	83156	gene-Peve_00036849	0.09182736364	99
Porites_evermani_scaffold_596	84583	87495	gene-Peve_00036850	0.07112375676	74
Porites_evermani_scaffold_596	93343	94920	gene-Peve_00036851	0	45
Porites_evermani_scaffold_596	99624	100968	gene-Peve_00036852	0.1984126944	36
Porites_evermani_scaffold_596	105745	107394	gene-Peve_00036853	0.4138923443	61
Porites_evermani_scaffold_596	107414	110375	gene-Peve_00036854	0.2320213173	104
Porites_evermani_scaffold_596	113776	129917	gene-Peve_00036855	1.060484329	498
Porites_evermani_scaffold_596	133272	142475	gene-Peve_00036856	0.4154498458	240
Porites_evermani_scaffold_596	162806	164795	gene-Peve_00036857	0.3759398571	14
Porites_evermani_scaffold_596	175986	183810	gene-Peve_00036858	64.89789804	23
Porites_evermani_scaffold_596	195761	208271	gene-Peve_00036860	8.845868153	118
Porites_evermani_scaffold_5960	4027	6398	gene-Peve_00036863	.	0
Porites_evermani_scaffold_5963	2	8552	gene-Peve_00036864	0	1
Porites_evermani_scaffold_5965	4037	6664	gene-Peve_00036866	0	16
Porites_evermani_scaffold_5968	459	2791	gene-Peve_00036867	96.017316	14
Porites_evermani_scaffold_5969	3254	3803	gene-Peve_00036868	.	0
Porites_evermani_scaffold_597	975	2354	gene-Peve_00036873	0.1136363636	44
Porites_evermani_scaffold_597	11177	36043	gene-Peve_00036885	9.186386948	385
Porites_evermani_scaffold_597	28985	29698	gene-Peve_00036869	2.322397214	42
Porites_evermani_scaffold_597	36110	37923	gene-Peve_00036870	31.12012983	18
Porites_evermani_scaffold_597	38475	50660	gene-Peve_00036871	74.27330692	88
Porites_evermani_scaffold_597	57133	59889	gene-Peve_00036872	0	57
Porites_evermani_scaffold_597	65678	67471	gene-Peve_00036874	0	50
Porites_evermani_scaffold_597	78479	92907	gene-Peve_00036875	1.276378628	390
Porites_evermani_scaffold_597	93468	115208	gene-Peve_00036876	0.5422849534	408
Porites_evermani_scaffold_597	136411	149781	gene-Peve_00036879	0.3898903918	388
Porites_evermani_scaffold_597	172612	172933	gene-Peve_00036881	0	9
Porites_evermani_scaffold_597	173572	188263	gene-Peve_00036882	1.446688254	303
Porites_evermani_scaffold_597	197956	198828	gene-Peve_00036883	41.51349689	19
Porites_evermani_scaffold_597	201512	218327	gene-Peve_00036884	1.042554158	411
Porites_evermani_scaffold_5971	842	8431	gene-Peve_00036886	68.30402145	44
Porites_evermani_scaffold_5974	7059	7395	gene-Peve_00036887	.	0
Porites_evermani_scaffold_598	2931	3285	gene-Peve_00036902	1.010101	9
Porites_evermani_scaffold_598	7196	12977	gene-Peve_00036908	1.636141629	132
Porites_evermani_scaffold_598	10088	10792	gene-Peve_00036909	0.625	16
Porites_evermani_scaffold_598	34435	37892	gene-Peve_00036888	0.2173913043	46
Porites_evermani_scaffold_598	39799	48413	gene-Peve_00036889	3.360916417	72
Porites_evermani_scaffold_598	54622	56245	gene-Peve_00036890	1.936026917	36
Porites_evermani_scaffold_598	60267	62254	gene-Peve_00036891	0.4177109298	57
Porites_evermani_scaffold_598	75287	103900	gene-Peve_00036892	1.220115014	418
Porites_evermani_scaffold_598	111192	129278	gene-Peve_00036893	0.7643273885	435
Porites_evermani_scaffold_598	133078	150605	gene-Peve_00036894	1.7374319	239
Porites_evermani_scaffold_598	142897	144116	gene-Peve_00036897	0	5
Porites_evermani_scaffold_598	157275	158226	gene-Peve_00036898	.	0
Porites_evermani_scaffold_598	161978	162929	gene-Peve_00036899	0	8
Porites_evermani_scaffold_598	165564	168140	gene-Peve_00036900	0	49
Porites_evermani_scaffold_598	169568	169891	gene-Peve_00036901	1.388888833	6
Porites_evermani_scaffold_598	179643	180603	gene-Peve_00036903	0	15
Porites_evermani_scaffold_598	185032	185472	gene-Peve_00036904	0	12
Porites_evermani_scaffold_598	186295	194610	gene-Peve_00036905	0	16
Porites_evermani_scaffold_598	200662	201625	gene-Peve_00036906	0	35
Porites_evermani_scaffold_5980	3577	4051	gene-Peve_00036910	.	0
Porites_evermani_scaffold_5981	8052	8421	gene-Peve_00036911	0	1
Porites_evermani_scaffold_5982	0	1014	gene-Peve_00036912	.	0
Porites_evermani_scaffold_5982	5865	8332	gene-Peve_00036913	0.7484407568	37
Porites_evermani_scaffold_5983	98	7289	gene-Peve_00036914	0.21308596	150
Porites_evermani_scaffold_599	19094	19585	gene-Peve_00036930	.	0
Porites_evermani_scaffold_599	21733	76137	gene-Peve_00036915	8.564349811	1198
Porites_evermani_scaffold_599	81541	86287	gene-Peve_00036916	63.23935447	59
Porites_evermani_scaffold_599	90703	91711	gene-Peve_00036917	3.072035452	31
Porites_evermani_scaffold_599	114231	115248	gene-Peve_00036918	2.817420686	35
Porites_evermani_scaffold_599	121643	137220	gene-Peve_00036919	18.61621012	137
Porites_evermani_scaffold_599	129716	135570	gene-Peve_00036920	54.79527128	43
Porites_evermani_scaffold_599	137409	137853	gene-Peve_00036921	0.7369614286	21
Porites_evermani_scaffold_599	144290	144926	gene-Peve_00036922	1.33333335	20
Porites_evermani_scaffold_599	146191	148340	gene-Peve_00036923	1.010066429	63
Porites_evermani_scaffold_599	156816	157284	gene-Peve_00036924	.	0
Porites_evermani_scaffold_599	157910	158324	gene-Peve_00036925	.	0
Porites_evermani_scaffold_599	181320	181968	gene-Peve_00036926	0	28
Porites_evermani_scaffold_599	189476	206261	gene-Peve_00036927	20.19666802	344
Porites_evermani_scaffold_599	207142	220566	gene-Peve_00036928	11.76938948	275
Porites_evermani_scaffold_599	222892	223522	gene-Peve_00036929	0.5494505385	13
Porites_evermani_scaffold_5991	2614	5497	gene-Peve_00036931	.	0
Porites_evermani_scaffold_5992	7404	7743	gene-Peve_00036934	3.097626833	6
Porites_evermani_scaffold_5993	134	6586	gene-Peve_00036935	56.21321225	81
Porites_evermani_scaffold_5995	2920	8018	gene-Peve_00036936	.	0
Porites_evermani_scaffold_6	4287	4938	gene-Peve_00036937	0.7034631818	22
Porites_evermani_scaffold_6	6219	6894	gene-Peve_00037032	11.52860147	34
Porites_evermani_scaffold_6	12345	27605	gene-Peve_00036940	0.3255370141	284
Porites_evermani_scaffold_6	34193	35779	gene-Peve_00036965	0	37
Porites_evermani_scaffold_6	40044	68100	gene-Peve_00036975	0.7832460967	807
Porites_evermani_scaffold_6	72064	72908	gene-Peve_00037024	0	17
Porites_evermani_scaffold_6	81215	88730	gene-Peve_00037027	21.98461464	132
Porites_evermani_scaffold_6	102800	106223	gene-Peve_00037028	0.2020202182	55
Porites_evermani_scaffold_6	111871	119844	gene-Peve_00037029	0.45048535	200
Porites_evermani_scaffold_6	135747	143329	gene-Peve_00037030	0.2062709698	199
Porites_evermani_scaffold_6	151792	153643	gene-Peve_00037033	0.395256913	23
Porites_evermani_scaffold_6	163057	171158	gene-Peve_00037034	0.8719846288	132
Porites_evermani_scaffold_6	164580	169080	gene-Peve_00037035	0	6
Porites_evermani_scaffold_6	174969	178017	gene-Peve_00037036	6.758110032	62
Porites_evermani_scaffold_6	183519	195762	gene-Peve_00037037	1.57718859	229
Porites_evermani_scaffold_6	209161	216974	gene-Peve_00037038	30.90495574	104
Porites_evermani_scaffold_6	219225	227079	gene-Peve_00037039	19.81454533	141
Porites_evermani_scaffold_6	231125	238090	gene-Peve_00037040	25.3713207	178
Porites_evermani_scaffold_6	241317	246420	gene-Peve_00037041	45.02943587	87
Porites_evermani_scaffold_6	246556	251355	gene-Peve_00037042	81.63878969	89
Porites_evermani_scaffold_6	254229	262352	gene-Peve_00037043	3.048764148	229
Porites_evermani_scaffold_6	278648	280324	gene-Peve_00037046	1.434743265	68
Porites_evermani_scaffold_6	282242	289241	gene-Peve_00037047	6.022621404	230
Porites_evermani_scaffold_6	294001	294635	gene-Peve_00037048	0	3
Porites_evermani_scaffold_6	298403	298766	gene-Peve_00037050	0	8
Porites_evermani_scaffold_6	302480	311252	gene-Peve_00037049	1.995027743	183
Porites_evermani_scaffold_6	331101	335922	gene-Peve_00037051	0.2435897449	98
Porites_evermani_scaffold_6	336024	343403	gene-Peve_00037052	0.5400936279	215
Porites_evermani_scaffold_6	348795	361380	gene-Peve_00036938	51.34357748	131
Porites_evermani_scaffold_6	364257	373065	gene-Peve_00036939	59.57240582	154
Porites_evermani_scaffold_6	387883	415777	gene-Peve_00036941	0.6627262514	712
Porites_evermani_scaffold_6	418194	419943	gene-Peve_00036942	46.19047614	7
Porites_evermani_scaffold_6	420239	429839	gene-Peve_00036943	9.378199576	151
Porites_evermani_scaffold_6	430523	439923	gene-Peve_00036944	0.9099476114	211
Porites_evermani_scaffold_6	444913	447211	gene-Peve_00036945	85.10612522	18
Porites_evermani_scaffold_6	449977	460122	gene-Peve_00036946	16.10849608	143
Porites_evermani_scaffold_6	461716	466025	gene-Peve_00036947	37.9376885	60
Porites_evermani_scaffold_6	467999	472824	gene-Peve_00036948	0	74
Porites_evermani_scaffold_6	476417	477362	gene-Peve_00036949	0	21
Porites_evermani_scaffold_6	487709	509644	gene-Peve_00036952	0.7493014492	472
Porites_evermani_scaffold_6	510710	512770	gene-Peve_00036954	1.700036042	24
Porites_evermani_scaffold_6	513674	516330	gene-Peve_00036955	2.190679172	29
Porites_evermani_scaffold_6	528599	532844	gene-Peve_00036953	0.1157407467	150
Porites_evermani_scaffold_6	535565	548956	gene-Peve_00036950	0.4408195894	302
Porites_evermani_scaffold_6	554649	558641	gene-Peve_00036951	0.4184894118	119
Porites_evermani_scaffold_6	562147	586985	gene-Peve_00036956	45.94397654	311
Porites_evermani_scaffold_6	592791	598418	gene-Peve_00036957	67.53872682	62
Porites_evermani_scaffold_6	600487	607184	gene-Peve_00036958	84.87431052	61
Porites_evermani_scaffold_6	612761	614972	gene-Peve_00036959	27.18295968	41
Porites_evermani_scaffold_6	617127	631607	gene-Peve_00036960	60.91042796	175
Porites_evermani_scaffold_6	635920	646833	gene-Peve_00036961	28.65100038	228
Porites_evermani_scaffold_6	652722	665017	gene-Peve_00036962	20.30481126	171
Porites_evermani_scaffold_6	666825	686682	gene-Peve_00036963	8.305263043	397
Porites_evermani_scaffold_6	695875	715308	gene-Peve_00036964	31.04169469	290
Porites_evermani_scaffold_6	725144	728211	gene-Peve_00036966	0.84539835	60
Porites_evermani_scaffold_6	728464	728830	gene-Peve_00036967	0	5
Porites_evermani_scaffold_6	754060	757781	gene-Peve_00036968	0.2136752222	36
Porites_evermani_scaffold_6	764962	765357	gene-Peve_00036969	0	1
Porites_evermani_scaffold_6	770103	773924	gene-Peve_00036970	0.3522478125	80
Porites_evermani_scaffold_6	775830	806721	gene-Peve_00036971	0.5485788534	887
Porites_evermani_scaffold_6	782947	783386	gene-Peve_00036972	0	17
Porites_evermani_scaffold_6	812834	819882	gene-Peve_00036973	0.4922765108	139
Porites_evermani_scaffold_6	826572	833811	gene-Peve_00036974	1.286818442	190
Porites_evermani_scaffold_6	840390	841707	gene-Peve_00036976	0.378338	45
Porites_evermani_scaffold_6	842571	843057	gene-Peve_00036977	0	7
Porites_evermani_scaffold_6	854154	868001	gene-Peve_00036978	0.3791659175	424
Porites_evermani_scaffold_6	882110	902306	gene-Peve_00036979	0.5096872212	565
Porites_evermani_scaffold_6	904353	915943	gene-Peve_00036980	0.2245628635	271
Porites_evermani_scaffold_6	921348	924939	gene-Peve_00036981	1.465359554	112
Porites_evermani_scaffold_6	927366	930042	gene-Peve_00036982	0.2508960645	93
Porites_evermani_scaffold_6	931316	932066	gene-Peve_00036983	0.7792207727	22
Porites_evermani_scaffold_6	937413	946034	gene-Peve_00036984	55.11057965	115
Porites_evermani_scaffold_6	947827	959929	gene-Peve_00036985	0.6429475508	256
Porites_evermani_scaffold_6	961264	963220	gene-Peve_00036986	1.136395414	29
Porites_evermani_scaffold_6	963817	965286	gene-Peve_00036987	0.41666665	20
Porites_evermani_scaffold_6	966775	967816	gene-Peve_00036988	0	22
Porites_evermani_scaffold_6	968323	970350	gene-Peve_00036989	0.485992	53
Porites_evermani_scaffold_6	971600	973370	gene-Peve_00036990	0.1388889	40
Porites_evermani_scaffold_6	976148	977658	gene-Peve_00036991	0.491932303	33
Porites_evermani_scaffold_6	979307	983338	gene-Peve_00036992	0.1176470588	85
Porites_evermani_scaffold_6	987180	989408	gene-Peve_00036993	0	39
Porites_evermani_scaffold_6	992826	995553	gene-Peve_00036994	0.4901960784	51
Porites_evermani_scaffold_6	997919	1000547	gene-Peve_00036996	1.01282055	80
Porites_evermani_scaffold_6	1003039	1008274	gene-Peve_00036995	0.5071785281	89
Porites_evermani_scaffold_6	1008392	1018562	gene-Peve_00036997	0.1901197746	173
Porites_evermani_scaffold_6	1024578	1030399	gene-Peve_00036998	1.416794585	82
Porites_evermani_scaffold_6	1038445	1063132	gene-Peve_00036999	2.06150087	615
Porites_evermani_scaffold_6	1068557	1077419	gene-Peve_00037001	1.825101769	91
Porites_evermani_scaffold_6	1080486	1083437	gene-Peve_00037002	0.184430956	91
Porites_evermani_scaffold_6	1086333	1087824	gene-Peve_00037003	0.08333333333	48
Porites_evermani_scaffold_6	1089024	1091881	gene-Peve_00037005	0.3103913684	57
Porites_evermani_scaffold_6	1093572	1095819	gene-Peve_00037004	0.6464705085	59
Porites_evermani_scaffold_6	1099925	1100921	gene-Peve_00037006	0.1633986944	36
Porites_evermani_scaffold_6	1105706	1106603	gene-Peve_00037007	0.70869484	25
Porites_evermani_scaffold_6	1113461	1134695	gene-Peve_00037008	1.191517862	189
Porites_evermani_scaffold_6	1119259	1122401	gene-Peve_00037009	0	5
Porites_evermani_scaffold_6	1137166	1143842	gene-Peve_00037010	45.40295742	110
Porites_evermani_scaffold_6	1146679	1147048	gene-Peve_00037011	0.2857142857	14
Porites_evermani_scaffold_6	1161116	1172858	gene-Peve_00037012	2.576371825	309
Porites_evermani_scaffold_6	1182689	1200437	gene-Peve_00037013	1.85029576	525
Porites_evermani_scaffold_6	1201472	1216940	gene-Peve_00037014	26.17829986	310
Porites_evermani_scaffold_6	1219687	1241064	gene-Peve_00037015	40.50443848	337
Porites_evermani_scaffold_6	1270904	1278243	gene-Peve_00037017	5.268295477	216
Porites_evermani_scaffold_6	1289833	1292186	gene-Peve_00037016	0	8
Porites_evermani_scaffold_6	1301677	1304238	gene-Peve_00037018	0.3840488333	48
Porites_evermani_scaffold_6	1326036	1329035	gene-Peve_00037021	0	31
Porites_evermani_scaffold_6	1352804	1361623	gene-Peve_00037022	1.411458746	67
Porites_evermani_scaffold_6	1367153	1376452	gene-Peve_00037023	2.28150227	37
Porites_evermani_scaffold_60	4543	5149	gene-Peve_00037053	0.582010619	21
Porites_evermani_scaffold_60	20247	25097	gene-Peve_00037084	0.5228941288	132
Porites_evermani_scaffold_60	60755	62078	gene-Peve_00037082	1.74862771	31
Porites_evermani_scaffold_60	73386	89439	gene-Peve_00037083	31.82644812	321
Porites_evermani_scaffold_60	100143	123838	gene-Peve_00037085	5.710128685	425
Porites_evermani_scaffold_60	125278	126857	gene-Peve_00037086	0.2967711296	54
Porites_evermani_scaffold_60	135923	136826	gene-Peve_00037087	0.2314814815	27
Porites_evermani_scaffold_60	142459	143509	gene-Peve_00037088	0.2100840294	34
Porites_evermani_scaffold_60	153534	155443	gene-Peve_00037089	0	27
Porites_evermani_scaffold_60	161661	170275	gene-Peve_00037091	58.31069306	137
Porites_evermani_scaffold_60	171824	184091	gene-Peve_00037092	16.81772324	258
Porites_evermani_scaffold_60	196661	230943	gene-Peve_00037093	8.14225972	574
Porites_evermani_scaffold_60	201698	207150	gene-Peve_00037094	.	0
Porites_evermani_scaffold_60	236857	237310	gene-Peve_00037095	.	0
Porites_evermani_scaffold_60	240605	241682	gene-Peve_00037054	0	25
Porites_evermani_scaffold_60	244386	248409	gene-Peve_00037055	0.2195293288	73
Porites_evermani_scaffold_60	251288	263468	gene-Peve_00037056	1.225886528	269
Porites_evermani_scaffold_60	271378	279448	gene-Peve_00037057	0.3452561053	209
Porites_evermani_scaffold_60	285566	293996	gene-Peve_00037058	28.8024277	115
Porites_evermani_scaffold_60	298339	303565	gene-Peve_00037059	0.3172704545	154
Porites_evermani_scaffold_60	310569	335795	gene-Peve_00037060	1.887880918	474
Porites_evermani_scaffold_60	344976	352149	gene-Peve_00037061	0.4680876512	215
Porites_evermani_scaffold_60	355658	382677	gene-Peve_00037062	0.6135463341	443
Porites_evermani_scaffold_60	391817	395582	gene-Peve_00037063	1.1095455	92
Porites_evermani_scaffold_60	400054	400593	gene-Peve_00037064	0	14
Porites_evermani_scaffold_60	403233	404175	gene-Peve_00037065	0.4399195769	26
Porites_evermani_scaffold_60	412709	415490	gene-Peve_00037066	0.2432892712	59
Porites_evermani_scaffold_60	422448	462081	gene-Peve_00037067	59.01042917	446
Porites_evermani_scaffold_60	463296	464839	gene-Peve_00037068	2.269087465	43
Porites_evermani_scaffold_60	465236	472907	gene-Peve_00037069	42.21341654	129
Porites_evermani_scaffold_60	479300	512305	gene-Peve_00037070	32.45588244	415
Porites_evermani_scaffold_60	513808	523638	gene-Peve_00037071	59.59233865	125
Porites_evermani_scaffold_60	533978	534347	gene-Peve_00037072	.	0
Porites_evermani_scaffold_60	538283	541502	gene-Peve_00037073	0.3986114326	141
Porites_evermani_scaffold_60	544944	548245	gene-Peve_00037074	1.216861022	91
Porites_evermani_scaffold_60	564410	566832	gene-Peve_00037075	0.2825143774	53
Porites_evermani_scaffold_60	570784	576620	gene-Peve_00037076	0.3660703978	181
Porites_evermani_scaffold_60	614255	622460	gene-Peve_00037077	0.3749390463	108
Porites_evermani_scaffold_60	633313	639646	gene-Peve_00037078	0.3145043933	89
Porites_evermani_scaffold_60	645716	646534	gene-Peve_00037079	.	0
Porites_evermani_scaffold_60	651887	661090	gene-Peve_00037080	82.33698	44
Porites_evermani_scaffold_60	663206	665713	gene-Peve_00037081	82.5757575	2
Porites_evermani_scaffold_600	1117	3314	gene-Peve_00037096	45.48985426	42
Porites_evermani_scaffold_600	5587	6421	gene-Peve_00037101	0	15
Porites_evermani_scaffold_600	9363	19786	gene-Peve_00037102	47.26222069	194
Porites_evermani_scaffold_600	24512	44908	gene-Peve_00037106	2.037727848	276
Porites_evermani_scaffold_600	47040	48921	gene-Peve_00037108	1.663229455	66
Porites_evermani_scaffold_600	50617	55585	gene-Peve_00037097	0.2029502072	111
Porites_evermani_scaffold_600	60307	65939	gene-Peve_00037098	1.703040748	163
Porites_evermani_scaffold_600	185526	191280	gene-Peve_00037103	58.39479739	80
Porites_evermani_scaffold_600	194362	196207	gene-Peve_00037105	0.1785714286	56
Porites_evermani_scaffold_600	201394	208202	gene-Peve_00037104	0.2384238125	144
Porites_evermani_scaffold_600	218477	223016	gene-Peve_00037107	3.162055304	23
Porites_evermani_scaffold_6001	3541	3910	gene-Peve_00037109	19.52934857	7
Porites_evermani_scaffold_6002	3430	6064	gene-Peve_00037110	1.702741714	21
Porites_evermani_scaffold_6003	5398	8370	gene-Peve_00037111	0	21
Porites_evermani_scaffold_6004	4894	8163	gene-Peve_00037112	.	0
Porites_evermani_scaffold_6006	3478	3823	gene-Peve_00037113	0	5
Porites_evermani_scaffold_6007	544	1124	gene-Peve_00037114	0	5
Porites_evermani_scaffold_6007	3426	4278	gene-Peve_00037115	.	0
Porites_evermani_scaffold_6008	5934	6597	gene-Peve_00037116	.	0
Porites_evermani_scaffold_6009	5417	6746	gene-Peve_00037117	.	0
Porites_evermani_scaffold_601	20969	23626	gene-Peve_00037118	.	0
Porites_evermani_scaffold_601	26017	48870	gene-Peve_00037127	1.119476102	118
Porites_evermani_scaffold_601	27508	28715	gene-Peve_00037128	.	0
Porites_evermani_scaffold_601	50632	52150	gene-Peve_00037119	81.51515167	3
Porites_evermani_scaffold_601	60415	62158	gene-Peve_00037120	1.114864892	37
Porites_evermani_scaffold_601	65422	70089	gene-Peve_00037121	0.8031832376	101
Porites_evermani_scaffold_601	92307	92693	gene-Peve_00037123	0.4524886923	13
Porites_evermani_scaffold_601	97754	125891	gene-Peve_00037124	0.6997314269	253
Porites_evermani_scaffold_601	139615	140953	gene-Peve_00037125	.	0
Porites_evermani_scaffold_601	157454	188911	gene-Peve_00037126	3.211413273	245
Porites_evermani_scaffold_6010	2	5098	gene-Peve_00037129	.	0
Porites_evermani_scaffold_6015	6967	8269	gene-Peve_00037131	.	0
Porites_evermani_scaffold_6016	4086	7973	gene-Peve_00037132	0	13
Porites_evermani_scaffold_6017	5248	6976	gene-Peve_00037133	.	0
Porites_evermani_scaffold_602	313	19509	gene-Peve_00037135	22.74852225	343
Porites_evermani_scaffold_602	2564	3729	gene-Peve_00037140	0	49
Porites_evermani_scaffold_602	19733	25687	gene-Peve_00037147	8.019164291	117
Porites_evermani_scaffold_602	26408	39044	gene-Peve_00037148	0.9357642184	293
Porites_evermani_scaffold_602	50312	65091	gene-Peve_00037149	0.2900378361	61
Porites_evermani_scaffold_602	70579	76803	gene-Peve_00037136	67.26190479	14
Porites_evermani_scaffold_602	86400	104104	gene-Peve_00037138	18.52593116	302
Porites_evermani_scaffold_602	111678	128438	gene-Peve_00037139	7.461367549	326
Porites_evermani_scaffold_602	135400	136049	gene-Peve_00037141	0	9
Porites_evermani_scaffold_602	136997	146184	gene-Peve_00037142	0.1174134545	198
Porites_evermani_scaffold_602	149354	161663	gene-Peve_00037143	0.4067625511	372
Porites_evermani_scaffold_602	170345	192423	gene-Peve_00037144	7.886197294	385
Porites_evermani_scaffold_602	201741	213795	gene-Peve_00037145	0.87743162	250
Porites_evermani_scaffold_602	220050	223109	gene-Peve_00037146	89.27580487	31
Porites_evermani_scaffold_6020	1615	7607	gene-Peve_00037150	95.03495409	44
Porites_evermani_scaffold_6021	1679	2628	gene-Peve_00037151	0	7
Porites_evermani_scaffold_6023	45	6830	gene-Peve_00037152	63.90151517	12
Porites_evermani_scaffold_6024	3198	6275	gene-Peve_00037153	0	16
Porites_evermani_scaffold_6026	3711	6080	gene-Peve_00037154	.	0
Porites_evermani_scaffold_6027	7365	7863	gene-Peve_00037155	90	2
Porites_evermani_scaffold_6029	5368	6958	gene-Peve_00037156	0.5143875686	51
Porites_evermani_scaffold_603	3107	10692	gene-Peve_00037157	0	2
Porites_evermani_scaffold_603	22032	39083	gene-Peve_00037163	0.3205091978	268
Porites_evermani_scaffold_603	43508	50682	gene-Peve_00037168	33.43093296	100
Porites_evermani_scaffold_603	50818	51139	gene-Peve_00037169	.	0
Porites_evermani_scaffold_603	54970	62652	gene-Peve_00037170	10	1
Porites_evermani_scaffold_603	70829	75125	gene-Peve_00037158	.	0
Porites_evermani_scaffold_603	77669	119729	gene-Peve_00037160	1.019807081	431
Porites_evermani_scaffold_603	119732	120109	gene-Peve_00037159	0	2
Porites_evermani_scaffold_603	173340	184435	gene-Peve_00037162	63.79497011	154
Porites_evermani_scaffold_603	189322	197015	gene-Peve_00037164	0.6682399572	187
Porites_evermani_scaffold_603	208541	209260	gene-Peve_00037165	1.494859148	27
Porites_evermani_scaffold_603	209460	211502	gene-Peve_00037166	0.9755383191	47
Porites_evermani_scaffold_603	214589	221180	gene-Peve_00037167	1.360639364	55
Porites_evermani_scaffold_6031	5500	7132	gene-Peve_00037172	0.9393939333	30
Porites_evermani_scaffold_6032	1693	4336	gene-Peve_00037173	0.2991071625	80
Porites_evermani_scaffold_6035	890	7827	gene-Peve_00037174	84.27192186	73
Porites_evermani_scaffold_6036	546	7115	gene-Peve_00037175	0.5383873133	83
Porites_evermani_scaffold_6037	340	1261	gene-Peve_00037176	0.42250544	25
Porites_evermani_scaffold_6038	5662	6691	gene-Peve_00037177	.	0
Porites_evermani_scaffold_6039	3044	5784	gene-Peve_00037178	0.43885172	75
Porites_evermani_scaffold_604	82	41988	gene-Peve_00037179	38.14196622	603
Porites_evermani_scaffold_604	60142	74965	gene-Peve_00037182	49.9810247	209
Porites_evermani_scaffold_604	78093	79803	gene-Peve_00037186	0	18
Porites_evermani_scaffold_604	83774	160773	gene-Peve_00037180	21.55081035	927
Porites_evermani_scaffold_604	124183	124724	gene-Peve_00037181	.	0
Porites_evermani_scaffold_604	163529	176910	gene-Peve_00037183	0.5736822557	348
Porites_evermani_scaffold_604	185057	185921	gene-Peve_00037184	88.97927678	9
Porites_evermani_scaffold_604	193028	208906	gene-Peve_00037185	18.97376974	270
Porites_evermani_scaffold_6040	427	5903	gene-Peve_00037187	0	4
Porites_evermani_scaffold_6041	2168	7378	gene-Peve_00037188	1.666666667	6
Porites_evermani_scaffold_6042	1727	2177	gene-Peve_00037189	.	0
Porites_evermani_scaffold_6043	1372	1957	gene-Peve_00037191	.	0
Porites_evermani_scaffold_6045	6935	7736	gene-Peve_00037192	.	0
Porites_evermani_scaffold_6049	2048	5896	gene-Peve_00037193	22.97467176	42
Porites_evermani_scaffold_605	164	17301	gene-Peve_00037199	0.9592629524	105
Porites_evermani_scaffold_605	12312	13396	gene-Peve_00037216	.	0
Porites_evermani_scaffold_605	17911	20155	gene-Peve_00037194	0	7
Porites_evermani_scaffold_605	27115	47840	gene-Peve_00037195	12.74773201	225
Porites_evermani_scaffold_605	51570	53534	gene-Peve_00037196	0	49
Porites_evermani_scaffold_605	57417	71174	gene-Peve_00037197	42.8806014	93
Porites_evermani_scaffold_605	73308	100488	gene-Peve_00037198	16.31096952	505
Porites_evermani_scaffold_605	105054	110233	gene-Peve_00037200	19.50203938	91
Porites_evermani_scaffold_605	120671	121744	gene-Peve_00037201	0	15
Porites_evermani_scaffold_605	136122	136791	gene-Peve_00037202	0	15
Porites_evermani_scaffold_605	142395	143346	gene-Peve_00037203	0.4464285625	16
Porites_evermani_scaffold_605	147141	148092	gene-Peve_00037204	1.17493875	16
Porites_evermani_scaffold_605	160694	161597	gene-Peve_00037205	0	32
Porites_evermani_scaffold_605	165833	167330	gene-Peve_00037206	.	0
Porites_evermani_scaffold_605	172229	188559	gene-Peve_00037208	0.2655677653	98
Porites_evermani_scaffold_605	175368	177457	gene-Peve_00037209	0	3
Porites_evermani_scaffold_605	190542	191148	gene-Peve_00037210	.	0
Porites_evermani_scaffold_605	204598	205039	gene-Peve_00037211	.	0
Porites_evermani_scaffold_605	206720	207440	gene-Peve_00037212	.	0
Porites_evermani_scaffold_605	217779	220882	gene-Peve_00037214	73.840985	53
Porites_evermani_scaffold_6050	6039	7670	gene-Peve_00037218	0	15
Porites_evermani_scaffold_6053	1883	5051	gene-Peve_00037219	37.27150004	27
Porites_evermani_scaffold_6057	1698	2214	gene-Peve_00037220	.	0
Porites_evermani_scaffold_6057	2489	8137	gene-Peve_00037221	38.92970582	17
Porites_evermani_scaffold_606	12127	43957	gene-Peve_00037224	20.83160021	612
Porites_evermani_scaffold_606	62373	63857	gene-Peve_00037231	0.4457364419	43
Porites_evermani_scaffold_606	65959	74421	gene-Peve_00037237	16.45023144	62
Porites_evermani_scaffold_606	78332	110555	gene-Peve_00037222	68.32430873	366
Porites_evermani_scaffold_606	117355	118690	gene-Peve_00037223	2.479338818	11
Porites_evermani_scaffold_606	126103	126713	gene-Peve_00037226	0	22
Porites_evermani_scaffold_606	127693	128479	gene-Peve_00037227	66.22377623	13
Porites_evermani_scaffold_606	129006	129846	gene-Peve_00037228	83.6252075	18
Porites_evermani_scaffold_606	135022	138137	gene-Peve_00037229	75.07384979	24
Porites_evermani_scaffold_606	141744	142701	gene-Peve_00037230	52.6739925	10
Porites_evermani_scaffold_606	146453	148322	gene-Peve_00037232	82.90007335	46
Porites_evermani_scaffold_606	151901	152452	gene-Peve_00037233	64.83152555	11
Porites_evermani_scaffold_606	152776	153341	gene-Peve_00037234	80.638716	18
Porites_evermani_scaffold_606	160583	162326	gene-Peve_00037235	34.94720406	64
Porites_evermani_scaffold_606	167628	168318	gene-Peve_00037236	32.63491664	14
Porites_evermani_scaffold_606	181249	185555	gene-Peve_00037238	77.39443988	99
Porites_evermani_scaffold_606	192974	193319	gene-Peve_00037239	0	1
Porites_evermani_scaffold_606	200765	201131	gene-Peve_00037241	.	0
Porites_evermani_scaffold_6061	2804	5110	gene-Peve_00037242	0	6
Porites_evermani_scaffold_6062	4004	5748	gene-Peve_00037243	1.218994667	39
Porites_evermani_scaffold_6063	2885	7570	gene-Peve_00037244	68.0454546	10
Porites_evermani_scaffold_6065	3937	5873	gene-Peve_00037245	77.777778	3
Porites_evermani_scaffold_6066	1	4465	gene-Peve_00037246	1.006357959	123
Porites_evermani_scaffold_6066	5783	6644	gene-Peve_00037247	0.2982048148	27
Porites_evermani_scaffold_6069	2465	4505	gene-Peve_00037248	2.222222222	18
Porites_evermani_scaffold_607	54	24129	gene-Peve_00037249	6.730343589	382
Porites_evermani_scaffold_607	24353	26244	gene-Peve_00037263	73.33333325	4
Porites_evermani_scaffold_607	38403	40319	gene-Peve_00037250	.	0
Porites_evermani_scaffold_607	45058	53940	gene-Peve_00037251	22.59622816	85
Porites_evermani_scaffold_607	56269	57692	gene-Peve_00037252	.	0
Porites_evermani_scaffold_607	58110	61546	gene-Peve_00037253	76.67083518	17
Porites_evermani_scaffold_607	73380	76135	gene-Peve_00037254	0.1282051282	78
Porites_evermani_scaffold_607	76372	119918	gene-Peve_00037255	32.11424229	698
Porites_evermani_scaffold_607	121901	123111	gene-Peve_00037256	0.132626	58
Porites_evermani_scaffold_607	132407	137409	gene-Peve_00037257	0.7968066667	153
Porites_evermani_scaffold_607	140227	140967	gene-Peve_00037258	90	1
Porites_evermani_scaffold_607	146438	153747	gene-Peve_00037259	60.37821079	80
Porites_evermani_scaffold_607	157083	157502	gene-Peve_00037260	0	16
Porites_evermani_scaffold_607	171333	181536	gene-Peve_00037261	0.7471660858	268
Porites_evermani_scaffold_607	186288	204944	gene-Peve_00037262	35.83745127	353
Porites_evermani_scaffold_607	205193	221775	gene-Peve_00037264	14.05485216	387
Porites_evermani_scaffold_6073	2137	4457	gene-Peve_00037266	.	0
Porites_evermani_scaffold_6074	3321	7541	gene-Peve_00037267	1.535087711	38
Porites_evermani_scaffold_6075	221	8035	gene-Peve_00037268	0.4708799947	190
Porites_evermani_scaffold_6077	6405	6936	gene-Peve_00037270	4.1666665	2
Porites_evermani_scaffold_6078	3393	5328	gene-Peve_00037271	1.25	8
Porites_evermani_scaffold_6079	1235	7036	gene-Peve_00037272	0	31
Porites_evermani_scaffold_608	1021	1837	gene-Peve_00037273	.	0
Porites_evermani_scaffold_608	22426	27857	gene-Peve_00037274	0.4909983617	47
Porites_evermani_scaffold_608	43145	46116	gene-Peve_00037275	1.513688861	72
Porites_evermani_scaffold_608	58261	69167	gene-Peve_00037276	2.251777052	291
Porites_evermani_scaffold_608	72475	90247	gene-Peve_00037277	25.55405894	282
Porites_evermani_scaffold_608	91081	102605	gene-Peve_00037278	42.77668309	80
Porites_evermani_scaffold_608	105229	121089	gene-Peve_00037279	34.29696252	221
Porites_evermani_scaffold_608	127551	131681	gene-Peve_00037280	0	6
Porites_evermani_scaffold_608	142913	151750	gene-Peve_00037281	56.97828445	103
Porites_evermani_scaffold_608	164470	171805	gene-Peve_00037282	20.73530365	136
Porites_evermani_scaffold_608	183419	187022	gene-Peve_00037283	0.3611556966	89
Porites_evermani_scaffold_608	203085	205495	gene-Peve_00037285	1.428571429	49
Porites_evermani_scaffold_608	210769	212171	gene-Peve_00037286	36.2117049	10
Porites_evermani_scaffold_608	216687	219473	gene-Peve_00037287	1.677906245	94
Porites_evermani_scaffold_6082	1720	2737	gene-Peve_00037288	0.229885069	29
Porites_evermani_scaffold_6083	3536	7854	gene-Peve_00037289	1.304112536	28
Porites_evermani_scaffold_6084	95	2866	gene-Peve_00037290	0.2997653333	96
Porites_evermani_scaffold_6085	2749	3208	gene-Peve_00037291	.	0
Porites_evermani_scaffold_6086	6072	6521	gene-Peve_00037292	0	14
Porites_evermani_scaffold_6088	73	4271	gene-Peve_00037293	90.76408333	9
Porites_evermani_scaffold_609	370	14539	gene-Peve_00037294	62.73060273	26
Porites_evermani_scaffold_609	14679	21358	gene-Peve_00037297	86.44509157	61
Porites_evermani_scaffold_609	22358	36116	gene-Peve_00037308	75.58953139	70
Porites_evermani_scaffold_609	41612	46064	gene-Peve_00037309	66.78329063	54
Porites_evermani_scaffold_609	52916	64742	gene-Peve_00037310	77.87828356	36
Porites_evermani_scaffold_609	69873	75518	gene-Peve_00037295	45.91529528	109
Porites_evermani_scaffold_609	80778	88638	gene-Peve_00037296	37.3965284	80
Porites_evermani_scaffold_609	101527	105031	gene-Peve_00037298	36.29006228	29
Porites_evermani_scaffold_609	106978	107671	gene-Peve_00037299	0	14
Porites_evermani_scaffold_609	111997	145817	gene-Peve_00037300	50.48655389	264
Porites_evermani_scaffold_609	150563	153179	gene-Peve_00037302	0.1039501081	74
Porites_evermani_scaffold_609	156312	160517	gene-Peve_00037303	0.4352928641	103
Porites_evermani_scaffold_609	162229	164973	gene-Peve_00037304	0	74
Porites_evermani_scaffold_609	174172	174754	gene-Peve_00037305	0	11
Porites_evermani_scaffold_609	182135	205728	gene-Peve_00037306	36.99878953	307
Porites_evermani_scaffold_609	213390	220303	gene-Peve_00037307	48.39768547	64
Porites_evermani_scaffold_6090	1737	2420	gene-Peve_00037311	0	11
Porites_evermani_scaffold_6092	1366	6974	gene-Peve_00037312	1	20
Porites_evermani_scaffold_6093	1268	3387	gene-Peve_00037313	.	0
Porites_evermani_scaffold_6094	73	1944	gene-Peve_00037314	0.1923077	40
Porites_evermani_scaffold_6095	2615	7953	gene-Peve_00037315	81.52322683	23
Porites_evermani_scaffold_6096	868	2361	gene-Peve_00037316	.	0
Porites_evermani_scaffold_6099	657	6632	gene-Peve_00037317	0.7393235392	102
Porites_evermani_scaffold_61	1304	7839	gene-Peve_00037318	.	0
Porites_evermani_scaffold_61	28499	52818	gene-Peve_00037347	17.9625081	10
Porites_evermani_scaffold_61	56833	66919	gene-Peve_00037352	.	0
Porites_evermani_scaffold_61	70538	80469	gene-Peve_00037319	.	0
Porites_evermani_scaffold_61	89103	92821	gene-Peve_00037342	.	0
Porites_evermani_scaffold_61	100144	116869	gene-Peve_00037343	5.341880333	3
Porites_evermani_scaffold_61	128668	142810	gene-Peve_00037345	0.9287925833	12
Porites_evermani_scaffold_61	143246	200790	gene-Peve_00037346	1.620731337	101
Porites_evermani_scaffold_61	221908	223322	gene-Peve_00037349	.	0
Porites_evermani_scaffold_61	233600	244587	gene-Peve_00037350	1.104871937	303
Porites_evermani_scaffold_61	257494	263696	gene-Peve_00037351	0.5128667619	168
Porites_evermani_scaffold_61	285096	296734	gene-Peve_00037353	1.511874144	243
Porites_evermani_scaffold_61	300208	300710	gene-Peve_00037354	0.6403508947	19
Porites_evermani_scaffold_61	306567	307245	gene-Peve_00037355	35.540509	7
Porites_evermani_scaffold_61	340788	406448	gene-Peve_00037320	0.6719057765	1575
Porites_evermani_scaffold_61	364231	366615	gene-Peve_00037321	0	17
Porites_evermani_scaffold_61	419629	423520	gene-Peve_00037322	0.1295717611	113
Porites_evermani_scaffold_61	437368	465414	gene-Peve_00037323	1.548112063	827
Porites_evermani_scaffold_61	468965	469687	gene-Peve_00037326	0	8
Porites_evermani_scaffold_61	471342	471712	gene-Peve_00037327	0.5952380714	14
Porites_evermani_scaffold_61	481971	486411	gene-Peve_00037329	68.19081361	57
Porites_evermani_scaffold_61	495819	503874	gene-Peve_00037331	70.24835314	104
Porites_evermani_scaffold_61	507651	551066	gene-Peve_00037332	6.105626745	333
Porites_evermani_scaffold_61	565409	580900	gene-Peve_00037335	0	20
Porites_evermani_scaffold_61	585665	589879	gene-Peve_00037336	78.523555	5
Porites_evermani_scaffold_61	595893	607671	gene-Peve_00037337	76.12787856	124
Porites_evermani_scaffold_61	609433	613382	gene-Peve_00037338	47.66712952	58
Porites_evermani_scaffold_61	614138	618463	gene-Peve_00037339	7.957670747	91
Porites_evermani_scaffold_61	623935	643962	gene-Peve_00037340	64.09467938	151
Porites_evermani_scaffold_61	644177	646686	gene-Peve_00037341	11.5874126	10
Porites_evermani_scaffold_610	26755	28905	gene-Peve_00037360	0.4312354364	55
Porites_evermani_scaffold_610	32554	39796	gene-Peve_00037364	68.70938847	143
Porites_evermani_scaffold_610	43011	48692	gene-Peve_00037367	64.60092864	55
Porites_evermani_scaffold_610	51315	78034	gene-Peve_00037368	32.57272762	418
Porites_evermani_scaffold_610	78442	88035	gene-Peve_00037356	78.17096052	98
Porites_evermani_scaffold_610	90442	100196	gene-Peve_00037357	48.85837377	107
Porites_evermani_scaffold_610	104185	133018	gene-Peve_00037358	29.54390167	390
Porites_evermani_scaffold_610	142957	144133	gene-Peve_00037359	0	28
Porites_evermani_scaffold_610	153827	156273	gene-Peve_00037361	2.378462533	45
Porites_evermani_scaffold_610	161994	164988	gene-Peve_00037363	0.07215007792	77
Porites_evermani_scaffold_610	169959	174018	gene-Peve_00037362	1.633226527	110
Porites_evermani_scaffold_610	189205	205881	gene-Peve_00037365	39.32320466	219
Porites_evermani_scaffold_610	212677	217180	gene-Peve_00037366	0.5182760638	47
Porites_evermani_scaffold_6103	6490	7908	gene-Peve_00037370	0	1
Porites_evermani_scaffold_6104	3759	5034	gene-Peve_00037371	0	6
Porites_evermani_scaffold_6109	4176	4756	gene-Peve_00037372	32.3174604	10
Porites_evermani_scaffold_611	7314	27605	gene-Peve_00037374	0.6584822374	358
Porites_evermani_scaffold_611	37270	50175	gene-Peve_00037377	4.044707432	220
Porites_evermani_scaffold_611	50352	83315	gene-Peve_00037381	3.942539204	598
Porites_evermani_scaffold_611	88248	112639	gene-Peve_00037375	0.7744706015	532
Porites_evermani_scaffold_611	165520	167650	gene-Peve_00037378	53.50166112	33
Porites_evermani_scaffold_611	171069	209799	gene-Peve_00037379	3.499742231	771
Porites_evermani_scaffold_611	214321	218942	gene-Peve_00037380	21.01988429	95
Porites_evermani_scaffold_6114	5980	7851	gene-Peve_00037382	.	0
Porites_evermani_scaffold_6115	3157	3727	gene-Peve_00037385	0	1
Porites_evermani_scaffold_6115	6471	7122	gene-Peve_00037386	11.5151515	6
Porites_evermani_scaffold_6116	1300	3892	gene-Peve_00037387	0	12
Porites_evermani_scaffold_6117	480	7528	gene-Peve_00037388	0	9
Porites_evermani_scaffold_6118	0	741	gene-Peve_00037389	0.3787878636	22
Porites_evermani_scaffold_6119	6020	7781	gene-Peve_00037390	0	3
Porites_evermani_scaffold_612	428	13416	gene-Peve_00037391	0.4025754139	360
Porites_evermani_scaffold_612	15852	39752	gene-Peve_00037402	1.803914261	658
Porites_evermani_scaffold_612	40891	41207	gene-Peve_00037404	7.4275265	14
Porites_evermani_scaffold_612	56424	82354	gene-Peve_00037405	27.13928916	440
Porites_evermani_scaffold_612	84652	89604	gene-Peve_00037392	32.10812669	91
Porites_evermani_scaffold_612	98741	103229	gene-Peve_00037393	0.9871378958	96
Porites_evermani_scaffold_612	106677	122629	gene-Peve_00037394	39.81028641	136
Porites_evermani_scaffold_612	124072	126675	gene-Peve_00037395	0.6714043704	81
Porites_evermani_scaffold_612	132667	133350	gene-Peve_00037396	0	18
Porites_evermani_scaffold_612	142058	158338	gene-Peve_00037397	9.048374	291
Porites_evermani_scaffold_612	158653	168790	gene-Peve_00037398	41.32372369	150
Porites_evermani_scaffold_612	172975	174839	gene-Peve_00037399	0	44
Porites_evermani_scaffold_612	180021	183024	gene-Peve_00037400	1.960171561	66
Porites_evermani_scaffold_612	193624	196050	gene-Peve_00037401	0	33
Porites_evermani_scaffold_612	205521	208153	gene-Peve_00037403	0.1388888939	66
Porites_evermani_scaffold_6120	54	6899	gene-Peve_00037406	0	2
Porites_evermani_scaffold_6121	515	7157	gene-Peve_00037407	.	0
Porites_evermani_scaffold_6122	1998	5271	gene-Peve_00037408	0	7
Porites_evermani_scaffold_6125	1109	2083	gene-Peve_00037409	.	0
Porites_evermani_scaffold_6125	3365	6125	gene-Peve_00037410	.	0
Porites_evermani_scaffold_6126	3693	4677	gene-Peve_00037411	0	2
Porites_evermani_scaffold_6127	2	7638	gene-Peve_00037412	53.10130352	52
Porites_evermani_scaffold_6128	338	2863	gene-Peve_00037413	89.50857975	32
Porites_evermani_scaffold_6129	1	1845	gene-Peve_00037414	0	1
Porites_evermani_scaffold_613	2192	16263	gene-Peve_00037415	29.73268489	261
Porites_evermani_scaffold_613	19646	25268	gene-Peve_00037423	0.1800173534	133
Porites_evermani_scaffold_613	32351	37106	gene-Peve_00037416	0.2591380319	94
Porites_evermani_scaffold_613	51216	61507	gene-Peve_00037417	.	0
Porites_evermani_scaffold_613	62587	65308	gene-Peve_00037418	.	0
Porites_evermani_scaffold_613	71770	84280	gene-Peve_00037419	0.9792333426	289
Porites_evermani_scaffold_613	84947	92273	gene-Peve_00037420	.	0
Porites_evermani_scaffold_613	92425	100312	gene-Peve_00037421	45.4545455	2
Porites_evermani_scaffold_613	104088	139341	gene-Peve_00037422	17.49442973	132
Porites_evermani_scaffold_613	139962	179514	gene-Peve_00037424	35.78106783	822
Porites_evermani_scaffold_613	180014	192187	gene-Peve_00037426	30.15707142	265
Porites_evermani_scaffold_613	196527	201095	gene-Peve_00037427	69.60397282	39
Porites_evermani_scaffold_613	202908	218950	gene-Peve_00037428	11.58934446	331
Porites_evermani_scaffold_6131	19	1485	gene-Peve_00037429	0	17
Porites_evermani_scaffold_6133	59	2201	gene-Peve_00037430	0	11
Porites_evermani_scaffold_6133	3755	4838	gene-Peve_00037431	.	0
Porites_evermani_scaffold_6134	560	7732	gene-Peve_00037432	0	18
Porites_evermani_scaffold_6135	0	6378	gene-Peve_00037433	60.04041892	59
Porites_evermani_scaffold_6136	2	3868	gene-Peve_00037434	90.77093529	38
Porites_evermani_scaffold_614	1020	6323	gene-Peve_00037435	0	7
Porites_evermani_scaffold_614	11336	14093	gene-Peve_00037442	.	0
Porites_evermani_scaffold_614	22619	27449	gene-Peve_00037443	0	2
Porites_evermani_scaffold_614	91215	91692	gene-Peve_00037446	0	1
Porites_evermani_scaffold_614	167250	167814	gene-Peve_00037436	7.692308	1
Porites_evermani_scaffold_614	180920	182058	gene-Peve_00037437	0	5
Porites_evermani_scaffold_614	184185	184773	gene-Peve_00037438	.	0
Porites_evermani_scaffold_614	185310	185739	gene-Peve_00037439	.	0
Porites_evermani_scaffold_614	187610	189464	gene-Peve_00037441	0	3
Porites_evermani_scaffold_614	203070	211792	gene-Peve_00037444	3.902006775	89
Porites_evermani_scaffold_614	215437	216484	gene-Peve_00037445	.	0
Porites_evermani_scaffold_6145	1071	3345	gene-Peve_00037448	0	10
Porites_evermani_scaffold_6146	1540	3437	gene-Peve_00037449	.	0
Porites_evermani_scaffold_6147	1951	6922	gene-Peve_00037450	.	0
Porites_evermani_scaffold_6148	1611	2019	gene-Peve_00037451	0	3
Porites_evermani_scaffold_615	6943	17876	gene-Peve_00037452	2.576269474	19
Porites_evermani_scaffold_615	31423	32772	gene-Peve_00037463	.	0
Porites_evermani_scaffold_615	35990	77861	gene-Peve_00037453	1.136397512	86
Porites_evermani_scaffold_615	101965	102325	gene-Peve_00037454	0	4
Porites_evermani_scaffold_615	103345	121782	gene-Peve_00037456	2.478331387	75
Porites_evermani_scaffold_615	112999	114589	gene-Peve_00037457	.	0
Porites_evermani_scaffold_615	122711	127512	gene-Peve_00037455	0.5952380833	12
Porites_evermani_scaffold_615	155653	171374	gene-Peve_00037458	0.3106852439	82
Porites_evermani_scaffold_615	175310	176441	gene-Peve_00037459	.	0
Porites_evermani_scaffold_615	197660	213100	gene-Peve_00037461	0.7900132903	31
Porites_evermani_scaffold_6151	5755	6302	gene-Peve_00037464	0	22
Porites_evermani_scaffold_6152	756	1857	gene-Peve_00037465	.	0
Porites_evermani_scaffold_6152	5566	6541	gene-Peve_00037466	.	0
Porites_evermani_scaffold_6153	1268	2280	gene-Peve_00037467	.	0
Porites_evermani_scaffold_6155	2	792	gene-Peve_00037468	.	0
Porites_evermani_scaffold_6157	880	2018	gene-Peve_00037469	.	0
Porites_evermani_scaffold_6157	2205	4332	gene-Peve_00037470	.	0
Porites_evermani_scaffold_6159	1037	4027	gene-Peve_00037471	0.3181029487	39
Porites_evermani_scaffold_616	8813	12319	gene-Peve_00037472	0.7121824511	133
Porites_evermani_scaffold_616	17126	26137	gene-Peve_00037477	15.44017754	140
Porites_evermani_scaffold_616	27250	35301	gene-Peve_00037478	0.6171038659	164
Porites_evermani_scaffold_616	38072	43672	gene-Peve_00037473	0.7926890375	160
Porites_evermani_scaffold_616	49139	56858	gene-Peve_00037474	0.360537441	229
Porites_evermani_scaffold_616	58681	63420	gene-Peve_00037475	0.3057462536	138
Porites_evermani_scaffold_616	72111	77656	gene-Peve_00037476	0.181538464	125
Porites_evermani_scaffold_616	91243	91660	gene-Peve_00037479	.	0
Porites_evermani_scaffold_616	118853	126523	gene-Peve_00037480	67.31072559	32
Porites_evermani_scaffold_616	129544	132836	gene-Peve_00037481	100	2
Porites_evermani_scaffold_616	136254	147048	gene-Peve_00037482	33.11775943	76
Porites_evermani_scaffold_616	160582	163642	gene-Peve_00037484	0	33
Porites_evermani_scaffold_616	166854	194821	gene-Peve_00037483	0.4661762713	457
Porites_evermani_scaffold_616	206137	206988	gene-Peve_00037487	.	0
Porites_evermani_scaffold_616	206991	207396	gene-Peve_00037486	.	0
Porites_evermani_scaffold_616	219075	219948	gene-Peve_00037488	0	26
Porites_evermani_scaffold_6160	4050	6506	gene-Peve_00037489	.	0
Porites_evermani_scaffold_6162	0	4830	gene-Peve_00037490	.	0
Porites_evermani_scaffold_6163	2088	2673	gene-Peve_00037491	0	2
Porites_evermani_scaffold_6164	5600	7354	gene-Peve_00037492	70.67321078	9
Porites_evermani_scaffold_6165	377	5735	gene-Peve_00037493	0.7225541406	128
Porites_evermani_scaffold_6166	4316	6119	gene-Peve_00037494	0	10
Porites_evermani_scaffold_6167	38	3086	gene-Peve_00037495	0.7063882027	74
Porites_evermani_scaffold_6168	2650	3800	gene-Peve_00037496	9.999968967	30
Porites_evermani_scaffold_6169	2271	3060	gene-Peve_00037497	.	0
Porites_evermani_scaffold_617	8689	9506	gene-Peve_00037508	52.30258943	14
Porites_evermani_scaffold_617	14347	14932	gene-Peve_00037512	39.8284315	4
Porites_evermani_scaffold_617	18513	22251	gene-Peve_00037521	64.671543	21
Porites_evermani_scaffold_617	22652	25586	gene-Peve_00037517	.	0
Porites_evermani_scaffold_617	35365	36550	gene-Peve_00037505	.	0
Porites_evermani_scaffold_617	39779	40247	gene-Peve_00037506	.	0
Porites_evermani_scaffold_617	46071	46727	gene-Peve_00037509	.	0
Porites_evermani_scaffold_617	94032	94266	gene-Peve_00037513	.	0
Porites_evermani_scaffold_617	100979	101399	gene-Peve_00037514	.	0
Porites_evermani_scaffold_617	112138	116624	gene-Peve_00037515	0	5
Porites_evermani_scaffold_617	139981	140818	gene-Peve_00037518	28.8888888	5
Porites_evermani_scaffold_617	146800	148546	gene-Peve_00037519	.	0
Porites_evermani_scaffold_617	150016	150568	gene-Peve_00037520	.	0
Porites_evermani_scaffold_617	151703	152690	gene-Peve_00037522	.	0
Porites_evermani_scaffold_617	154357	155573	gene-Peve_00037523	.	0
Porites_evermani_scaffold_617	156705	157521	gene-Peve_00037498	.	0
Porites_evermani_scaffold_617	157634	157970	gene-Peve_00037499	.	0
Porites_evermani_scaffold_617	162888	163534	gene-Peve_00037500	.	0
Porites_evermani_scaffold_617	179635	184306	gene-Peve_00037501	.	0
Porites_evermani_scaffold_617	201064	201592	gene-Peve_00037502	.	0
Porites_evermani_scaffold_617	217051	217447	gene-Peve_00037503	.	0
Porites_evermani_scaffold_617	218863	220037	gene-Peve_00037504	.	0
Porites_evermani_scaffold_6171	308	7281	gene-Peve_00037524	.	0
Porites_evermani_scaffold_6174	2041	3808	gene-Peve_00037526	26.19143009	32
Porites_evermani_scaffold_6175	50	2441	gene-Peve_00037527	0	13
Porites_evermani_scaffold_6176	862	6686	gene-Peve_00037528	1.010101	9
Porites_evermani_scaffold_6179	535	2119	gene-Peve_00037529	0.2697302727	55
Porites_evermani_scaffold_618	3661	6188	gene-Peve_00037530	.	0
Porites_evermani_scaffold_618	6328	7168	gene-Peve_00037531	.	0
Porites_evermani_scaffold_618	25650	29720	gene-Peve_00037547	.	0
Porites_evermani_scaffold_618	35435	35888	gene-Peve_00037533	0	2
Porites_evermani_scaffold_618	46101	51704	gene-Peve_00037534	.	0
Porites_evermani_scaffold_618	54986	57325	gene-Peve_00037535	.	0
Porites_evermani_scaffold_618	59968	68738	gene-Peve_00037536	.	0
Porites_evermani_scaffold_618	70652	96529	gene-Peve_00037537	21.61316165	37
Porites_evermani_scaffold_618	103036	108909	gene-Peve_00037539	0.4761905	14
Porites_evermani_scaffold_618	110242	158674	gene-Peve_00037538	1.670454191	293
Porites_evermani_scaffold_618	123705	128134	gene-Peve_00037540	7.752639412	17
Porites_evermani_scaffold_618	165583	173064	gene-Peve_00037542	1.32459003	135
Porites_evermani_scaffold_618	175008	185154	gene-Peve_00037543	0.7606768889	261
Porites_evermani_scaffold_618	195064	197077	gene-Peve_00037544	0.4147316852	54
Porites_evermani_scaffold_618	202394	204241	gene-Peve_00037545	0	7
Porites_evermani_scaffold_6181	1286	2267	gene-Peve_00037548	.	0
Porites_evermani_scaffold_6182	6015	6864	gene-Peve_00037549	0.8156755789	38
Porites_evermani_scaffold_6183	0	1223	gene-Peve_00037550	0.2232142857	28
Porites_evermani_scaffold_6183	2732	3741	gene-Peve_00037551	0	10
Porites_evermani_scaffold_6185	3141	5816	gene-Peve_00037552	.	0
Porites_evermani_scaffold_6189	3364	6626	gene-Peve_00037553	0	43
Porites_evermani_scaffold_619	867	3462	gene-Peve_00037554	0	50
Porites_evermani_scaffold_619	10524	11433	gene-Peve_00037564	0	8
Porites_evermani_scaffold_619	14066	14390	gene-Peve_00037569	0	10
Porites_evermani_scaffold_619	20296	26350	gene-Peve_00037573	0.1025641067	75
Porites_evermani_scaffold_619	29917	30232	gene-Peve_00037555	0	11
Porites_evermani_scaffold_619	31712	37306	gene-Peve_00037574	0.2710837654	162
Porites_evermani_scaffold_619	49013	50584	gene-Peve_00037556	3.068696059	17
Porites_evermani_scaffold_619	70010	71060	gene-Peve_00037557	0.3472222083	24
Porites_evermani_scaffold_619	73612	92021	gene-Peve_00037558	24.08128237	205
Porites_evermani_scaffold_619	93505	121863	gene-Peve_00037559	21.19543985	453
Porites_evermani_scaffold_619	133200	134713	gene-Peve_00037560	.	0
Porites_evermani_scaffold_619	151605	152199	gene-Peve_00037562	0	20
Porites_evermani_scaffold_619	172523	182633	gene-Peve_00037563	21.33937337	91
Porites_evermani_scaffold_619	184859	185643	gene-Peve_00037565	23.52226714	7
Porites_evermani_scaffold_619	189444	190485	gene-Peve_00037566	.	0
Porites_evermani_scaffold_619	191183	192239	gene-Peve_00037567	16.98296806	17
Porites_evermani_scaffold_619	214037	215934	gene-Peve_00037570	0	2
Porites_evermani_scaffold_619	216366	217803	gene-Peve_00037571	.	0
Porites_evermani_scaffold_619	218511	218967	gene-Peve_00037572	.	0
Porites_evermani_scaffold_6190	0	1947	gene-Peve_00037575	0.4998647187	64
Porites_evermani_scaffold_6190	5196	5793	gene-Peve_00037576	0.2450980417	24
Porites_evermani_scaffold_6195	1671	5582	gene-Peve_00037577	43.04757046	35
Porites_evermani_scaffold_6196	1771	2812	gene-Peve_00037578	44.80111935	17
Porites_evermani_scaffold_6196	5624	6701	gene-Peve_00037579	0.2785204848	33
Porites_evermani_scaffold_6197	1626	6496	gene-Peve_00037580	0.1785714286	56
Porites_evermani_scaffold_62	1418	1805	gene-Peve_00037609	.	0
Porites_evermani_scaffold_62	4591	17683	gene-Peve_00037615	64.52453825	40
Porites_evermani_scaffold_62	20622	21749	gene-Peve_00037620	2.663034063	16
Porites_evermani_scaffold_62	27503	27865	gene-Peve_00037633	0.6493506429	14
Porites_evermani_scaffold_62	31843	48251	gene-Peve_00037582	12.27180665	223
Porites_evermani_scaffold_62	48769	64157	gene-Peve_00037591	33.08542583	150
Porites_evermani_scaffold_62	69493	71913	gene-Peve_00037597	28.17092094	17
Porites_evermani_scaffold_62	73641	81027	gene-Peve_00037605	81.84798667	33
Porites_evermani_scaffold_62	85617	86729	gene-Peve_00037606	10	8
Porites_evermani_scaffold_62	87582	90030	gene-Peve_00037607	56.1450018	10
Porites_evermani_scaffold_62	90173	91544	gene-Peve_00037608	28.06370514	21
Porites_evermani_scaffold_62	94027	104839	gene-Peve_00037610	83.01172515	86
Porites_evermani_scaffold_62	104944	110638	gene-Peve_00037611	78.40817885	41
Porites_evermani_scaffold_62	110924	118031	gene-Peve_00037612	14.38136627	85
Porites_evermani_scaffold_62	119386	120232	gene-Peve_00037613	0.35714285	20
Porites_evermani_scaffold_62	120322	133545	gene-Peve_00037614	12.6937667	196
Porites_evermani_scaffold_62	136859	144083	gene-Peve_00037616	0.7337107381	84
Porites_evermani_scaffold_62	154785	160800	gene-Peve_00037618	0.7725604902	51
Porites_evermani_scaffold_62	164494	167171	gene-Peve_00037619	.	0
Porites_evermani_scaffold_62	173162	173465	gene-Peve_00037624	0	6
Porites_evermani_scaffold_62	174016	177607	gene-Peve_00037623	0.387587486	107
Porites_evermani_scaffold_62	181380	184056	gene-Peve_00037625	0.3982177719	57
Porites_evermani_scaffold_62	192164	195792	gene-Peve_00037626	0.1490312951	61
Porites_evermani_scaffold_62	201627	202674	gene-Peve_00037627	0	13
Porites_evermani_scaffold_62	206000	208245	gene-Peve_00037628	2.224492651	43
Porites_evermani_scaffold_62	216984	218684	gene-Peve_00037629	0.2597402571	35
Porites_evermani_scaffold_62	232029	233892	gene-Peve_00037630	0.2717391304	23
Porites_evermani_scaffold_62	241257	243204	gene-Peve_00037631	1.574924435	23
Porites_evermani_scaffold_62	247889	249219	gene-Peve_00037632	0.2083333438	32
Porites_evermani_scaffold_62	272366	287212	gene-Peve_00037634	3.766192363	317
Porites_evermani_scaffold_62	287385	292150	gene-Peve_00037635	73.26040095	20
Porites_evermani_scaffold_62	295273	303194	gene-Peve_00037636	62.00459576	90
Porites_evermani_scaffold_62	304942	305566	gene-Peve_00037637	0	16
Porites_evermani_scaffold_62	312476	314299	gene-Peve_00037638	0.5700549423	52
Porites_evermani_scaffold_62	320939	327774	gene-Peve_00037639	13.83756949	91
Porites_evermani_scaffold_62	327807	367773	gene-Peve_00037583	10.62674582	573
Porites_evermani_scaffold_62	373900	375207	gene-Peve_00037584	3.030303	3
Porites_evermani_scaffold_62	376055	401455	gene-Peve_00037585	16.7693876	362
Porites_evermani_scaffold_62	406749	408823	gene-Peve_00037586	0.1193390465	86
Porites_evermani_scaffold_62	411074	413286	gene-Peve_00037587	0.5	40
Porites_evermani_scaffold_62	416909	425010	gene-Peve_00037588	15.10017766	107
Porites_evermani_scaffold_62	431548	433421	gene-Peve_00037589	0.1994302115	52
Porites_evermani_scaffold_62	435094	441785	gene-Peve_00037590	0.8754560814	86
Porites_evermani_scaffold_62	448255	454061	gene-Peve_00037593	0.1882975429	105
Porites_evermani_scaffold_62	458549	475636	gene-Peve_00037592	0.4013914485	379
Porites_evermani_scaffold_62	479529	480747	gene-Peve_00037594	78.1818182	5
Porites_evermani_scaffold_62	487865	490696	gene-Peve_00037595	68.79113493	15
Porites_evermani_scaffold_62	494138	502334	gene-Peve_00037596	18.38465769	103
Porites_evermani_scaffold_62	503608	513895	gene-Peve_00037598	25.19297893	195
Porites_evermani_scaffold_62	530420	537436	gene-Peve_00037599	2.212566846	91
Porites_evermani_scaffold_62	545938	562346	gene-Peve_00037600	0.8375529489	352
Porites_evermani_scaffold_62	562959	570847	gene-Peve_00037601	18.35558298	179
Porites_evermani_scaffold_62	571151	617018	gene-Peve_00037602	6.361121607	953
Porites_evermani_scaffold_62	631779	633990	gene-Peve_00037604	0	5
Porites_evermani_scaffold_62	637245	652435	gene-Peve_00037603	0.6222880217	277
Porites_evermani_scaffold_620	34349	34759	gene-Peve_00037652	0.5902778	20
Porites_evermani_scaffold_620	106930	108265	gene-Peve_00037642	.	0
Porites_evermani_scaffold_620	124263	124777	gene-Peve_00037643	0.4385964737	19
Porites_evermani_scaffold_620	133250	133682	gene-Peve_00037644	0	9
Porites_evermani_scaffold_620	144916	146360	gene-Peve_00037647	2.142857143	14
Porites_evermani_scaffold_620	167249	168113	gene-Peve_00037648	0.3472222083	24
Porites_evermani_scaffold_620	176690	190737	gene-Peve_00037649	29.29540585	288
Porites_evermani_scaffold_620	195298	196756	gene-Peve_00037650	0.1283697073	41
Porites_evermani_scaffold_620	206279	209064	gene-Peve_00037651	0.7534997403	77
Porites_evermani_scaffold_6200	4927	6207	gene-Peve_00037653	0	6
Porites_evermani_scaffold_6201	1865	6447	gene-Peve_00037654	71.65111752	25
Porites_evermani_scaffold_6203	117	1378	gene-Peve_00037655	0.2136752051	39
Porites_evermani_scaffold_6203	3982	4333	gene-Peve_00037656	0	10
Porites_evermani_scaffold_6204	3248	5277	gene-Peve_00037657	0	3
Porites_evermani_scaffold_6208	237	1165	gene-Peve_00037658	0.3508772	15
Porites_evermani_scaffold_6209	13	1112	gene-Peve_00037659	79.52755842	12
Porites_evermani_scaffold_6209	6124	6896	gene-Peve_00037660	0	25
Porites_evermani_scaffold_621	14018	15457	gene-Peve_00037661	.	0
Porites_evermani_scaffold_621	25529	57993	gene-Peve_00037668	43.04342178	118
Porites_evermani_scaffold_621	81562	84484	gene-Peve_00037670	43.85552045	29
Porites_evermani_scaffold_621	101254	103519	gene-Peve_00037662	90.64393938	8
Porites_evermani_scaffold_621	114876	115962	gene-Peve_00037663	83.42591614	22
Porites_evermani_scaffold_621	143611	168493	gene-Peve_00037664	10.14176395	434
Porites_evermani_scaffold_621	170265	184089	gene-Peve_00037665	55.17795145	107
Porites_evermani_scaffold_621	184231	186808	gene-Peve_00037666	40.65977697	39
Porites_evermani_scaffold_621	193355	200433	gene-Peve_00037667	0.3115013684	133
Porites_evermani_scaffold_621	204271	219029	gene-Peve_00037669	2.235892644	180
Porites_evermani_scaffold_6210	4304	5240	gene-Peve_00037671	0	6
Porites_evermani_scaffold_6211	17	6216	gene-Peve_00037673	70.94821846	28
Porites_evermani_scaffold_6212	1309	4290	gene-Peve_00037674	2.846841603	58
Porites_evermani_scaffold_6214	615	2295	gene-Peve_00037675	.	0
Porites_evermani_scaffold_6215	319	3017	gene-Peve_00037676	0	14
Porites_evermani_scaffold_6216	473	1013	gene-Peve_00037677	.	0
Porites_evermani_scaffold_6219	1558	3936	gene-Peve_00037678	0.24475526	50
Porites_evermani_scaffold_622	1360	25231	gene-Peve_00037679	36.16340612	370
Porites_evermani_scaffold_622	37054	89608	gene-Peve_00037684	10.36633591	539
Porites_evermani_scaffold_622	131780	147363	gene-Peve_00037681	1.976613031	390
Porites_evermani_scaffold_622	163398	195311	gene-Peve_00037682	14.78497107	498
Porites_evermani_scaffold_622	198425	198902	gene-Peve_00037685	.	0
Porites_evermani_scaffold_622	200765	201581	gene-Peve_00037686	0	7
Porites_evermani_scaffold_6220	1	4155	gene-Peve_00037687	.	0
Porites_evermani_scaffold_6221	2483	4949	gene-Peve_00037688	0	7
Porites_evermani_scaffold_6222	2284	6798	gene-Peve_00037689	1.610278865	52
Porites_evermani_scaffold_6224	4347	6375	gene-Peve_00037690	.	0
Porites_evermani_scaffold_6225	1492	1825	gene-Peve_00037691	.	0
Porites_evermani_scaffold_6228	5739	6462	gene-Peve_00037692	92.56466088	26
Porites_evermani_scaffold_6229	4549	6216	gene-Peve_00037693	0.41666665	20
Porites_evermani_scaffold_623	778	5404	gene-Peve_00037694	0.6232055263	76
Porites_evermani_scaffold_623	12905	13967	gene-Peve_00037708	.	0
Porites_evermani_scaffold_623	49673	50735	gene-Peve_00037712	0	10
Porites_evermani_scaffold_623	68899	71308	gene-Peve_00037711	0.1783844536	97
Porites_evermani_scaffold_623	77641	78064	gene-Peve_00037695	7.892385333	12
Porites_evermani_scaffold_623	86341	92215	gene-Peve_00037696	12.35058397	98
Porites_evermani_scaffold_623	94187	104387	gene-Peve_00037697	10.20289086	159
Porites_evermani_scaffold_623	105777	106739	gene-Peve_00037698	0	15
Porites_evermani_scaffold_623	110984	116372	gene-Peve_00037699	42.36047657	47
Porites_evermani_scaffold_623	119363	119858	gene-Peve_00037700	0	19
Porites_evermani_scaffold_623	124096	125240	gene-Peve_00037701	8.440089345	29
Porites_evermani_scaffold_623	133355	141844	gene-Peve_00037702	67.34978667	92
Porites_evermani_scaffold_623	146265	155623	gene-Peve_00037703	26.60173202	163
Porites_evermani_scaffold_623	163702	190876	gene-Peve_00037704	11.15697046	351
Porites_evermani_scaffold_623	193394	195216	gene-Peve_00037705	83.78946182	17
Porites_evermani_scaffold_623	197481	201056	gene-Peve_00037706	52.76864338	69
Porites_evermani_scaffold_623	207226	209616	gene-Peve_00037707	0.26495728	50
Porites_evermani_scaffold_623	210301	218464	gene-Peve_00037709	0.5230144014	147
Porites_evermani_scaffold_6231	2133	5161	gene-Peve_00037713	60.11566333	6
Porites_evermani_scaffold_6234	727	1252	gene-Peve_00037714	0.396825381	21
Porites_evermani_scaffold_6237	3572	4217	gene-Peve_00037715	0	14
Porites_evermani_scaffold_6238	4349	5624	gene-Peve_00037716	0	1
Porites_evermani_scaffold_624	3944	7410	gene-Peve_00037717	3.630304755	49
Porites_evermani_scaffold_624	17332	23560	gene-Peve_00037724	0.6078285591	186
Porites_evermani_scaffold_624	31514	48119	gene-Peve_00037727	83.29334942	50
Porites_evermani_scaffold_624	49116	53228	gene-Peve_00037731	71.74159182	17
Porites_evermani_scaffold_624	55170	63481	gene-Peve_00037732	0.1466275645	62
Porites_evermani_scaffold_624	72114	73791	gene-Peve_00037733	0	51
Porites_evermani_scaffold_624	78844	79208	gene-Peve_00037734	.	0
Porites_evermani_scaffold_624	79877	87258	gene-Peve_00037718	64.11549648	86
Porites_evermani_scaffold_624	88314	90128	gene-Peve_00037719	79.77598384	25
Porites_evermani_scaffold_624	91149	101464	gene-Peve_00037720	43.10227455	111
Porites_evermani_scaffold_624	111951	113565	gene-Peve_00037721	.	0
Porites_evermani_scaffold_624	122657	127563	gene-Peve_00037723	43.2889997	43
Porites_evermani_scaffold_624	128058	147025	gene-Peve_00037725	9.526384315	302
Porites_evermani_scaffold_624	158066	182065	gene-Peve_00037726	52.65165223	198
Porites_evermani_scaffold_624	205430	210523	gene-Peve_00037729	1.878885311	61
Porites_evermani_scaffold_624	213302	217806	gene-Peve_00037730	0	11
Porites_evermani_scaffold_6240	0	6141	gene-Peve_00037735	0	8
Porites_evermani_scaffold_6241	5776	6326	gene-Peve_00037736	0	17
Porites_evermani_scaffold_6242	1189	5091	gene-Peve_00037737	44.00705261	28
Porites_evermani_scaffold_6243	2275	5658	gene-Peve_00037738	6.406654571	49
Porites_evermani_scaffold_6245	387	6446	gene-Peve_00037739	.	0
Porites_evermani_scaffold_625	10	3788	gene-Peve_00037740	.	0
Porites_evermani_scaffold_625	9895	30695	gene-Peve_00037743	82.50784449	84
Porites_evermani_scaffold_625	32787	35263	gene-Peve_00037753	48.24357193	28
Porites_evermani_scaffold_625	35928	41271	gene-Peve_00037754	80.02725696	46
Porites_evermani_scaffold_625	42102	43841	gene-Peve_00037741	34.80233833	24
Porites_evermani_scaffold_625	53788	59698	gene-Peve_00037742	0.2631776774	93
Porites_evermani_scaffold_625	65710	84360	gene-Peve_00037744	85.85417502	274
Porites_evermani_scaffold_625	84439	90700	gene-Peve_00037745	86.24440747	57
Porites_evermani_scaffold_625	99091	107577	gene-Peve_00037746	46.65992767	63
Porites_evermani_scaffold_625	110258	138731	gene-Peve_00037747	31.84318307	275
Porites_evermani_scaffold_625	131631	135851	gene-Peve_00037748	.	0
Porites_evermani_scaffold_625	163853	170746	gene-Peve_00037749	74.05248394	16
Porites_evermani_scaffold_625	182324	202837	gene-Peve_00037750	47.70153473	223
Porites_evermani_scaffold_625	204667	204961	gene-Peve_00037751	88.5454546	10
Porites_evermani_scaffold_625	217036	217408	gene-Peve_00037752	0.4629629444	18
Porites_evermani_scaffold_6252	278	923	gene-Peve_00037755	9.819069667	9
Porites_evermani_scaffold_6252	1340	4972	gene-Peve_00037756	2.863247846	13
Porites_evermani_scaffold_6256	143	3389	gene-Peve_00037757	2.552176535	43
Porites_evermani_scaffold_626	5495	7650	gene-Peve_00037759	1.017628187	64
Porites_evermani_scaffold_626	8285	8863	gene-Peve_00037767	1.45833335	20
Porites_evermani_scaffold_626	25567	28271	gene-Peve_00037774	46.57436594	33
Porites_evermani_scaffold_626	36642	44686	gene-Peve_00037776	0.2944791852	81
Porites_evermani_scaffold_626	52690	59890	gene-Peve_00037768	40	1
Porites_evermani_scaffold_626	64335	67991	gene-Peve_00037769	0	3
Porites_evermani_scaffold_626	68123	78764	gene-Peve_00037770	0	10
Porites_evermani_scaffold_626	91414	93713	gene-Peve_00037772	.	0
Porites_evermani_scaffold_626	93962	103859	gene-Peve_00037773	.	0
Porites_evermani_scaffold_626	119913	137671	gene-Peve_00037775	0	1
Porites_evermani_scaffold_626	143976	144656	gene-Peve_00037777	.	0
Porites_evermani_scaffold_626	145390	146309	gene-Peve_00037778	86.7472526	5
Porites_evermani_scaffold_626	161015	161636	gene-Peve_00037761	0	2
Porites_evermani_scaffold_626	161704	162955	gene-Peve_00037760	.	0
Porites_evermani_scaffold_626	178832	186695	gene-Peve_00037763	59.99817445	108
Porites_evermani_scaffold_626	189116	195958	gene-Peve_00037764	1.171156669	121
Porites_evermani_scaffold_626	200631	207563	gene-Peve_00037765	50.66064245	20
Porites_evermani_scaffold_626	216111	217937	gene-Peve_00037766	0	11
Porites_evermani_scaffold_627	9126	9609	gene-Peve_00037782	.	0
Porites_evermani_scaffold_627	36004	37726	gene-Peve_00037788	0	6
Porites_evermani_scaffold_627	41271	41637	gene-Peve_00037780	0	1
Porites_evermani_scaffold_627	53635	54145	gene-Peve_00037781	0	8
Porites_evermani_scaffold_627	69850	78436	gene-Peve_00037787	2.9421134	30
Porites_evermani_scaffold_627	91245	96657	gene-Peve_00037783	0	27
Porites_evermani_scaffold_627	101177	194243	gene-Peve_00037784	2.888721074	1655
Porites_evermani_scaffold_627	202619	204910	gene-Peve_00037785	0.2166491607	56
Porites_evermani_scaffold_627	209375	211572	gene-Peve_00037786	0.2217477901	81
Porites_evermani_scaffold_6274	1121	3290	gene-Peve_00037789	.	0
Porites_evermani_scaffold_6279	5529	6117	gene-Peve_00037790	0	18
Porites_evermani_scaffold_628	1002	31780	gene-Peve_00037791	2.52861944	414
Porites_evermani_scaffold_628	32068	50057	gene-Peve_00037792	0.5604192254	417
Porites_evermani_scaffold_628	54477	67798	gene-Peve_00037805	15.56980082	111
Porites_evermani_scaffold_628	68318	70692	gene-Peve_00037793	0.8863421194	67
Porites_evermani_scaffold_628	77552	79304	gene-Peve_00037794	8.93333332	25
Porites_evermani_scaffold_628	80543	89136	gene-Peve_00037795	88.4243454	62
Porites_evermani_scaffold_628	93475	114798	gene-Peve_00037796	26.28454657	171
Porites_evermani_scaffold_628	119204	119888	gene-Peve_00037797	0.5347593529	17
Porites_evermani_scaffold_628	122037	123826	gene-Peve_00037798	8.333333364	11
Porites_evermani_scaffold_628	125818	126475	gene-Peve_00037799	.	0
Porites_evermani_scaffold_628	129113	133275	gene-Peve_00037800	61.04395607	29
Porites_evermani_scaffold_628	136291	157697	gene-Peve_00037801	11.86634001	227
Porites_evermani_scaffold_628	171693	182956	gene-Peve_00037802	42.76902899	123
Porites_evermani_scaffold_628	191109	196807	gene-Peve_00037803	24.79634378	72
Porites_evermani_scaffold_628	201517	203468	gene-Peve_00037804	63.59129152	27
Porites_evermani_scaffold_6280	2347	5557	gene-Peve_00037806	0.9090909091	11
Porites_evermani_scaffold_6283	46	4985	gene-Peve_00037807	90.7049442	10
Porites_evermani_scaffold_6284	1393	5366	gene-Peve_00037808	0.5217595739	115
Porites_evermani_scaffold_6285	2567	3773	gene-Peve_00037809	.	0
Porites_evermani_scaffold_6286	3299	3945	gene-Peve_00037810	84.3034185	10
Porites_evermani_scaffold_6287	329	6161	gene-Peve_00037811	0.3276353333	54
Porites_evermani_scaffold_6289	1803	3207	gene-Peve_00037812	0	14
Porites_evermani_scaffold_629	1538	1808	gene-Peve_00037813	0	7
Porites_evermani_scaffold_629	8779	42343	gene-Peve_00037817	25.70188395	563
Porites_evermani_scaffold_629	46466	47734	gene-Peve_00037814	0.898919913	46
Porites_evermani_scaffold_629	55390	76980	gene-Peve_00037815	1.428941237	456
Porites_evermani_scaffold_629	73014	74046	gene-Peve_00037818	0	12
Porites_evermani_scaffold_629	89514	107030	gene-Peve_00037816	58.98799294	281
Porites_evermani_scaffold_629	107093	110115	gene-Peve_00037820	.	0
Porites_evermani_scaffold_629	110927	114830	gene-Peve_00037821	64.07053436	11
Porites_evermani_scaffold_629	126524	214810	gene-Peve_00037822	2.01110037	1969
Porites_evermani_scaffold_629	133789	134500	gene-Peve_00037824	3.8643043	30
Porites_evermani_scaffold_629	157719	159212	gene-Peve_00037825	0	48
Porites_evermani_scaffold_629	184620	185019	gene-Peve_00037827	0	8
Porites_evermani_scaffold_629	187480	187879	gene-Peve_00037828	.	0
Porites_evermani_scaffold_629	197635	200044	gene-Peve_00037829	0.6571911091	55
Porites_evermani_scaffold_629	203707	204726	gene-Peve_00037832	2.32046792	25
Porites_evermani_scaffold_629	205272	205966	gene-Peve_00037833	0.7575757273	11
Porites_evermani_scaffold_6290	3037	4368	gene-Peve_00037834	0.2370370444	45
Porites_evermani_scaffold_6291	2557	2914	gene-Peve_00037835	.	0
Porites_evermani_scaffold_6293	3102	4818	gene-Peve_00037836	0.3496503462	26
Porites_evermani_scaffold_6295	255	6128	gene-Peve_00037837	67.60429241	59
Porites_evermani_scaffold_6297	2660	5149	gene-Peve_00037839	1.156605383	60
Porites_evermani_scaffold_6298	1277	3416	gene-Peve_00037840	.	0
Porites_evermani_scaffold_6298	5317	6005	gene-Peve_00037841	90	1
Porites_evermani_scaffold_63	7463	11954	gene-Peve_00037842	0	19
Porites_evermani_scaffold_63	23921	28056	gene-Peve_00037864	0	22
Porites_evermani_scaffold_63	28931	30178	gene-Peve_00037868	.	0
Porites_evermani_scaffold_63	35811	37038	gene-Peve_00037872	6.8831168	5
Porites_evermani_scaffold_63	40621	60665	gene-Peve_00037873	3.088023074	27
Porites_evermani_scaffold_63	76310	76697	gene-Peve_00037851	0	6
Porites_evermani_scaffold_63	94817	96350	gene-Peve_00037854	0	2
Porites_evermani_scaffold_63	97378	98553	gene-Peve_00037860	0	1
Porites_evermani_scaffold_63	112612	121383	gene-Peve_00037861	0.3344481739	23
Porites_evermani_scaffold_63	125490	126057	gene-Peve_00037862	0	13
Porites_evermani_scaffold_63	149505	155321	gene-Peve_00037865	0.3496503636	22
Porites_evermani_scaffold_63	173175	174251	gene-Peve_00037866	0	1
Porites_evermani_scaffold_63	180900	181656	gene-Peve_00037867	0	14
Porites_evermani_scaffold_63	192941	200964	gene-Peve_00037870	0	8
Porites_evermani_scaffold_63	209413	209717	gene-Peve_00037871	0	4
Porites_evermani_scaffold_63	233333	239907	gene-Peve_00037874	1.700292146	82
Porites_evermani_scaffold_63	245820	257988	gene-Peve_00037875	0.6563524349	315
Porites_evermani_scaffold_63	249931	250711	gene-Peve_00037876	0.7142857	10
Porites_evermani_scaffold_63	264229	287664	gene-Peve_00037877	1.553718848	349
Porites_evermani_scaffold_63	268632	268988	gene-Peve_00037878	8.631707889	18
Porites_evermani_scaffold_63	295849	302264	gene-Peve_00037880	1.005961083	145
Porites_evermani_scaffold_63	306672	316323	gene-Peve_00037879	0.2859200097	206
Porites_evermani_scaffold_63	326837	327164	gene-Peve_00037881	.	0
Porites_evermani_scaffold_63	337056	338685	gene-Peve_00037844	10	1
Porites_evermani_scaffold_63	339030	359167	gene-Peve_00037845	22.91258152	185
Porites_evermani_scaffold_63	368013	368792	gene-Peve_00037847	0	1
Porites_evermani_scaffold_63	376512	394549	gene-Peve_00037848	0.8547008889	9
Porites_evermani_scaffold_63	402502	410390	gene-Peve_00037850	.	0
Porites_evermani_scaffold_63	416923	438516	gene-Peve_00037852	18.25163501	261
Porites_evermani_scaffold_63	441980	480800	gene-Peve_00037853	3.22171512	617
Porites_evermani_scaffold_63	473541	476527	gene-Peve_00037855	0	25
Porites_evermani_scaffold_63	498033	498929	gene-Peve_00037856	0.075757575	40
Porites_evermani_scaffold_63	517002	596353	gene-Peve_00037857	1.341124327	395
Porites_evermani_scaffold_63	616537	645743	gene-Peve_00037858	23.60285392	120
Porites_evermani_scaffold_63	645827	646631	gene-Peve_00037859	0	25
Porites_evermani_scaffold_630	4543	5572	gene-Peve_00037886	2.219434074	54
Porites_evermani_scaffold_630	8772	10623	gene-Peve_00037891	0	29
Porites_evermani_scaffold_630	20168	22671	gene-Peve_00037883	0	30
Porites_evermani_scaffold_630	28502	29498	gene-Peve_00037884	0	26
Porites_evermani_scaffold_630	34388	39974	gene-Peve_00037885	0.4163554951	103
Porites_evermani_scaffold_630	42294	58989	gene-Peve_00037887	0.4639878459	344
Porites_evermani_scaffold_630	62463	62892	gene-Peve_00037888	.	0
Porites_evermani_scaffold_630	70720	80973	gene-Peve_00037889	.	0
Porites_evermani_scaffold_630	88284	101368	gene-Peve_00037892	11.50240388	8
Porites_evermani_scaffold_630	102205	103091	gene-Peve_00037894	.	0
Porites_evermani_scaffold_630	103471	123846	gene-Peve_00037895	1.344412296	436
Porites_evermani_scaffold_630	130475	136331	gene-Peve_00037896	19.27784786	113
Porites_evermani_scaffold_630	136403	139830	gene-Peve_00037897	61.84932525	28
Porites_evermani_scaffold_630	142394	143474	gene-Peve_00037898	0.1508295641	39
Porites_evermani_scaffold_630	161130	162384	gene-Peve_00037899	0	41
Porites_evermani_scaffold_630	162876	194786	gene-Peve_00037900	3.3394788	345
Porites_evermani_scaffold_630	196336	198830	gene-Peve_00037901	.	0
Porites_evermani_scaffold_630	200220	201943	gene-Peve_00037902	0	5
Porites_evermani_scaffold_630	203739	210021	gene-Peve_00037903	.	0
Porites_evermani_scaffold_630	212711	215136	gene-Peve_00037904	.	0
Porites_evermani_scaffold_6300	0	867	gene-Peve_00037905	0.5952380833	12
Porites_evermani_scaffold_6304	2200	2824	gene-Peve_00037907	81.9444445	2
Porites_evermani_scaffold_6307	3725	4869	gene-Peve_00037908	0	7
Porites_evermani_scaffold_6309	835	2472	gene-Peve_00037909	0	28
Porites_evermani_scaffold_631	9931	13295	gene-Peve_00037910	1.981380662	71
Porites_evermani_scaffold_631	16444	24836	gene-Peve_00037916	39.15816936	45
Porites_evermani_scaffold_631	26153	28002	gene-Peve_00037920	34.46254769	36
Porites_evermani_scaffold_631	28301	35231	gene-Peve_00037923	26.29967046	67
Porites_evermani_scaffold_631	37960	60909	gene-Peve_00037924	0.6643216336	453
Porites_evermani_scaffold_631	71373	77265	gene-Peve_00037911	0.3575114286	133
Porites_evermani_scaffold_631	99919	101623	gene-Peve_00037912	0.4761905	14
Porites_evermani_scaffold_631	112990	126127	gene-Peve_00037913	0.4161877151	172
Porites_evermani_scaffold_631	148303	155386	gene-Peve_00037917	0.1765815092	163
Porites_evermani_scaffold_631	160102	161047	gene-Peve_00037918	0	20
Porites_evermani_scaffold_631	169178	170868	gene-Peve_00037919	0	45
Porites_evermani_scaffold_631	181542	193620	gene-Peve_00037921	0.2318688237	312
Porites_evermani_scaffold_631	194917	207841	gene-Peve_00037922	43.30090055	121
Porites_evermani_scaffold_6310	886	6036	gene-Peve_00037925	5.221445125	32
Porites_evermani_scaffold_6311	2394	3783	gene-Peve_00037926	.	0
Porites_evermani_scaffold_6314	1097	3014	gene-Peve_00037928	.	0
Porites_evermani_scaffold_632	2016	8921	gene-Peve_00037936	1.006944437	48
Porites_evermani_scaffold_632	14811	16842	gene-Peve_00037935	.	0
Porites_evermani_scaffold_632	22979	46003	gene-Peve_00037937	1.177489216	422
Porites_evermani_scaffold_632	25797	26094	gene-Peve_00037938	.	0
Porites_evermani_scaffold_632	63675	91296	gene-Peve_00037939	0.5907557	630
Porites_evermani_scaffold_632	98750	101930	gene-Peve_00037941	0.4729918529	102
Porites_evermani_scaffold_632	106140	110109	gene-Peve_00037942	0.6945653011	93
Porites_evermani_scaffold_632	131313	140033	gene-Peve_00037943	0.3818800204	98
Porites_evermani_scaffold_632	143621	149437	gene-Peve_00037944	0.9075643165	158
Porites_evermani_scaffold_632	156647	157915	gene-Peve_00037945	0.2450980417	24
Porites_evermani_scaffold_632	158652	162227	gene-Peve_00037929	39.32485993	40
Porites_evermani_scaffold_632	162612	164935	gene-Peve_00037930	26.23047142	33
Porites_evermani_scaffold_632	174467	183318	gene-Peve_00037932	3.298415338	154
Porites_evermani_scaffold_632	178864	179551	gene-Peve_00037933	0	15
Porites_evermani_scaffold_632	190255	214624	gene-Peve_00037934	55.90157641	181
Porites_evermani_scaffold_6320	1515	2322	gene-Peve_00037946	0.09920636111	36
Porites_evermani_scaffold_6322	1218	2004	gene-Peve_00037947	0.12956096	25
Porites_evermani_scaffold_6326	2284	5376	gene-Peve_00037948	0.9680134444	18
Porites_evermani_scaffold_633	6697	14490	gene-Peve_00037949	0.6209150196	51
Porites_evermani_scaffold_633	45078	48211	gene-Peve_00037960	.	0
Porites_evermani_scaffold_633	59376	95125	gene-Peve_00037961	2.57602675	208
Porites_evermani_scaffold_633	109030	109642	gene-Peve_00037951	0	3
Porites_evermani_scaffold_633	125989	129067	gene-Peve_00037952	2.047197578	64
Porites_evermani_scaffold_633	132762	135013	gene-Peve_00037953	1.6258547	50
Porites_evermani_scaffold_633	136488	140038	gene-Peve_00037954	8.973942727	11
Porites_evermani_scaffold_633	140090	148839	gene-Peve_00037955	20.00133924	46
Porites_evermani_scaffold_633	174449	174989	gene-Peve_00037957	.	0
Porites_evermani_scaffold_633	179915	181162	gene-Peve_00037958	.	0
Porites_evermani_scaffold_633	189856	190228	gene-Peve_00037959	.	0
Porites_evermani_scaffold_6331	1879	5223	gene-Peve_00037962	0.3246753214	28
Porites_evermani_scaffold_6333	2	2126	gene-Peve_00037963	.	0
Porites_evermani_scaffold_6339	968	2878	gene-Peve_00037964	0.1225490196	51
Porites_evermani_scaffold_634	6732	13420	gene-Peve_00037965	1.711990302	202
Porites_evermani_scaffold_634	30421	31687	gene-Peve_00037978	0	57
Porites_evermani_scaffold_634	40786	49022	gene-Peve_00037966	0.6959679673	153
Porites_evermani_scaffold_634	53928	99115	gene-Peve_00037967	1.239334282	1173
Porites_evermani_scaffold_634	82885	88986	gene-Peve_00037968	1.08555945	180
Porites_evermani_scaffold_634	115878	120226	gene-Peve_00037969	.	0
Porites_evermani_scaffold_634	120349	126226	gene-Peve_00037970	0	12
Porites_evermani_scaffold_634	137962	139288	gene-Peve_00037971	.	0
Porites_evermani_scaffold_634	162249	163425	gene-Peve_00037972	.	0
Porites_evermani_scaffold_634	176514	176865	gene-Peve_00037973	0	1
Porites_evermani_scaffold_634	183915	188962	gene-Peve_00037974	0	23
Porites_evermani_scaffold_634	189186	190485	gene-Peve_00037975	0	4
Porites_evermani_scaffold_634	194859	195648	gene-Peve_00037976	.	0
Porites_evermani_scaffold_634	209978	212238	gene-Peve_00037977	0	38
Porites_evermani_scaffold_6340	277	5483	gene-Peve_00037979	20.85491874	92
Porites_evermani_scaffold_6341	1683	2330	gene-Peve_00037980	51.17095242	12
Porites_evermani_scaffold_6344	2473	3739	gene-Peve_00037982	.	0
Porites_evermani_scaffold_6348	319	5659	gene-Peve_00037984	3.200065703	37
Porites_evermani_scaffold_6349	1049	1838	gene-Peve_00037985	.	0
Porites_evermani_scaffold_635	16033	18133	gene-Peve_00037999	10	1
Porites_evermani_scaffold_635	18455	20003	gene-Peve_00038001	.	0
Porites_evermani_scaffold_635	24150	51392	gene-Peve_00037986	1.567819814	311
Porites_evermani_scaffold_635	47644	54601	gene-Peve_00037987	0.3859216646	164
Porites_evermani_scaffold_635	67570	68293	gene-Peve_00037988	1.142857133	15
Porites_evermani_scaffold_635	83467	92640	gene-Peve_00037989	12.81188736	133
Porites_evermani_scaffold_635	116839	118975	gene-Peve_00037990	0.400641025	40
Porites_evermani_scaffold_635	127152	140464	gene-Peve_00037991	0.1369863014	73
Porites_evermani_scaffold_635	141479	151357	gene-Peve_00037992	1.074398638	141
Porites_evermani_scaffold_635	167104	170275	gene-Peve_00037993	4.260254103	78
Porites_evermani_scaffold_635	172393	185491	gene-Peve_00037994	0.2180200669	359
Porites_evermani_scaffold_635	195302	209147	gene-Peve_00037996	0.420831736	250
Porites_evermani_scaffold_635	198479	199013	gene-Peve_00037997	.	0
Porites_evermani_scaffold_635	209518	210256	gene-Peve_00037998	4.353741429	7
Porites_evermani_scaffold_635	212498	216476	gene-Peve_00038000	3.783573585	130
Porites_evermani_scaffold_6350	749	2010	gene-Peve_00038002	.	0
Porites_evermani_scaffold_6352	1385	4755	gene-Peve_00038003	.	0
Porites_evermani_scaffold_6355	776	2470	gene-Peve_00038004	0	3
Porites_evermani_scaffold_6358	3404	5458	gene-Peve_00038005	1.442314273	77
Porites_evermani_scaffold_636	12875	14121	gene-Peve_00038010	0.5952380714	14
Porites_evermani_scaffold_636	28899	40865	gene-Peve_00038017	76.73331278	73
Porites_evermani_scaffold_636	41669	44807	gene-Peve_00038023	64.177203	16
Porites_evermani_scaffold_636	42865	44169	gene-Peve_00038024	64.6060606	5
Porites_evermani_scaffold_636	79360	84780	gene-Peve_00038008	80.18883033	21
Porites_evermani_scaffold_636	91422	115120	gene-Peve_00038009	19.88557703	285
Porites_evermani_scaffold_636	126061	129321	gene-Peve_00038011	81.31715517	12
Porites_evermani_scaffold_636	131567	136977	gene-Peve_00038012	15.37878788	16
Porites_evermani_scaffold_636	137860	140731	gene-Peve_00038013	35.17078274	38
Porites_evermani_scaffold_636	146392	147991	gene-Peve_00038014	.	0
Porites_evermani_scaffold_636	149841	151440	gene-Peve_00038015	.	0
Porites_evermani_scaffold_636	166012	167815	gene-Peve_00038018	0	9
Porites_evermani_scaffold_636	184471	184966	gene-Peve_00038019	.	0
Porites_evermani_scaffold_636	185300	189404	gene-Peve_00038020	0	1
Porites_evermani_scaffold_636	196347	201943	gene-Peve_00038021	59.987975	27
Porites_evermani_scaffold_636	204922	215449	gene-Peve_00038022	64.27115693	15
Porites_evermani_scaffold_6361	418	1684	gene-Peve_00038025	.	0
Porites_evermani_scaffold_6363	5065	5500	gene-Peve_00038026	0	8
Porites_evermani_scaffold_6365	1049	2193	gene-Peve_00038027	.	0
Porites_evermani_scaffold_6366	5181	5823	gene-Peve_00038028	.	0
Porites_evermani_scaffold_6368	766	1426	gene-Peve_00038029	.	0
Porites_evermani_scaffold_6369	1346	2460	gene-Peve_00038031	.	0
Porites_evermani_scaffold_637	2073	3153	gene-Peve_00038032	.	0
Porites_evermani_scaffold_637	6885	12920	gene-Peve_00038037	1.950666926	94
Porites_evermani_scaffold_637	14096	20080	gene-Peve_00038043	0.7051281923	78
Porites_evermani_scaffold_637	23311	29556	gene-Peve_00038047	0.2476780196	102
Porites_evermani_scaffold_637	33171	52464	gene-Peve_00038046	0.266673183	224
Porites_evermani_scaffold_637	54891	56025	gene-Peve_00038033	.	0
Porites_evermani_scaffold_637	65549	66056	gene-Peve_00038034	.	0
Porites_evermani_scaffold_637	70522	71413	gene-Peve_00038035	0.5456349167	24
Porites_evermani_scaffold_637	73387	80770	gene-Peve_00038036	0.3308823542	96
Porites_evermani_scaffold_637	87312	91199	gene-Peve_00038038	0.78372894	100
Porites_evermani_scaffold_637	93757	94745	gene-Peve_00038039	2.186041143	14
Porites_evermani_scaffold_637	96109	96934	gene-Peve_00038040	.	0
Porites_evermani_scaffold_637	113478	127484	gene-Peve_00038041	0.7618203718	234
Porites_evermani_scaffold_637	120155	121208	gene-Peve_00038044	0	1
Porites_evermani_scaffold_637	132924	139478	gene-Peve_00038042	3.268437306	180
Porites_evermani_scaffold_637	142234	145123	gene-Peve_00038049	0.546707873	63
Porites_evermani_scaffold_637	149760	157730	gene-Peve_00038048	1.434196952	83
Porites_evermani_scaffold_637	168288	192193	gene-Peve_00038050	7.086545486	333
Porites_evermani_scaffold_637	194656	212078	gene-Peve_00038051	5.774930401	359
Porites_evermani_scaffold_6370	3499	5628	gene-Peve_00038052	.	0
Porites_evermani_scaffold_6371	42	5590	gene-Peve_00038053	0	3
Porites_evermani_scaffold_6372	3346	4345	gene-Peve_00038054	.	0
Porites_evermani_scaffold_6373	3470	5658	gene-Peve_00038055	.	0
Porites_evermani_scaffold_6376	24	5227	gene-Peve_00038057	16.66666667	18
Porites_evermani_scaffold_638	1387	10358	gene-Peve_00038060	0.07675438421	190
Porites_evermani_scaffold_638	28513	46663	gene-Peve_00038071	1.443480318	377
Porites_evermani_scaffold_638	49664	66008	gene-Peve_00038059	16.18581136	321
Porites_evermani_scaffold_638	75600	105307	gene-Peve_00038061	1.014043029	715
Porites_evermani_scaffold_638	113958	123418	gene-Peve_00038062	0.3185420577	208
Porites_evermani_scaffold_638	124064	126289	gene-Peve_00038063	66.3636365	2
Porites_evermani_scaffold_638	136987	140125	gene-Peve_00038064	0.36871025	56
Porites_evermani_scaffold_638	141851	142403	gene-Peve_00038065	23.85584992	13
Porites_evermani_scaffold_638	143756	146603	gene-Peve_00038066	0.2844613051	59
Porites_evermani_scaffold_638	149689	151264	gene-Peve_00038067	0.2604166562	32
Porites_evermani_scaffold_638	153641	161738	gene-Peve_00038068	0.7059590837	239
Porites_evermani_scaffold_638	165604	166484	gene-Peve_00038069	0.4387504324	37
Porites_evermani_scaffold_638	169011	170715	gene-Peve_00038070	0.3482153953	43
Porites_evermani_scaffold_638	200146	209636	gene-Peve_00038072	3.593662263	232
Porites_evermani_scaffold_638	211015	216502	gene-Peve_00038073	14.13419915	20
Porites_evermani_scaffold_6384	543	1482	gene-Peve_00038074	0	10
Porites_evermani_scaffold_6389	4423	5086	gene-Peve_00038075	2.705627667	6
Porites_evermani_scaffold_639	1440	18222	gene-Peve_00038076	58.14306329	82
Porites_evermani_scaffold_639	2673	6680	gene-Peve_00038084	.	0
Porites_evermani_scaffold_639	7749	8589	gene-Peve_00038088	63.4492245	8
Porites_evermani_scaffold_639	24478	26409	gene-Peve_00038077	0.2893658103	58
Porites_evermani_scaffold_639	29472	30750	gene-Peve_00038078	0	52
Porites_evermani_scaffold_639	40063	41347	gene-Peve_00038079	1.184862895	57
Porites_evermani_scaffold_639	42778	44212	gene-Peve_00038080	0	47
Porites_evermani_scaffold_639	53311	66862	gene-Peve_00038081	2.960716121	297
Porites_evermani_scaffold_639	61295	61633	gene-Peve_00038082	4.739704778	9
Porites_evermani_scaffold_639	79164	95029	gene-Peve_00038083	12.06018526	189
Porites_evermani_scaffold_639	118021	127430	gene-Peve_00038086	0.5870068779	262
Porites_evermani_scaffold_639	130458	155128	gene-Peve_00038087	0.5966023	590
Porites_evermani_scaffold_639	161158	165192	gene-Peve_00038089	0	32
Porites_evermani_scaffold_639	171657	180250	gene-Peve_00038090	0.2640036667	66
Porites_evermani_scaffold_639	198122	211183	gene-Peve_00038092	8.611486275	138
Porites_evermani_scaffold_6393	3981	5735	gene-Peve_00038093	.	0
Porites_evermani_scaffold_6394	2	5089	gene-Peve_00038094	7.529567015	67
Porites_evermani_scaffold_6396	2440	4447	gene-Peve_00038095	0.591716	13
Porites_evermani_scaffold_6398	1332	2506	gene-Peve_00038096	.	0
Porites_evermani_scaffold_64	2225	26149	gene-Peve_00038127	0.877816993	429
Porites_evermani_scaffold_64	27369	32167	gene-Peve_00038134	18.21202677	82
Porites_evermani_scaffold_64	32211	40951	gene-Peve_00038142	59.07687585	94
Porites_evermani_scaffold_64	43031	44862	gene-Peve_00038097	33.33333333	3
Porites_evermani_scaffold_64	47709	54326	gene-Peve_00038107	0.396562073	137
Porites_evermani_scaffold_64	56295	59522	gene-Peve_00038111	1.170455573	82
Porites_evermani_scaffold_64	64598	65180	gene-Peve_00038123	0	9
Porites_evermani_scaffold_64	67179	83494	gene-Peve_00038124	15.2490692	263
Porites_evermani_scaffold_64	77265	80795	gene-Peve_00038125	29.87627427	64
Porites_evermani_scaffold_64	85992	100465	gene-Peve_00038126	34.01681643	219
Porites_evermani_scaffold_64	122968	123937	gene-Peve_00038128	0	13
Porites_evermani_scaffold_64	125206	127018	gene-Peve_00038129	0.3434816557	61
Porites_evermani_scaffold_64	130556	189979	gene-Peve_00038130	2.959375063	872
Porites_evermani_scaffold_64	150080	154386	gene-Peve_00038131	.	0
Porites_evermani_scaffold_64	159283	162721	gene-Peve_00038132	.	0
Porites_evermani_scaffold_64	165071	169810	gene-Peve_00038133	.	0
Porites_evermani_scaffold_64	194301	207449	gene-Peve_00038135	0.7936129101	267
Porites_evermani_scaffold_64	209389	211618	gene-Peve_00038136	0.4326923125	64
Porites_evermani_scaffold_64	214806	238293	gene-Peve_00038137	0.3188452222	504
Porites_evermani_scaffold_64	240920	242670	gene-Peve_00038138	0.1661129535	43
Porites_evermani_scaffold_64	247958	262833	gene-Peve_00038139	1.051396222	302
Porites_evermani_scaffold_64	281600	321148	gene-Peve_00038140	0.8061136047	850
Porites_evermani_scaffold_64	337189	368246	gene-Peve_00038141	0.6003057778	585
Porites_evermani_scaffold_64	380606	389208	gene-Peve_00038143	19.55108587	151
Porites_evermani_scaffold_64	390386	392779	gene-Peve_00038144	85.2949116	40
Porites_evermani_scaffold_64	393948	407444	gene-Peve_00038145	24.70881978	156
Porites_evermani_scaffold_64	407703	427601	gene-Peve_00038146	3.061667691	311
Porites_evermani_scaffold_64	428714	431964	gene-Peve_00038098	45.30088964	14
Porites_evermani_scaffold_64	435880	437291	gene-Peve_00038099	0	36
Porites_evermani_scaffold_64	441247	441736	gene-Peve_00038100	.	0
Porites_evermani_scaffold_64	443771	451125	gene-Peve_00038101	1.313606901	162
Porites_evermani_scaffold_64	452537	455658	gene-Peve_00038102	51.3525983	10
Porites_evermani_scaffold_64	457680	459060	gene-Peve_00038103	25.98011363	32
Porites_evermani_scaffold_64	465446	468363	gene-Peve_00038104	0.8233652281	57
Porites_evermani_scaffold_64	472092	475411	gene-Peve_00038105	38.17616855	38
Porites_evermani_scaffold_64	481172	482799	gene-Peve_00038106	7.681911773	75
Porites_evermani_scaffold_64	494522	496028	gene-Peve_00038108	1.242923735	34
Porites_evermani_scaffold_64	519407	523636	gene-Peve_00038110	0	21
Porites_evermani_scaffold_64	530183	533386	gene-Peve_00038109	0.1262626212	66
Porites_evermani_scaffold_64	537142	541081	gene-Peve_00038112	2.237762231	13
Porites_evermani_scaffold_64	538628	539865	gene-Peve_00038113	0	2
Porites_evermani_scaffold_64	543148	547109	gene-Peve_00038114	57.81648368	69
Porites_evermani_scaffold_64	547335	557112	gene-Peve_00038115	60.99995277	106
Porites_evermani_scaffold_64	559819	561961	gene-Peve_00038116	0.6217638431	51
Porites_evermani_scaffold_64	562634	570897	gene-Peve_00038117	8.287123495	194
Porites_evermani_scaffold_64	584033	587993	gene-Peve_00038118	0.277534125	120
Porites_evermani_scaffold_64	611685	615267	gene-Peve_00038119	0.09259258889	90
Porites_evermani_scaffold_64	618152	618572	gene-Peve_00038120	0	9
Porites_evermani_scaffold_64	621187	628962	gene-Peve_00038121	25.5152573	134
Porites_evermani_scaffold_64	630139	640764	gene-Peve_00038122	6.056141622	119
Porites_evermani_scaffold_640	522	4205	gene-Peve_00038148	15.5584414	5
Porites_evermani_scaffold_640	4389	6129	gene-Peve_00038147	24.98834486	7
Porites_evermani_scaffold_640	7296	7826	gene-Peve_00038175	.	0
Porites_evermani_scaffold_640	10962	11328	gene-Peve_00038152	.	0
Porites_evermani_scaffold_640	23061	23739	gene-Peve_00038154	0	4
Porites_evermani_scaffold_640	33574	33910	gene-Peve_00038156	.	0
Porites_evermani_scaffold_640	37866	38451	gene-Peve_00038161	25.4193794	10
Porites_evermani_scaffold_640	45753	48529	gene-Peve_00038162	.	0
Porites_evermani_scaffold_640	49526	49934	gene-Peve_00038164	.	0
Porites_evermani_scaffold_640	51057	51843	gene-Peve_00038163	.	0
Porites_evermani_scaffold_640	51902	53045	gene-Peve_00038165	0.4223786765	34
Porites_evermani_scaffold_640	63931	70749	gene-Peve_00038166	1.111111091	33
Porites_evermani_scaffold_640	74058	87443	gene-Peve_00038168	15.9184148	5
Porites_evermani_scaffold_640	105328	111203	gene-Peve_00038169	.	0
Porites_evermani_scaffold_640	115972	124756	gene-Peve_00038170	6.524539267	86
Porites_evermani_scaffold_640	138477	139834	gene-Peve_00038171	13.61001	33
Porites_evermani_scaffold_640	141596	143477	gene-Peve_00038172	1.793184477	44
Porites_evermani_scaffold_640	146943	147330	gene-Peve_00038174	.	0
Porites_evermani_scaffold_640	181258	182521	gene-Peve_00038149	.	0
Porites_evermani_scaffold_640	190162	190860	gene-Peve_00038151	.	0
Porites_evermani_scaffold_6400	527	1873	gene-Peve_00038176	87.67776325	4
Porites_evermani_scaffold_6400	3955	4631	gene-Peve_00038177	.	0
Porites_evermani_scaffold_6402	230	716	gene-Peve_00038178	0	17
Porites_evermani_scaffold_641	3164	3566	gene-Peve_00038182	0.395256913	23
Porites_evermani_scaffold_641	11269	12150	gene-Peve_00038192	0.3479275333	30
Porites_evermani_scaffold_641	18924	19968	gene-Peve_00038195	0.1262626364	44
Porites_evermani_scaffold_641	25629	26010	gene-Peve_00038179	0	13
Porites_evermani_scaffold_641	67466	67983	gene-Peve_00038183	5.264066231	26
Porites_evermani_scaffold_641	69881	70608	gene-Peve_00038184	2.194357364	11
Porites_evermani_scaffold_641	73056	73992	gene-Peve_00038185	0	46
Porites_evermani_scaffold_641	80531	85173	gene-Peve_00038186	0.1291989767	43
Porites_evermani_scaffold_641	96390	97338	gene-Peve_00038187	0	13
Porites_evermani_scaffold_641	116957	117915	gene-Peve_00038188	0.6795635	24
Porites_evermani_scaffold_641	126539	149233	gene-Peve_00038189	2.622251341	519
Porites_evermani_scaffold_641	153937	155209	gene-Peve_00038190	0	28
Porites_evermani_scaffold_641	156998	157976	gene-Peve_00038191	1.338383844	32
Porites_evermani_scaffold_641	160619	169195	gene-Peve_00038193	1.487226502	259
Porites_evermani_scaffold_641	173028	214289	gene-Peve_00038194	0.7837146241	1176
Porites_evermani_scaffold_6412	391	1436	gene-Peve_00038196	1.325299893	28
Porites_evermani_scaffold_6414	1104	3511	gene-Peve_00038197	.	0
Porites_evermani_scaffold_6418	2	1834	gene-Peve_00038198	.	0
Porites_evermani_scaffold_642	461	1967	gene-Peve_00038212	25.72789239	31
Porites_evermani_scaffold_642	2477	4159	gene-Peve_00038216	48.44433347	15
Porites_evermani_scaffold_642	31204	33638	gene-Peve_00038204	15.5776079	42
Porites_evermani_scaffold_642	38540	38951	gene-Peve_00038206	17.21731871	7
Porites_evermani_scaffold_642	53140	53404	gene-Peve_00038207	36.7929295	6
Porites_evermani_scaffold_642	58035	62298	gene-Peve_00038209	3.347129048	21
Porites_evermani_scaffold_642	69202	70175	gene-Peve_00038211	36.66666667	3
Porites_evermani_scaffold_642	78569	80044	gene-Peve_00038210	0	6
Porites_evermani_scaffold_642	85773	87103	gene-Peve_00038214	31.19047614	7
Porites_evermani_scaffold_642	89610	90019	gene-Peve_00038215	.	0
Porites_evermani_scaffold_642	96319	100104	gene-Peve_00038217	7.5	4
Porites_evermani_scaffold_642	108941	109371	gene-Peve_00038219	0	3
Porites_evermani_scaffold_642	113665	114463	gene-Peve_00038220	0	3
Porites_evermani_scaffold_642	120260	123547	gene-Peve_00038221	7.3546245	4
Porites_evermani_scaffold_642	168195	168936	gene-Peve_00038224	.	0
Porites_evermani_scaffold_642	178689	187496	gene-Peve_00038199	1.165557192	52
Porites_evermani_scaffold_642	192171	193527	gene-Peve_00038200	2.373568435	23
Porites_evermani_scaffold_642	197875	199076	gene-Peve_00038201	9.3695472	40
Porites_evermani_scaffold_642	201505	204800	gene-Peve_00038202	5.195495222	54
Porites_evermani_scaffold_6421	532	2506	gene-Peve_00038227	0	15
Porites_evermani_scaffold_6421	3124	3502	gene-Peve_00038226	0	11
Porites_evermani_scaffold_6425	2588	3668	gene-Peve_00038228	0	16
Porites_evermani_scaffold_6427	2981	4583	gene-Peve_00038229	.	0
Porites_evermani_scaffold_643	1198	20855	gene-Peve_00038230	25	2
Porites_evermani_scaffold_643	34488	39266	gene-Peve_00038240	0	13
Porites_evermani_scaffold_643	45265	111653	gene-Peve_00038239	0.7972574321	1067
Porites_evermani_scaffold_643	115826	117321	gene-Peve_00038232	0.2020202	45
Porites_evermani_scaffold_643	120993	124032	gene-Peve_00038233	0.4018378448	58
Porites_evermani_scaffold_643	130991	139231	gene-Peve_00038234	0.380586771	214
Porites_evermani_scaffold_643	147717	174501	gene-Peve_00038235	13.92286679	407
Porites_evermani_scaffold_643	153982	154495	gene-Peve_00038236	.	0
Porites_evermani_scaffold_643	188651	189794	gene-Peve_00038237	0.8686868667	45
Porites_evermani_scaffold_643	196431	197622	gene-Peve_00038238	0.6818181818	22
Porites_evermani_scaffold_643	205088	208111	gene-Peve_00038241	93.03162355	29
Porites_evermani_scaffold_643	213561	215299	gene-Peve_00038242	5.602119676	34
Porites_evermani_scaffold_6430	1481	2348	gene-Peve_00038243	0.6004273667	30
Porites_evermani_scaffold_6432	14	5113	gene-Peve_00038244	0	45
Porites_evermani_scaffold_6436	2552	4480	gene-Peve_00038245	.	0
Porites_evermani_scaffold_6437	4327	5596	gene-Peve_00038246	0	4
Porites_evermani_scaffold_644	101	10989	gene-Peve_00038247	0.9670742751	229
Porites_evermani_scaffold_644	12344	20021	gene-Peve_00038250	.	0
Porites_evermani_scaffold_644	27260	30128	gene-Peve_00038255	.	0
Porites_evermani_scaffold_644	35177	36131	gene-Peve_00038267	0	28
Porites_evermani_scaffold_644	48950	49469	gene-Peve_00038248	0	6
Porites_evermani_scaffold_644	49710	55929	gene-Peve_00038249	26.05133978	51
Porites_evermani_scaffold_644	56072	61336	gene-Peve_00038251	40.51552318	74
Porites_evermani_scaffold_644	64933	65983	gene-Peve_00038252	0.2100840294	34
Porites_evermani_scaffold_644	68382	69381	gene-Peve_00038253	0.5555555556	18
Porites_evermani_scaffold_644	71980	74763	gene-Peve_00038254	0	39
Porites_evermani_scaffold_644	78420	80256	gene-Peve_00038256	0.2688171935	31
Porites_evermani_scaffold_644	88360	93889	gene-Peve_00038257	.	0
Porites_evermani_scaffold_644	101955	120755	gene-Peve_00038258	1.132487481	208
Porites_evermani_scaffold_644	126738	139536	gene-Peve_00038259	30.65282698	177
Porites_evermani_scaffold_644	144480	146189	gene-Peve_00038260	1.23170936	50
Porites_evermani_scaffold_644	146988	149475	gene-Peve_00038261	1.636541424	59
Porites_evermani_scaffold_644	154446	156916	gene-Peve_00038262	0.395256913	23
Porites_evermani_scaffold_644	167328	169622	gene-Peve_00038263	0	33
Porites_evermani_scaffold_644	170012	185970	gene-Peve_00038264	8.779557121	256
Porites_evermani_scaffold_644	187461	200085	gene-Peve_00038265	27.08979632	186
Porites_evermani_scaffold_644	200275	214144	gene-Peve_00038266	36.36203423	128
Porites_evermani_scaffold_6441	2151	5452	gene-Peve_00038268	66.92598835	20
Porites_evermani_scaffold_6442	61	486	gene-Peve_00038269	61.538462	1
Porites_evermani_scaffold_6442	1894	5604	gene-Peve_00038270	37.40504352	48
Porites_evermani_scaffold_6445	1241	4895	gene-Peve_00038271	1.703478192	26
Porites_evermani_scaffold_6449	4791	5322	gene-Peve_00038275	0	6
Porites_evermani_scaffold_645	331	6573	gene-Peve_00038276	0.5414882662	154
Porites_evermani_scaffold_645	11796	19659	gene-Peve_00038281	12.96159195	130
Porites_evermani_scaffold_645	21627	22227	gene-Peve_00038285	0.289855087	23
Porites_evermani_scaffold_645	26913	34242	gene-Peve_00038286	0.7456558636	44
Porites_evermani_scaffold_645	39320	41980	gene-Peve_00038288	.	0
Porites_evermani_scaffold_645	43982	46199	gene-Peve_00038287	0	7
Porites_evermani_scaffold_645	53152	54148	gene-Peve_00038289	0	31
Porites_evermani_scaffold_645	56826	57822	gene-Peve_00038290	0.2066115682	44
Porites_evermani_scaffold_645	63126	78497	gene-Peve_00038277	37.17289957	187
Porites_evermani_scaffold_645	80515	81699	gene-Peve_00038278	0.1524390244	41
Porites_evermani_scaffold_645	84094	96978	gene-Peve_00038279	61.64966015	53
Porites_evermani_scaffold_645	135353	179560	gene-Peve_00038280	0.808338242	938
Porites_evermani_scaffold_645	179739	183633	gene-Peve_00038282	0.174314	76
Porites_evermani_scaffold_645	184975	187922	gene-Peve_00038283	0.2504006406	64
Porites_evermani_scaffold_645	201615	206005	gene-Peve_00038284	0.6197208403	119
Porites_evermani_scaffold_6451	145	1108	gene-Peve_00038291	.	0
Porites_evermani_scaffold_6452	1344	5462	gene-Peve_00038292	20.94290638	164
Porites_evermani_scaffold_6455	2	4452	gene-Peve_00038294	.	0
Porites_evermani_scaffold_6457	1176	1491	gene-Peve_00038295	100	1
Porites_evermani_scaffold_6458	17	2752	gene-Peve_00038296	.	0
Porites_evermani_scaffold_6459	17	3061	gene-Peve_00038297	89.64263919	21
Porites_evermani_scaffold_646	12328	13658	gene-Peve_00038303	.	0
Porites_evermani_scaffold_646	14068	47421	gene-Peve_00038298	5.016001773	44
Porites_evermani_scaffold_646	53715	54159	gene-Peve_00038299	97.2380952	5
Porites_evermani_scaffold_646	57385	64849	gene-Peve_00038300	1.480207233	120
Porites_evermani_scaffold_646	77050	111763	gene-Peve_00038301	0.293814672	567
Porites_evermani_scaffold_646	130740	132747	gene-Peve_00038302	0	55
Porites_evermani_scaffold_646	136684	148430	gene-Peve_00038304	24.43202948	109
Porites_evermani_scaffold_646	149693	157388	gene-Peve_00038305	.	0
Porites_evermani_scaffold_646	166124	173063	gene-Peve_00038306	25.26600124	108
Porites_evermani_scaffold_646	175353	181020	gene-Peve_00038307	70.94120183	66
Porites_evermani_scaffold_646	185247	197514	gene-Peve_00038308	27.22919966	174
Porites_evermani_scaffold_646	197940	213506	gene-Peve_00038309	61.86696263	115
Porites_evermani_scaffold_6461	1324	3297	gene-Peve_00038311	2.222222222	9
Porites_evermani_scaffold_647	1288	23054	gene-Peve_00038312	.	0
Porites_evermani_scaffold_647	27031	30335	gene-Peve_00038319	.	0
Porites_evermani_scaffold_647	59855	101227	gene-Peve_00038320	1.033498676	991
Porites_evermani_scaffold_647	110108	114690	gene-Peve_00038313	7.112037132	38
Porites_evermani_scaffold_647	132018	149199	gene-Peve_00038314	0.5434164686	414
Porites_evermani_scaffold_647	169464	177741	gene-Peve_00038316	0.5637683776	196
Porites_evermani_scaffold_647	191225	206265	gene-Peve_00038317	0.8701588264	144
Porites_evermani_scaffold_647	209118	209577	gene-Peve_00038318	0.8333333	10
Porites_evermani_scaffold_6472	952	1325	gene-Peve_00038321	.	0
Porites_evermani_scaffold_6473	0	741	gene-Peve_00038322	.	0
Porites_evermani_scaffold_6473	3266	3659	gene-Peve_00038323	.	0
Porites_evermani_scaffold_6475	4554	4857	gene-Peve_00038324	.	0
Porites_evermani_scaffold_6478	3882	5187	gene-Peve_00038325	0	42
Porites_evermani_scaffold_648	30801	52055	gene-Peve_00038326	1.16418501	200
Porites_evermani_scaffold_648	53594	100956	gene-Peve_00038328	1.527770371	568
Porites_evermani_scaffold_648	102435	112017	gene-Peve_00038332	.	0
Porites_evermani_scaffold_648	122138	122968	gene-Peve_00038335	0	2
Porites_evermani_scaffold_648	136727	142076	gene-Peve_00038327	0	19
Porites_evermani_scaffold_648	147622	148430	gene-Peve_00038329	.	0
Porites_evermani_scaffold_648	160402	161211	gene-Peve_00038331	0	20
Porites_evermani_scaffold_648	172379	192540	gene-Peve_00038333	0.4101019871	387
Porites_evermani_scaffold_648	199821	207102	gene-Peve_00038334	0.2399928011	176
Porites_evermani_scaffold_6487	1908	2901	gene-Peve_00038336	0	4
Porites_evermani_scaffold_649	21640	22858	gene-Peve_00038341	0	20
Porites_evermani_scaffold_649	45165	75515	gene-Peve_00038338	0.9548223415	530
Porites_evermani_scaffold_649	51805	52078	gene-Peve_00038339	0	1
Porites_evermani_scaffold_649	86325	86673	gene-Peve_00038340	0	2
Porites_evermani_scaffold_649	93632	96774	gene-Peve_00038342	0.1705029833	60
Porites_evermani_scaffold_649	100448	128502	gene-Peve_00038343	0.7635849765	723
Porites_evermani_scaffold_649	111177	114259	gene-Peve_00038346	3.129701903	31
Porites_evermani_scaffold_649	134905	142596	gene-Peve_00038344	0.209934987	230
Porites_evermani_scaffold_649	142715	167868	gene-Peve_00038345	0.4160495927	464
Porites_evermani_scaffold_649	188338	188712	gene-Peve_00038349	0	10
Porites_evermani_scaffold_6491	953	1490	gene-Peve_00038353	.	0
Porites_evermani_scaffold_6492	735	3034	gene-Peve_00038354	0	5
Porites_evermani_scaffold_6494	2	5119	gene-Peve_00038355	80.67318593	75
Porites_evermani_scaffold_6497	3402	3846	gene-Peve_00038356	.	0
Porites_evermani_scaffold_65	584	17422	gene-Peve_00038357	29.14136433	233
Porites_evermani_scaffold_65	20424	20874	gene-Peve_00038382	0	7
Porites_evermani_scaffold_65	22544	60874	gene-Peve_00038389	29.84193017	594
Porites_evermani_scaffold_65	63658	68255	gene-Peve_00038370	0.5465888214	56
Porites_evermani_scaffold_65	71507	77040	gene-Peve_00038369	0.7424820513	78
Porites_evermani_scaffold_65	79229	80057	gene-Peve_00038371	0.6790123333	27
Porites_evermani_scaffold_65	82069	87471	gene-Peve_00038372	32.19433772	96
Porites_evermani_scaffold_65	89112	102480	gene-Peve_00038373	0.68385775	308
Porites_evermani_scaffold_65	102795	105701	gene-Peve_00038374	32.25844177	26
Porites_evermani_scaffold_65	106947	110078	gene-Peve_00038375	65.15801387	31
Porites_evermani_scaffold_65	110160	129624	gene-Peve_00038376	27.44188129	307
Porites_evermani_scaffold_65	130355	131024	gene-Peve_00038377	0	4
Porites_evermani_scaffold_65	134109	142395	gene-Peve_00038378	0.8967869568	185
Porites_evermani_scaffold_65	144504	157312	gene-Peve_00038379	40.01041115	165
Porites_evermani_scaffold_65	157527	162373	gene-Peve_00038381	61.09909918	57
Porites_evermani_scaffold_65	165220	176698	gene-Peve_00038383	74.67543476	108
Porites_evermani_scaffold_65	178758	191235	gene-Peve_00038384	32.68400143	238
Porites_evermani_scaffold_65	195398	200833	gene-Peve_00038385	29.70449728	54
Porites_evermani_scaffold_65	204416	206961	gene-Peve_00038386	0	50
Porites_evermani_scaffold_65	209312	210785	gene-Peve_00038387	2.337974519	52
Porites_evermani_scaffold_65	212420	230574	gene-Peve_00038388	34.66093505	327
Porites_evermani_scaffold_65	242018	247724	gene-Peve_00038390	0.6202788058	309
Porites_evermani_scaffold_65	250213	254848	gene-Peve_00038391	55.88590242	59
Porites_evermani_scaffold_65	274100	308935	gene-Peve_00038393	62.61278318	376
Porites_evermani_scaffold_65	315667	318632	gene-Peve_00038394	0.4295900118	85
Porites_evermani_scaffold_65	320309	320703	gene-Peve_00038395	.	0
Porites_evermani_scaffold_65	327717	330963	gene-Peve_00038397	0.3638606	80
Porites_evermani_scaffold_65	338100	361599	gene-Peve_00038398	12.79103969	317
Porites_evermani_scaffold_65	362040	411718	gene-Peve_00038399	0.5311420404	1585
Porites_evermani_scaffold_65	417715	419009	gene-Peve_00038400	0.3367003333	54
Porites_evermani_scaffold_65	438219	470960	gene-Peve_00038358	0.5374520848	884
Porites_evermani_scaffold_65	489677	506287	gene-Peve_00038359	2.879985779	371
Porites_evermani_scaffold_65	496425	496991	gene-Peve_00038360	0.3759398421	19
Porites_evermani_scaffold_65	512346	523286	gene-Peve_00038361	45.14839487	145
Porites_evermani_scaffold_65	531703	535326	gene-Peve_00038362	89.19316891	32
Porites_evermani_scaffold_65	539208	541743	gene-Peve_00038363	49.479553	36
Porites_evermani_scaffold_65	544467	573099	gene-Peve_00038364	81.11695863	322
Porites_evermani_scaffold_65	573438	579235	gene-Peve_00038365	67.41964634	88
Porites_evermani_scaffold_65	583516	624501	gene-Peve_00038366	6.363608158	760
Porites_evermani_scaffold_65	625257	642702	gene-Peve_00038367	69.49078656	86
Porites_evermani_scaffold_65	637633	641140	gene-Peve_00038368	60.71519529	7
Porites_evermani_scaffold_650	13030	14479	gene-Peve_00038401	.	0
Porites_evermani_scaffold_650	52148	52643	gene-Peve_00038411	.	0
Porites_evermani_scaffold_650	57398	60861	gene-Peve_00038412	0	19
Porites_evermani_scaffold_650	95186	95849	gene-Peve_00038405	0	2
Porites_evermani_scaffold_650	100873	106804	gene-Peve_00038406	21.22364241	85
Porites_evermani_scaffold_650	112958	133537	gene-Peve_00038407	0.4910813676	438
Porites_evermani_scaffold_650	138071	142646	gene-Peve_00038408	0.4781533841	138
Porites_evermani_scaffold_650	147034	184168	gene-Peve_00038409	64.19377755	347
Porites_evermani_scaffold_650	189861	196514	gene-Peve_00038410	58.25489423	73
Porites_evermani_scaffold_6500	2154	2625	gene-Peve_00038414	.	0
Porites_evermani_scaffold_6501	87	1937	gene-Peve_00038415	18.25757575	4
Porites_evermani_scaffold_651	1885	4062	gene-Peve_00038416	1.298701286	7
Porites_evermani_scaffold_651	5607	30349	gene-Peve_00038422	14.5159846	204
Porites_evermani_scaffold_651	31917	32580	gene-Peve_00038431	0	16
Porites_evermani_scaffold_651	36893	37556	gene-Peve_00038433	0	21
Porites_evermani_scaffold_651	40848	42256	gene-Peve_00038437	13.66910864	42
Porites_evermani_scaffold_651	44487	45135	gene-Peve_00038438	0	18
Porites_evermani_scaffold_651	46573	66186	gene-Peve_00038439	17.19195679	149
Porites_evermani_scaffold_651	66869	68223	gene-Peve_00038417	.	0
Porites_evermani_scaffold_651	72489	73561	gene-Peve_00038418	0	1
Porites_evermani_scaffold_651	84664	92603	gene-Peve_00038419	58.36213129	38
Porites_evermani_scaffold_651	100779	115244	gene-Peve_00038420	54.94216797	156
Porites_evermani_scaffold_651	115600	120598	gene-Peve_00038421	63.24615987	62
Porites_evermani_scaffold_651	124437	131377	gene-Peve_00038423	41.27004569	39
Porites_evermani_scaffold_651	133059	134977	gene-Peve_00038424	0.2873563103	29
Porites_evermani_scaffold_651	138016	143490	gene-Peve_00038425	38.57031927	98
Porites_evermani_scaffold_651	143705	148095	gene-Peve_00038426	57.65223452	89
Porites_evermani_scaffold_651	149361	157531	gene-Peve_00038427	50.11063864	90
Porites_evermani_scaffold_651	158491	160746	gene-Peve_00038428	47.20388997	30
Porites_evermani_scaffold_651	162501	169179	gene-Peve_00038429	74.95077883	64
Porites_evermani_scaffold_651	169515	174285	gene-Peve_00038430	47.19673545	40
Porites_evermani_scaffold_651	175525	187426	gene-Peve_00038432	24.42373795	240
Porites_evermani_scaffold_651	187908	188794	gene-Peve_00038434	.	0
Porites_evermani_scaffold_651	189056	190239	gene-Peve_00038435	0	3
Porites_evermani_scaffold_651	194103	207387	gene-Peve_00038436	8.007821613	362
Porites_evermani_scaffold_6511	4404	5437	gene-Peve_00038440	.	0
Porites_evermani_scaffold_6514	2950	3649	gene-Peve_00038441	.	0
Porites_evermani_scaffold_6517	0	714	gene-Peve_00038442	.	0
Porites_evermani_scaffold_652	3300	24721	gene-Peve_00038448	16.0715662	183
Porites_evermani_scaffold_652	25149	26325	gene-Peve_00038451	15.273126	24
Porites_evermani_scaffold_652	37164	47319	gene-Peve_00038458	0.9085659331	299
Porites_evermani_scaffold_652	51228	53291	gene-Peve_00038443	1.413366697	66
Porites_evermani_scaffold_652	63113	63863	gene-Peve_00038444	0	36
Porites_evermani_scaffold_652	67565	69900	gene-Peve_00038445	0.8933785972	72
Porites_evermani_scaffold_652	81722	94976	gene-Peve_00038446	1.786990268	369
Porites_evermani_scaffold_652	100805	101195	gene-Peve_00038449	0	13
Porites_evermani_scaffold_652	102013	107438	gene-Peve_00038447	0.2344331963	163
Porites_evermani_scaffold_652	109795	112336	gene-Peve_00038450	2.097371217	69
Porites_evermani_scaffold_652	117404	125052	gene-Peve_00038452	0.2268002297	74
Porites_evermani_scaffold_652	129654	141424	gene-Peve_00038453	0.2500655909	242
Porites_evermani_scaffold_652	150304	161749	gene-Peve_00038454	0.356260996	253
Porites_evermani_scaffold_652	164244	180975	gene-Peve_00038455	46.49406404	237
Porites_evermani_scaffold_652	186357	197024	gene-Peve_00038456	6.784763415	253
Porites_evermani_scaffold_652	210746	212299	gene-Peve_00038457	0	2
Porites_evermani_scaffold_6525	2280	3767	gene-Peve_00038459	0	16
Porites_evermani_scaffold_653	3896	7035	gene-Peve_00038475	.	0
Porites_evermani_scaffold_653	11506	33790	gene-Peve_00038461	0.7261144417	618
Porites_evermani_scaffold_653	37283	40978	gene-Peve_00038462	93.470191	27
Porites_evermani_scaffold_653	41925	44538	gene-Peve_00038463	53.85308079	28
Porites_evermani_scaffold_653	46021	49243	gene-Peve_00038464	17.19908762	69
Porites_evermani_scaffold_653	51423	59609	gene-Peve_00038465	0.1242784387	155
Porites_evermani_scaffold_653	64369	69943	gene-Peve_00038466	46.450338	69
Porites_evermani_scaffold_653	70025	71654	gene-Peve_00038467	2.840909083	12
Porites_evermani_scaffold_653	76929	81457	gene-Peve_00038468	60.59018655	38
Porites_evermani_scaffold_653	118734	119076	gene-Peve_00038469	0	11
Porites_evermani_scaffold_653	122461	137837	gene-Peve_00038470	36.58211195	224
Porites_evermani_scaffold_653	138005	146830	gene-Peve_00038471	20.2480094	139
Porites_evermani_scaffold_653	161624	162017	gene-Peve_00038472	.	0
Porites_evermani_scaffold_653	168513	170870	gene-Peve_00038473	.	0
Porites_evermani_scaffold_653	173414	173807	gene-Peve_00038474	.	0
Porites_evermani_scaffold_653	200248	201214	gene-Peve_00038476	0	25
Porites_evermani_scaffold_653	204862	206983	gene-Peve_00038477	28.17774017	23
Porites_evermani_scaffold_6530	271	1167	gene-Peve_00038478	0	10
Porites_evermani_scaffold_6533	1389	4725	gene-Peve_00038480	0.4864225469	64
Porites_evermani_scaffold_6534	549	1245	gene-Peve_00038481	.	0
Porites_evermani_scaffold_6534	3676	4780	gene-Peve_00038482	0	11
Porites_evermani_scaffold_6536	1773	4577	gene-Peve_00038484	12.62311767	9
Porites_evermani_scaffold_6539	1494	4543	gene-Peve_00038485	1.60892822	41
Porites_evermani_scaffold_654	4144	12236	gene-Peve_00038486	1.851851889	9
Porites_evermani_scaffold_654	20769	28196	gene-Peve_00038488	.	0
Porites_evermani_scaffold_654	29757	39400	gene-Peve_00038494	25.18639971	21
Porites_evermani_scaffold_654	44990	53594	gene-Peve_00038496	.	0
Porites_evermani_scaffold_654	65631	102292	gene-Peve_00038497	.	0
Porites_evermani_scaffold_654	103486	117109	gene-Peve_00038487	.	0
Porites_evermani_scaffold_654	131710	136057	gene-Peve_00038490	6	5
Porites_evermani_scaffold_654	139773	151297	gene-Peve_00038491	21.08508212	16
Porites_evermani_scaffold_654	179599	188137	gene-Peve_00038492	.	0
Porites_evermani_scaffold_654	194044	200134	gene-Peve_00038493	.	0
Porites_evermani_scaffold_654	209908	210214	gene-Peve_00038495	0	5
Porites_evermani_scaffold_6544	1893	2814	gene-Peve_00038498	.	0
Porites_evermani_scaffold_6547	5	1595	gene-Peve_00038500	0.1373626346	52
Porites_evermani_scaffold_655	1474	24419	gene-Peve_00038502	2.02537134	150
Porites_evermani_scaffold_655	52879	55369	gene-Peve_00038510	0.4967948846	26
Porites_evermani_scaffold_655	55975	79908	gene-Peve_00038511	2.073801908	574
Porites_evermani_scaffold_655	74339	76073	gene-Peve_00038512	.	0
Porites_evermani_scaffold_655	90134	91163	gene-Peve_00038503	0	9
Porites_evermani_scaffold_655	99299	132181	gene-Peve_00038504	1.266916278	654
Porites_evermani_scaffold_655	146925	177010	gene-Peve_00038506	0.8670618358	670
Porites_evermani_scaffold_655	152770	153945	gene-Peve_00038507	0	9
Porites_evermani_scaffold_655	194061	199930	gene-Peve_00038508	1.403628095	21
Porites_evermani_scaffold_655	200928	201243	gene-Peve_00038509	.	0
Porites_evermani_scaffold_656	4262	6814	gene-Peve_00038513	0	49
Porites_evermani_scaffold_656	11731	17020	gene-Peve_00038517	0.3896077049	122
Porites_evermani_scaffold_656	62576	66600	gene-Peve_00038514	0.7881124492	187
Porites_evermani_scaffold_656	84920	85224	gene-Peve_00038515	0	15
Porites_evermani_scaffold_656	112193	113173	gene-Peve_00038516	0	15
Porites_evermani_scaffold_656	117652	118000	gene-Peve_00038519	0	17
Porites_evermani_scaffold_656	120799	123395	gene-Peve_00038520	0	82
Porites_evermani_scaffold_656	136260	176025	gene-Peve_00038521	8.425735904	789
Porites_evermani_scaffold_656	168633	169968	gene-Peve_00038522	.	0
Porites_evermani_scaffold_656	177395	183773	gene-Peve_00038523	44.87245175	76
Porites_evermani_scaffold_656	187058	191780	gene-Peve_00038524	1.381700129	93
Porites_evermani_scaffold_656	195250	196074	gene-Peve_00038525	32.65613618	28
Porites_evermani_scaffold_656	206826	210609	gene-Peve_00038526	1.010793663	89
Porites_evermani_scaffold_6560	2422	3923	gene-Peve_00038528	.	0
Porites_evermani_scaffold_6564	2850	4590	gene-Peve_00038529	11.42857143	7
Porites_evermani_scaffold_6569	625	1836	gene-Peve_00038530	0.3508772	15
Porites_evermani_scaffold_657	5115	10067	gene-Peve_00038531	0.5531401159	69
Porites_evermani_scaffold_657	20398	25185	gene-Peve_00038537	58.48393342	45
Porites_evermani_scaffold_657	29639	34279	gene-Peve_00038538	75.23840842	60
Porites_evermani_scaffold_657	36524	59471	gene-Peve_00038539	30.98436372	265
Porites_evermani_scaffold_657	61028	74077	gene-Peve_00038532	0.5131292889	315
Porites_evermani_scaffold_657	76301	156853	gene-Peve_00038533	0.6345870921	1075
Porites_evermani_scaffold_657	169034	190046	gene-Peve_00038534	0	12
Porites_evermani_scaffold_657	192314	193340	gene-Peve_00038535	0.6613756667	21
Porites_evermani_scaffold_6571	634	2449	gene-Peve_00038540	28.04487167	3
Porites_evermani_scaffold_6576	1241	4201	gene-Peve_00038541	10.10101011	9
Porites_evermani_scaffold_6578	527	1356	gene-Peve_00038542	.	0
Porites_evermani_scaffold_6578	1299	2844	gene-Peve_00038543	.	0
Porites_evermani_scaffold_6579	760	4369	gene-Peve_00038544	56.416443	21
Porites_evermani_scaffold_658	1693	7709	gene-Peve_00038547	95.12199927	11
Porites_evermani_scaffold_658	9708	17184	gene-Peve_00038557	94.66785786	22
Porites_evermani_scaffold_658	23586	90689	gene-Peve_00038561	1.125904164	933
Porites_evermani_scaffold_658	41038	83373	gene-Peve_00038545	1.109596591	674
Porites_evermani_scaffold_658	92246	93544	gene-Peve_00038548	0	8
Porites_evermani_scaffold_658	92908	98511	gene-Peve_00038549	0.4228329767	43
Porites_evermani_scaffold_658	103997	107708	gene-Peve_00038550	0	14
Porites_evermani_scaffold_658	129399	129936	gene-Peve_00038554	2.857142857	7
Porites_evermani_scaffold_658	138307	145119	gene-Peve_00038555	0	10
Porites_evermani_scaffold_658	170801	183979	gene-Peve_00038556	0	23
Porites_evermani_scaffold_658	201456	203972	gene-Peve_00038558	0.3314393864	44
Porites_evermani_scaffold_658	206020	206587	gene-Peve_00038560	0.3095975263	19
Porites_evermani_scaffold_658	209794	212233	gene-Peve_00038559	79.08709344	16
Porites_evermani_scaffold_6583	3077	4605	gene-Peve_00038562	0.6856193023	43
Porites_evermani_scaffold_6586	128	491	gene-Peve_00038564	.	0
Porites_evermani_scaffold_6589	1363	4791	gene-Peve_00038565	.	0
Porites_evermani_scaffold_659	4961	6854	gene-Peve_00038566	0	46
Porites_evermani_scaffold_659	7507	18296	gene-Peve_00038570	0	44
Porites_evermani_scaffold_659	23326	24373	gene-Peve_00038578	.	0
Porites_evermani_scaffold_659	26449	34060	gene-Peve_00038579	.	0
Porites_evermani_scaffold_659	37291	44402	gene-Peve_00038580	.	0
Porites_evermani_scaffold_659	44910	47305	gene-Peve_00038581	.	0
Porites_evermani_scaffold_659	62972	89673	gene-Peve_00038567	20.01409408	321
Porites_evermani_scaffold_659	91285	99012	gene-Peve_00038569	52.18409561	75
Porites_evermani_scaffold_659	116796	120704	gene-Peve_00038571	69.42438514	7
Porites_evermani_scaffold_659	121448	144270	gene-Peve_00038572	3.772338775	129
Porites_evermani_scaffold_659	147733	156808	gene-Peve_00038573	0.7692307692	13
Porites_evermani_scaffold_659	159681	169380	gene-Peve_00038574	0.7921795988	167
Porites_evermani_scaffold_659	173801	193379	gene-Peve_00038575	1.364238937	364
Porites_evermani_scaffold_659	194953	198861	gene-Peve_00038576	0.4683195455	55
Porites_evermani_scaffold_659	200837	211524	gene-Peve_00038577	0.3401360536	168
Porites_evermani_scaffold_6596	3038	4505	gene-Peve_00038582	1.3809524	10
Porites_evermani_scaffold_6598	3892	4381	gene-Peve_00038583	0.5347593636	11
Porites_evermani_scaffold_66	14798	15770	gene-Peve_00038590	0	18
Porites_evermani_scaffold_66	31400	53939	gene-Peve_00038600	7.102070268	157
Porites_evermani_scaffold_66	54395	57190	gene-Peve_00038603	24.59961152	25
Porites_evermani_scaffold_66	59192	69700	gene-Peve_00038604	27.38095243	7
Porites_evermani_scaffold_66	70119	77786	gene-Peve_00038609	67.40019233	9
Porites_evermani_scaffold_66	89629	99176	gene-Peve_00038611	0.4506139543	197
Porites_evermani_scaffold_66	103451	106426	gene-Peve_00038612	30	4
Porites_evermani_scaffold_66	135477	135810	gene-Peve_00038587	.	0
Porites_evermani_scaffold_66	147880	152066	gene-Peve_00038588	5.679983187	16
Porites_evermani_scaffold_66	163045	164398	gene-Peve_00038589	.	0
Porites_evermani_scaffold_66	181237	182164	gene-Peve_00038591	.	0
Porites_evermani_scaffold_66	183880	187717	gene-Peve_00038593	0	6
Porites_evermani_scaffold_66	205840	217424	gene-Peve_00038592	.	0
Porites_evermani_scaffold_66	243056	255764	gene-Peve_00038595	1.077201804	46
Porites_evermani_scaffold_66	268465	271502	gene-Peve_00038596	.	0
Porites_evermani_scaffold_66	295052	301983	gene-Peve_00038594	0.3410927477	107
Porites_evermani_scaffold_66	309591	338813	gene-Peve_00038601	26.38635328	549
Porites_evermani_scaffold_66	355052	358572	gene-Peve_00038602	.	0
Porites_evermani_scaffold_66	380676	390964	gene-Peve_00038605	1.022208004	283
Porites_evermani_scaffold_66	409554	423226	gene-Peve_00038606	17.09861339	201
Porites_evermani_scaffold_66	431660	446558	gene-Peve_00038607	23.07287851	243
Porites_evermani_scaffold_66	446684	458427	gene-Peve_00038608	77.37040764	122
Porites_evermani_scaffold_66	478636	479479	gene-Peve_00038610	0	21
Porites_evermani_scaffold_66	495598	495979	gene-Peve_00038613	0	10
Porites_evermani_scaffold_66	501706	510759	gene-Peve_00038614	26.90833556	163
Porites_evermani_scaffold_66	517351	525406	gene-Peve_00038616	0.9046475936	219
Porites_evermani_scaffold_66	529926	530709	gene-Peve_00038617	0	3
Porites_evermani_scaffold_66	540274	544087	gene-Peve_00038618	0	5
Porites_evermani_scaffold_66	588767	589583	gene-Peve_00038585	.	0
Porites_evermani_scaffold_66	611289	624924	gene-Peve_00038584	51.67548668	37
Porites_evermani_scaffold_660	5330	6373	gene-Peve_00038627	.	0
Porites_evermani_scaffold_660	12573	19057	gene-Peve_00038636	.	0
Porites_evermani_scaffold_660	22658	23219	gene-Peve_00038621	.	0
Porites_evermani_scaffold_660	54887	55397	gene-Peve_00038623	.	0
Porites_evermani_scaffold_660	55427	60385	gene-Peve_00038622	.	0
Porites_evermani_scaffold_660	74712	76312	gene-Peve_00038625	.	0
Porites_evermani_scaffold_660	81271	85035	gene-Peve_00038626	.	0
Porites_evermani_scaffold_660	90018	95412	gene-Peve_00038628	.	0
Porites_evermani_scaffold_660	100158	116739	gene-Peve_00038629	93.611111	3
Porites_evermani_scaffold_660	123537	127712	gene-Peve_00038630	72.4833206	10
Porites_evermani_scaffold_660	127822	139475	gene-Peve_00038631	57.2632183	23
Porites_evermani_scaffold_660	143679	153959	gene-Peve_00038632	86.02138779	42
Porites_evermani_scaffold_660	154403	154736	gene-Peve_00038633	.	0
Porites_evermani_scaffold_660	161544	200305	gene-Peve_00038634	18.38124791	540
Porites_evermani_scaffold_660	209492	209909	gene-Peve_00038635	.	0
Porites_evermani_scaffold_6604	309	1242	gene-Peve_00038637	.	0
Porites_evermani_scaffold_6607	3264	3690	gene-Peve_00038638	.	0
Porites_evermani_scaffold_6608	2958	4782	gene-Peve_00038639	0	3
Porites_evermani_scaffold_661	20479	28985	gene-Peve_00038640	14.29460886	138
Porites_evermani_scaffold_661	31852	50919	gene-Peve_00038647	0.3694142642	299
Porites_evermani_scaffold_661	68728	71057	gene-Peve_00038648	2.499756797	59
Porites_evermani_scaffold_661	71971	123695	gene-Peve_00038649	0.5662202149	968
Porites_evermani_scaffold_661	147189	148089	gene-Peve_00038650	0.03484319512	41
Porites_evermani_scaffold_661	150232	154110	gene-Peve_00038641	5.555801154	78
Porites_evermani_scaffold_661	165073	166177	gene-Peve_00038642	0	41
Porites_evermani_scaffold_661	166879	181199	gene-Peve_00038643	13.05394221	299
Porites_evermani_scaffold_661	183591	184623	gene-Peve_00038644	0	8
Porites_evermani_scaffold_661	189596	189899	gene-Peve_00038645	0	11
Porites_evermani_scaffold_661	201402	204534	gene-Peve_00038646	0.1601947857	98
Porites_evermani_scaffold_6610	1005	4401	gene-Peve_00038651	42.321802	68
Porites_evermani_scaffold_662	33	5182	gene-Peve_00038652	1.417256224	49
Porites_evermani_scaffold_662	5635	7070	gene-Peve_00038653	0	32
Porites_evermani_scaffold_662	7746	27666	gene-Peve_00038670	0.5009858037	433
Porites_evermani_scaffold_662	40333	47550	gene-Peve_00038654	29.30024025	69
Porites_evermani_scaffold_662	50111	75737	gene-Peve_00038655	0.3805224217	396
Porites_evermani_scaffold_662	78700	79789	gene-Peve_00038656	0.15384616	25
Porites_evermani_scaffold_662	89145	90116	gene-Peve_00038657	0	30
Porites_evermani_scaffold_662	93643	95055	gene-Peve_00038658	0.6126482174	46
Porites_evermani_scaffold_662	105172	129087	gene-Peve_00038659	5.881630938	566
Porites_evermani_scaffold_662	129257	140167	gene-Peve_00038660	75.86587702	121
Porites_evermani_scaffold_662	140974	147130	gene-Peve_00038661	78.23870597	59
Porites_evermani_scaffold_662	147179	154672	gene-Peve_00038662	1.877481435	147
Porites_evermani_scaffold_662	161147	161705	gene-Peve_00038663	.	0
Porites_evermani_scaffold_662	162332	163253	gene-Peve_00038664	.	0
Porites_evermani_scaffold_662	166473	171419	gene-Peve_00038665	0	96
Porites_evermani_scaffold_662	179702	180017	gene-Peve_00038666	0.3846154	10
Porites_evermani_scaffold_662	182200	189168	gene-Peve_00038667	0.5614904072	167
Porites_evermani_scaffold_662	206822	211459	gene-Peve_00038669	79.04322425	16
Porites_evermani_scaffold_6621	3448	4024	gene-Peve_00038671	.	0
Porites_evermani_scaffold_6623	1960	4760	gene-Peve_00038672	73.75371212	32
Porites_evermani_scaffold_6624	2503	4815	gene-Peve_00038673	.	0
Porites_evermani_scaffold_6625	804	5279	gene-Peve_00038674	1.3650794	15
Porites_evermani_scaffold_663	4507	12556	gene-Peve_00038675	2.006367307	137
Porites_evermani_scaffold_663	22238	39084	gene-Peve_00038687	0.5255264624	452
Porites_evermani_scaffold_663	58143	64488	gene-Peve_00038676	0.2119484362	188
Porites_evermani_scaffold_663	66673	73510	gene-Peve_00038677	0.7317370807	223
Porites_evermani_scaffold_663	82971	97944	gene-Peve_00038678	68.71815524	172
Porites_evermani_scaffold_663	98918	103432	gene-Peve_00038679	71.72574111	35
Porites_evermani_scaffold_663	106608	114824	gene-Peve_00038680	26.21435701	70
Porites_evermani_scaffold_663	115746	132285	gene-Peve_00038682	0.4481221616	328
Porites_evermani_scaffold_663	149025	152737	gene-Peve_00038681	0	91
Porites_evermani_scaffold_663	154346	159788	gene-Peve_00038684	5.613553077	13
Porites_evermani_scaffold_663	163790	175422	gene-Peve_00038683	0.2248301782	202
Porites_evermani_scaffold_663	184118	197037	gene-Peve_00038685	0.3457058	240
Porites_evermani_scaffold_663	202281	202785	gene-Peve_00038686	14.959076	12
Porites_evermani_scaffold_6630	599	2014	gene-Peve_00038688	50	2
Porites_evermani_scaffold_6633	3901	4798	gene-Peve_00038689	.	0
Porites_evermani_scaffold_6634	408	4927	gene-Peve_00038690	0.2960049456	147
Porites_evermani_scaffold_6635	2000	3892	gene-Peve_00038691	33.55419562	24
Porites_evermani_scaffold_6636	2874	3177	gene-Peve_00038692	0	1
Porites_evermani_scaffold_6636	4453	5259	gene-Peve_00038693	0	6
Porites_evermani_scaffold_664	15935	26860	gene-Peve_00038698	5.429817362	163
Porites_evermani_scaffold_664	35452	49531	gene-Peve_00038707	1.032223276	228
Porites_evermani_scaffold_664	58206	58743	gene-Peve_00038708	.	0
Porites_evermani_scaffold_664	63253	71765	gene-Peve_00038695	0.5559455495	111
Porites_evermani_scaffold_664	97240	98120	gene-Peve_00038696	0.5681818125	16
Porites_evermani_scaffold_664	106507	111280	gene-Peve_00038697	5.365719867	30
Porites_evermani_scaffold_664	116651	120417	gene-Peve_00038699	0.483538125	80
Porites_evermani_scaffold_664	122633	151424	gene-Peve_00038700	22.95697062	366
Porites_evermani_scaffold_664	156816	159102	gene-Peve_00038701	26.03948218	49
Porites_evermani_scaffold_664	202159	202818	gene-Peve_00038705	.	0
Porites_evermani_scaffold_664	209412	210348	gene-Peve_00038706	0.7936507619	21
Porites_evermani_scaffold_6643	2352	4305	gene-Peve_00038709	.	0
Porites_evermani_scaffold_6644	1586	4757	gene-Peve_00038710	0.3674367391	92
Porites_evermani_scaffold_6645	206	5040	gene-Peve_00038711	0	5
Porites_evermani_scaffold_6647	305	962	gene-Peve_00038712	32.14657728	43
Porites_evermani_scaffold_665	20495	21026	gene-Peve_00038713	87.24952452	23
Porites_evermani_scaffold_665	55446	57274	gene-Peve_00038714	0.1453488372	43
Porites_evermani_scaffold_665	62246	67284	gene-Peve_00038715	0.3864862444	135
Porites_evermani_scaffold_665	69281	76444	gene-Peve_00038716	39.07162979	107
Porites_evermani_scaffold_665	78408	81026	gene-Peve_00038717	0	53
Porites_evermani_scaffold_665	85246	86551	gene-Peve_00038718	0.45454545	20
Porites_evermani_scaffold_665	89562	94015	gene-Peve_00038719	59.23794356	48
Porites_evermani_scaffold_665	95552	109663	gene-Peve_00038720	65.36334998	158
Porites_evermani_scaffold_665	113569	151568	gene-Peve_00038721	41.89426313	622
Porites_evermani_scaffold_665	161804	162500	gene-Peve_00038722	0.2604166667	24
Porites_evermani_scaffold_665	164829	167563	gene-Peve_00038723	0.5430572609	69
Porites_evermani_scaffold_665	186319	198909	gene-Peve_00038724	31.38440668	337
Porites_evermani_scaffold_665	188903	189344	gene-Peve_00038725	71.5547386	10
Porites_evermani_scaffold_6651	2953	3303	gene-Peve_00038726	0	10
Porites_evermani_scaffold_6653	4023	4365	gene-Peve_00038727	0	10
Porites_evermani_scaffold_6654	866	4045	gene-Peve_00038728	.	0
Porites_evermani_scaffold_666	26871	28206	gene-Peve_00038738	0	30
Porites_evermani_scaffold_666	30924	36692	gene-Peve_00038739	1.633514262	172
Porites_evermani_scaffold_666	39162	47195	gene-Peve_00038740	86.34239477	69
Porites_evermani_scaffold_666	49556	67695	gene-Peve_00038741	38.31072238	195
Porites_evermani_scaffold_666	72211	76672	gene-Peve_00038731	40.31290402	60
Porites_evermani_scaffold_666	81524	87374	gene-Peve_00038732	28.59067775	114
Porites_evermani_scaffold_666	87437	121005	gene-Peve_00038733	7.241870049	688
Porites_evermani_scaffold_666	123164	125559	gene-Peve_00038734	1.077849096	73
Porites_evermani_scaffold_666	135706	167323	gene-Peve_00038735	1.381341777	822
Porites_evermani_scaffold_666	184353	193215	gene-Peve_00038736	0.2111613971	68
Porites_evermani_scaffold_666	200587	200962	gene-Peve_00038737	.	0
Porites_evermani_scaffold_6661	3520	4111	gene-Peve_00038742	90.909091	3
Porites_evermani_scaffold_6663	4	613	gene-Peve_00038743	.	0
Porites_evermani_scaffold_667	5262	23315	gene-Peve_00038744	21.20498594	264
Porites_evermani_scaffold_667	26953	27790	gene-Peve_00038745	0	19
Porites_evermani_scaffold_667	43311	50684	gene-Peve_00038746	0.1924558355	231
Porites_evermani_scaffold_667	56769	63466	gene-Peve_00038747	42.37802721	48
Porites_evermani_scaffold_667	64049	75099	gene-Peve_00038748	8.431844429	184
Porites_evermani_scaffold_667	89207	93091	gene-Peve_00038749	1.606372012	83
Porites_evermani_scaffold_667	96488	100704	gene-Peve_00038750	59.10258209	35
Porites_evermani_scaffold_667	106309	109921	gene-Peve_00038751	37.2218374	47
Porites_evermani_scaffold_667	115323	123040	gene-Peve_00038752	0.2543319645	141
Porites_evermani_scaffold_667	203301	206270	gene-Peve_00038753	0.7758980702	57
Porites_evermani_scaffold_6679	1156	3568	gene-Peve_00038755	6.983049714	14
Porites_evermani_scaffold_668	12587	13064	gene-Peve_00038765	0	6
Porites_evermani_scaffold_668	20621	21158	gene-Peve_00038768	0.6971154	20
Porites_evermani_scaffold_668	30967	32211	gene-Peve_00038769	90.909091	1
Porites_evermani_scaffold_668	39726	48873	gene-Peve_00038757	97.987013	14
Porites_evermani_scaffold_668	51187	52225	gene-Peve_00038758	3.306636217	23
Porites_evermani_scaffold_668	61303	78709	gene-Peve_00038759	60.08515212	207
Porites_evermani_scaffold_668	92567	98862	gene-Peve_00038761	0.3416836905	168
Porites_evermani_scaffold_668	99211	125864	gene-Peve_00038763	0.5907573269	416
Porites_evermani_scaffold_668	107390	111851	gene-Peve_00038760	0	2
Porites_evermani_scaffold_668	128954	186241	gene-Peve_00038764	11.67979096	981
Porites_evermani_scaffold_668	188511	189454	gene-Peve_00038766	2.025641067	15
Porites_evermani_scaffold_668	191444	192935	gene-Peve_00038767	0.5352359254	67
Porites_evermani_scaffold_6682	4466	4969	gene-Peve_00038770	0.2631578947	19
Porites_evermani_scaffold_6687	527	2331	gene-Peve_00038771	81.89643693	28
Porites_evermani_scaffold_6688	3214	4168	gene-Peve_00038772	0	13
Porites_evermani_scaffold_669	3024	6213	gene-Peve_00038773	0.08960573118	93
Porites_evermani_scaffold_669	9539	10331	gene-Peve_00038781	0.4807692308	26
Porites_evermani_scaffold_669	21760	30297	gene-Peve_00038787	0.08366013333	150
Porites_evermani_scaffold_669	33486	39456	gene-Peve_00038774	0	68
Porites_evermani_scaffold_669	54414	54825	gene-Peve_00038775	0.9872480588	17
Porites_evermani_scaffold_669	63853	71351	gene-Peve_00038776	0.4850551071	224
Porites_evermani_scaffold_669	73278	82092	gene-Peve_00038777	0.382624763	173
Porites_evermani_scaffold_669	92028	97391	gene-Peve_00038778	0.7386676882	186
Porites_evermani_scaffold_669	100147	113550	gene-Peve_00038779	3.911096941	288
Porites_evermani_scaffold_669	101773	103672	gene-Peve_00038780	0.2251533544	79
Porites_evermani_scaffold_669	113686	134042	gene-Peve_00038782	9.034865542	445
Porites_evermani_scaffold_669	134912	161272	gene-Peve_00038783	21.43204341	386
Porites_evermani_scaffold_669	137546	143263	gene-Peve_00038784	.	0
Porites_evermani_scaffold_669	161476	185061	gene-Peve_00038785	6.773359837	607
Porites_evermani_scaffold_669	196532	201088	gene-Peve_00038786	0.1482835372	121
Porites_evermani_scaffold_6692	4358	5075	gene-Peve_00038788	.	0
Porites_evermani_scaffold_6693	660	3289	gene-Peve_00038789	100	1
Porites_evermani_scaffold_6694	3068	3815	gene-Peve_00038790	.	0
Porites_evermani_scaffold_6696	384	1946	gene-Peve_00038792	56.89863857	14
Porites_evermani_scaffold_67	2400	27316	gene-Peve_00038800	36.59264885	256
Porites_evermani_scaffold_67	31113	39379	gene-Peve_00038806	2.030709277	141
Porites_evermani_scaffold_67	41413	55757	gene-Peve_00038807	18.70659276	152
Porites_evermani_scaffold_67	56204	67186	gene-Peve_00038812	31.40995985	113
Porites_evermani_scaffold_67	68805	70426	gene-Peve_00038827	1.690257217	46
Porites_evermani_scaffold_67	78459	78951	gene-Peve_00038794	29.1423	3
Porites_evermani_scaffold_67	82571	84623	gene-Peve_00038797	0	5
Porites_evermani_scaffold_67	85676	89086	gene-Peve_00038798	0.4048583158	19
Porites_evermani_scaffold_67	89477	92241	gene-Peve_00038799	0	3
Porites_evermani_scaffold_67	94679	96067	gene-Peve_00038801	.	0
Porites_evermani_scaffold_67	98975	101504	gene-Peve_00038803	0	8
Porites_evermani_scaffold_67	105277	105658	gene-Peve_00038805	18.04725956	9
Porites_evermani_scaffold_67	107357	117791	gene-Peve_00038808	42.45626259	76
Porites_evermani_scaffold_67	135637	140142	gene-Peve_00038809	83.85979228	54
Porites_evermani_scaffold_67	140784	143151	gene-Peve_00038810	37.28802158	38
Porites_evermani_scaffold_67	143500	148498	gene-Peve_00038811	50.27177338	52
Porites_evermani_scaffold_67	150677	216280	gene-Peve_00038813	3.163211896	383
Porites_evermani_scaffold_67	218767	224938	gene-Peve_00038814	0.2450980294	34
Porites_evermani_scaffold_67	234582	277915	gene-Peve_00038815	11.32834673	674
Porites_evermani_scaffold_67	288485	307003	gene-Peve_00038816	0.4910840749	414
Porites_evermani_scaffold_67	335832	346796	gene-Peve_00038819	0.174193865	200
Porites_evermani_scaffold_67	346890	350946	gene-Peve_00038817	.	0
Porites_evermani_scaffold_67	352091	357520	gene-Peve_00038818	0	15
Porites_evermani_scaffold_67	358636	359876	gene-Peve_00038820	0	32
Porites_evermani_scaffold_67	361810	375127	gene-Peve_00038821	0.4215730552	145
Porites_evermani_scaffold_67	378694	383153	gene-Peve_00038823	0	10
Porites_evermani_scaffold_67	383690	398104	gene-Peve_00038824	0	87
Porites_evermani_scaffold_67	411733	412447	gene-Peve_00038825	0	37
Porites_evermani_scaffold_67	417692	473630	gene-Peve_00038822	0.6359145782	1451
Porites_evermani_scaffold_67	480620	481199	gene-Peve_00038826	0	22
Porites_evermani_scaffold_67	503604	506775	gene-Peve_00038828	0.1715686275	102
Porites_evermani_scaffold_67	508361	508730	gene-Peve_00038830	3.6783217	10
Porites_evermani_scaffold_67	516034	517096	gene-Peve_00038831	0.892857125	16
Porites_evermani_scaffold_67	519601	529913	gene-Peve_00038832	1.835598019	108
Porites_evermani_scaffold_67	531626	533794	gene-Peve_00038833	0.1782531212	33
Porites_evermani_scaffold_67	540219	556885	gene-Peve_00038834	1.245525067	240
Porites_evermani_scaffold_67	565778	585568	gene-Peve_00038835	0	64
Porites_evermani_scaffold_67	589643	594952	gene-Peve_00038836	34.54656456	18
Porites_evermani_scaffold_67	599975	600480	gene-Peve_00038795	0.5555555556	9
Porites_evermani_scaffold_67	603066	618243	gene-Peve_00038796	10.20953977	244
Porites_evermani_scaffold_670	1	14286	gene-Peve_00038838	0.2968023952	167
Porites_evermani_scaffold_670	14906	26116	gene-Peve_00038843	0.5081175433	300
Porites_evermani_scaffold_670	28641	55307	gene-Peve_00038842	0.5002707236	626
Porites_evermani_scaffold_670	57408	58417	gene-Peve_00038848	0.1785714286	35
Porites_evermani_scaffold_670	65170	65635	gene-Peve_00038849	0	20
Porites_evermani_scaffold_670	69208	90764	gene-Peve_00038850	70.59080771	227
Porites_evermani_scaffold_670	91496	98006	gene-Peve_00038839	75.0240676	30
Porites_evermani_scaffold_670	100494	106430	gene-Peve_00038840	38.57694633	95
Porites_evermani_scaffold_670	109109	166655	gene-Peve_00038841	5.8329746	788
Porites_evermani_scaffold_670	187096	190272	gene-Peve_00038844	30.85045164	64
Porites_evermani_scaffold_670	193816	194404	gene-Peve_00038845	0.2040816286	35
Porites_evermani_scaffold_670	200530	200863	gene-Peve_00038846	0.5681818125	16
Porites_evermani_scaffold_670	203749	204094	gene-Peve_00038847	0	7
Porites_evermani_scaffold_6700	300	982	gene-Peve_00038851	0	2
Porites_evermani_scaffold_6704	546	1485	gene-Peve_00038852	0	3
Porites_evermani_scaffold_6706	847	1207	gene-Peve_00038853	.	0
Porites_evermani_scaffold_6707	671	4263	gene-Peve_00038854	0	10
Porites_evermani_scaffold_671	14712	16350	gene-Peve_00038859	0.6364586078	51
Porites_evermani_scaffold_671	30886	31765	gene-Peve_00038868	0	11
Porites_evermani_scaffold_671	45895	81218	gene-Peve_00038856	0.9359893218	780
Porites_evermani_scaffold_671	96563	103227	gene-Peve_00038857	.	0
Porites_evermani_scaffold_671	107552	120129	gene-Peve_00038858	38.47592793	151
Porites_evermani_scaffold_671	122492	133867	gene-Peve_00038860	4.686739478	228
Porites_evermani_scaffold_671	145368	148379	gene-Peve_00038861	0.8678184615	65
Porites_evermani_scaffold_671	151321	153184	gene-Peve_00038862	0	56
Porites_evermani_scaffold_671	154785	161129	gene-Peve_00038863	0.4332170635	189
Porites_evermani_scaffold_671	163577	171100	gene-Peve_00038864	3.479236796	54
Porites_evermani_scaffold_671	176762	194743	gene-Peve_00038865	34.20921132	114
Porites_evermani_scaffold_671	198248	199963	gene-Peve_00038866	0.64102564	25
Porites_evermani_scaffold_671	203934	208289	gene-Peve_00038867	0.638528125	56
Porites_evermani_scaffold_6718	4393	4825	gene-Peve_00038869	0	7
Porites_evermani_scaffold_6719	4148	4592	gene-Peve_00038870	0.4979395714	28
Porites_evermani_scaffold_672	21938	22280	gene-Peve_00038872	0	8
Porites_evermani_scaffold_672	41778	44521	gene-Peve_00038882	1.2222222	15
Porites_evermani_scaffold_672	56300	59530	gene-Peve_00038886	0.5589159589	73
Porites_evermani_scaffold_672	62652	63103	gene-Peve_00038887	0	33
Porites_evermani_scaffold_672	78628	81393	gene-Peve_00038871	1.331013765	51
Porites_evermani_scaffold_672	82662	84021	gene-Peve_00038873	0	71
Porites_evermani_scaffold_672	94407	95343	gene-Peve_00038874	1.507240333	21
Porites_evermani_scaffold_672	98072	110750	gene-Peve_00038876	54.40444811	76
Porites_evermani_scaffold_672	112995	115274	gene-Peve_00038877	0.1262626212	66
Porites_evermani_scaffold_672	116782	119804	gene-Peve_00038875	0	10
Porites_evermani_scaffold_672	121117	121474	gene-Peve_00038878	.	0
Porites_evermani_scaffold_672	130650	143238	gene-Peve_00038880	37.88791283	143
Porites_evermani_scaffold_672	153032	156914	gene-Peve_00038881	0.4001083953	129
Porites_evermani_scaffold_672	161284	187749	gene-Peve_00038883	7.394702994	666
Porites_evermani_scaffold_672	196865	205513	gene-Peve_00038884	41.77298491	74
Porites_evermani_scaffold_672	209228	210293	gene-Peve_00038885	0	41
Porites_evermani_scaffold_6724	4295	4607	gene-Peve_00038888	.	0
Porites_evermani_scaffold_6727	30	336	gene-Peve_00038889	.	0
Porites_evermani_scaffold_6727	3035	3452	gene-Peve_00038890	3.333333333	3
Porites_evermani_scaffold_6729	4285	5137	gene-Peve_00038891	0.6481481667	18
Porites_evermani_scaffold_673	791	1136	gene-Peve_00038892	.	0
Porites_evermani_scaffold_673	5689	6745	gene-Peve_00038900	20.51184114	7
Porites_evermani_scaffold_673	7345	11482	gene-Peve_00038910	78.39952441	101
Porites_evermani_scaffold_673	20374	21190	gene-Peve_00038893	82.22117854	13
Porites_evermani_scaffold_673	63349	66812	gene-Peve_00038894	0.9885132165	97
Porites_evermani_scaffold_673	88725	93473	gene-Peve_00038895	89.38660182	39
Porites_evermani_scaffold_673	101615	102130	gene-Peve_00038898	.	0
Porites_evermani_scaffold_673	107975	113424	gene-Peve_00038899	4.761904667	3
Porites_evermani_scaffold_673	123029	124264	gene-Peve_00038901	.	0
Porites_evermani_scaffold_673	128849	129404	gene-Peve_00038902	.	0
Porites_evermani_scaffold_673	148365	148734	gene-Peve_00038903	90	1
Porites_evermani_scaffold_673	149440	150051	gene-Peve_00038904	83.01742121	19
Porites_evermani_scaffold_673	157561	158227	gene-Peve_00038905	61.20546133	3
Porites_evermani_scaffold_673	163082	164727	gene-Peve_00038906	69.13039107	28
Porites_evermani_scaffold_673	166373	166697	gene-Peve_00038907	56.64050243	7
Porites_evermani_scaffold_673	172991	173372	gene-Peve_00038908	.	0
Porites_evermani_scaffold_673	189564	192792	gene-Peve_00038909	0	61
Porites_evermani_scaffold_6737	1223	1925	gene-Peve_00038915	.	0
Porites_evermani_scaffold_6737	2763	3540	gene-Peve_00038916	.	0
Porites_evermani_scaffold_6739	3920	4871	gene-Peve_00038917	.	0
Porites_evermani_scaffold_674	1679	33586	gene-Peve_00038918	2.275432893	56
Porites_evermani_scaffold_674	36391	36934	gene-Peve_00038919	0	12
Porites_evermani_scaffold_674	51472	52495	gene-Peve_00038920	.	0
Porites_evermani_scaffold_674	57021	62397	gene-Peve_00038921	2.222222222	9
Porites_evermani_scaffold_674	63724	71213	gene-Peve_00038922	6.883782882	51
Porites_evermani_scaffold_674	103509	104532	gene-Peve_00038924	.	0
Porites_evermani_scaffold_674	107297	140531	gene-Peve_00038925	35.4095924	255
Porites_evermani_scaffold_674	153510	154482	gene-Peve_00038926	0	16
Porites_evermani_scaffold_674	160865	184119	gene-Peve_00038927	0.4803827485	493
Porites_evermani_scaffold_6741	2840	4433	gene-Peve_00038928	.	0
Porites_evermani_scaffold_675	18954	22270	gene-Peve_00038931	0	5
Porites_evermani_scaffold_675	27262	80468	gene-Peve_00038937	0.8639329922	512
Porites_evermani_scaffold_675	69046	70336	gene-Peve_00038932	1.166989021	47
Porites_evermani_scaffold_675	92706	93275	gene-Peve_00038933	0	7
Porites_evermani_scaffold_675	98280	109846	gene-Peve_00038934	0.351878823	322
Porites_evermani_scaffold_675	106128	106643	gene-Peve_00038935	.	0
Porites_evermani_scaffold_675	116374	120409	gene-Peve_00038936	0.2201740968	93
Porites_evermani_scaffold_675	129323	130286	gene-Peve_00038938	.	0
Porites_evermani_scaffold_675	150748	160839	gene-Peve_00038939	27.12112611	180
Porites_evermani_scaffold_675	160899	167711	gene-Peve_00038940	60.23635	36
Porites_evermani_scaffold_675	170251	171708	gene-Peve_00038941	.	0
Porites_evermani_scaffold_675	173730	175187	gene-Peve_00038942	.	0
Porites_evermani_scaffold_675	181608	182693	gene-Peve_00038943	0.4205391351	37
Porites_evermani_scaffold_675	184316	198314	gene-Peve_00038944	2.479463077	274
Porites_evermani_scaffold_6756	744	3963	gene-Peve_00038945	.	0
Porites_evermani_scaffold_6757	2	5109	gene-Peve_00038946	0	22
Porites_evermani_scaffold_676	33	3244	gene-Peve_00038947	1.366874707	75
Porites_evermani_scaffold_676	11581	17966	gene-Peve_00038948	0.5302411411	163
Porites_evermani_scaffold_676	20897	54815	gene-Peve_00038960	0.42040548	450
Porites_evermani_scaffold_676	69488	73305	gene-Peve_00038949	7.8181818	5
Porites_evermani_scaffold_676	76142	76478	gene-Peve_00038950	0	6
Porites_evermani_scaffold_676	81529	89399	gene-Peve_00038951	1.84210343	100
Porites_evermani_scaffold_676	101941	142183	gene-Peve_00038952	14.4785974	559
Porites_evermani_scaffold_676	145838	147992	gene-Peve_00038953	29.378705	31
Porites_evermani_scaffold_676	150108	152905	gene-Peve_00038954	0.2097902125	80
Porites_evermani_scaffold_676	155849	161353	gene-Peve_00038955	0.5556934634	123
Porites_evermani_scaffold_676	170068	172387	gene-Peve_00038956	1.476815687	67
Porites_evermani_scaffold_676	179937	185606	gene-Peve_00038957	1.069463571	177
Porites_evermani_scaffold_676	188274	189276	gene-Peve_00038958	0	23
Porites_evermani_scaffold_676	193441	195694	gene-Peve_00038959	0.2586206897	58
Porites_evermani_scaffold_6762	2724	4977	gene-Peve_00038961	1.162610981	53
Porites_evermani_scaffold_6763	1857	2914	gene-Peve_00038962	.	0
Porites_evermani_scaffold_6768	325	4232	gene-Peve_00038965	0.7692307692	26
Porites_evermani_scaffold_6769	22	1110	gene-Peve_00038966	0.597572381	21
Porites_evermani_scaffold_677	13923	25521	gene-Peve_00038967	1.307943363	311
Porites_evermani_scaffold_677	35415	41482	gene-Peve_00038968	43.04686685	74
Porites_evermani_scaffold_677	44226	48396	gene-Peve_00038969	0.3921784194	93
Porites_evermani_scaffold_677	56012	67196	gene-Peve_00038970	19.26779748	198
Porites_evermani_scaffold_677	67850	76528	gene-Peve_00038971	59.3067792	82
Porites_evermani_scaffold_677	78840	88211	gene-Peve_00038972	69.3335896	70
Porites_evermani_scaffold_677	89532	94771	gene-Peve_00038973	50.1305232	46
Porites_evermani_scaffold_677	95038	105167	gene-Peve_00038974	0.3230705345	275
Porites_evermani_scaffold_677	106843	108160	gene-Peve_00038975	37.39198303	38
Porites_evermani_scaffold_677	110065	115153	gene-Peve_00038976	58.06038967	58
Porites_evermani_scaffold_677	115199	121671	gene-Peve_00038977	43.98849078	131
Porites_evermani_scaffold_677	126327	183482	gene-Peve_00038978	21.23076359	1246
Porites_evermani_scaffold_677	135457	136212	gene-Peve_00038979	0.7936508214	28
Porites_evermani_scaffold_677	197900	198260	gene-Peve_00038981	.	0
Porites_evermani_scaffold_677	200359	201870	gene-Peve_00038982	0	11
Porites_evermani_scaffold_6770	1676	2612	gene-Peve_00038983	0.506065129	31
Porites_evermani_scaffold_6772	3099	3435	gene-Peve_00038984	.	0
Porites_evermani_scaffold_6772	4011	4797	gene-Peve_00038985	.	0
Porites_evermani_scaffold_6778	2781	3498	gene-Peve_00038986	.	0
Porites_evermani_scaffold_6779	9	2219	gene-Peve_00038987	70.5641024	5
Porites_evermani_scaffold_678	14827	19356	gene-Peve_00038988	58.09459179	66
Porites_evermani_scaffold_678	19593	23263	gene-Peve_00038996	88.38383867	3
Porites_evermani_scaffold_678	25269	30832	gene-Peve_00038997	87.64199896	27
Porites_evermani_scaffold_678	32271	32802	gene-Peve_00039002	0.4048583158	19
Porites_evermani_scaffold_678	32908	73012	gene-Peve_00039003	3.722351782	696
Porites_evermani_scaffold_678	74960	85319	gene-Peve_00039004	0.3877877413	201
Porites_evermani_scaffold_678	92011	104981	gene-Peve_00039005	1.089426084	250
Porites_evermani_scaffold_678	112332	114076	gene-Peve_00038990	10.08263755	76
Porites_evermani_scaffold_678	129664	159421	gene-Peve_00038989	10.84741603	374
Porites_evermani_scaffold_678	160894	162306	gene-Peve_00038991	0	12
Porites_evermani_scaffold_678	175228	175933	gene-Peve_00038992	.	0
Porites_evermani_scaffold_678	177720	178110	gene-Peve_00038993	.	0
Porites_evermani_scaffold_678	186569	187952	gene-Peve_00038995	0.240384625	32
Porites_evermani_scaffold_678	194722	199791	gene-Peve_00038998	0.5520360088	113
Porites_evermani_scaffold_678	195106	196201	gene-Peve_00038999	0.4201680588	17
Porites_evermani_scaffold_678	207471	208467	gene-Peve_00039001	2.5	4
Porites_evermani_scaffold_6781	1834	3890	gene-Peve_00039006	.	0
Porites_evermani_scaffold_679	369	9350	gene-Peve_00039007	18.43308438	105
Porites_evermani_scaffold_679	60443	65215	gene-Peve_00039008	1.53512187	77
Porites_evermani_scaffold_679	97638	97986	gene-Peve_00039010	0	13
Porites_evermani_scaffold_679	116915	123631	gene-Peve_00039011	7.711403505	99
Porites_evermani_scaffold_679	164139	169745	gene-Peve_00039013	0.5937362553	141
Porites_evermani_scaffold_679	174007	179834	gene-Peve_00039014	.	0
Porites_evermani_scaffold_679	188664	190647	gene-Peve_00039015	0.2631578947	19
Porites_evermani_scaffold_679	207887	208493	gene-Peve_00039016	.	0
Porites_evermani_scaffold_6790	3114	4381	gene-Peve_00039017	50	1
Porites_evermani_scaffold_6791	3082	4664	gene-Peve_00039018	0	12
Porites_evermani_scaffold_6794	38	2726	gene-Peve_00039019	0	3
Porites_evermani_scaffold_6795	482	5024	gene-Peve_00039020	.	0
Porites_evermani_scaffold_6799	3641	5014	gene-Peve_00039021	.	0
Porites_evermani_scaffold_68	72	16857	gene-Peve_00039022	64.51689278	229
Porites_evermani_scaffold_68	18957	42636	gene-Peve_00039041	8.733555252	464
Porites_evermani_scaffold_68	42916	50673	gene-Peve_00039048	35.03659748	75
Porites_evermani_scaffold_68	64584	67296	gene-Peve_00039023	0.2157062073	82
Porites_evermani_scaffold_68	71079	107751	gene-Peve_00039038	10.77649989	376
Porites_evermani_scaffold_68	108151	108556	gene-Peve_00039039	0	14
Porites_evermani_scaffold_68	116033	122719	gene-Peve_00039040	28.89304831	133
Porites_evermani_scaffold_68	123929	128225	gene-Peve_00039042	67.33805653	47
Porites_evermani_scaffold_68	130648	132010	gene-Peve_00039043	31.46321128	25
Porites_evermani_scaffold_68	135271	148791	gene-Peve_00039044	20.75292658	284
Porites_evermani_scaffold_68	178830	194528	gene-Peve_00039045	21.88089446	284
Porites_evermani_scaffold_68	195920	198141	gene-Peve_00039046	0.1210653729	59
Porites_evermani_scaffold_68	207761	214709	gene-Peve_00039047	0.1317928252	103
Porites_evermani_scaffold_68	224196	239797	gene-Peve_00039049	0.2251082286	70
Porites_evermani_scaffold_68	225610	226415	gene-Peve_00039050	.	0
Porites_evermani_scaffold_68	243109	243778	gene-Peve_00039051	0	21
Porites_evermani_scaffold_68	246246	249453	gene-Peve_00039052	14.44452288	52
Porites_evermani_scaffold_68	252020	259762	gene-Peve_00039053	27.28780369	55
Porites_evermani_scaffold_68	260619	282838	gene-Peve_00039055	18.51665793	257
Porites_evermani_scaffold_68	282985	287668	gene-Peve_00039056	49.19874615	33
Porites_evermani_scaffold_68	290895	295781	gene-Peve_00039057	0	36
Porites_evermani_scaffold_68	301407	304229	gene-Peve_00039058	1.289699875	64
Porites_evermani_scaffold_68	306838	311056	gene-Peve_00039059	0.2471474943	87
Porites_evermani_scaffold_68	316231	317251	gene-Peve_00039060	0.2331002564	39
Porites_evermani_scaffold_68	324446	333004	gene-Peve_00039061	0.2196345421	214
Porites_evermani_scaffold_68	334594	346510	gene-Peve_00039062	0.3557900848	283
Porites_evermani_scaffold_68	353494	359875	gene-Peve_00039063	15.06205826	108
Porites_evermani_scaffold_68	370414	373271	gene-Peve_00039064	0.5513127237	76
Porites_evermani_scaffold_68	378268	379126	gene-Peve_00039065	0	10
Porites_evermani_scaffold_68	379967	381435	gene-Peve_00039066	0.2274594082	49
Porites_evermani_scaffold_68	383537	391954	gene-Peve_00039067	25.04328139	79
Porites_evermani_scaffold_68	392519	392802	gene-Peve_00039068	0.6944444167	12
Porites_evermani_scaffold_68	394756	410711	gene-Peve_00039069	39.34937048	300
Porites_evermani_scaffold_68	411003	474299	gene-Peve_00039070	10.66614111	1104
Porites_evermani_scaffold_68	455324	461330	gene-Peve_00039071	33.51577925	64
Porites_evermani_scaffold_68	477628	517352	gene-Peve_00039024	12.15234527	580
Porites_evermani_scaffold_68	496157	496760	gene-Peve_00039025	0	13
Porites_evermani_scaffold_68	504941	512899	gene-Peve_00039026	29.50752576	204
Porites_evermani_scaffold_68	517500	519876	gene-Peve_00039027	45.16748192	37
Porites_evermani_scaffold_68	522386	525079	gene-Peve_00039028	0.4	25
Porites_evermani_scaffold_68	529715	532439	gene-Peve_00039029	72.09558345	22
Porites_evermani_scaffold_68	534965	542437	gene-Peve_00039030	59.90215617	122
Porites_evermani_scaffold_68	544902	545703	gene-Peve_00039031	0	22
Porites_evermani_scaffold_68	548786	554939	gene-Peve_00039032	0.3619739051	158
Porites_evermani_scaffold_68	558640	560041	gene-Peve_00039033	0	53
Porites_evermani_scaffold_68	560981	561899	gene-Peve_00039034	1.308760687	16
Porites_evermani_scaffold_68	564898	584534	gene-Peve_00039035	10.74537625	318
Porites_evermani_scaffold_68	587915	594423	gene-Peve_00039036	0.2	50
Porites_evermani_scaffold_68	599818	625567	gene-Peve_00039037	0.5490007955	220
Porites_evermani_scaffold_680	28609	31723	gene-Peve_00039072	1.009669346	81
Porites_evermani_scaffold_680	37405	48217	gene-Peve_00039077	0.534624964	250
Porites_evermani_scaffold_680	53742	54417	gene-Peve_00039087	0	11
Porites_evermani_scaffold_680	55981	59850	gene-Peve_00039090	0.2772082422	128
Porites_evermani_scaffold_680	65616	67629	gene-Peve_00039091	0.2132066296	54
Porites_evermani_scaffold_680	69897	71496	gene-Peve_00039073	0.3416518039	51
Porites_evermani_scaffold_680	87542	91591	gene-Peve_00039074	27.92399487	45
Porites_evermani_scaffold_680	93725	111066	gene-Peve_00039075	0.3505456838	408
Porites_evermani_scaffold_680	118392	119930	gene-Peve_00039079	0	22
Porites_evermani_scaffold_680	126487	131534	gene-Peve_00039078	0.6222774239	92
Porites_evermani_scaffold_680	137517	138575	gene-Peve_00039080	0	12
Porites_evermani_scaffold_680	142743	158532	gene-Peve_00039081	0.7905917852	391
Porites_evermani_scaffold_680	162115	162568	gene-Peve_00039082	0.6993007273	11
Porites_evermani_scaffold_680	164261	187470	gene-Peve_00039083	14.92424238	16
Porites_evermani_scaffold_680	193205	196202	gene-Peve_00039086	.	0
Porites_evermani_scaffold_680	199829	200687	gene-Peve_00039088	.	0
Porites_evermani_scaffold_680	203269	204172	gene-Peve_00039089	1.78571425	4
Porites_evermani_scaffold_6804	349	4975	gene-Peve_00039092	1.847662147	34
Porites_evermani_scaffold_6805	2642	3671	gene-Peve_00039093	1.96239185	20
Porites_evermani_scaffold_6809	251	3961	gene-Peve_00039094	.	0
Porites_evermani_scaffold_681	28897	31285	gene-Peve_00039105	.	0
Porites_evermani_scaffold_681	35288	44706	gene-Peve_00039106	0.7815101818	44
Porites_evermani_scaffold_681	50617	51670	gene-Peve_00039107	1.361270276	29
Porites_evermani_scaffold_681	57376	59733	gene-Peve_00039095	1.104536538	13
Porites_evermani_scaffold_681	60991	73062	gene-Peve_00039096	27.49067927	202
Porites_evermani_scaffold_681	73455	82665	gene-Peve_00039097	21.46408434	204
Porites_evermani_scaffold_681	83488	114824	gene-Peve_00039098	0.9502760286	665
Porites_evermani_scaffold_681	134673	136994	gene-Peve_00039099	0.4713114754	61
Porites_evermani_scaffold_681	139177	171873	gene-Peve_00039101	0.4382104467	450
Porites_evermani_scaffold_681	175358	183889	gene-Peve_00039102	0	14
Porites_evermani_scaffold_681	186977	197820	gene-Peve_00039103	0.4511750672	134
Porites_evermani_scaffold_681	202017	206170	gene-Peve_00039104	0	27
Porites_evermani_scaffold_6810	893	1229	gene-Peve_00039108	.	0
Porites_evermani_scaffold_6812	230	659	gene-Peve_00039109	.	0
Porites_evermani_scaffold_6816	786	3989	gene-Peve_00039110	.	0
Porites_evermani_scaffold_682	1255	15325	gene-Peve_00039111	10.39772725	16
Porites_evermani_scaffold_682	15572	24169	gene-Peve_00039114	78.44349457	54
Porites_evermani_scaffold_682	26623	28869	gene-Peve_00039117	0.8852492727	55
Porites_evermani_scaffold_682	38355	38976	gene-Peve_00039129	0	27
Porites_evermani_scaffold_682	45050	50289	gene-Peve_00039112	0.09157509524	84
Porites_evermani_scaffold_682	51377	73513	gene-Peve_00039113	34.29666275	232
Porites_evermani_scaffold_682	66555	68259	gene-Peve_00039115	0	6
Porites_evermani_scaffold_682	70280	72473	gene-Peve_00039116	.	0
Porites_evermani_scaffold_682	75756	76686	gene-Peve_00039118	.	0
Porites_evermani_scaffold_682	77083	78268	gene-Peve_00039119	0	8
Porites_evermani_scaffold_682	80922	85755	gene-Peve_00039120	0.4469696875	80
Porites_evermani_scaffold_682	92151	92964	gene-Peve_00039122	0.5897095882	17
Porites_evermani_scaffold_682	93879	100591	gene-Peve_00039121	0.4303278689	61
Porites_evermani_scaffold_682	104469	107151	gene-Peve_00039123	21.43361467	46
Porites_evermani_scaffold_682	109712	125495	gene-Peve_00039124	77.0844425	152
Porites_evermani_scaffold_682	128686	134973	gene-Peve_00039125	18.63208354	162
Porites_evermani_scaffold_682	135179	136901	gene-Peve_00039126	16.52892564	11
Porites_evermani_scaffold_682	138567	139137	gene-Peve_00039127	0	26
Porites_evermani_scaffold_682	141495	208600	gene-Peve_00039128	3.051383967	540
Porites_evermani_scaffold_6829	1945	2398	gene-Peve_00039131	89.343712	5
Porites_evermani_scaffold_683	30321	60543	gene-Peve_00039143	6.315100628	242
Porites_evermani_scaffold_683	41224	43031	gene-Peve_00039144	0	36
Porites_evermani_scaffold_683	66547	85043	gene-Peve_00039132	0.3251866081	467
Porites_evermani_scaffold_683	96088	99379	gene-Peve_00039133	63.84842841	34
Porites_evermani_scaffold_683	102888	110329	gene-Peve_00039134	0.4980366376	149
Porites_evermani_scaffold_683	112763	138884	gene-Peve_00039135	24.00944568	375
Porites_evermani_scaffold_683	139101	140646	gene-Peve_00039136	56.935721	24
Porites_evermani_scaffold_683	146801	188783	gene-Peve_00039137	14.50191761	76
Porites_evermani_scaffold_683	192537	198130	gene-Peve_00039139	1.338259414	29
Porites_evermani_scaffold_683	200447	201235	gene-Peve_00039140	.	0
Porites_evermani_scaffold_683	208062	208575	gene-Peve_00039142	.	0
Porites_evermani_scaffold_6831	2315	4325	gene-Peve_00039145	.	0
Porites_evermani_scaffold_6834	1427	4986	gene-Peve_00039146	0.5933952632	38
Porites_evermani_scaffold_6835	35	4895	gene-Peve_00039147	2.105263158	19
Porites_evermani_scaffold_6837	0	3048	gene-Peve_00039148	42.47689279	39
Porites_evermani_scaffold_684	2102	7250	gene-Peve_00039149	26.64075777	35
Porites_evermani_scaffold_684	16150	17097	gene-Peve_00039151	81.818182	1
Porites_evermani_scaffold_684	17634	18581	gene-Peve_00039157	.	0
Porites_evermani_scaffold_684	44250	68336	gene-Peve_00039159	45.18335443	132
Porites_evermani_scaffold_684	71499	84466	gene-Peve_00039160	30.25030946	131
Porites_evermani_scaffold_684	86229	86766	gene-Peve_00039161	2.597402571	7
Porites_evermani_scaffold_684	102646	102994	gene-Peve_00039150	60.35037875	4
Porites_evermani_scaffold_684	105162	107928	gene-Peve_00039152	62.17679863	19
Porites_evermani_scaffold_684	108092	112479	gene-Peve_00039153	60.96744469	55
Porites_evermani_scaffold_684	115819	121177	gene-Peve_00039154	39.08844888	49
Porites_evermani_scaffold_684	121466	133181	gene-Peve_00039155	35.87546931	42
Porites_evermani_scaffold_684	135036	154655	gene-Peve_00039156	0.4084051994	331
Porites_evermani_scaffold_684	154941	186788	gene-Peve_00039158	1.893570338	133
Porites_evermani_scaffold_6843	2025	3879	gene-Peve_00039162	.	0
Porites_evermani_scaffold_6844	1807	4966	gene-Peve_00039163	0	3
Porites_evermani_scaffold_685	6047	11293	gene-Peve_00039172	7.973361578	45
Porites_evermani_scaffold_685	9342	10401	gene-Peve_00039178	.	0
Porites_evermani_scaffold_685	12878	13580	gene-Peve_00039164	.	0
Porites_evermani_scaffold_685	22404	26320	gene-Peve_00039165	1.524222132	91
Porites_evermani_scaffold_685	27800	36550	gene-Peve_00039166	74.83456405	119
Porites_evermani_scaffold_685	47499	57456	gene-Peve_00039167	49.76557056	170
Porites_evermani_scaffold_685	59017	74171	gene-Peve_00039168	57.49189362	204
Porites_evermani_scaffold_685	78703	81145	gene-Peve_00039169	1.786204875	56
Porites_evermani_scaffold_685	91643	96461	gene-Peve_00039171	0.1469723796	108
Porites_evermani_scaffold_685	96454	107508	gene-Peve_00039170	0.8102589245	53
Porites_evermani_scaffold_685	115440	182015	gene-Peve_00039173	4.681755165	109
Porites_evermani_scaffold_685	164163	164966	gene-Peve_00039175	.	0
Porites_evermani_scaffold_685	188312	192683	gene-Peve_00039177	0.08928571429	70
Porites_evermani_scaffold_6850	375	1856	gene-Peve_00039179	0.2093914419	43
Porites_evermani_scaffold_686	2322	10010	gene-Peve_00039188	0.7372321772	79
Porites_evermani_scaffold_686	27111	28184	gene-Peve_00039180	5.25568175	16
Porites_evermani_scaffold_686	32655	42340	gene-Peve_00039181	1.672771711	38
Porites_evermani_scaffold_686	54999	57428	gene-Peve_00039182	.	0
Porites_evermani_scaffold_686	60669	61783	gene-Peve_00039183	.	0
Porites_evermani_scaffold_686	64944	73911	gene-Peve_00039184	0.3494623548	62
Porites_evermani_scaffold_686	77725	85110	gene-Peve_00039185	72.50419061	88
Porites_evermani_scaffold_686	87220	91076	gene-Peve_00039186	0.765256812	117
Porites_evermani_scaffold_686	97633	127518	gene-Peve_00039187	8.923788163	712
Porites_evermani_scaffold_686	132245	142181	gene-Peve_00039189	0.4604901103	290
Porites_evermani_scaffold_686	180876	189312	gene-Peve_00039190	52.43552795	111
Porites_evermani_scaffold_686	194118	197485	gene-Peve_00039191	41.89574181	31
Porites_evermani_scaffold_686	198472	199834	gene-Peve_00039192	78.2738095	8
Porites_evermani_scaffold_686	201701	207389	gene-Peve_00039193	38.46976259	22
Porites_evermani_scaffold_6862	868	4899	gene-Peve_00039194	80.24593591	23
Porites_evermani_scaffold_6864	81	4289	gene-Peve_00039195	0	5
Porites_evermani_scaffold_6865	2369	2895	gene-Peve_00039196	0	16
Porites_evermani_scaffold_6869	1321	2892	gene-Peve_00039198	1.059527116	43
Porites_evermani_scaffold_6869	3419	3658	gene-Peve_00039199	15.984477	4
Porites_evermani_scaffold_687	4786	5989	gene-Peve_00039200	4.321903233	30
Porites_evermani_scaffold_687	7758	9447	gene-Peve_00039213	2.0453838	50
Porites_evermani_scaffold_687	10820	17439	gene-Peve_00039214	47.19823494	51
Porites_evermani_scaffold_687	17831	19469	gene-Peve_00039201	34.39617995	39
Porites_evermani_scaffold_687	21178	57980	gene-Peve_00039202	23.53816512	655
Porites_evermani_scaffold_687	59136	71550	gene-Peve_00039204	0.455908	278
Porites_evermani_scaffold_687	59690	60000	gene-Peve_00039205	0	19
Porites_evermani_scaffold_687	100744	114282	gene-Peve_00039206	0.8579827347	343
Porites_evermani_scaffold_687	117709	136410	gene-Peve_00039207	6.569287118	68
Porites_evermani_scaffold_687	138313	140024	gene-Peve_00039208	13.9805195	10
Porites_evermani_scaffold_687	143730	162974	gene-Peve_00039209	14.36111505	154
Porites_evermani_scaffold_687	166215	166833	gene-Peve_00039210	0	12
Porites_evermani_scaffold_687	174877	176839	gene-Peve_00039211	.	0
Porites_evermani_scaffold_687	177924	185878	gene-Peve_00039212	36.4933877	73
Porites_evermani_scaffold_6877	1357	1876	gene-Peve_00039215	.	0
Porites_evermani_scaffold_6878	1436	2471	gene-Peve_00039216	7.692308	1
Porites_evermani_scaffold_688	2976	4173	gene-Peve_00039217	0	50
Porites_evermani_scaffold_688	14754	16929	gene-Peve_00039232	0	34
Porites_evermani_scaffold_688	40971	44018	gene-Peve_00039229	64.47241788	57
Porites_evermani_scaffold_688	44171	63750	gene-Peve_00039218	74.52163261	140
Porites_evermani_scaffold_688	87447	92296	gene-Peve_00039219	.	0
Porites_evermani_scaffold_688	101230	102436	gene-Peve_00039220	.	0
Porites_evermani_scaffold_688	109777	123882	gene-Peve_00039221	0.1594896316	19
Porites_evermani_scaffold_688	128036	129108	gene-Peve_00039223	.	0
Porites_evermani_scaffold_688	130771	140125	gene-Peve_00039225	.	0
Porites_evermani_scaffold_688	140668	141596	gene-Peve_00039227	.	0
Porites_evermani_scaffold_688	143476	144879	gene-Peve_00039228	.	0
Porites_evermani_scaffold_688	146722	169081	gene-Peve_00039230	.	0
Porites_evermani_scaffold_688	178894	180859	gene-Peve_00039231	.	0
Porites_evermani_scaffold_688	182508	183810	gene-Peve_00039233	.	0
Porites_evermani_scaffold_688	199582	201037	gene-Peve_00039234	.	0
Porites_evermani_scaffold_6889	2064	3847	gene-Peve_00039235	8.93939375	4
Porites_evermani_scaffold_689	5670	36752	gene-Peve_00039243	5.87395101	205
Porites_evermani_scaffold_689	76906	82894	gene-Peve_00039236	0	4
Porites_evermani_scaffold_689	93443	107623	gene-Peve_00039238	1.659833158	202
Porites_evermani_scaffold_689	113615	118288	gene-Peve_00039237	1.032300466	116
Porites_evermani_scaffold_689	122477	140330	gene-Peve_00039239	1.325603981	416
Porites_evermani_scaffold_689	146064	166976	gene-Peve_00039240	25.28808157	228
Porites_evermani_scaffold_689	169173	178146	gene-Peve_00039241	0.1999642299	274
Porites_evermani_scaffold_689	192514	200765	gene-Peve_00039242	1.009024066	197
Porites_evermani_scaffold_6890	0	4865	gene-Peve_00039245	0.5141998943	123
Porites_evermani_scaffold_69	459	1075	gene-Peve_00039246	0	10
Porites_evermani_scaffold_69	12728	30654	gene-Peve_00039252	0.4217936895	409
Porites_evermani_scaffold_69	43026	55080	gene-Peve_00039262	1.3950596	280
Porites_evermani_scaffold_69	51593	58291	gene-Peve_00039263	0.9427992948	173
Porites_evermani_scaffold_69	58303	80588	gene-Peve_00039265	0.7899481225	498
Porites_evermani_scaffold_69	82468	87984	gene-Peve_00039264	10.93012842	104
Porites_evermani_scaffold_69	105354	110417	gene-Peve_00039266	30.33683956	25
Porites_evermani_scaffold_69	114124	115204	gene-Peve_00039267	0.1453488372	43
Porites_evermani_scaffold_69	122441	137552	gene-Peve_00039268	0.7088260677	310
Porites_evermani_scaffold_69	142242	159262	gene-Peve_00039269	66.58676112	331
Porites_evermani_scaffold_69	172709	186338	gene-Peve_00039270	0.6827049003	311
Porites_evermani_scaffold_69	208136	219705	gene-Peve_00039271	0.9846032623	366
Porites_evermani_scaffold_69	223153	235852	gene-Peve_00039272	3.995135518	328
Porites_evermani_scaffold_69	243678	245199	gene-Peve_00039273	4.865782333	18
Porites_evermani_scaffold_69	258728	260223	gene-Peve_00039274	0.3367003333	27
Porites_evermani_scaffold_69	278405	279924	gene-Peve_00039275	0.3633463548	31
Porites_evermani_scaffold_69	292779	294276	gene-Peve_00039276	0.390625	16
Porites_evermani_scaffold_69	299965	308384	gene-Peve_00039277	0.7393954725	218
Porites_evermani_scaffold_69	313809	314907	gene-Peve_00039278	0.2083333333	30
Porites_evermani_scaffold_69	318359	318892	gene-Peve_00039280	0	14
Porites_evermani_scaffold_69	323464	324019	gene-Peve_00039279	0.9049773846	13
Porites_evermani_scaffold_69	347941	350157	gene-Peve_00039281	0.1709401778	45
Porites_evermani_scaffold_69	371389	372826	gene-Peve_00039284	1.86559173	37
Porites_evermani_scaffold_69	374741	376888	gene-Peve_00039283	0	63
Porites_evermani_scaffold_69	403939	410264	gene-Peve_00039247	6.530364477	151
Porites_evermani_scaffold_69	412685	450408	gene-Peve_00039248	66.73766583	363
Porites_evermani_scaffold_69	429327	429830	gene-Peve_00039249	7.922077857	7
Porites_evermani_scaffold_69	452614	494792	gene-Peve_00039250	2.300248823	1028
Porites_evermani_scaffold_69	507647	508595	gene-Peve_00039251	0.1626016341	41
Porites_evermani_scaffold_69	513265	514919	gene-Peve_00039253	0	2
Porites_evermani_scaffold_69	516250	516790	gene-Peve_00039254	21.21591855	11
Porites_evermani_scaffold_69	522348	529419	gene-Peve_00039255	38.32516024	59
Porites_evermani_scaffold_69	565785	575301	gene-Peve_00039257	0	32
Porites_evermani_scaffold_69	577356	577928	gene-Peve_00039256	.	0
Porites_evermani_scaffold_69	585908	590906	gene-Peve_00039258	3.70046625	16
Porites_evermani_scaffold_69	593433	594241	gene-Peve_00039259	.	0
Porites_evermani_scaffold_69	614058	614391	gene-Peve_00039260	.	0
Porites_evermani_scaffold_69	622544	623344	gene-Peve_00039261	0.5494505714	14
Porites_evermani_scaffold_690	153	17919	gene-Peve_00039285	36.11017028	225
Porites_evermani_scaffold_690	27353	43672	gene-Peve_00039296	1.188835104	510
Porites_evermani_scaffold_690	49915	50392	gene-Peve_00039305	43.19230629	14
Porites_evermani_scaffold_690	50878	52490	gene-Peve_00039286	30.621038	13
Porites_evermani_scaffold_690	52726	53050	gene-Peve_00039287	33.333333	1
Porites_evermani_scaffold_690	61962	66934	gene-Peve_00039292	46.18250456	54
Porites_evermani_scaffold_690	67596	68694	gene-Peve_00039293	89.23622633	24
Porites_evermani_scaffold_690	82587	85244	gene-Peve_00039294	65.40515991	34
Porites_evermani_scaffold_690	94481	96457	gene-Peve_00039295	66.66238543	47
Porites_evermani_scaffold_690	97579	102047	gene-Peve_00039297	59.41438828	40
Porites_evermani_scaffold_690	112994	120220	gene-Peve_00039298	64.46980629	110
Porites_evermani_scaffold_690	126472	127724	gene-Peve_00039299	87.79480243	30
Porites_evermani_scaffold_690	136333	136834	gene-Peve_00039302	72.88403527	11
Porites_evermani_scaffold_690	152631	154599	gene-Peve_00039303	82.27464722	51
Porites_evermani_scaffold_690	153155	168972	gene-Peve_00039304	77.42266113	250
Porites_evermani_scaffold_690	185464	197123	gene-Peve_00039306	36.3252034	189
Porites_evermani_scaffold_690	197197	201919	gene-Peve_00039307	45.44378417	46
Porites_evermani_scaffold_6900	2043	2598	gene-Peve_00039308	.	0
Porites_evermani_scaffold_6903	2389	3262	gene-Peve_00039309	0	5
Porites_evermani_scaffold_6904	2	1649	gene-Peve_00039310	84.9336409	10
Porites_evermani_scaffold_6906	1016	1347	gene-Peve_00039311	.	0
Porites_evermani_scaffold_6907	7	728	gene-Peve_00039312	.	0
Porites_evermani_scaffold_691	535	7574	gene-Peve_00039313	0.2438399959	243
Porites_evermani_scaffold_691	29418	30154	gene-Peve_00039315	0	9
Porites_evermani_scaffold_691	31130	31598	gene-Peve_00039318	.	0
Porites_evermani_scaffold_691	39834	74985	gene-Peve_00039323	21.14440689	161
Porites_evermani_scaffold_691	51223	52428	gene-Peve_00039328	.	0
Porites_evermani_scaffold_691	53622	54612	gene-Peve_00039314	.	0
Porites_evermani_scaffold_691	75505	76268	gene-Peve_00039316	.	0
Porites_evermani_scaffold_691	77527	78594	gene-Peve_00039317	0	6
Porites_evermani_scaffold_691	84214	98538	gene-Peve_00039319	2.7874823	10
Porites_evermani_scaffold_691	123999	151037	gene-Peve_00039320	5.904203044	205
Porites_evermani_scaffold_691	154016	154391	gene-Peve_00039324	.	0
Porites_evermani_scaffold_691	155397	160235	gene-Peve_00039325	0.2083333438	32
Porites_evermani_scaffold_691	163616	174556	gene-Peve_00039326	0.1623376623	77
Porites_evermani_scaffold_6912	1126	1936	gene-Peve_00039329	0	12
Porites_evermani_scaffold_692	631	5192	gene-Peve_00039331	2.694512222	27
Porites_evermani_scaffold_692	17197	17773	gene-Peve_00039340	0	8
Porites_evermani_scaffold_692	19958	21272	gene-Peve_00039344	9.453142154	13
Porites_evermani_scaffold_692	21810	23076	gene-Peve_00039345	1.867616941	17
Porites_evermani_scaffold_692	23109	23940	gene-Peve_00039346	2.5	10
Porites_evermani_scaffold_692	30272	33171	gene-Peve_00039333	0	6
Porites_evermani_scaffold_692	38540	39212	gene-Peve_00039334	.	0
Porites_evermani_scaffold_692	43602	67760	gene-Peve_00039335	2.132352941	17
Porites_evermani_scaffold_692	62659	63813	gene-Peve_00039336	.	0
Porites_evermani_scaffold_692	68584	69470	gene-Peve_00039337	.	0
Porites_evermani_scaffold_692	69732	70915	gene-Peve_00039338	.	0
Porites_evermani_scaffold_692	101663	105115	gene-Peve_00039339	.	0
Porites_evermani_scaffold_692	108964	118644	gene-Peve_00039341	0.8910395912	181
Porites_evermani_scaffold_692	136677	169501	gene-Peve_00039342	6.063293401	289
Porites_evermani_scaffold_692	144341	144897	gene-Peve_00039343	86.4423077	10
Porites_evermani_scaffold_6922	3180	3778	gene-Peve_00039347	83.99164808	13
Porites_evermani_scaffold_6923	564	3212	gene-Peve_00039348	81.818182	1
Porites_evermani_scaffold_6924	3304	4265	gene-Peve_00039349	.	0
Porites_evermani_scaffold_6929	749	4262	gene-Peve_00039350	.	0
Porites_evermani_scaffold_693	299	46051	gene-Peve_00039351	34.84212769	403
Porites_evermani_scaffold_693	51866	52379	gene-Peve_00039353	0	12
Porites_evermani_scaffold_693	62426	63269	gene-Peve_00039357	0.2976190357	28
Porites_evermani_scaffold_693	63670	64189	gene-Peve_00039358	1.111111111	9
Porites_evermani_scaffold_693	92995	108422	gene-Peve_00039352	0.9092746382	293
Porites_evermani_scaffold_693	120567	133787	gene-Peve_00039354	0.4433430592	169
Porites_evermani_scaffold_693	135255	162022	gene-Peve_00039355	1.09726852	273
Porites_evermani_scaffold_693	163221	167462	gene-Peve_00039359	3.3333334	5
Porites_evermani_scaffold_693	176749	184364	gene-Peve_00039360	1.365653168	101
Porites_evermani_scaffold_693	184713	185133	gene-Peve_00039361	.	0
Porites_evermani_scaffold_693	185662	191423	gene-Peve_00039362	12.9676626	53
Porites_evermani_scaffold_693	192954	194032	gene-Peve_00039365	.	0
Porites_evermani_scaffold_693	195379	195802	gene-Peve_00039366	.	0
Porites_evermani_scaffold_693	195972	196608	gene-Peve_00039367	.	0
Porites_evermani_scaffold_6930	2045	3161	gene-Peve_00039369	2.037037	9
Porites_evermani_scaffold_6932	0	1991	gene-Peve_00039370	.	0
Porites_evermani_scaffold_694	883	1237	gene-Peve_00039372	0	6
Porites_evermani_scaffold_694	11300	17300	gene-Peve_00039381	40.1980013	102
Porites_evermani_scaffold_694	28019	33770	gene-Peve_00039396	18.68070954	41
Porites_evermani_scaffold_694	52799	60040	gene-Peve_00039374	0.1408450704	71
Porites_evermani_scaffold_694	61888	62560	gene-Peve_00039375	1.234567889	18
Porites_evermani_scaffold_694	67841	70948	gene-Peve_00039373	5.713928857	14
Porites_evermani_scaffold_694	79021	81977	gene-Peve_00039376	0.1449275435	46
Porites_evermani_scaffold_694	84440	86135	gene-Peve_00039377	53.10890868	19
Porites_evermani_scaffold_694	89626	100705	gene-Peve_00039378	70.80659097	117
Porites_evermani_scaffold_694	112932	117138	gene-Peve_00039379	0.5023923421	38
Porites_evermani_scaffold_694	135149	136196	gene-Peve_00039380	0.3170289783	46
Porites_evermani_scaffold_694	141020	142184	gene-Peve_00039382	0.5589430976	41
Porites_evermani_scaffold_694	156527	157964	gene-Peve_00039384	0.125	50
Porites_evermani_scaffold_694	165245	169042	gene-Peve_00039385	19.47160573	44
Porites_evermani_scaffold_694	169156	169678	gene-Peve_00039386	2.17803025	8
Porites_evermani_scaffold_694	173127	176786	gene-Peve_00039387	59.63057781	32
Porites_evermani_scaffold_694	185968	188672	gene-Peve_00039389	0	3
Porites_evermani_scaffold_694	191744	193121	gene-Peve_00039390	.	0
Porites_evermani_scaffold_694	196071	197582	gene-Peve_00039391	38.5320144	60
Porites_evermani_scaffold_694	200592	203209	gene-Peve_00039392	31.24695154	72
Porites_evermani_scaffold_694	203269	203662	gene-Peve_00039394	0	1
Porites_evermani_scaffold_694	204191	205649	gene-Peve_00039393	8.028622208	24
Porites_evermani_scaffold_694	206023	206389	gene-Peve_00039395	22.86320233	15
Porites_evermani_scaffold_6944	1792	3626	gene-Peve_00039397	70.0339792	5
Porites_evermani_scaffold_6946	605	4777	gene-Peve_00039398	96.969697	3
Porites_evermani_scaffold_695	5413	6206	gene-Peve_00039400	0.2178649259	27
Porites_evermani_scaffold_695	8479	9019	gene-Peve_00039406	0	17
Porites_evermani_scaffold_695	12504	13824	gene-Peve_00039413	.	0
Porites_evermani_scaffold_695	19019	20382	gene-Peve_00039403	14.726523	28
Porites_evermani_scaffold_695	39591	42794	gene-Peve_00039404	19.70432622	9
Porites_evermani_scaffold_695	44652	46902	gene-Peve_00039405	30	1
Porites_evermani_scaffold_695	52656	53685	gene-Peve_00039407	.	0
Porites_evermani_scaffold_695	57250	58475	gene-Peve_00039408	.	0
Porites_evermani_scaffold_695	60067	61516	gene-Peve_00039409	.	0
Porites_evermani_scaffold_695	63449	66035	gene-Peve_00039410	25.67783067	3
Porites_evermani_scaffold_695	84313	87750	gene-Peve_00039412	.	0
Porites_evermani_scaffold_695	97525	97945	gene-Peve_00039414	22.5213354	10
Porites_evermani_scaffold_695	99149	101405	gene-Peve_00039415	.	0
Porites_evermani_scaffold_695	108756	109101	gene-Peve_00039418	56.6433566	5
Porites_evermani_scaffold_695	120026	121628	gene-Peve_00039419	.	0
Porites_evermani_scaffold_695	137342	138181	gene-Peve_00039420	.	0
Porites_evermani_scaffold_695	143268	144422	gene-Peve_00039421	.	0
Porites_evermani_scaffold_695	150287	158520	gene-Peve_00039423	0	4
Porites_evermani_scaffold_695	163787	164138	gene-Peve_00039425	.	0
Porites_evermani_scaffold_695	176413	177633	gene-Peve_00039426	.	0
Porites_evermani_scaffold_695	183933	184830	gene-Peve_00039424	.	0
Porites_evermani_scaffold_695	185510	186337	gene-Peve_00039427	.	0
Porites_evermani_scaffold_695	196135	197466	gene-Peve_00039428	0	1
Porites_evermani_scaffold_695	200192	201759	gene-Peve_00039401	29.72222225	4
Porites_evermani_scaffold_695	204739	205708	gene-Peve_00039402	12.5	8
Porites_evermani_scaffold_6952	3850	4540	gene-Peve_00039429	.	0
Porites_evermani_scaffold_6954	1414	1942	gene-Peve_00039430	.	0
Porites_evermani_scaffold_6954	3007	4106	gene-Peve_00039431	92.307692	1
Porites_evermani_scaffold_6958	1395	2734	gene-Peve_00039432	0.7054047308	26
Porites_evermani_scaffold_696	6201	7346	gene-Peve_00039440	1.820965654	26
Porites_evermani_scaffold_696	7498	10698	gene-Peve_00039441	23.9090909	10
Porites_evermani_scaffold_696	10857	11405	gene-Peve_00039434	.	0
Porites_evermani_scaffold_696	22644	65989	gene-Peve_00039436	28.25145102	411
Porites_evermani_scaffold_696	69311	78231	gene-Peve_00039437	0.5243539793	145
Porites_evermani_scaffold_696	83679	106577	gene-Peve_00039438	39.96378351	344
Porites_evermani_scaffold_696	119631	120150	gene-Peve_00039439	.	0
Porites_evermani_scaffold_696	121996	123391	gene-Peve_00039442	5.246913593	27
Porites_evermani_scaffold_696	129102	135721	gene-Peve_00039443	36.53148495	64
Porites_evermani_scaffold_696	145357	147361	gene-Peve_00039444	52.0691739	20
Porites_evermani_scaffold_696	148347	186619	gene-Peve_00039445	31.66874481	534
Porites_evermani_scaffold_696	193763	199703	gene-Peve_00039446	0.06720429839	124
Porites_evermani_scaffold_696	199963	200419	gene-Peve_00039447	0	20
Porites_evermani_scaffold_696	202309	205762	gene-Peve_00039448	2.172779099	81
Porites_evermani_scaffold_6961	250	1261	gene-Peve_00039449	.	0
Porites_evermani_scaffold_6963	337	4033	gene-Peve_00039450	0.2631579	20
Porites_evermani_scaffold_6964	1632	2091	gene-Peve_00039451	.	0
Porites_evermani_scaffold_6968	1582	4758	gene-Peve_00039453	.	0
Porites_evermani_scaffold_6969	3453	4222	gene-Peve_00039454	0	13
Porites_evermani_scaffold_697	9274	71872	gene-Peve_00039455	0.5797257387	1102
Porites_evermani_scaffold_697	56368	57247	gene-Peve_00039474	0.5050505556	9
Porites_evermani_scaffold_697	88805	97298	gene-Peve_00039456	76.91029738	240
Porites_evermani_scaffold_697	89332	95342	gene-Peve_00039457	77.45370365	171
Porites_evermani_scaffold_697	106334	111116	gene-Peve_00039458	.	0
Porites_evermani_scaffold_697	122785	126864	gene-Peve_00039459	1.438014178	101
Porites_evermani_scaffold_697	131424	139118	gene-Peve_00039460	86.48821121	85
Porites_evermani_scaffold_697	142608	148023	gene-Peve_00039461	1.382837707	116
Porites_evermani_scaffold_697	152409	152898	gene-Peve_00039462	0.3846154	20
Porites_evermani_scaffold_697	154892	158503	gene-Peve_00039463	.	0
Porites_evermani_scaffold_697	159806	160298	gene-Peve_00039464	0	9
Porites_evermani_scaffold_697	161930	162548	gene-Peve_00039465	.	0
Porites_evermani_scaffold_697	165086	169751	gene-Peve_00039466	.	0
Porites_evermani_scaffold_697	168242	168689	gene-Peve_00039467	.	0
Porites_evermani_scaffold_697	169769	173796	gene-Peve_00039468	.	0
Porites_evermani_scaffold_697	179458	182771	gene-Peve_00039470	.	0
Porites_evermani_scaffold_697	184398	198187	gene-Peve_00039469	26.23376629	7
Porites_evermani_scaffold_697	198476	205224	gene-Peve_00039473	0.6410256667	12
Porites_evermani_scaffold_6971	3603	3933	gene-Peve_00039475	0.1639344	10
Porites_evermani_scaffold_6973	682	3952	gene-Peve_00039476	4.647436	3
Porites_evermani_scaffold_6974	1069	3279	gene-Peve_00039477	0	14
Porites_evermani_scaffold_6975	235	3931	gene-Peve_00039478	1.658713098	61
Porites_evermani_scaffold_6979	1899	2226	gene-Peve_00039479	2.27387	11
Porites_evermani_scaffold_698	2151	6334	gene-Peve_00039480	.	0
Porites_evermani_scaffold_698	24290	26087	gene-Peve_00039481	.	0
Porites_evermani_scaffold_698	28913	30083	gene-Peve_00039482	.	0
Porites_evermani_scaffold_698	33206	40724	gene-Peve_00039483	0	2
Porites_evermani_scaffold_698	43539	45062	gene-Peve_00039484	24.41558429	7
Porites_evermani_scaffold_698	45920	67774	gene-Peve_00039485	0.7372291053	38
Porites_evermani_scaffold_698	74711	75649	gene-Peve_00039487	0	2
Porites_evermani_scaffold_698	82823	91980	gene-Peve_00039488	0.09049773846	65
Porites_evermani_scaffold_698	95949	97327	gene-Peve_00039489	.	0
Porites_evermani_scaffold_698	106007	116199	gene-Peve_00039490	2.028666721	43
Porites_evermani_scaffold_698	156274	157581	gene-Peve_00039491	.	0
Porites_evermani_scaffold_698	159693	162187	gene-Peve_00039492	.	0
Porites_evermani_scaffold_698	173604	174393	gene-Peve_00039493	.	0
Porites_evermani_scaffold_698	185231	186023	gene-Peve_00039494	.	0
Porites_evermani_scaffold_698	198100	198508	gene-Peve_00039495	.	0
Porites_evermani_scaffold_6981	1875	3405	gene-Peve_00039496	.	0
Porites_evermani_scaffold_6985	768	3782	gene-Peve_00039497	50	1
Porites_evermani_scaffold_6988	3234	4424	gene-Peve_00039498	0.76210825	24
Porites_evermani_scaffold_699	4287	7136	gene-Peve_00039517	10	3
Porites_evermani_scaffold_699	12671	23610	gene-Peve_00039518	0.1916556078	102
Porites_evermani_scaffold_699	23726	32816	gene-Peve_00039519	37.0039198	114
Porites_evermani_scaffold_699	33396	42000	gene-Peve_00039499	27.27258425	129
Porites_evermani_scaffold_699	45551	47205	gene-Peve_00039500	0.1736111042	48
Porites_evermani_scaffold_699	50732	54720	gene-Peve_00039501	0	2
Porites_evermani_scaffold_699	55254	56972	gene-Peve_00039502	.	0
Porites_evermani_scaffold_699	58919	64454	gene-Peve_00039503	0	114
Porites_evermani_scaffold_699	64990	67373	gene-Peve_00039504	0	33
Porites_evermani_scaffold_699	70074	71704	gene-Peve_00039505	0.3358843571	56
Porites_evermani_scaffold_699	75664	88424	gene-Peve_00039506	0.3624399348	184
Porites_evermani_scaffold_699	97208	97705	gene-Peve_00039507	.	0
Porites_evermani_scaffold_699	101096	103277	gene-Peve_00039508	.	0
Porites_evermani_scaffold_699	107480	108129	gene-Peve_00039509	0	7
Porites_evermani_scaffold_699	113084	115610	gene-Peve_00039510	1.252577698	53
Porites_evermani_scaffold_699	117739	119421	gene-Peve_00039511	0	14
Porites_evermani_scaffold_699	121289	126511	gene-Peve_00039512	0.5808449747	79
Porites_evermani_scaffold_699	127926	147314	gene-Peve_00039513	16.8515561	311
Porites_evermani_scaffold_699	159632	168610	gene-Peve_00039514	75.99376453	51
Porites_evermani_scaffold_699	172209	185331	gene-Peve_00039515	1.53333332	25
Porites_evermani_scaffold_699	189987	202790	gene-Peve_00039516	55.07200559	158
Porites_evermani_scaffold_6997	1247	3306	gene-Peve_00039520	0.3216783273	55
Porites_evermani_scaffold_7	35670	54693	gene-Peve_00039601	10.45027641	454
Porites_evermani_scaffold_7	66062	67343	gene-Peve_00039525	0	14
Porites_evermani_scaffold_7	67804	68188	gene-Peve_00039539	0	14
Porites_evermani_scaffold_7	68815	69250	gene-Peve_00039542	0	12
Porites_evermani_scaffold_7	83926	85567	gene-Peve_00039551	.	0
Porites_evermani_scaffold_7	93827	95752	gene-Peve_00039556	0.374331549	51
Porites_evermani_scaffold_7	107892	108365	gene-Peve_00039562	0	21
Porites_evermani_scaffold_7	115760	160991	gene-Peve_00039588	0.7810278282	1094
Porites_evermani_scaffold_7	164959	166591	gene-Peve_00039593	1.050164093	43
Porites_evermani_scaffold_7	195395	198829	gene-Peve_00039597	20.31504887	39
Porites_evermani_scaffold_7	213573	214692	gene-Peve_00039598	0.7738095294	34
Porites_evermani_scaffold_7	234868	235915	gene-Peve_00039599	0.4329004286	21
Porites_evermani_scaffold_7	235994	351504	gene-Peve_00039600	20.65320882	2577
Porites_evermani_scaffold_7	245746	248437	gene-Peve_00039602	0.4384677841	88
Porites_evermani_scaffold_7	278081	278936	gene-Peve_00039603	0.21052632	25
Porites_evermani_scaffold_7	333996	335255	gene-Peve_00039522	90.05336284	38
Porites_evermani_scaffold_7	345381	346912	gene-Peve_00039524	53.21319296	26
Porites_evermani_scaffold_7	386532	386880	gene-Peve_00039526	.	0
Porites_evermani_scaffold_7	405987	407388	gene-Peve_00039527	0	20
Porites_evermani_scaffold_7	408130	408457	gene-Peve_00039528	0	7
Porites_evermani_scaffold_7	408579	410228	gene-Peve_00039529	0.1225490208	48
Porites_evermani_scaffold_7	453887	459386	gene-Peve_00039532	0.9300705138	181
Porites_evermani_scaffold_7	459359	459750	gene-Peve_00039533	0	10
Porites_evermani_scaffold_7	461080	487149	gene-Peve_00039534	1.766008964	556
Porites_evermani_scaffold_7	496036	625728	gene-Peve_00039535	1.615610415	2969
Porites_evermani_scaffold_7	508835	509191	gene-Peve_00039536	0.6944444167	12
Porites_evermani_scaffold_7	541781	543148	gene-Peve_00039538	1.334933333	48
Porites_evermani_scaffold_7	575006	576570	gene-Peve_00039540	27.5044686	48
Porites_evermani_scaffold_7	596820	599959	gene-Peve_00039541	.	0
Porites_evermani_scaffold_7	637398	638925	gene-Peve_00039543	0	37
Porites_evermani_scaffold_7	646702	672169	gene-Peve_00039545	32.3248449	507
Porites_evermani_scaffold_7	669199	669890	gene-Peve_00039546	85.087452	11
Porites_evermani_scaffold_7	677605	678397	gene-Peve_00039547	6.300505	12
Porites_evermani_scaffold_7	694435	734941	gene-Peve_00039548	51.52191949	659
Porites_evermani_scaffold_7	734971	747269	gene-Peve_00039550	68.11972779	126
Porites_evermani_scaffold_7	747203	765095	gene-Peve_00039552	28.86260628	263
Porites_evermani_scaffold_7	769276	771995	gene-Peve_00039553	0.1455670337	89
Porites_evermani_scaffold_7	776281	805010	gene-Peve_00039555	38.73123255	549
Porites_evermani_scaffold_7	806957	818720	gene-Peve_00039557	63.15252536	102
Porites_evermani_scaffold_7	825645	826182	gene-Peve_00039559	0	12
Porites_evermani_scaffold_7	832003	838103	gene-Peve_00039560	0.2972729929	141
Porites_evermani_scaffold_7	852748	864829	gene-Peve_00039561	27.51379924	217
Porites_evermani_scaffold_7	864963	886620	gene-Peve_00039563	52.83056476	389
Porites_evermani_scaffold_7	886591	897153	gene-Peve_00039564	30.29834841	180
Porites_evermani_scaffold_7	897102	897870	gene-Peve_00039565	1.538461538	13
Porites_evermani_scaffold_7	897916	917339	gene-Peve_00039566	34.91387005	428
Porites_evermani_scaffold_7	940108	941125	gene-Peve_00039568	0	10
Porites_evermani_scaffold_7	943577	944438	gene-Peve_00039569	.	0
Porites_evermani_scaffold_7	950111	950915	gene-Peve_00039570	0.308641963	27
Porites_evermani_scaffold_7	953960	955374	gene-Peve_00039571	0	31
Porites_evermani_scaffold_7	968563	1000773	gene-Peve_00039572	49.37511036	420
Porites_evermani_scaffold_7	982630	983617	gene-Peve_00039574	84.88018604	26
Porites_evermani_scaffold_7	986427	988097	gene-Peve_00039575	.	0
Porites_evermani_scaffold_7	1001334	1022139	gene-Peve_00039577	43.33356634	352
Porites_evermani_scaffold_7	1032447	1036845	gene-Peve_00039578	0.1503447712	118
Porites_evermani_scaffold_7	1042787	1043228	gene-Peve_00039579	0	2
Porites_evermani_scaffold_7	1048735	1065270	gene-Peve_00039580	26.86204527	266
Porites_evermani_scaffold_7	1069220	1116632	gene-Peve_00039581	6.385018589	1330
Porites_evermani_scaffold_7	1118837	1139178	gene-Peve_00039582	7.572728208	384
Porites_evermani_scaffold_7	1140912	1148958	gene-Peve_00039583	42.99806254	56
Porites_evermani_scaffold_7	1155731	1158934	gene-Peve_00039584	0.7620721866	134
Porites_evermani_scaffold_7	1167184	1169488	gene-Peve_00039585	87.14690544	18
Porites_evermani_scaffold_7	1173404	1192430	gene-Peve_00039586	47.71549414	114
Porites_evermani_scaffold_7	1202019	1217782	gene-Peve_00039587	4.492925142	134
Porites_evermani_scaffold_7	1218649	1219222	gene-Peve_00039589	.	0
Porites_evermani_scaffold_7	1219312	1228872	gene-Peve_00039590	74.46678325	16
Porites_evermani_scaffold_7	1222565	1223807	gene-Peve_00039591	.	0
Porites_evermani_scaffold_7	1229769	1230054	gene-Peve_00039592	0	18
Porites_evermani_scaffold_70	1738	11175	gene-Peve_00039604	0.8937422761	163
Porites_evermani_scaffold_70	24397	48742	gene-Peve_00039613	6.836938551	265
Porites_evermani_scaffold_70	51085	65663	gene-Peve_00039616	26.56594817	238
Porites_evermani_scaffold_70	71793	132131	gene-Peve_00039627	23.65079329	1174
Porites_evermani_scaffold_70	139120	186521	gene-Peve_00039614	7.318469263	695
Porites_evermani_scaffold_70	189094	192295	gene-Peve_00039615	0.3275205823	79
Porites_evermani_scaffold_70	202361	205729	gene-Peve_00039619	0.9165930676	74
Porites_evermani_scaffold_70	216271	257913	gene-Peve_00039620	11.86273777	767
Porites_evermani_scaffold_70	235345	235703	gene-Peve_00039621	0.3030303182	22
Porites_evermani_scaffold_70	258557	280996	gene-Peve_00039622	22.51688871	356
Porites_evermani_scaffold_70	287970	313312	gene-Peve_00039623	0.4832335467	375
Porites_evermani_scaffold_70	334982	341816	gene-Peve_00039625	1.244907044	68
Porites_evermani_scaffold_70	352258	383425	gene-Peve_00039628	3.122100533	323
Porites_evermani_scaffold_70	413206	433557	gene-Peve_00039630	0.6398020674	445
Porites_evermani_scaffold_70	442265	443558	gene-Peve_00039631	0.7407407333	15
Porites_evermani_scaffold_70	464306	464699	gene-Peve_00039632	1.666666667	3
Porites_evermani_scaffold_70	492554	507463	gene-Peve_00039605	0.6123926836	354
Porites_evermani_scaffold_70	511294	511736	gene-Peve_00039606	0	11
Porites_evermani_scaffold_70	512606	512924	gene-Peve_00039607	0	20
Porites_evermani_scaffold_70	543110	551217	gene-Peve_00039608	0.421897173	185
Porites_evermani_scaffold_70	574467	575826	gene-Peve_00039610	78.597361	10
Porites_evermani_scaffold_70	584372	585608	gene-Peve_00039611	0	18
Porites_evermani_scaffold_70	586045	623686	gene-Peve_00039612	0.6957179124	434
Porites_evermani_scaffold_700	7865	69369	gene-Peve_00039642	4.691745955	1087
Porites_evermani_scaffold_700	76586	82146	gene-Peve_00039643	59.21930244	32
Porites_evermani_scaffold_700	88933	91959	gene-Peve_00039634	.	0
Porites_evermani_scaffold_700	92544	100392	gene-Peve_00039635	32.65552257	69
Porites_evermani_scaffold_700	104550	112617	gene-Peve_00039636	0.3952571061	132
Porites_evermani_scaffold_700	110628	122728	gene-Peve_00039637	14.4678987	138
Porites_evermani_scaffold_700	134079	145174	gene-Peve_00039638	0.4403409062	64
Porites_evermani_scaffold_700	155127	159799	gene-Peve_00039639	0.6090813594	64
Porites_evermani_scaffold_700	193819	204422	gene-Peve_00039641	82.88646653	15
Porites_evermani_scaffold_7002	4187	4682	gene-Peve_00039644	0.3695409	20
Porites_evermani_scaffold_7004	12	4376	gene-Peve_00039645	63.875499	21
Porites_evermani_scaffold_7009	907	3036	gene-Peve_00039646	.	0
Porites_evermani_scaffold_701	1811	2987	gene-Peve_00039647	0	28
Porites_evermani_scaffold_701	12447	13916	gene-Peve_00039659	0.305326	44
Porites_evermani_scaffold_701	19289	19748	gene-Peve_00039662	23.15706308	12
Porites_evermani_scaffold_701	21246	21780	gene-Peve_00039648	21.4790764	5
Porites_evermani_scaffold_701	46192	57049	gene-Peve_00039649	0.4653513491	232
Porites_evermani_scaffold_701	63604	83954	gene-Peve_00039650	3.298477569	489
Porites_evermani_scaffold_701	87864	96409	gene-Peve_00039651	33.37764201	104
Porites_evermani_scaffold_701	107518	122432	gene-Peve_00039652	43.74949494	221
Porites_evermani_scaffold_701	127160	149217	gene-Peve_00039654	10.97282717	373
Porites_evermani_scaffold_701	153715	154597	gene-Peve_00039655	0.2840909062	32
Porites_evermani_scaffold_701	178008	179118	gene-Peve_00039656	0.1904762	25
Porites_evermani_scaffold_701	187677	192862	gene-Peve_00039658	.	0
Porites_evermani_scaffold_701	203582	204010	gene-Peve_00039661	0	3
Porites_evermani_scaffold_7011	2413	4689	gene-Peve_00039663	.	0
Porites_evermani_scaffold_7012	23	4134	gene-Peve_00039664	0	1
Porites_evermani_scaffold_7013	3464	4205	gene-Peve_00039665	76.63338053	19
Porites_evermani_scaffold_7019	1762	3756	gene-Peve_00039666	.	0
Porites_evermani_scaffold_702	531	766	gene-Peve_00039667	0	3
Porites_evermani_scaffold_702	5491	11206	gene-Peve_00039671	73.06606719	43
Porites_evermani_scaffold_702	12690	19065	gene-Peve_00039675	0.7453107568	111
Porites_evermani_scaffold_702	25783	32704	gene-Peve_00039677	58.89679448	88
Porites_evermani_scaffold_702	36314	37502	gene-Peve_00039668	0.4093945385	26
Porites_evermani_scaffold_702	39945	61329	gene-Peve_00039669	23.95874818	318
Porites_evermani_scaffold_702	71358	85062	gene-Peve_00039670	0.5566336257	342
Porites_evermani_scaffold_702	85656	105241	gene-Peve_00039672	1.155951025	526
Porites_evermani_scaffold_702	87881	88762	gene-Peve_00039673	0.3091787407	27
Porites_evermani_scaffold_702	111706	164871	gene-Peve_00039674	0.6071802529	1139
Porites_evermani_scaffold_702	169359	203460	gene-Peve_00039676	0.6260576473	601
Porites_evermani_scaffold_7020	206	713	gene-Peve_00039678	0	2
Porites_evermani_scaffold_7026	679	1609	gene-Peve_00039679	0	25
Porites_evermani_scaffold_703	6637	8148	gene-Peve_00039680	0.892857125	8
Porites_evermani_scaffold_703	12958	13492	gene-Peve_00039687	0	8
Porites_evermani_scaffold_703	14423	14796	gene-Peve_00039689	.	0
Porites_evermani_scaffold_703	16039	16345	gene-Peve_00039693	.	0
Porites_evermani_scaffold_703	19048	20063	gene-Peve_00039697	.	0
Porites_evermani_scaffold_703	20607	21915	gene-Peve_00039698	0	1
Porites_evermani_scaffold_703	35065	39161	gene-Peve_00039681	.	0
Porites_evermani_scaffold_703	40457	41866	gene-Peve_00039682	.	0
Porites_evermani_scaffold_703	43041	49820	gene-Peve_00039683	.	0
Porites_evermani_scaffold_703	51361	52843	gene-Peve_00039684	31.07919636	14
Porites_evermani_scaffold_703	53610	53946	gene-Peve_00039685	.	0
Porites_evermani_scaffold_703	68312	68822	gene-Peve_00039688	.	0
Porites_evermani_scaffold_703	81387	82543	gene-Peve_00039690	9.063055258	31
Porites_evermani_scaffold_703	116941	117803	gene-Peve_00039692	.	0
Porites_evermani_scaffold_703	130602	131090	gene-Peve_00039694	.	0
Porites_evermani_scaffold_703	134353	164810	gene-Peve_00039695	17.56761242	67
Porites_evermani_scaffold_703	185926	188531	gene-Peve_00039696	0	18
Porites_evermani_scaffold_7036	881	3070	gene-Peve_00039700	60.64637018	11
Porites_evermani_scaffold_704	11092	23876	gene-Peve_00039703	0.104945562	121
Porites_evermani_scaffold_704	29386	30403	gene-Peve_00039711	0.2232142857	28
Porites_evermani_scaffold_704	36287	37334	gene-Peve_00039712	0.4122296667	42
Porites_evermani_scaffold_704	61904	71005	gene-Peve_00039701	0.2451472287	223
Porites_evermani_scaffold_704	76546	98829	gene-Peve_00039702	0.6413779231	351
Porites_evermani_scaffold_704	105237	113036	gene-Peve_00039704	0	13
Porites_evermani_scaffold_704	116920	131313	gene-Peve_00039705	0.6683385437	160
Porites_evermani_scaffold_704	143350	148255	gene-Peve_00039706	3.558147145	69
Porites_evermani_scaffold_704	148503	158324	gene-Peve_00039707	3.262663067	45
Porites_evermani_scaffold_704	158321	160642	gene-Peve_00039708	.	0
Porites_evermani_scaffold_704	160726	191828	gene-Peve_00039709	1.998580926	457
Porites_evermani_scaffold_704	193472	193985	gene-Peve_00039710	0	15
Porites_evermani_scaffold_7041	1187	3470	gene-Peve_00039714	.	0
Porites_evermani_scaffold_7045	1219	4591	gene-Peve_00039715	.	0
Porites_evermani_scaffold_7048	2009	4534	gene-Peve_00039716	.	0
Porites_evermani_scaffold_705	9128	28582	gene-Peve_00039717	9.445568906	447
Porites_evermani_scaffold_705	34888	38092	gene-Peve_00039727	0.3293469831	118
Porites_evermani_scaffold_705	41324	41825	gene-Peve_00039718	0	5
Porites_evermani_scaffold_705	46329	96327	gene-Peve_00039728	2.551362407	945
Porites_evermani_scaffold_705	66809	68102	gene-Peve_00039719	1.474879273	44
Porites_evermani_scaffold_705	74766	79852	gene-Peve_00039720	0.1851851852	108
Porites_evermani_scaffold_705	108162	109274	gene-Peve_00039721	.	0
Porites_evermani_scaffold_705	117107	132057	gene-Peve_00039722	18.18768298	187
Porites_evermani_scaffold_705	119851	120292	gene-Peve_00039723	.	0
Porites_evermani_scaffold_705	135827	151694	gene-Peve_00039724	17.41733932	123
Porites_evermani_scaffold_705	152502	165014	gene-Peve_00039725	21.12213973	141
Porites_evermani_scaffold_705	189905	194259	gene-Peve_00039726	0.2562388529	68
Porites_evermani_scaffold_7058	2904	3621	gene-Peve_00039729	0.1949317895	19
Porites_evermani_scaffold_706	788	4904	gene-Peve_00039731	44.09965254	41
Porites_evermani_scaffold_706	7463	55390	gene-Peve_00039735	5.899155501	797
Porites_evermani_scaffold_706	55617	65824	gene-Peve_00039732	29.90793446	153
Porites_evermani_scaffold_706	69848	70912	gene-Peve_00039733	.	0
Porites_evermani_scaffold_706	80097	84296	gene-Peve_00039734	0	40
Porites_evermani_scaffold_706	100410	104508	gene-Peve_00039736	0.1869288133	150
Porites_evermani_scaffold_706	106653	108525	gene-Peve_00039737	.	0
Porites_evermani_scaffold_706	125562	136610	gene-Peve_00039739	1.084740511	237
Porites_evermani_scaffold_706	138633	160271	gene-Peve_00039740	0.8805607882	661
Porites_evermani_scaffold_706	172094	198843	gene-Peve_00039741	1.941580791	598
Porites_evermani_scaffold_706	199637	204349	gene-Peve_00039742	7.335058564	78
Porites_evermani_scaffold_7060	1075	4519	gene-Peve_00039744	.	0
Porites_evermani_scaffold_7065	2	1193	gene-Peve_00039746	0.8333333	10
Porites_evermani_scaffold_707	1217	4166	gene-Peve_00039747	0.8838495152	66
Porites_evermani_scaffold_707	19914	23542	gene-Peve_00039752	0	31
Porites_evermani_scaffold_707	27911	28532	gene-Peve_00039755	0.9294872	15
Porites_evermani_scaffold_707	30240	31215	gene-Peve_00039756	0.2136752308	26
Porites_evermani_scaffold_707	32984	34826	gene-Peve_00039757	0.1063829787	47
Porites_evermani_scaffold_707	35273	60799	gene-Peve_00039758	0.8950510132	680
Porites_evermani_scaffold_707	68880	76921	gene-Peve_00039748	0.5460088659	164
Porites_evermani_scaffold_707	78399	91732	gene-Peve_00039749	0.526771775	240
Porites_evermani_scaffold_707	113185	127123	gene-Peve_00039750	0.9448356099	364
Porites_evermani_scaffold_707	128972	202994	gene-Peve_00039751	0.7782513123	1745
Porites_evermani_scaffold_707	169045	170041	gene-Peve_00039753	.	0
Porites_evermani_scaffold_7074	1304	4465	gene-Peve_00039759	0.11764706	50
Porites_evermani_scaffold_708	5713	7311	gene-Peve_00039760	0	17
Porites_evermani_scaffold_708	7449	10156	gene-Peve_00039761	0	18
Porites_evermani_scaffold_708	12785	26825	gene-Peve_00039764	0.625	48
Porites_evermani_scaffold_708	15950	17586	gene-Peve_00039767	0	6
Porites_evermani_scaffold_708	29787	31491	gene-Peve_00039774	0.2953261356	59
Porites_evermani_scaffold_708	38760	56768	gene-Peve_00039775	2.643968446	112
Porites_evermani_scaffold_708	61409	68857	gene-Peve_00039762	0	28
Porites_evermani_scaffold_708	75994	78694	gene-Peve_00039763	0	65
Porites_evermani_scaffold_708	79952	100157	gene-Peve_00039765	4.80624436	464
Porites_evermani_scaffold_708	111936	114897	gene-Peve_00039768	14.285714	1
Porites_evermani_scaffold_708	142947	162627	gene-Peve_00039769	1.921643436	337
Porites_evermani_scaffold_708	168029	169150	gene-Peve_00039770	0	5
Porites_evermani_scaffold_708	173407	179230	gene-Peve_00039771	1.458333312	16
Porites_evermani_scaffold_708	184437	199219	gene-Peve_00039772	3.996029411	129
Porites_evermani_scaffold_708	201446	202897	gene-Peve_00039773	.	0
Porites_evermani_scaffold_7080	38	4406	gene-Peve_00039776	0.5586032759	116
Porites_evermani_scaffold_709	4563	4902	gene-Peve_00039777	.	0
Porites_evermani_scaffold_709	23100	24908	gene-Peve_00039779	.	0
Porites_evermani_scaffold_709	62615	63969	gene-Peve_00039778	.	0
Porites_evermani_scaffold_709	95969	103348	gene-Peve_00039782	27.74240191	77
Porites_evermani_scaffold_709	103706	116920	gene-Peve_00039783	44.64848837	178
Porites_evermani_scaffold_709	137053	142556	gene-Peve_00039784	0.704063266	203
Porites_evermani_scaffold_709	160263	161049	gene-Peve_00039785	0	23
Porites_evermani_scaffold_709	172290	173199	gene-Peve_00039786	0	11
Porites_evermani_scaffold_709	178607	188701	gene-Peve_00039787	0.3860995455	209
Porites_evermani_scaffold_709	192695	200019	gene-Peve_00039788	41.21191594	97
Porites_evermani_scaffold_7090	2921	4225	gene-Peve_00039789	0	26
Porites_evermani_scaffold_7093	1550	2582	gene-Peve_00039790	0.3225806452	31
Porites_evermani_scaffold_7097	32	518	gene-Peve_00039791	0	13
Porites_evermani_scaffold_7098	1999	2959	gene-Peve_00039792	.	0
Porites_evermani_scaffold_7099	645	2403	gene-Peve_00039793	84.88662653	19
Porites_evermani_scaffold_71	10304	11636	gene-Peve_00039812	1.923077	4
Porites_evermani_scaffold_71	39058	39394	gene-Peve_00039808	47.7272725	2
Porites_evermani_scaffold_71	50362	51178	gene-Peve_00039813	.	0
Porites_evermani_scaffold_71	54493	55150	gene-Peve_00039814	.	0
Porites_evermani_scaffold_71	59744	64717	gene-Peve_00039815	0.0683527013	77
Porites_evermani_scaffold_71	68139	70105	gene-Peve_00039816	0.4109138718	39
Porites_evermani_scaffold_71	72559	78905	gene-Peve_00039817	0.5093113759	133
Porites_evermani_scaffold_71	82887	114558	gene-Peve_00039818	0.3570677916	451
Porites_evermani_scaffold_71	107146	107563	gene-Peve_00039819	0	13
Porites_evermani_scaffold_71	135590	136950	gene-Peve_00039820	0.5128205385	13
Porites_evermani_scaffold_71	154868	156184	gene-Peve_00039821	0	10
Porites_evermani_scaffold_71	172876	187005	gene-Peve_00039822	3.263139182	319
Porites_evermani_scaffold_71	189843	211655	gene-Peve_00039823	0.8394755537	177
Porites_evermani_scaffold_71	215994	216822	gene-Peve_00039824	0	20
Porites_evermani_scaffold_71	219552	221608	gene-Peve_00039825	0.07215007576	66
Porites_evermani_scaffold_71	224247	227269	gene-Peve_00039826	0.2083333295	88
Porites_evermani_scaffold_71	232677	244274	gene-Peve_00039827	39.41416703	157
Porites_evermani_scaffold_71	244430	248950	gene-Peve_00039828	29.35484304	50
Porites_evermani_scaffold_71	252224	253331	gene-Peve_00039829	0.1453488372	43
Porites_evermani_scaffold_71	258839	261956	gene-Peve_00039830	0.485312908	87
Porites_evermani_scaffold_71	270864	280121	gene-Peve_00039832	0.2380952381	84
Porites_evermani_scaffold_71	282030	283355	gene-Peve_00039794	.	0
Porites_evermani_scaffold_71	285392	286409	gene-Peve_00039795	.	0
Porites_evermani_scaffold_71	295877	297641	gene-Peve_00039796	0.831847902	51
Porites_evermani_scaffold_71	299849	316734	gene-Peve_00039797	28.7914176	248
Porites_evermani_scaffold_71	334812	353714	gene-Peve_00039798	23.06093933	156
Porites_evermani_scaffold_71	362493	376031	gene-Peve_00039799	0.5603400123	162
Porites_evermani_scaffold_71	385127	391804	gene-Peve_00039800	84.18657063	102
Porites_evermani_scaffold_71	396035	396773	gene-Peve_00039801	2.45215325	4
Porites_evermani_scaffold_71	398995	401216	gene-Peve_00039802	53.22540764	33
Porites_evermani_scaffold_71	404916	451964	gene-Peve_00039803	23.66885147	905
Porites_evermani_scaffold_71	452081	454452	gene-Peve_00039805	44.40450181	32
Porites_evermani_scaffold_71	462319	484746	gene-Peve_00039806	35.41287494	384
Porites_evermani_scaffold_71	485561	493494	gene-Peve_00039807	60.51750192	109
Porites_evermani_scaffold_71	496955	509346	gene-Peve_00039809	90.67474345	106
Porites_evermani_scaffold_71	515131	515833	gene-Peve_00039810	0	18
Porites_evermani_scaffold_71	528296	609986	gene-Peve_00039811	0.8260543228	1171
Porites_evermani_scaffold_710	3539	4049	gene-Peve_00039833	0	9
Porites_evermani_scaffold_710	6280	14943	gene-Peve_00039844	61.91098757	23
Porites_evermani_scaffold_710	15008	25387	gene-Peve_00039850	58.25199637	35
Porites_evermani_scaffold_710	31025	35254	gene-Peve_00039851	42.06698736	33
Porites_evermani_scaffold_710	38270	39497	gene-Peve_00039834	59.19592836	14
Porites_evermani_scaffold_710	42552	45486	gene-Peve_00039835	0.33333332	25
Porites_evermani_scaffold_710	47051	54944	gene-Peve_00039836	15.1262086	112
Porites_evermani_scaffold_710	56999	58400	gene-Peve_00039837	0.6216006296	27
Porites_evermani_scaffold_710	58907	66234	gene-Peve_00039838	11.71420085	34
Porites_evermani_scaffold_710	79052	83186	gene-Peve_00039839	0.2007894754	61
Porites_evermani_scaffold_710	91392	100980	gene-Peve_00039840	38.53304354	37
Porites_evermani_scaffold_710	120478	121294	gene-Peve_00039841	0.5952380833	12
Porites_evermani_scaffold_710	123156	132706	gene-Peve_00039842	31.08922352	33
Porites_evermani_scaffold_710	133403	150424	gene-Peve_00039843	0	6
Porites_evermani_scaffold_710	153304	161473	gene-Peve_00039845	1.46016708	87
Porites_evermani_scaffold_710	164273	169017	gene-Peve_00039846	76.93462687	52
Porites_evermani_scaffold_710	170187	178839	gene-Peve_00039847	38.82115974	65
Porites_evermani_scaffold_710	183924	185208	gene-Peve_00039848	0.2840909091	22
Porites_evermani_scaffold_710	194383	195562	gene-Peve_00039849	0.6123993056	36
Porites_evermani_scaffold_7102	307	1835	gene-Peve_00039852	1.118077345	29
Porites_evermani_scaffold_7102	723	1546	gene-Peve_00039853	0.4444444667	15
Porites_evermani_scaffold_7109	1682	2042	gene-Peve_00039854	0	1
Porites_evermani_scaffold_711	386	956	gene-Peve_00039859	13.7113996	15
Porites_evermani_scaffold_711	1160	10525	gene-Peve_00039864	40.89248025	190
Porites_evermani_scaffold_711	11033	15435	gene-Peve_00039868	0.1300969461	167
Porites_evermani_scaffold_711	22001	37703	gene-Peve_00039869	37.42989743	161
Porites_evermani_scaffold_711	70547	72496	gene-Peve_00039855	0.4058034483	58
Porites_evermani_scaffold_711	79414	80293	gene-Peve_00039856	0.9175599024	41
Porites_evermani_scaffold_711	81900	98383	gene-Peve_00039857	18.45790491	245
Porites_evermani_scaffold_711	103979	108951	gene-Peve_00039860	0.205734635	137
Porites_evermani_scaffold_711	128610	154333	gene-Peve_00039861	20.27509898	368
Porites_evermani_scaffold_711	154439	162541	gene-Peve_00039862	4.365845021	195
Porites_evermani_scaffold_711	169353	172948	gene-Peve_00039863	0.6519822824	131
Porites_evermani_scaffold_711	179646	182905	gene-Peve_00039865	0.1538461538	65
Porites_evermani_scaffold_711	193789	196175	gene-Peve_00039866	0.8186114355	62
Porites_evermani_scaffold_7111	1379	1782	gene-Peve_00039870	1.149891812	16
Porites_evermani_scaffold_7113	2355	3816	gene-Peve_00039871	0.5882353	10
Porites_evermani_scaffold_7115	620	1139	gene-Peve_00039872	0	10
Porites_evermani_scaffold_7115	3296	3608	gene-Peve_00039873	0	16
Porites_evermani_scaffold_7116	0	1478	gene-Peve_00039874	0.3221578571	49
Porites_evermani_scaffold_712	2496	25493	gene-Peve_00039876	0.2770572586	522
Porites_evermani_scaffold_712	6051	10040	gene-Peve_00039883	0.3048344842	95
Porites_evermani_scaffold_712	25937	37897	gene-Peve_00039889	7.656129178	191
Porites_evermani_scaffold_712	38143	48505	gene-Peve_00039890	36.54160301	138
Porites_evermani_scaffold_712	50832	62036	gene-Peve_00039877	12.2779423	142
Porites_evermani_scaffold_712	65303	67237	gene-Peve_00039878	.	0
Porites_evermani_scaffold_712	69459	77902	gene-Peve_00039879	18.43515278	93
Porites_evermani_scaffold_712	78951	80780	gene-Peve_00039880	1	10
Porites_evermani_scaffold_712	82578	98934	gene-Peve_00039881	0.9736865633	387
Porites_evermani_scaffold_712	98927	99266	gene-Peve_00039882	1.2132353	10
Porites_evermani_scaffold_712	105529	105865	gene-Peve_00039884	0	18
Porites_evermani_scaffold_712	120585	121344	gene-Peve_00039885	0	21
Porites_evermani_scaffold_712	125598	131273	gene-Peve_00039886	0.3294548571	140
Porites_evermani_scaffold_712	137943	153934	gene-Peve_00039887	0.9221676766	167
Porites_evermani_scaffold_712	166864	190862	gene-Peve_00039888	13.30999161	149
Porites_evermani_scaffold_7121	390	2874	gene-Peve_00039892	.	0
Porites_evermani_scaffold_7123	370	1217	gene-Peve_00039893	0.3496503636	22
Porites_evermani_scaffold_7126	2565	3558	gene-Peve_00039894	0	2
Porites_evermani_scaffold_713	8486	26564	gene-Peve_00039898	0.3458682206	535
Porites_evermani_scaffold_713	38228	42085	gene-Peve_00039901	38.37412588	8
Porites_evermani_scaffold_713	46481	47492	gene-Peve_00039902	2.020202	9
Porites_evermani_scaffold_713	54120	124162	gene-Peve_00039903	3.976631542	1261
Porites_evermani_scaffold_713	68731	74963	gene-Peve_00039896	0.7429205312	160
Porites_evermani_scaffold_713	129464	138720	gene-Peve_00039897	0.3522244663	163
Porites_evermani_scaffold_713	152548	158670	gene-Peve_00039899	0.1082251136	88
Porites_evermani_scaffold_713	175061	185446	gene-Peve_00039900	0.9175389524	252
Porites_evermani_scaffold_714	1044	7650	gene-Peve_00039904	0.3554141471	204
Porites_evermani_scaffold_714	14037	45193	gene-Peve_00039913	0.7747132996	938
Porites_evermani_scaffold_714	37659	38288	gene-Peve_00039914	1.199214524	21
Porites_evermani_scaffold_714	56959	108907	gene-Peve_00039905	0.9333475896	1233
Porites_evermani_scaffold_714	114235	124031	gene-Peve_00039906	1.081156099	304
Porites_evermani_scaffold_714	128058	136983	gene-Peve_00039907	0.7318891944	216
Porites_evermani_scaffold_714	142505	143414	gene-Peve_00039908	0	27
Porites_evermani_scaffold_714	148495	154714	gene-Peve_00039909	0.2835945729	199
Porites_evermani_scaffold_714	156764	171877	gene-Peve_00039910	6.026650265	339
Porites_evermani_scaffold_714	181309	182011	gene-Peve_00039912	0.4246032	20
Porites_evermani_scaffold_714	195241	198374	gene-Peve_00039911	0.6012914454	119
Porites_evermani_scaffold_7144	2053	2905	gene-Peve_00039915	0.316406871	31
Porites_evermani_scaffold_715	2547	6842	gene-Peve_00039917	62.01460355	62
Porites_evermani_scaffold_715	22646	24388	gene-Peve_00039916	0.181159413	46
Porites_evermani_scaffold_715	55480	56870	gene-Peve_00039919	0	15
Porites_evermani_scaffold_715	94359	95616	gene-Peve_00039920	.	0
Porites_evermani_scaffold_715	99786	101218	gene-Peve_00039921	0.56862744	25
Porites_evermani_scaffold_715	110013	112306	gene-Peve_00039922	0	10
Porites_evermani_scaffold_715	115938	118834	gene-Peve_00039923	0.5773504267	75
Porites_evermani_scaffold_715	121510	126360	gene-Peve_00039924	2.051832526	95
Porites_evermani_scaffold_715	122170	124258	gene-Peve_00039925	4.533118372	43
Porites_evermani_scaffold_715	143192	145598	gene-Peve_00039926	0	4
Porites_evermani_scaffold_715	145999	146266	gene-Peve_00039927	.	0
Porites_evermani_scaffold_715	152074	152569	gene-Peve_00039928	0	8
Porites_evermani_scaffold_715	182854	183535	gene-Peve_00039930	0	2
Porites_evermani_scaffold_715	197870	198671	gene-Peve_00039932	0.275862069	29
Porites_evermani_scaffold_7158	817	2637	gene-Peve_00039933	0.357142875	24
Porites_evermani_scaffold_716	9901	20165	gene-Peve_00039938	0.1382142444	266
Porites_evermani_scaffold_716	22931	52476	gene-Peve_00039944	0.8068030323	464
Porites_evermani_scaffold_716	54577	60521	gene-Peve_00039945	0.8241394466	103
Porites_evermani_scaffold_716	64112	79681	gene-Peve_00039946	33.4284494	90
Porites_evermani_scaffold_716	80654	93723	gene-Peve_00039934	39.83687071	154
Porites_evermani_scaffold_716	86466	92179	gene-Peve_00039935	88.42847433	30
Porites_evermani_scaffold_716	96220	97949	gene-Peve_00039936	58.8361535	8
Porites_evermani_scaffold_716	99721	106787	gene-Peve_00039937	10.06919306	109
Porites_evermani_scaffold_716	113671	128332	gene-Peve_00039939	26.97067903	139
Porites_evermani_scaffold_716	130102	135037	gene-Peve_00039940	50.40404044	9
Porites_evermani_scaffold_716	154221	188255	gene-Peve_00039942	12.90046751	426
Porites_evermani_scaffold_716	193500	197043	gene-Peve_00039943	0.154321	36
Porites_evermani_scaffold_7161	706	3390	gene-Peve_00039947	0.6390626533	75
Porites_evermani_scaffold_7162	1680	2188	gene-Peve_00039948	0	11
Porites_evermani_scaffold_7165	1247	3366	gene-Peve_00039949	87.78817021	14
Porites_evermani_scaffold_7169	938	3068	gene-Peve_00039950	1.740803179	56
Porites_evermani_scaffold_717	21160	21675	gene-Peve_00039957	88.35470083	6
Porites_evermani_scaffold_717	26970	28364	gene-Peve_00039962	95	2
Porites_evermani_scaffold_717	39035	40058	gene-Peve_00039964	.	0
Porites_evermani_scaffold_717	48738	49734	gene-Peve_00039965	0.2913752909	55
Porites_evermani_scaffold_717	56301	61177	gene-Peve_00039966	1.083645654	104
Porites_evermani_scaffold_717	69102	70095	gene-Peve_00039967	0.3134796207	29
Porites_evermani_scaffold_717	74853	84309	gene-Peve_00039952	0.6061666952	105
Porites_evermani_scaffold_717	91643	92126	gene-Peve_00039953	0.9090909	10
Porites_evermani_scaffold_717	96287	102031	gene-Peve_00039954	0.234126981	105
Porites_evermani_scaffold_717	105220	106423	gene-Peve_00039955	0	3
Porites_evermani_scaffold_717	113386	114592	gene-Peve_00039956	0.6645401515	33
Porites_evermani_scaffold_717	141930	143338	gene-Peve_00039958	1.631016029	34
Porites_evermani_scaffold_717	150949	154432	gene-Peve_00039959	18.73352142	48
Porites_evermani_scaffold_717	186065	186468	gene-Peve_00039961	.	0
Porites_evermani_scaffold_717	193374	197466	gene-Peve_00039963	60.01439735	34
Porites_evermani_scaffold_7170	322	1772	gene-Peve_00039968	0	17
Porites_evermani_scaffold_7174	1487	2550	gene-Peve_00039969	65	2
Porites_evermani_scaffold_7178	1137	2244	gene-Peve_00039970	.	0
Porites_evermani_scaffold_718	230	26517	gene-Peve_00039971	0.9186076463	82
Porites_evermani_scaffold_718	15708	21668	gene-Peve_00039981	.	0
Porites_evermani_scaffold_718	42000	43399	gene-Peve_00039972	0.25	40
Porites_evermani_scaffold_718	44507	45758	gene-Peve_00039973	0.6818181786	28
Porites_evermani_scaffold_718	50816	60702	gene-Peve_00039974	26.84167981	119
Porites_evermani_scaffold_718	61292	64744	gene-Peve_00039975	49.13787267	45
Porites_evermani_scaffold_718	67375	80423	gene-Peve_00039976	76.01999078	170
Porites_evermani_scaffold_718	85135	112166	gene-Peve_00039977	0.2561164086	580
Porites_evermani_scaffold_718	128327	152974	gene-Peve_00039979	0.6563759159	440
Porites_evermani_scaffold_718	164032	196815	gene-Peve_00039980	7.711431507	71
Porites_evermani_scaffold_7185	2258	3182	gene-Peve_00039982	0	11
Porites_evermani_scaffold_7188	782	1510	gene-Peve_00039983	88.1818182	5
Porites_evermani_scaffold_719	3598	6968	gene-Peve_00039984	0	25
Porites_evermani_scaffold_719	7423	11938	gene-Peve_00039986	0	9
Porites_evermani_scaffold_719	15259	21706	gene-Peve_00039988	0.9259258889	9
Porites_evermani_scaffold_719	30447	51939	gene-Peve_00039985	3.654712289	408
Porites_evermani_scaffold_719	62784	63518	gene-Peve_00039991	0	13
Porites_evermani_scaffold_719	88648	89104	gene-Peve_00039992	4.1666665	2
Porites_evermani_scaffold_719	89284	115264	gene-Peve_00039993	0.2457175872	109
Porites_evermani_scaffold_719	121018	122104	gene-Peve_00039995	35.9523808	5
Porites_evermani_scaffold_719	126183	128646	gene-Peve_00039996	0.6060606	15
Porites_evermani_scaffold_719	142602	143499	gene-Peve_00039997	.	0
Porites_evermani_scaffold_719	152624	168696	gene-Peve_00039998	11.26442814	133
Porites_evermani_scaffold_719	168941	176049	gene-Peve_00039999	0.2380952381	42
Porites_evermani_scaffold_719	181924	197784	gene-Peve_00040000	0.2532003168	322
Porites_evermani_scaffold_7190	650	1454	gene-Peve_00040002	0.8037494516	31
Porites_evermani_scaffold_7191	27	1996	gene-Peve_00040003	.	0
Porites_evermani_scaffold_72	2541	3401	gene-Peve_00040020	13.59693191	11
Porites_evermani_scaffold_72	9861	21738	gene-Peve_00040034	1.869868509	169
Porites_evermani_scaffold_72	22330	24995	gene-Peve_00040035	0	2
Porites_evermani_scaffold_72	35466	48581	gene-Peve_00040011	0.385930697	297
Porites_evermani_scaffold_72	54462	55277	gene-Peve_00040018	1.608747708	24
Porites_evermani_scaffold_72	62657	133503	gene-Peve_00040019	1.932606979	1769
Porites_evermani_scaffold_72	133622	139997	gene-Peve_00040021	55.55140941	70
Porites_evermani_scaffold_72	144495	147828	gene-Peve_00040022	0.3829503868	106
Porites_evermani_scaffold_72	152677	160250	gene-Peve_00040025	72.59705145	75
Porites_evermani_scaffold_72	164518	166956	gene-Peve_00040026	0.2248759355	62
Porites_evermani_scaffold_72	167214	172249	gene-Peve_00040023	0.2169160366	82
Porites_evermani_scaffold_72	173072	184959	gene-Peve_00040024	0.3602589156	320
Porites_evermani_scaffold_72	186222	189827	gene-Peve_00040027	87.13696376	34
Porites_evermani_scaffold_72	212463	232062	gene-Peve_00040028	1.701027645	372
Porites_evermani_scaffold_72	234602	245969	gene-Peve_00040029	52.49200326	158
Porites_evermani_scaffold_72	248829	250935	gene-Peve_00040030	0.2308802364	55
Porites_evermani_scaffold_72	253655	261722	gene-Peve_00040031	0.6502118551	207
Porites_evermani_scaffold_72	262733	275314	gene-Peve_00040032	0.2030187054	224
Porites_evermani_scaffold_72	264765	265343	gene-Peve_00040033	0	5
Porites_evermani_scaffold_72	280463	281583	gene-Peve_00040036	0.6132755952	42
Porites_evermani_scaffold_72	287513	324755	gene-Peve_00040037	1.195103745	742
Porites_evermani_scaffold_72	339610	346335	gene-Peve_00040039	0.5139683636	121
Porites_evermani_scaffold_72	352608	358867	gene-Peve_00040040	0.8533948866	97
Porites_evermani_scaffold_72	362181	363679	gene-Peve_00040041	0.5313283429	35
Porites_evermani_scaffold_72	393428	400263	gene-Peve_00040042	0	83
Porites_evermani_scaffold_72	405047	415103	gene-Peve_00040043	0.4499993258	89
Porites_evermani_scaffold_72	418016	418810	gene-Peve_00040044	.	0
Porites_evermani_scaffold_72	420772	421359	gene-Peve_00040046	4.030112125	8
Porites_evermani_scaffold_72	422434	423886	gene-Peve_00040047	0.4464285625	16
Porites_evermani_scaffold_72	425889	427915	gene-Peve_00040048	1.049288017	59
Porites_evermani_scaffold_72	450099	450636	gene-Peve_00040049	0.6990131667	24
Porites_evermani_scaffold_72	467385	474893	gene-Peve_00040006	0.3014656024	166
Porites_evermani_scaffold_72	482879	483275	gene-Peve_00040007	0	14
Porites_evermani_scaffold_72	484942	486425	gene-Peve_00040008	0.5094467105	38
Porites_evermani_scaffold_72	488545	516512	gene-Peve_00040009	0.6537940188	743
Porites_evermani_scaffold_72	490263	491832	gene-Peve_00040010	0.64777506	50
Porites_evermani_scaffold_72	535192	595188	gene-Peve_00040012	0.9471527159	1475
Porites_evermani_scaffold_72	554016	554345	gene-Peve_00040013	0	4
Porites_evermani_scaffold_72	554508	555522	gene-Peve_00040014	11.96604974	31
Porites_evermani_scaffold_72	597529	597934	gene-Peve_00040015	4.328122882	17
Porites_evermani_scaffold_72	601081	613460	gene-Peve_00040016	55.98662365	133
Porites_evermani_scaffold_720	6412	19541	gene-Peve_00040050	0.5693816029	68
Porites_evermani_scaffold_720	22074	25740	gene-Peve_00040070	0	3
Porites_evermani_scaffold_720	28531	30418	gene-Peve_00040052	.	0
Porites_evermani_scaffold_720	33711	34677	gene-Peve_00040053	.	0
Porites_evermani_scaffold_720	40136	46687	gene-Peve_00040051	0	21
Porites_evermani_scaffold_720	46558	47059	gene-Peve_00040054	.	0
Porites_evermani_scaffold_720	48948	56168	gene-Peve_00040055	0.3681041154	156
Porites_evermani_scaffold_720	58973	62509	gene-Peve_00040056	0.395256913	46
Porites_evermani_scaffold_720	66063	66696	gene-Peve_00040057	0	8
Porites_evermani_scaffold_720	79434	92870	gene-Peve_00040058	2.935011556	340
Porites_evermani_scaffold_720	106352	112738	gene-Peve_00040059	0.6602727845	116
Porites_evermani_scaffold_720	121284	121593	gene-Peve_00040061	2.249960625	16
Porites_evermani_scaffold_720	126073	132238	gene-Peve_00040060	1.003513677	155
Porites_evermani_scaffold_720	138121	145123	gene-Peve_00040062	0.5842392452	155
Porites_evermani_scaffold_720	150539	154465	gene-Peve_00040063	.	0
Porites_evermani_scaffold_720	152741	160375	gene-Peve_00040064	0.09453781513	119
Porites_evermani_scaffold_720	164361	169835	gene-Peve_00040065	0.7275568883	179
Porites_evermani_scaffold_720	171662	179111	gene-Peve_00040067	0.5604688466	163
Porites_evermani_scaffold_720	185808	191788	gene-Peve_00040068	2.874502706	136
Porites_evermani_scaffold_720	198883	200892	gene-Peve_00040069	0	31
Porites_evermani_scaffold_7200	8	2023	gene-Peve_00040071	0.4	25
Porites_evermani_scaffold_7203	731	2443	gene-Peve_00040072	13.63636362	8
Porites_evermani_scaffold_7204	87	2539	gene-Peve_00040073	63.53124671	45
Porites_evermani_scaffold_721	28613	48529	gene-Peve_00040080	0.7180353032	475
Porites_evermani_scaffold_721	63989	71429	gene-Peve_00040074	1.719045065	217
Porites_evermani_scaffold_721	81378	109822	gene-Peve_00040075	0.4645610751	506
Porites_evermani_scaffold_721	91172	92206	gene-Peve_00040076	0.6624423871	31
Porites_evermani_scaffold_721	141960	155233	gene-Peve_00040077	0.498567557	158
Porites_evermani_scaffold_721	178203	201815	gene-Peve_00040079	0.4974687279	577
Porites_evermani_scaffold_7210	44	3061	gene-Peve_00040082	55.56262765	51
Porites_evermani_scaffold_7211	1762	2633	gene-Peve_00040083	0.4464285625	16
Porites_evermani_scaffold_7214	548	1805	gene-Peve_00040084	0	58
Porites_evermani_scaffold_7219	1794	2530	gene-Peve_00040085	.	0
Porites_evermani_scaffold_722	1376	1904	gene-Peve_00040086	0	14
Porites_evermani_scaffold_722	8375	16033	gene-Peve_00040090	1.121112165	121
Porites_evermani_scaffold_722	25123	32037	gene-Peve_00040097	0.264265736	125
Porites_evermani_scaffold_722	51405	53459	gene-Peve_00040087	0.4501332698	63
Porites_evermani_scaffold_722	56734	59687	gene-Peve_00040088	0.6626865	64
Porites_evermani_scaffold_722	62286	68488	gene-Peve_00040089	0.6438490192	208
Porites_evermani_scaffold_722	71808	74361	gene-Peve_00040091	0	57
Porites_evermani_scaffold_722	84890	85226	gene-Peve_00040092	6.078431429	7
Porites_evermani_scaffold_722	95489	103271	gene-Peve_00040094	0.2904196471	136
Porites_evermani_scaffold_722	108596	114433	gene-Peve_00040095	36.07542902	51
Porites_evermani_scaffold_722	114752	140448	gene-Peve_00040096	9.909638841	403
Porites_evermani_scaffold_722	147823	148843	gene-Peve_00040098	0	48
Porites_evermani_scaffold_722	182713	200188	gene-Peve_00040099	13.54564842	199
Porites_evermani_scaffold_7220	1518	2163	gene-Peve_00040100	0	9
Porites_evermani_scaffold_723	4677	13185	gene-Peve_00040101	47.09185339	41
Porites_evermani_scaffold_723	15115	29140	gene-Peve_00040105	0.2748227021	47
Porites_evermani_scaffold_723	29860	33942	gene-Peve_00040110	0.3097779375	96
Porites_evermani_scaffold_723	35139	45632	gene-Peve_00040111	21.56150417	235
Porites_evermani_scaffold_723	49047	71924	gene-Peve_00040112	1.336581741	598
Porites_evermani_scaffold_723	54715	55626	gene-Peve_00040102	2.007326033	30
Porites_evermani_scaffold_723	82154	84137	gene-Peve_00040103	1.153682725	51
Porites_evermani_scaffold_723	109512	111267	gene-Peve_00040104	2.121212143	21
Porites_evermani_scaffold_723	155997	170536	gene-Peve_00040107	3.132177008	396
Porites_evermani_scaffold_723	181531	192842	gene-Peve_00040108	21.60592407	149
Porites_evermani_scaffold_723	193117	200066	gene-Peve_00040109	67.52181481	59
Porites_evermani_scaffold_7230	843	2609	gene-Peve_00040113	70.65834338	16
Porites_evermani_scaffold_7233	844	1435	gene-Peve_00040114	0	12
Porites_evermani_scaffold_7234	81	609	gene-Peve_00040115	.	0
Porites_evermani_scaffold_7235	2189	2639	gene-Peve_00040116	.	0
Porites_evermani_scaffold_7239	1393	2026	gene-Peve_00040117	0	1
Porites_evermani_scaffold_724	764	20275	gene-Peve_00040118	48.79332945	65
Porites_evermani_scaffold_724	24743	25096	gene-Peve_00040130	0.591716	13
Porites_evermani_scaffold_724	34350	42148	gene-Peve_00040131	0	27
Porites_evermani_scaffold_724	39404	41160	gene-Peve_00040132	0	18
Porites_evermani_scaffold_724	63043	91459	gene-Peve_00040119	0.6727382077	183
Porites_evermani_scaffold_724	98251	99190	gene-Peve_00040120	0	1
Porites_evermani_scaffold_724	127503	131857	gene-Peve_00040121	90.4545455	4
Porites_evermani_scaffold_724	134859	145735	gene-Peve_00040123	13.58974362	13
Porites_evermani_scaffold_724	150313	182299	gene-Peve_00040124	8.15403051	790
Porites_evermani_scaffold_724	169610	171306	gene-Peve_00040125	8.293281679	56
Porites_evermani_scaffold_724	171561	172437	gene-Peve_00040126	1.822167645	31
Porites_evermani_scaffold_724	172555	173504	gene-Peve_00040127	4.125346595	37
Porites_evermani_scaffold_724	196652	198011	gene-Peve_00040129	0	6
Porites_evermani_scaffold_7240	26	780	gene-Peve_00040133	.	0
Porites_evermani_scaffold_7243	331	2894	gene-Peve_00040134	0	29
Porites_evermani_scaffold_7246	26	695	gene-Peve_00040135	0	10
Porites_evermani_scaffold_725	1939	18117	gene-Peve_00040136	35.51701519	266
Porites_evermani_scaffold_725	19370	36671	gene-Peve_00040139	31.40372994	273
Porites_evermani_scaffold_725	41308	42967	gene-Peve_00040147	2.934609211	19
Porites_evermani_scaffold_725	49953	53946	gene-Peve_00040149	0.4521670297	101
Porites_evermani_scaffold_725	63632	68612	gene-Peve_00040138	4.897084397	73
Porites_evermani_scaffold_725	75920	77588	gene-Peve_00040140	0.3225806452	31
Porites_evermani_scaffold_725	91371	110010	gene-Peve_00040141	55.43777941	188
Porites_evermani_scaffold_725	114116	116301	gene-Peve_00040142	0	44
Porites_evermani_scaffold_725	119842	120738	gene-Peve_00040143	0.8349673333	30
Porites_evermani_scaffold_725	123192	145302	gene-Peve_00040144	9.944185808	506
Porites_evermani_scaffold_725	166233	166821	gene-Peve_00040145	.	0
Porites_evermani_scaffold_725	172388	179362	gene-Peve_00040146	33.52568885	52
Porites_evermani_scaffold_725	183558	183975	gene-Peve_00040148	.	0
Porites_evermani_scaffold_7253	4	2384	gene-Peve_00040150	.	0
Porites_evermani_scaffold_7254	826	2851	gene-Peve_00040151	0.3401360476	42
Porites_evermani_scaffold_726	0	13369	gene-Peve_00040152	6.656060466	103
Porites_evermani_scaffold_726	14020	23909	gene-Peve_00040164	42.55415412	170
Porites_evermani_scaffold_726	24201	42722	gene-Peve_00040165	0.6549835869	259
Porites_evermani_scaffold_726	46582	54235	gene-Peve_00040153	0.7977505	190
Porites_evermani_scaffold_726	57354	60501	gene-Peve_00040154	.	0
Porites_evermani_scaffold_726	60604	71982	gene-Peve_00040155	0	7
Porites_evermani_scaffold_726	80111	80822	gene-Peve_00040157	.	0
Porites_evermani_scaffold_726	86421	89398	gene-Peve_00040159	.	0
Porites_evermani_scaffold_726	91474	178524	gene-Peve_00040158	1.675387416	334
Porites_evermani_scaffold_726	184130	185612	gene-Peve_00040160	.	0
Porites_evermani_scaffold_726	190605	191708	gene-Peve_00040161	.	0
Porites_evermani_scaffold_726	192339	193223	gene-Peve_00040162	.	0
Porites_evermani_scaffold_726	198453	199077	gene-Peve_00040163	0	7
Porites_evermani_scaffold_7263	860	2274	gene-Peve_00040166	.	0
Porites_evermani_scaffold_727	4721	15982	gene-Peve_00040167	0.3415289024	82
Porites_evermani_scaffold_727	40173	53475	gene-Peve_00040169	0.8322082461	317
Porites_evermani_scaffold_727	58134	177449	gene-Peve_00040168	0.5048800921	1336
Porites_evermani_scaffold_727	101487	102550	gene-Peve_00040170	0	18
Porites_evermani_scaffold_727	179318	179839	gene-Peve_00040171	0	12
Porites_evermani_scaffold_727	181154	184974	gene-Peve_00040172	0.4426504324	111
Porites_evermani_scaffold_727	188137	200758	gene-Peve_00040173	7.685926082	182
Porites_evermani_scaffold_728	2218	4495	gene-Peve_00040179	0.1771122031	64
Porites_evermani_scaffold_728	12330	12748	gene-Peve_00040193	0	13
Porites_evermani_scaffold_728	20606	27185	gene-Peve_00040195	1.204944886	158
Porites_evermani_scaffold_728	52759	56469	gene-Peve_00040178	0.5790774486	107
Porites_evermani_scaffold_728	60026	60362	gene-Peve_00040180	0	12
Porites_evermani_scaffold_728	61807	74434	gene-Peve_00040181	42.55768829	135
Porites_evermani_scaffold_728	75403	93592	gene-Peve_00040182	16.67373129	360
Porites_evermani_scaffold_728	95295	96381	gene-Peve_00040183	0.7593072698	63
Porites_evermani_scaffold_728	97108	100000	gene-Peve_00040184	50.72679384	44
Porites_evermani_scaffold_728	100091	108682	gene-Peve_00040185	17.61227864	89
Porites_evermani_scaffold_728	113715	116313	gene-Peve_00040186	1.25	30
Porites_evermani_scaffold_728	127302	135106	gene-Peve_00040187	8.816067651	86
Porites_evermani_scaffold_728	143418	150051	gene-Peve_00040188	11.96203957	157
Porites_evermani_scaffold_728	147304	147730	gene-Peve_00040189	10.30480624	17
Porites_evermani_scaffold_728	151394	159203	gene-Peve_00040190	70.28338378	50
Porites_evermani_scaffold_728	164138	166575	gene-Peve_00040191	4.5454545	8
Porites_evermani_scaffold_728	169945	174895	gene-Peve_00040192	.	0
Porites_evermani_scaffold_728	177110	181640	gene-Peve_00040194	0.2803738318	107
Porites_evermani_scaffold_7282	972	2065	gene-Peve_00040196	.	0
Porites_evermani_scaffold_7283	500	2436	gene-Peve_00040197	0.2192982368	38
Porites_evermani_scaffold_7285	11	515	gene-Peve_00040198	.	0
Porites_evermani_scaffold_7289	528	1491	gene-Peve_00040199	83.55444444	16
Porites_evermani_scaffold_729	25414	25802	gene-Peve_00040208	0	3
Porites_evermani_scaffold_729	35240	36902	gene-Peve_00040200	0	30
Porites_evermani_scaffold_729	41169	42951	gene-Peve_00040201	0.2941176471	34
Porites_evermani_scaffold_729	50341	52078	gene-Peve_00040202	0.3774680488	41
Porites_evermani_scaffold_729	70907	72175	gene-Peve_00040204	0.2380952286	35
Porites_evermani_scaffold_729	106704	107607	gene-Peve_00040206	0	12
Porites_evermani_scaffold_729	121604	122758	gene-Peve_00040209	5.316766615	13
Porites_evermani_scaffold_729	124073	125000	gene-Peve_00040210	0	6
Porites_evermani_scaffold_729	140403	141741	gene-Peve_00040213	0	6
Porites_evermani_scaffold_729	146924	149589	gene-Peve_00040214	.	0
Porites_evermani_scaffold_729	150068	150914	gene-Peve_00040215	.	0
Porites_evermani_scaffold_729	166789	167674	gene-Peve_00040216	5.319868333	15
Porites_evermani_scaffold_729	172079	178550	gene-Peve_00040217	0.6075000673	208
Porites_evermani_scaffold_729	187474	191987	gene-Peve_00040218	0.7629629688	128
Porites_evermani_scaffold_729	194597	198016	gene-Peve_00040219	0.5183044486	107
Porites_evermani_scaffold_7294	36	2462	gene-Peve_00040220	1.602965414	87
Porites_evermani_scaffold_73	24739	25543	gene-Peve_00040221	.	0
Porites_evermani_scaffold_73	33242	33821	gene-Peve_00040226	.	0
Porites_evermani_scaffold_73	33843	36832	gene-Peve_00040234	.	0
Porites_evermani_scaffold_73	36960	37692	gene-Peve_00040241	.	0
Porites_evermani_scaffold_73	37724	38297	gene-Peve_00040249	.	0
Porites_evermani_scaffold_73	40905	41388	gene-Peve_00040259	.	0
Porites_evermani_scaffold_73	41516	42248	gene-Peve_00040262	.	0
Porites_evermani_scaffold_73	42280	42853	gene-Peve_00040268	.	0
Porites_evermani_scaffold_73	42865	45424	gene-Peve_00040255	0	1
Porites_evermani_scaffold_73	52625	53579	gene-Peve_00040285	.	0
Porites_evermani_scaffold_73	53606	55664	gene-Peve_00040287	.	0
Porites_evermani_scaffold_73	56212	57737	gene-Peve_00040286	1.5151515	6
Porites_evermani_scaffold_73	71218	73620	gene-Peve_00040288	.	0
Porites_evermani_scaffold_73	82691	85834	gene-Peve_00040289	32.78604515	26
Porites_evermani_scaffold_73	96539	102256	gene-Peve_00040291	.	0
Porites_evermani_scaffold_73	111533	112532	gene-Peve_00040293	7.341096437	16
Porites_evermani_scaffold_73	113375	114737	gene-Peve_00040294	0.9801150263	76
Porites_evermani_scaffold_73	116765	130533	gene-Peve_00040295	0	18
Porites_evermani_scaffold_73	131421	133561	gene-Peve_00040297	.	0
Porites_evermani_scaffold_73	163084	163387	gene-Peve_00040299	.	0
Porites_evermani_scaffold_73	196721	197147	gene-Peve_00040300	.	0
Porites_evermani_scaffold_73	205348	205765	gene-Peve_00040223	.	0
Porites_evermani_scaffold_73	243441	244596	gene-Peve_00040224	.	0
Porites_evermani_scaffold_73	245025	245376	gene-Peve_00040225	26.0338905	6
Porites_evermani_scaffold_73	257542	258193	gene-Peve_00040230	2.428984444	9
Porites_evermani_scaffold_73	258957	261057	gene-Peve_00040231	.	0
Porites_evermani_scaffold_73	261111	261540	gene-Peve_00040232	.	0
Porites_evermani_scaffold_73	263400	266224	gene-Peve_00040233	0	1
Porites_evermani_scaffold_73	270454	272310	gene-Peve_00040235	14.20856975	79
Porites_evermani_scaffold_73	279565	280505	gene-Peve_00040236	.	0
Porites_evermani_scaffold_73	281872	282833	gene-Peve_00040237	.	0
Porites_evermani_scaffold_73	284400	286917	gene-Peve_00040238	36.29982598	66
Porites_evermani_scaffold_73	311859	312378	gene-Peve_00040243	.	0
Porites_evermani_scaffold_73	313460	314463	gene-Peve_00040244	0.9852217143	7
Porites_evermani_scaffold_73	316413	317368	gene-Peve_00040245	0.3125	8
Porites_evermani_scaffold_73	317985	318678	gene-Peve_00040246	0	8
Porites_evermani_scaffold_73	319328	319775	gene-Peve_00040248	.	0
Porites_evermani_scaffold_73	328526	331569	gene-Peve_00040250	18.20149257	109
Porites_evermani_scaffold_73	333301	333664	gene-Peve_00040251	13.842031	15
Porites_evermani_scaffold_73	337748	339115	gene-Peve_00040252	60.60606067	3
Porites_evermani_scaffold_73	341558	342588	gene-Peve_00040253	94.1818182	5
Porites_evermani_scaffold_73	344412	345141	gene-Peve_00040257	1.509045308	13
Porites_evermani_scaffold_73	347742	349944	gene-Peve_00040258	.	0
Porites_evermani_scaffold_73	350341	351973	gene-Peve_00040260	.	0
Porites_evermani_scaffold_73	352782	353481	gene-Peve_00040261	.	0
Porites_evermani_scaffold_73	365462	365794	gene-Peve_00040264	.	0
Porites_evermani_scaffold_73	434601	435000	gene-Peve_00040265	.	0
Porites_evermani_scaffold_73	440170	441760	gene-Peve_00040266	41.96397018	28
Porites_evermani_scaffold_73	471628	472864	gene-Peve_00040269	.	0
Porites_evermani_scaffold_73	475591	488251	gene-Peve_00040270	17.09483793	41
Porites_evermani_scaffold_73	497853	498159	gene-Peve_00040274	.	0
Porites_evermani_scaffold_73	517513	534720	gene-Peve_00040276	18.06396247	38
Porites_evermani_scaffold_73	571975	572290	gene-Peve_00040277	.	0
Porites_evermani_scaffold_73	573583	574546	gene-Peve_00040278	.	0
Porites_evermani_scaffold_73	576253	576568	gene-Peve_00040279	.	0
Porites_evermani_scaffold_73	577669	579494	gene-Peve_00040280	.	0
Porites_evermani_scaffold_73	584045	584689	gene-Peve_00040282	.	0
Porites_evermani_scaffold_73	585920	587640	gene-Peve_00040281	.	0
Porites_evermani_scaffold_73	588171	609547	gene-Peve_00040283	.	0
Porites_evermani_scaffold_73	592023	592399	gene-Peve_00040284	.	0
Porites_evermani_scaffold_730	15597	25075	gene-Peve_00040303	91.82244369	135
Porites_evermani_scaffold_730	29080	32097	gene-Peve_00040301	1.47058825	4
Porites_evermani_scaffold_730	44729	45374	gene-Peve_00040302	0	28
Porites_evermani_scaffold_730	51170	51815	gene-Peve_00040304	0	24
Porites_evermani_scaffold_730	55176	87219	gene-Peve_00040305	9.528481737	731
Porites_evermani_scaffold_730	87467	105574	gene-Peve_00040307	5.848061443	508
Porites_evermani_scaffold_730	110827	112182	gene-Peve_00040308	0.2981309474	57
Porites_evermani_scaffold_730	120898	172475	gene-Peve_00040309	3.452666624	1246
Porites_evermani_scaffold_7309	950	1926	gene-Peve_00040312	.	0
Porites_evermani_scaffold_731	13534	18671	gene-Peve_00040318	.	0
Porites_evermani_scaffold_731	47413	49472	gene-Peve_00040328	0	44
Porites_evermani_scaffold_731	54931	55306	gene-Peve_00040313	.	0
Porites_evermani_scaffold_731	64242	65124	gene-Peve_00040314	0	13
Porites_evermani_scaffold_731	67765	84683	gene-Peve_00040315	14.88421089	276
Porites_evermani_scaffold_731	85127	85910	gene-Peve_00040316	0	23
Porites_evermani_scaffold_731	86568	89148	gene-Peve_00040317	3.23168962	71
Porites_evermani_scaffold_731	92588	105631	gene-Peve_00040319	0.1139513403	191
Porites_evermani_scaffold_731	109052	124447	gene-Peve_00040320	0.420620795	317
Porites_evermani_scaffold_731	129824	136120	gene-Peve_00040321	0.2118643983	118
Porites_evermani_scaffold_731	136815	137937	gene-Peve_00040322	0	11
Porites_evermani_scaffold_731	143644	144944	gene-Peve_00040323	0.3125	32
Porites_evermani_scaffold_731	151543	158028	gene-Peve_00040324	0.2403928904	219
Porites_evermani_scaffold_731	187472	188628	gene-Peve_00040325	2.707862026	38
Porites_evermani_scaffold_731	189529	190606	gene-Peve_00040326	0.5396825714	35
Porites_evermani_scaffold_731	192014	199350	gene-Peve_00040327	11.2625097	103
Porites_evermani_scaffold_7312	1184	2458	gene-Peve_00040329	0	3
Porites_evermani_scaffold_7315	1	304	gene-Peve_00040330	0.6993007273	11
Porites_evermani_scaffold_7318	142	2541	gene-Peve_00040331	0.9927487755	49
Porites_evermani_scaffold_7319	65	2613	gene-Peve_00040332	.	0
Porites_evermani_scaffold_732	264	3961	gene-Peve_00040333	63.66222131	48
Porites_evermani_scaffold_732	8827	9922	gene-Peve_00040334	4.840257765	17
Porites_evermani_scaffold_732	12106	14393	gene-Peve_00040343	33.57016924	21
Porites_evermani_scaffold_732	15336	15966	gene-Peve_00040344	48.96579461	18
Porites_evermani_scaffold_732	22297	22825	gene-Peve_00040347	24.6153846	5
Porites_evermani_scaffold_732	22858	23512	gene-Peve_00040346	.	0
Porites_evermani_scaffold_732	24645	25703	gene-Peve_00040348	25.9882458	10
Porites_evermani_scaffold_732	26740	27929	gene-Peve_00040350	.	0
Porites_evermani_scaffold_732	28461	29398	gene-Peve_00040351	.	0
Porites_evermani_scaffold_732	31329	35025	gene-Peve_00040352	69.27236906	32
Porites_evermani_scaffold_732	37827	38595	gene-Peve_00040353	.	0
Porites_evermani_scaffold_732	40650	41820	gene-Peve_00040354	0.229885069	29
Porites_evermani_scaffold_732	43047	44496	gene-Peve_00040349	30.115047	11
Porites_evermani_scaffold_732	86190	86978	gene-Peve_00040355	26.66656722	23
Porites_evermani_scaffold_732	87641	89057	gene-Peve_00040356	55.71314656	9
Porites_evermani_scaffold_732	93317	94063	gene-Peve_00040357	75.7466064	5
Porites_evermani_scaffold_732	94249	94975	gene-Peve_00040358	60.51467129	7
Porites_evermani_scaffold_732	96009	109722	gene-Peve_00040359	34.37592933	271
Porites_evermani_scaffold_732	113955	115644	gene-Peve_00040360	71.31289081	36
Porites_evermani_scaffold_732	117574	118087	gene-Peve_00040361	30.639041	5
Porites_evermani_scaffold_732	131755	132500	gene-Peve_00040363	86.65279449	47
Porites_evermani_scaffold_732	137002	142523	gene-Peve_00040364	.	0
Porites_evermani_scaffold_732	137366	137936	gene-Peve_00040365	.	0
Porites_evermani_scaffold_732	145042	145873	gene-Peve_00040366	0	1
Porites_evermani_scaffold_732	149115	149754	gene-Peve_00040335	80.0877504	5
Porites_evermani_scaffold_732	149834	150489	gene-Peve_00040336	62.94965709	22
Porites_evermani_scaffold_732	166034	166396	gene-Peve_00040337	95	4
Porites_evermani_scaffold_732	167924	168582	gene-Peve_00040339	77.2568096	10
Porites_evermani_scaffold_732	169500	170469	gene-Peve_00040338	68.45880069	16
Porites_evermani_scaffold_732	179282	179750	gene-Peve_00040340	45.3333334	5
Porites_evermani_scaffold_732	181617	182460	gene-Peve_00040341	55.24170283	12
Porites_evermani_scaffold_7320	2298	2715	gene-Peve_00040367	.	0
Porites_evermani_scaffold_7325	812	2724	gene-Peve_00040368	0	2
Porites_evermani_scaffold_7327	3	618	gene-Peve_00040369	0.4537037222	18
Porites_evermani_scaffold_7328	16	328	gene-Peve_00040370	0	10
Porites_evermani_scaffold_733	876	33181	gene-Peve_00040371	35.56526417	366
Porites_evermani_scaffold_733	31502	59298	gene-Peve_00040382	5.462429897	629
Porites_evermani_scaffold_733	63849	65093	gene-Peve_00040372	0.3496503462	26
Porites_evermani_scaffold_733	69283	76689	gene-Peve_00040373	0.596470748	127
Porites_evermani_scaffold_733	79540	105305	gene-Peve_00040374	0.8930867241	714
Porites_evermani_scaffold_733	112089	112825	gene-Peve_00040375	0.6993007273	11
Porites_evermani_scaffold_733	120371	125774	gene-Peve_00040376	0.50228193	100
Porites_evermani_scaffold_733	125797	138187	gene-Peve_00040377	0.7229127591	328
Porites_evermani_scaffold_733	139578	140316	gene-Peve_00040378	1.325145412	17
Porites_evermani_scaffold_733	140980	145960	gene-Peve_00040379	70.4676575	56
Porites_evermani_scaffold_733	149245	164269	gene-Peve_00040380	0.2981235387	349
Porites_evermani_scaffold_733	157318	164136	gene-Peve_00040381	0.1494500244	123
Porites_evermani_scaffold_733	165240	167457	gene-Peve_00040383	0.2331002308	39
Porites_evermani_scaffold_733	174303	191586	gene-Peve_00040384	0.6218622101	414
Porites_evermani_scaffold_734	49593	51041	gene-Peve_00040392	0	25
Porites_evermani_scaffold_734	104741	106487	gene-Peve_00040386	0.8632299167	24
Porites_evermani_scaffold_734	109664	115058	gene-Peve_00040387	0.8342845114	88
Porites_evermani_scaffold_734	123487	125770	gene-Peve_00040388	1.904761867	15
Porites_evermani_scaffold_734	149366	153248	gene-Peve_00040389	0	18
Porites_evermani_scaffold_734	154219	171317	gene-Peve_00040390	4.360465229	279
Porites_evermani_scaffold_7342	810	2324	gene-Peve_00040393	.	0
Porites_evermani_scaffold_735	20171	51697	gene-Peve_00040405	0.2463889685	667
Porites_evermani_scaffold_735	58160	65206	gene-Peve_00040394	1.538196991	107
Porites_evermani_scaffold_735	66000	78824	gene-Peve_00040395	32.31885186	146
Porites_evermani_scaffold_735	79436	88769	gene-Peve_00040396	64.35776323	96
Porites_evermani_scaffold_735	96142	105859	gene-Peve_00040398	0.2653274656	247
Porites_evermani_scaffold_735	107556	117550	gene-Peve_00040399	0.7760666202	208
Porites_evermani_scaffold_735	124428	131619	gene-Peve_00040400	24.46808489	61
Porites_evermani_scaffold_735	133328	144506	gene-Peve_00040401	59.13831812	154
Porites_evermani_scaffold_735	146696	162750	gene-Peve_00040402	20.97887757	225
Porites_evermani_scaffold_735	164002	168207	gene-Peve_00040403	0.5822438478	46
Porites_evermani_scaffold_735	171708	179315	gene-Peve_00040404	0.7869011703	229
Porites_evermani_scaffold_7356	35	623	gene-Peve_00040406	90	2
Porites_evermani_scaffold_7358	1018	1522	gene-Peve_00040407	0.4761904667	15
Porites_evermani_scaffold_7359	541	2435	gene-Peve_00040408	0.30769232	25
Porites_evermani_scaffold_736	545	8143	gene-Peve_00040409	23.44149283	138
Porites_evermani_scaffold_736	32071	40904	gene-Peve_00040410	0.7188725166	271
Porites_evermani_scaffold_736	43981	56133	gene-Peve_00040411	6.873486	102
Porites_evermani_scaffold_736	56372	60267	gene-Peve_00040412	76.973684	2
Porites_evermani_scaffold_736	62612	86711	gene-Peve_00040413	8.515937304	827
Porites_evermani_scaffold_736	97886	105283	gene-Peve_00040415	2.489353862	116
Porites_evermani_scaffold_736	119692	136433	gene-Peve_00040416	6.766048096	146
Porites_evermani_scaffold_736	146257	150048	gene-Peve_00040417	0.2189257761	134
Porites_evermani_scaffold_736	153196	156783	gene-Peve_00040418	0.7152175926	81
Porites_evermani_scaffold_736	166727	199551	gene-Peve_00040419	0.7036011218	928
Porites_evermani_scaffold_7366	1524	1935	gene-Peve_00040420	.	0
Porites_evermani_scaffold_737	8364	14796	gene-Peve_00040422	0	19
Porites_evermani_scaffold_737	17837	21669	gene-Peve_00040421	.	0
Porites_evermani_scaffold_737	22094	124152	gene-Peve_00040425	2.738267252	1578
Porites_evermani_scaffold_737	41341	41719	gene-Peve_00040430	0	3
Porites_evermani_scaffold_737	41774	43067	gene-Peve_00040434	0	4
Porites_evermani_scaffold_737	52239	55402	gene-Peve_00040423	0.3544368155	103
Porites_evermani_scaffold_737	68797	80133	gene-Peve_00040424	0.196690486	321
Porites_evermani_scaffold_737	83199	87329	gene-Peve_00040426	0.8660111852	135
Porites_evermani_scaffold_737	127787	130257	gene-Peve_00040427	0.2514434746	59
Porites_evermani_scaffold_737	130355	149997	gene-Peve_00040428	15.43792057	311
Porites_evermani_scaffold_737	152402	164215	gene-Peve_00040429	7.650353405	163
Porites_evermani_scaffold_737	167867	184008	gene-Peve_00040431	0.4330600252	397
Porites_evermani_scaffold_737	186602	191021	gene-Peve_00040432	46.18069957	58
Porites_evermani_scaffold_7371	75	2630	gene-Peve_00040435	0.2777777667	30
Porites_evermani_scaffold_7374	26	2438	gene-Peve_00040436	0	35
Porites_evermani_scaffold_7376	1120	1951	gene-Peve_00040437	.	0
Porites_evermani_scaffold_738	57	4068	gene-Peve_00040438	11.78253118	34
Porites_evermani_scaffold_738	5746	19259	gene-Peve_00040439	47.49435537	150
Porites_evermani_scaffold_738	19869	42093	gene-Peve_00040456	25.75207783	258
Porites_evermani_scaffold_738	44572	50828	gene-Peve_00040457	34.2867133	10
Porites_evermani_scaffold_738	51200	59776	gene-Peve_00040458	16.66666667	3
Porites_evermani_scaffold_738	55688	58736	gene-Peve_00040440	.	0
Porites_evermani_scaffold_738	64658	69730	gene-Peve_00040441	0	1
Porites_evermani_scaffold_738	72581	74850	gene-Peve_00040442	1.136363625	8
Porites_evermani_scaffold_738	79956	86618	gene-Peve_00040443	92.307692	1
Porites_evermani_scaffold_738	87911	88966	gene-Peve_00040444	.	0
Porites_evermani_scaffold_738	92439	93078	gene-Peve_00040445	.	0
Porites_evermani_scaffold_738	95945	103403	gene-Peve_00040446	0.4403650323	31
Porites_evermani_scaffold_738	114215	123302	gene-Peve_00040447	26.06143857	14
Porites_evermani_scaffold_738	129993	131267	gene-Peve_00040448	.	0
Porites_evermani_scaffold_738	135985	137176	gene-Peve_00040450	.	0
Porites_evermani_scaffold_738	140669	146982	gene-Peve_00040451	0	4
Porites_evermani_scaffold_738	148899	154952	gene-Peve_00040452	0	14
Porites_evermani_scaffold_738	158959	175882	gene-Peve_00040453	0	5
Porites_evermani_scaffold_738	188287	188602	gene-Peve_00040454	.	0
Porites_evermani_scaffold_7383	877	2436	gene-Peve_00040459	0	21
Porites_evermani_scaffold_7384	232	757	gene-Peve_00040460	0	8
Porites_evermani_scaffold_739	5702	8593	gene-Peve_00040461	0.5292992329	73
Porites_evermani_scaffold_739	38291	39176	gene-Peve_00040469	.	0
Porites_evermani_scaffold_739	50561	60020	gene-Peve_00040462	0.4912778	65
Porites_evermani_scaffold_739	75430	82570	gene-Peve_00040463	0	5
Porites_evermani_scaffold_739	97012	97775	gene-Peve_00040464	.	0
Porites_evermani_scaffold_739	104749	105805	gene-Peve_00040465	.	0
Porites_evermani_scaffold_739	151478	152381	gene-Peve_00040466	.	0
Porites_evermani_scaffold_739	153454	154202	gene-Peve_00040467	.	0
Porites_evermani_scaffold_7390	371	2585	gene-Peve_00040470	91.29165419	16
Porites_evermani_scaffold_7391	239	1573	gene-Peve_00040471	1.308161381	42
Porites_evermani_scaffold_74	7159	87939	gene-Peve_00040489	1.350933604	1805
Porites_evermani_scaffold_74	70607	71309	gene-Peve_00040485	0	23
Porites_evermani_scaffold_74	111308	112079	gene-Peve_00040491	4.325326083	12
Porites_evermani_scaffold_74	112102	112636	gene-Peve_00040492	0	7
Porites_evermani_scaffold_74	125040	125373	gene-Peve_00040494	0	5
Porites_evermani_scaffold_74	149010	158518	gene-Peve_00040495	0.3612191681	232
Porites_evermani_scaffold_74	170043	170639	gene-Peve_00040496	0	14
Porites_evermani_scaffold_74	174968	204934	gene-Peve_00040497	0.3530558104	538
Porites_evermani_scaffold_74	237438	273993	gene-Peve_00040498	0.3424727589	701
Porites_evermani_scaffold_74	264961	265312	gene-Peve_00040499	.	0
Porites_evermani_scaffold_74	293287	293830	gene-Peve_00040500	0	7
Porites_evermani_scaffold_74	297361	297898	gene-Peve_00040501	.	0
Porites_evermani_scaffold_74	306661	310752	gene-Peve_00040502	1.160143576	99
Porites_evermani_scaffold_74	316339	323166	gene-Peve_00040503	0	128
Porites_evermani_scaffold_74	349176	373421	gene-Peve_00040504	1.073907702	694
Porites_evermani_scaffold_74	385674	387230	gene-Peve_00040505	83.71998209	32
Porites_evermani_scaffold_74	389498	394553	gene-Peve_00040506	81.24082052	117
Porites_evermani_scaffold_74	396152	396501	gene-Peve_00040507	18.80055657	7
Porites_evermani_scaffold_74	397231	397645	gene-Peve_00040508	24.54675475	8
Porites_evermani_scaffold_74	398901	400108	gene-Peve_00040509	1.166774412	34
Porites_evermani_scaffold_74	403052	408411	gene-Peve_00040510	22.7272725	2
Porites_evermani_scaffold_74	408972	410508	gene-Peve_00040511	3.313609462	13
Porites_evermani_scaffold_74	412302	412806	gene-Peve_00040512	0	5
Porites_evermani_scaffold_74	422894	423383	gene-Peve_00040513	0	9
Porites_evermani_scaffold_74	425249	426586	gene-Peve_00040514	0	34
Porites_evermani_scaffold_74	434264	455718	gene-Peve_00040472	1.686008015	199
Porites_evermani_scaffold_74	463123	463477	gene-Peve_00040473	.	0
Porites_evermani_scaffold_74	472503	473448	gene-Peve_00040474	.	0
Porites_evermani_scaffold_74	478432	479431	gene-Peve_00040475	.	0
Porites_evermani_scaffold_74	484569	485556	gene-Peve_00040476	.	0
Porites_evermani_scaffold_74	510442	511317	gene-Peve_00040478	1.5151515	28
Porites_evermani_scaffold_74	531544	544622	gene-Peve_00040479	4.437738143	119
Porites_evermani_scaffold_74	548794	565681	gene-Peve_00040480	28.219086	62
Porites_evermani_scaffold_74	566467	567373	gene-Peve_00040481	.	0
Porites_evermani_scaffold_74	580939	585595	gene-Peve_00040483	2.080350311	45
Porites_evermani_scaffold_74	592295	592805	gene-Peve_00040484	3.273245	20
Porites_evermani_scaffold_740	6638	8696	gene-Peve_00040515	.	0
Porites_evermani_scaffold_740	15081	15795	gene-Peve_00040524	.	0
Porites_evermani_scaffold_740	34180	42829	gene-Peve_00040525	0.4665968037	214
Porites_evermani_scaffold_740	45696	52101	gene-Peve_00040526	95.42770903	118
Porites_evermani_scaffold_740	56045	60973	gene-Peve_00040527	48.68493625	99
Porites_evermani_scaffold_740	66212	79765	gene-Peve_00040516	69.40953501	198
Porites_evermani_scaffold_740	84815	88750	gene-Peve_00040517	71.34225502	57
Porites_evermani_scaffold_740	92070	105956	gene-Peve_00040518	84.24452985	176
Porites_evermani_scaffold_740	108963	118054	gene-Peve_00040519	56.12835687	148
Porites_evermani_scaffold_740	126261	133812	gene-Peve_00040520	40.9900747	155
Porites_evermani_scaffold_740	137418	146226	gene-Peve_00040521	30.13115868	114
Porites_evermani_scaffold_740	148478	164650	gene-Peve_00040522	34.39626327	202
Porites_evermani_scaffold_740	174680	196731	gene-Peve_00040523	9.887642393	338
Porites_evermani_scaffold_7400	2043	2346	gene-Peve_00040528	0.5494505714	14
Porites_evermani_scaffold_741	11869	13756	gene-Peve_00040531	.	0
Porites_evermani_scaffold_741	19098	23201	gene-Peve_00040538	1.525283213	47
Porites_evermani_scaffold_741	36591	64735	gene-Peve_00040544	2.106565322	456
Porites_evermani_scaffold_741	67863	100657	gene-Peve_00040530	32.39381914	242
Porites_evermani_scaffold_741	101270	107286	gene-Peve_00040532	27.64314955	128
Porites_evermani_scaffold_741	109775	116593	gene-Peve_00040533	0.6099465818	220
Porites_evermani_scaffold_741	119412	131288	gene-Peve_00040534	10.50997785	41
Porites_evermani_scaffold_741	132033	134768	gene-Peve_00040535	13.61013982	11
Porites_evermani_scaffold_741	135878	142534	gene-Peve_00040536	0.1624503958	144
Porites_evermani_scaffold_741	147046	147428	gene-Peve_00040539	.	0
Porites_evermani_scaffold_741	148141	148654	gene-Peve_00040537	0.6493506364	11
Porites_evermani_scaffold_741	157959	158331	gene-Peve_00040541	0.4761905	14
Porites_evermani_scaffold_741	165060	169891	gene-Peve_00040540	91.12445279	29
Porites_evermani_scaffold_741	172254	195970	gene-Peve_00040542	27.30033835	119
Porites_evermani_scaffold_742	200	1061	gene-Peve_00040545	0	1
Porites_evermani_scaffold_742	38970	52229	gene-Peve_00040556	23.49267034	111
Porites_evermani_scaffold_742	54434	73417	gene-Peve_00040557	1.335118865	96
Porites_evermani_scaffold_742	78949	88994	gene-Peve_00040559	1.00972267	188
Porites_evermani_scaffold_742	90364	99240	gene-Peve_00040558	2.002285232	203
Porites_evermani_scaffold_742	109053	110202	gene-Peve_00040546	0.3959455122	41
Porites_evermani_scaffold_742	114985	123158	gene-Peve_00040547	0.9975239527	148
Porites_evermani_scaffold_742	130354	140406	gene-Peve_00040548	1.460819816	244
Porites_evermani_scaffold_742	141467	141986	gene-Peve_00040549	0	12
Porites_evermani_scaffold_742	142682	149986	gene-Peve_00040550	0.2274567538	195
Porites_evermani_scaffold_742	151931	152807	gene-Peve_00040551	0.293255129	31
Porites_evermani_scaffold_742	157788	171155	gene-Peve_00040552	37.21022054	104
Porites_evermani_scaffold_742	173945	175021	gene-Peve_00040553	31.24745393	29
Porites_evermani_scaffold_742	176365	182716	gene-Peve_00040554	1.20004259	83
Porites_evermani_scaffold_742	189816	197782	gene-Peve_00040555	74.09449101	102
Porites_evermani_scaffold_7424	1966	2509	gene-Peve_00040560	.	0
Porites_evermani_scaffold_7429	1110	1776	gene-Peve_00040561	.	0
Porites_evermani_scaffold_743	2790	17383	gene-Peve_00040562	37.8516799	149
Porites_evermani_scaffold_743	22327	39942	gene-Peve_00040567	48.66725759	238
Porites_evermani_scaffold_743	41350	44593	gene-Peve_00040574	43.65770169	32
Porites_evermani_scaffold_743	46885	63505	gene-Peve_00040575	60.04285608	87
Porites_evermani_scaffold_743	63634	92476	gene-Peve_00040563	15.59954186	490
Porites_evermani_scaffold_743	72400	75556	gene-Peve_00040564	39.7055408	45
Porites_evermani_scaffold_743	92765	101307	gene-Peve_00040565	35.92137613	32
Porites_evermani_scaffold_743	147080	149867	gene-Peve_00040568	0	28
Porites_evermani_scaffold_743	148127	161736	gene-Peve_00040569	13.9358356	122
Porites_evermani_scaffold_743	168382	170530	gene-Peve_00040570	0	17
Porites_evermani_scaffold_743	182266	188706	gene-Peve_00040571	0	21
Porites_evermani_scaffold_743	190867	191308	gene-Peve_00040572	.	0
Porites_evermani_scaffold_7433	379	886	gene-Peve_00040576	.	0
Porites_evermani_scaffold_744	8539	21724	gene-Peve_00040579	21.16321644	156
Porites_evermani_scaffold_744	29527	37021	gene-Peve_00040584	29.30008589	108
Porites_evermani_scaffold_744	50485	73949	gene-Peve_00040585	10.14778927	381
Porites_evermani_scaffold_744	87638	108025	gene-Peve_00040578	0.8211897311	331
Porites_evermani_scaffold_744	126476	127553	gene-Peve_00040580	0.2770083158	19
Porites_evermani_scaffold_744	143232	157346	gene-Peve_00040581	2.002914041	148
Porites_evermani_scaffold_744	161929	174316	gene-Peve_00040582	0.3508678388	335
Porites_evermani_scaffold_744	179522	193413	gene-Peve_00040583	23.27111695	243
Porites_evermani_scaffold_7447	1	2512	gene-Peve_00040586	0	87
Porites_evermani_scaffold_745	5073	14901	gene-Peve_00040588	0.3065134138	87
Porites_evermani_scaffold_745	97874	98462	gene-Peve_00040590	.	0
Porites_evermani_scaffold_745	103301	103796	gene-Peve_00040592	.	0
Porites_evermani_scaffold_745	126013	126511	gene-Peve_00040593	0	9
Porites_evermani_scaffold_745	158300	163507	gene-Peve_00040594	0	6
Porites_evermani_scaffold_745	174252	185299	gene-Peve_00040595	.	0
Porites_evermani_scaffold_745	189203	195636	gene-Peve_00040596	0	7
Porites_evermani_scaffold_7452	26	2214	gene-Peve_00040597	.	0
Porites_evermani_scaffold_7459	266	1769	gene-Peve_00040598	.	0
Porites_evermani_scaffold_746	14096	18373	gene-Peve_00040599	41.77127848	82
Porites_evermani_scaffold_746	94770	97734	gene-Peve_00040606	37.29548229	21
Porites_evermani_scaffold_746	97885	112513	gene-Peve_00040600	63.97674559	147
Porites_evermani_scaffold_746	116614	116983	gene-Peve_00040601	0	5
Porites_evermani_scaffold_746	173528	175112	gene-Peve_00040603	14.33652179	43
Porites_evermani_scaffold_746	178566	193969	gene-Peve_00040604	48.04427144	163
Porites_evermani_scaffold_746	181918	183004	gene-Peve_00040605	.	0
Porites_evermani_scaffold_747	3813	19595	gene-Peve_00040607	.	0
Porites_evermani_scaffold_747	25143	26136	gene-Peve_00040618	0.2955082766	47
Porites_evermani_scaffold_747	31258	40363	gene-Peve_00040619	53.25958124	42
Porites_evermani_scaffold_747	42194	43266	gene-Peve_00040620	0	2
Porites_evermani_scaffold_747	45902	47096	gene-Peve_00040608	0	3
Porites_evermani_scaffold_747	48621	56726	gene-Peve_00040609	37.78960698	65
Porites_evermani_scaffold_747	59551	124833	gene-Peve_00040610	11.21380827	345
Porites_evermani_scaffold_747	76772	83127	gene-Peve_00040611	0.7142857143	42
Porites_evermani_scaffold_747	96584	97435	gene-Peve_00040612	.	0
Porites_evermani_scaffold_747	130746	134696	gene-Peve_00040613	.	0
Porites_evermani_scaffold_747	146125	149919	gene-Peve_00040614	.	0
Porites_evermani_scaffold_747	162699	163941	gene-Peve_00040615	0.2604166875	16
Porites_evermani_scaffold_747	179775	180264	gene-Peve_00040616	0.5555556	10
Porites_evermani_scaffold_747	195094	196186	gene-Peve_00040617	.	0
Porites_evermani_scaffold_7479	738	2061	gene-Peve_00040621	3.7485381	10
Porites_evermani_scaffold_748	7474	17479	gene-Peve_00040627	16.43476623	31
Porites_evermani_scaffold_748	19102	25964	gene-Peve_00040635	0	15
Porites_evermani_scaffold_748	43816	44876	gene-Peve_00040625	0	11
Porites_evermani_scaffold_748	46725	48080	gene-Peve_00040626	0	8
Porites_evermani_scaffold_748	61689	63769	gene-Peve_00040628	0	10
Porites_evermani_scaffold_748	86486	92763	gene-Peve_00040630	58.69893791	54
Porites_evermani_scaffold_748	152759	168716	gene-Peve_00040632	54.29550338	243
Porites_evermani_scaffold_748	171693	179390	gene-Peve_00040633	33.65814119	115
Porites_evermani_scaffold_748	179743	194829	gene-Peve_00040634	33.67379136	175
Porites_evermani_scaffold_749	0	9584	gene-Peve_00040636	1.588036039	77
Porites_evermani_scaffold_749	15935	17737	gene-Peve_00040646	.	0
Porites_evermani_scaffold_749	19985	63144	gene-Peve_00040637	1.010362509	165
Porites_evermani_scaffold_749	68311	68812	gene-Peve_00040639	.	0
Porites_evermani_scaffold_749	71321	76421	gene-Peve_00040640	1.053898514	35
Porites_evermani_scaffold_749	84349	90147	gene-Peve_00040641	22.0732323	10
Porites_evermani_scaffold_749	84574	86846	gene-Peve_00040642	.	0
Porites_evermani_scaffold_749	95434	96115	gene-Peve_00040643	.	0
Porites_evermani_scaffold_749	128862	131194	gene-Peve_00040645	0	5
Porites_evermani_scaffold_749	136370	149854	gene-Peve_00040647	14.92181331	85
Porites_evermani_scaffold_749	151898	159678	gene-Peve_00040648	0.57536164	125
Porites_evermani_scaffold_749	162511	163858	gene-Peve_00040649	1.075427556	18
Porites_evermani_scaffold_749	164729	165674	gene-Peve_00040650	0	4
Porites_evermani_scaffold_749	182562	187265	gene-Peve_00040652	0.183456871	31
Porites_evermani_scaffold_749	188156	194638	gene-Peve_00040653	16.85719313	16
Porites_evermani_scaffold_7494	1111	1426	gene-Peve_00040654	0.8264462727	11
Porites_evermani_scaffold_75	4494	9976	gene-Peve_00040655	23.20175581	108
Porites_evermani_scaffold_75	17834	23201	gene-Peve_00040661	0.2009370305	131
Porites_evermani_scaffold_75	33269	34240	gene-Peve_00040677	2.922077955	22
Porites_evermani_scaffold_75	44823	45846	gene-Peve_00040691	0	32
Porites_evermani_scaffold_75	48450	85466	gene-Peve_00040697	6.842682816	778
Porites_evermani_scaffold_75	85819	87238	gene-Peve_00040656	0	28
Porites_evermani_scaffold_75	91573	93499	gene-Peve_00040658	1.388696878	41
Porites_evermani_scaffold_75	96750	98066	gene-Peve_00040659	0	3
Porites_evermani_scaffold_75	107791	112368	gene-Peve_00040660	19.74025971	7
Porites_evermani_scaffold_75	132026	133386	gene-Peve_00040662	0.1730103824	34
Porites_evermani_scaffold_75	134106	144063	gene-Peve_00040663	19.88950151	193
Porites_evermani_scaffold_75	144548	146336	gene-Peve_00040664	1.315594951	41
Porites_evermani_scaffold_75	147118	151401	gene-Peve_00040665	0.09469696591	88
Porites_evermani_scaffold_75	154134	154595	gene-Peve_00040666	0	15
Porites_evermani_scaffold_75	155110	158518	gene-Peve_00040667	0.1	100
Porites_evermani_scaffold_75	161540	162953	gene-Peve_00040668	0.4875886596	47
Porites_evermani_scaffold_75	170262	174995	gene-Peve_00040669	35.99210711	27
Porites_evermani_scaffold_75	175088	177909	gene-Peve_00040670	24.82517475	4
Porites_evermani_scaffold_75	182839	184264	gene-Peve_00040671	3.651271785	65
Porites_evermani_scaffold_75	191069	192416	gene-Peve_00040673	0.6068033333	66
Porites_evermani_scaffold_75	203137	204919	gene-Peve_00040674	1.320273651	63
Porites_evermani_scaffold_75	207686	229339	gene-Peve_00040675	12.48807693	382
Porites_evermani_scaffold_75	274212	305728	gene-Peve_00040676	9.539510138	509
Porites_evermani_scaffold_75	308158	308782	gene-Peve_00040678	3.844544333	30
Porites_evermani_scaffold_75	309953	315965	gene-Peve_00040679	77.57949473	70
Porites_evermani_scaffold_75	316102	346861	gene-Peve_00040680	48.19808856	478
Porites_evermani_scaffold_75	352263	353235	gene-Peve_00040681	.	0
Porites_evermani_scaffold_75	355870	358807	gene-Peve_00040682	83.26007338	13
Porites_evermani_scaffold_75	361180	361912	gene-Peve_00040683	0.5952380909	22
Porites_evermani_scaffold_75	366093	366639	gene-Peve_00040684	0	21
Porites_evermani_scaffold_75	371510	374313	gene-Peve_00040685	84.82967033	15
Porites_evermani_scaffold_75	378146	383235	gene-Peve_00040686	73.21144344	45
Porites_evermani_scaffold_75	388216	388951	gene-Peve_00040687	1.04102564	25
Porites_evermani_scaffold_75	394663	397696	gene-Peve_00040688	81.37320528	36
Porites_evermani_scaffold_75	401269	408483	gene-Peve_00040689	68.20624537	48
Porites_evermani_scaffold_75	412349	421429	gene-Peve_00040690	41.82000116	140
Porites_evermani_scaffold_75	432473	433993	gene-Peve_00040692	53.03638038	26
Porites_evermani_scaffold_75	478630	479191	gene-Peve_00040693	0.625	10
Porites_evermani_scaffold_75	483868	490536	gene-Peve_00040694	85.03628497	58
Porites_evermani_scaffold_75	491734	500517	gene-Peve_00040695	52.98939646	71
Porites_evermani_scaffold_75	501615	503076	gene-Peve_00040698	0.2721088571	42
Porites_evermani_scaffold_75	503531	519307	gene-Peve_00040696	19.09652495	204
Porites_evermani_scaffold_75	544611	545304	gene-Peve_00040700	0	3
Porites_evermani_scaffold_75	549829	553719	gene-Peve_00040699	30.37603611	44
Porites_evermani_scaffold_75	560492	567923	gene-Peve_00040657	4.278541209	86
Porites_evermani_scaffold_750	567	3523	gene-Peve_00040701	0.4738015507	69
Porites_evermani_scaffold_750	13545	37217	gene-Peve_00040705	0.4530574386	456
Porites_evermani_scaffold_750	51266	54845	gene-Peve_00040707	0.1605280339	118
Porites_evermani_scaffold_750	59595	67305	gene-Peve_00040708	0.5668899897	97
Porites_evermani_scaffold_750	75907	102970	gene-Peve_00040702	29.0184632	493
Porites_evermani_scaffold_750	124392	166823	gene-Peve_00040703	1.516350234	1017
Porites_evermani_scaffold_750	168586	169765	gene-Peve_00040704	0	56
Porites_evermani_scaffold_750	174932	186613	gene-Peve_00040706	0.3689329408	355
Porites_evermani_scaffold_7505	412	1469	gene-Peve_00040709	.	0
Porites_evermani_scaffold_7508	195	1121	gene-Peve_00040710	0.5555555556	18
Porites_evermani_scaffold_751	2496	3979	gene-Peve_00040711	18.84161294	33
Porites_evermani_scaffold_751	7014	18174	gene-Peve_00040715	68.7729602	82
Porites_evermani_scaffold_751	25819	30956	gene-Peve_00040717	72.97019216	74
Porites_evermani_scaffold_751	31532	42915	gene-Peve_00040720	18.40413826	177
Porites_evermani_scaffold_751	43664	48349	gene-Peve_00040728	.	0
Porites_evermani_scaffold_751	53802	54948	gene-Peve_00040712	2.803113955	22
Porites_evermani_scaffold_751	56018	60471	gene-Peve_00040713	57.06153526	76
Porites_evermani_scaffold_751	60761	86508	gene-Peve_00040714	0.7156081766	555
Porites_evermani_scaffold_751	90772	96887	gene-Peve_00040716	16.52543478	63
Porites_evermani_scaffold_751	100548	108808	gene-Peve_00040718	18.2142234	135
Porites_evermani_scaffold_751	113659	141866	gene-Peve_00040721	24.79318955	206
Porites_evermani_scaffold_751	132369	132969	gene-Peve_00040722	.	0
Porites_evermani_scaffold_751	146274	152503	gene-Peve_00040723	7.885948476	63
Porites_evermani_scaffold_751	152977	155585	gene-Peve_00040724	23.991203	26
Porites_evermani_scaffold_751	158305	159253	gene-Peve_00040725	0	6
Porites_evermani_scaffold_751	159521	179027	gene-Peve_00040726	46.34024064	22
Porites_evermani_scaffold_751	187007	195082	gene-Peve_00040727	15.83710406	17
Porites_evermani_scaffold_7515	155	1528	gene-Peve_00040729	.	0
Porites_evermani_scaffold_752	5484	6900	gene-Peve_00040742	.	0
Porites_evermani_scaffold_752	9204	35836	gene-Peve_00040730	5.139301841	414
Porites_evermani_scaffold_752	47294	48553	gene-Peve_00040731	10.49242421	19
Porites_evermani_scaffold_752	54681	60366	gene-Peve_00040732	0.8203183907	151
Porites_evermani_scaffold_752	74708	75536	gene-Peve_00040733	0.2262443529	34
Porites_evermani_scaffold_752	81178	118297	gene-Peve_00040734	12.19817192	727
Porites_evermani_scaffold_752	121496	135438	gene-Peve_00040735	49.02129058	160
Porites_evermani_scaffold_752	144765	152591	gene-Peve_00040736	76.20338937	27
Porites_evermani_scaffold_752	153389	154984	gene-Peve_00040737	0.4618226552	29
Porites_evermani_scaffold_752	159138	164325	gene-Peve_00040738	41.84746948	42
Porites_evermani_scaffold_752	164416	165001	gene-Peve_00040739	2.4725275	6
Porites_evermani_scaffold_752	166929	169931	gene-Peve_00040740	67.8571425	2
Porites_evermani_scaffold_752	172042	178703	gene-Peve_00040741	17.21088438	21
Porites_evermani_scaffold_752	188006	188843	gene-Peve_00040743	0	32
Porites_evermani_scaffold_7520	17	591	gene-Peve_00040744	.	0
Porites_evermani_scaffold_7523	1080	2196	gene-Peve_00040745	2.922776097	31
Porites_evermani_scaffold_7527	574	982	gene-Peve_00040746	0	5
Porites_evermani_scaffold_753	4662	10336	gene-Peve_00040747	0.232727272	125
Porites_evermani_scaffold_753	19542	52424	gene-Peve_00040756	19.7548911	661
Porites_evermani_scaffold_753	58695	66980	gene-Peve_00040748	77.33816002	54
Porites_evermani_scaffold_753	75536	78790	gene-Peve_00040749	0.5341880333	30
Porites_evermani_scaffold_753	87621	88530	gene-Peve_00040750	1.456876455	11
Porites_evermani_scaffold_753	100507	101485	gene-Peve_00040751	0	2
Porites_evermani_scaffold_753	139653	140052	gene-Peve_00040752	0	4
Porites_evermani_scaffold_753	142228	145376	gene-Peve_00040753	56.19238677	44
Porites_evermani_scaffold_753	146991	161902	gene-Peve_00040754	0.4486825484	341
Porites_evermani_scaffold_753	167487	169538	gene-Peve_00040755	.	0
Porites_evermani_scaffold_753	176312	182472	gene-Peve_00040757	0.6309425445	191
Porites_evermani_scaffold_753	188689	194217	gene-Peve_00040758	24.77333796	152
Porites_evermani_scaffold_7532	2	1709	gene-Peve_00040759	3.103209909	33
Porites_evermani_scaffold_754	21159	22294	gene-Peve_00040768	0	25
Porites_evermani_scaffold_754	30812	59205	gene-Peve_00040761	52.24752645	392
Porites_evermani_scaffold_754	67448	71532	gene-Peve_00040762	0.2328042323	99
Porites_evermani_scaffold_754	98387	102001	gene-Peve_00040763	1.671311806	62
Porites_evermani_scaffold_754	109053	115685	gene-Peve_00040764	1.385695629	186
Porites_evermani_scaffold_754	138529	161335	gene-Peve_00040765	25.26523002	385
Porites_evermani_scaffold_754	178354	187099	gene-Peve_00040766	20.74418981	230
Porites_evermani_scaffold_754	189952	192455	gene-Peve_00040767	32.39703992	37
Porites_evermani_scaffold_7545	467	1831	gene-Peve_00040769	76.29897245	38
Porites_evermani_scaffold_755	12075	15615	gene-Peve_00040779	0.5208333125	16
Porites_evermani_scaffold_755	33755	35735	gene-Peve_00040770	6.079937451	51
Porites_evermani_scaffold_755	46776	47457	gene-Peve_00040772	0	21
Porites_evermani_scaffold_755	53227	63014	gene-Peve_00040773	0.9090909091	11
Porites_evermani_scaffold_755	97546	105663	gene-Peve_00040775	1.228632462	39
Porites_evermani_scaffold_755	134529	135609	gene-Peve_00040776	0	45
Porites_evermani_scaffold_755	137642	139758	gene-Peve_00040777	2.5	4
Porites_evermani_scaffold_755	151887	154812	gene-Peve_00040778	0	28
Porites_evermani_scaffold_755	167259	167943	gene-Peve_00040780	6.494833938	16
Porites_evermani_scaffold_755	173208	173565	gene-Peve_00040781	0	7
Porites_evermani_scaffold_755	178307	186715	gene-Peve_00040782	2.579010738	65
Porites_evermani_scaffold_7550	812	2082	gene-Peve_00040783	69.69696983	6
Porites_evermani_scaffold_756	490	21780	gene-Peve_00040784	1.580815105	95
Porites_evermani_scaffold_756	36403	51511	gene-Peve_00040793	40.9979533	178
Porites_evermani_scaffold_756	74552	80925	gene-Peve_00040785	57.45795833	126
Porites_evermani_scaffold_756	81105	116717	gene-Peve_00040786	13.60410947	673
Porites_evermani_scaffold_756	125855	137758	gene-Peve_00040787	1.126297947	322
Porites_evermani_scaffold_756	142231	155729	gene-Peve_00040788	71.04421701	141
Porites_evermani_scaffold_756	158688	159218	gene-Peve_00040790	45.151515	3
Porites_evermani_scaffold_756	162844	194218	gene-Peve_00040791	2.705419422	427
Porites_evermani_scaffold_7564	1046	2192	gene-Peve_00040794	0.2306079811	53
Porites_evermani_scaffold_757	5675	31498	gene-Peve_00040799	30.62668471	211
Porites_evermani_scaffold_757	22826	23629	gene-Peve_00040806	.	0
Porites_evermani_scaffold_757	35288	47494	gene-Peve_00040807	1.43026753	334
Porites_evermani_scaffold_757	80720	90776	gene-Peve_00040808	0.3141175686	299
Porites_evermani_scaffold_757	90893	98595	gene-Peve_00040809	34.77408204	156
Porites_evermani_scaffold_757	98697	107248	gene-Peve_00040810	18.36214309	111
Porites_evermani_scaffold_757	110058	110789	gene-Peve_00040796	0	24
Porites_evermani_scaffold_757	111492	123914	gene-Peve_00040797	0.4892577661	436
Porites_evermani_scaffold_757	114613	116107	gene-Peve_00040798	1.118346113	62
Porites_evermani_scaffold_757	125269	126805	gene-Peve_00040800	1.893091383	60
Porites_evermani_scaffold_757	128163	142777	gene-Peve_00040801	0.5682799399	383
Porites_evermani_scaffold_757	144427	145512	gene-Peve_00040802	0.2870370444	45
Porites_evermani_scaffold_757	149454	166688	gene-Peve_00040803	0.7681458526	468
Porites_evermani_scaffold_757	169213	170399	gene-Peve_00040804	0	28
Porites_evermani_scaffold_757	177518	178412	gene-Peve_00040805	.	0
Porites_evermani_scaffold_7573	1	1471	gene-Peve_00040811	.	0
Porites_evermani_scaffold_7575	222	1949	gene-Peve_00040812	78.28796213	8
Porites_evermani_scaffold_758	5174	13938	gene-Peve_00040813	.	0
Porites_evermani_scaffold_758	16751	23298	gene-Peve_00040819	.	0
Porites_evermani_scaffold_758	29389	38548	gene-Peve_00040821	24.03977608	148
Porites_evermani_scaffold_758	42038	48399	gene-Peve_00040822	0.3511852537	67
Porites_evermani_scaffold_758	52594	53422	gene-Peve_00040823	.	0
Porites_evermani_scaffold_758	74703	86437	gene-Peve_00040814	1.399873746	272
Porites_evermani_scaffold_758	88760	91331	gene-Peve_00040815	0.9857314273	110
Porites_evermani_scaffold_758	101991	113674	gene-Peve_00040816	1.465368742	275
Porites_evermani_scaffold_758	117954	128082	gene-Peve_00040817	0.6358697769	251
Porites_evermani_scaffold_758	137713	139448	gene-Peve_00040818	0.08417509091	44
Porites_evermani_scaffold_758	191022	194529	gene-Peve_00040820	0.6649981944	108
Porites_evermani_scaffold_759	5018	14358	gene-Peve_00040829	21.02622812	100
Porites_evermani_scaffold_759	14667	32255	gene-Peve_00040836	7.284118079	291
Porites_evermani_scaffold_759	48018	49869	gene-Peve_00040837	0	3
Porites_evermani_scaffold_759	54942	60434	gene-Peve_00040838	13.56964647	87
Porites_evermani_scaffold_759	65779	78666	gene-Peve_00040825	71.67747949	98
Porites_evermani_scaffold_759	73461	74256	gene-Peve_00040826	100	2
Porites_evermani_scaffold_759	90483	92046	gene-Peve_00040827	0.2227463396	53
Porites_evermani_scaffold_759	92342	101877	gene-Peve_00040828	0.1234567937	126
Porites_evermani_scaffold_759	111625	111963	gene-Peve_00040830	0	20
Porites_evermani_scaffold_759	114008	115692	gene-Peve_00040831	5.796394226	31
Porites_evermani_scaffold_759	119791	120901	gene-Peve_00040832	0	40
Porites_evermani_scaffold_759	134403	142250	gene-Peve_00040833	12.88911433	33
Porites_evermani_scaffold_759	178160	194076	gene-Peve_00040834	1.199740316	506
Porites_evermani_scaffold_7597	52	2126	gene-Peve_00040839	.	0
Porites_evermani_scaffold_76	17138	22141	gene-Peve_00040851	0.6903459078	141
Porites_evermani_scaffold_76	25234	29313	gene-Peve_00040866	0.5605156063	127
Porites_evermani_scaffold_76	35857	40984	gene-Peve_00040840	0.3723505194	129
Porites_evermani_scaffold_76	53099	54013	gene-Peve_00040849	0	5
Porites_evermani_scaffold_76	54483	55431	gene-Peve_00040850	3.24695364	25
Porites_evermani_scaffold_76	86818	92529	gene-Peve_00040852	0.546615781	137
Porites_evermani_scaffold_76	96987	124705	gene-Peve_00040853	62.70715942	159
Porites_evermani_scaffold_76	109380	109992	gene-Peve_00040854	.	0
Porites_evermani_scaffold_76	126531	129823	gene-Peve_00040855	39.94332616	43
Porites_evermani_scaffold_76	133708	141067	gene-Peve_00040856	53.46555353	36
Porites_evermani_scaffold_76	149786	197508	gene-Peve_00040857	7.348371555	917
Porites_evermani_scaffold_76	198913	205956	gene-Peve_00040858	32.58593993	76
Porites_evermani_scaffold_76	206029	206403	gene-Peve_00040859	0	4
Porites_evermani_scaffold_76	209938	223649	gene-Peve_00040860	32.99112176	220
Porites_evermani_scaffold_76	223921	227669	gene-Peve_00040861	36.28911141	29
Porites_evermani_scaffold_76	229665	230064	gene-Peve_00040862	0	11
Porites_evermani_scaffold_76	232419	233828	gene-Peve_00040863	0	30
Porites_evermani_scaffold_76	238164	239274	gene-Peve_00040864	0.7692307667	30
Porites_evermani_scaffold_76	244033	263025	gene-Peve_00040865	51.68298862	235
Porites_evermani_scaffold_76	270098	289927	gene-Peve_00040867	0.837944397	534
Porites_evermani_scaffold_76	294987	299320	gene-Peve_00040868	0.9412421212	99
Porites_evermani_scaffold_76	318655	322418	gene-Peve_00040869	0.6705567182	110
Porites_evermani_scaffold_76	327301	328670	gene-Peve_00040870	0	31
Porites_evermani_scaffold_76	352521	354178	gene-Peve_00040871	0	30
Porites_evermani_scaffold_76	357245	364754	gene-Peve_00040872	0.7907532731	216
Porites_evermani_scaffold_76	379256	384094	gene-Peve_00040873	0.06807352212	113
Porites_evermani_scaffold_76	387680	390308	gene-Peve_00040874	0.09970089831	59
Porites_evermani_scaffold_76	392663	422866	gene-Peve_00040841	7.81063092	672
Porites_evermani_scaffold_76	423078	434988	gene-Peve_00040842	12.62998121	144
Porites_evermani_scaffold_76	435793	493472	gene-Peve_00040843	7.828843459	1095
Porites_evermani_scaffold_76	505432	531374	gene-Peve_00040845	0.419667487	423
Porites_evermani_scaffold_76	537012	568174	gene-Peve_00040846	2.181996079	406
Porites_evermani_scaffold_76	573031	577449	gene-Peve_00040847	66.81176414	49
Porites_evermani_scaffold_76	579771	600759	gene-Peve_00040848	24.59855999	157
Porites_evermani_scaffold_760	1105	28269	gene-Peve_00040875	1.2050011	250
Porites_evermani_scaffold_760	40223	42979	gene-Peve_00040876	0	16
Porites_evermani_scaffold_760	46849	55113	gene-Peve_00040887	0	30
Porites_evermani_scaffold_760	58699	59628	gene-Peve_00040877	.	0
Porites_evermani_scaffold_760	66891	72194	gene-Peve_00040886	1.935940683	41
Porites_evermani_scaffold_760	78321	89145	gene-Peve_00040879	1.160564505	107
Porites_evermani_scaffold_760	92927	120198	gene-Peve_00040880	0.1950354574	94
Porites_evermani_scaffold_760	122164	153585	gene-Peve_00040882	0.2667591676	710
Porites_evermani_scaffold_760	163091	163409	gene-Peve_00040884	0.5	10
Porites_evermani_scaffold_760	191353	193260	gene-Peve_00040885	0.1751207667	60
Porites_evermani_scaffold_7601	96	1725	gene-Peve_00040888	0	6
Porites_evermani_scaffold_7604	42	1195	gene-Peve_00040889	44.63869467	6
Porites_evermani_scaffold_7608	66	1088	gene-Peve_00040890	0.3055555667	30
Porites_evermani_scaffold_761	22327	22887	gene-Peve_00040899	1.611721615	13
Porites_evermani_scaffold_761	29130	30062	gene-Peve_00040902	0.3460207647	17
Porites_evermani_scaffold_761	40354	50395	gene-Peve_00040903	0.4242476923	221
Porites_evermani_scaffold_761	53317	101504	gene-Peve_00040892	2.374982166	788
Porites_evermani_scaffold_761	74943	76188	gene-Peve_00040893	2.034079158	19
Porites_evermani_scaffold_761	99000	100266	gene-Peve_00040894	0	1
Porites_evermani_scaffold_761	123986	125232	gene-Peve_00040895	.	0
Porites_evermani_scaffold_761	136089	141723	gene-Peve_00040896	0	7
Porites_evermani_scaffold_761	162283	190719	gene-Peve_00040900	1.296503923	417
Porites_evermani_scaffold_761	166057	167462	gene-Peve_00040901	7.218151938	16
Porites_evermani_scaffold_762	101	3512	gene-Peve_00040904	0.9297233378	74
Porites_evermani_scaffold_762	7791	8767	gene-Peve_00040921	0	26
Porites_evermani_scaffold_762	11282	15129	gene-Peve_00040905	0	56
Porites_evermani_scaffold_762	22659	23322	gene-Peve_00040907	0.8903133889	18
Porites_evermani_scaffold_762	25936	41163	gene-Peve_00040908	0.7049742706	388
Porites_evermani_scaffold_762	45993	46971	gene-Peve_00040909	0	40
Porites_evermani_scaffold_762	52630	58408	gene-Peve_00040911	0.7110725604	91
Porites_evermani_scaffold_762	65925	73997	gene-Peve_00040912	0.919580425	40
Porites_evermani_scaffold_762	79170	82523	gene-Peve_00040913	.	0
Porites_evermani_scaffold_762	87368	93139	gene-Peve_00040914	0.7625452342	158
Porites_evermani_scaffold_762	100120	106844	gene-Peve_00040915	2.271223422	206
Porites_evermani_scaffold_762	110207	115053	gene-Peve_00040916	0.3159744552	134
Porites_evermani_scaffold_762	121003	121581	gene-Peve_00040917	0	13
Porites_evermani_scaffold_762	132934	133792	gene-Peve_00040918	0.3030303182	22
Porites_evermani_scaffold_762	138225	145770	gene-Peve_00040919	0.066666664	125
Porites_evermani_scaffold_762	145813	146167	gene-Peve_00040920	0	3
Porites_evermani_scaffold_762	152101	152458	gene-Peve_00040922	0	5
Porites_evermani_scaffold_762	165001	165937	gene-Peve_00040923	0.2028397586	29
Porites_evermani_scaffold_762	168667	176600	gene-Peve_00040924	0.9766904262	183
Porites_evermani_scaffold_762	178214	178967	gene-Peve_00040925	0	16
Porites_evermani_scaffold_762	183113	185168	gene-Peve_00040926	0.2509450759	79
Porites_evermani_scaffold_762	192059	193022	gene-Peve_00040927	0.4464285625	16
Porites_evermani_scaffold_7628	19	1728	gene-Peve_00040928	.	0
Porites_evermani_scaffold_763	21669	25409	gene-Peve_00040929	4.399436333	24
Porites_evermani_scaffold_763	25586	28367	gene-Peve_00040930	0	1
Porites_evermani_scaffold_763	40585	40989	gene-Peve_00040936	14.090909	2
Porites_evermani_scaffold_763	53977	57335	gene-Peve_00040937	5.410690026	39
Porites_evermani_scaffold_763	58645	59302	gene-Peve_00040938	.	0
Porites_evermani_scaffold_763	66184	82796	gene-Peve_00040939	0.6410256667	12
Porites_evermani_scaffold_763	87636	91567	gene-Peve_00040940	60.72826471	17
Porites_evermani_scaffold_763	92326	93056	gene-Peve_00040941	.	0
Porites_evermani_scaffold_763	100430	104405	gene-Peve_00040943	14.31124424	21
Porites_evermani_scaffold_763	111579	139463	gene-Peve_00040944	44.42435854	72
Porites_evermani_scaffold_763	150312	158261	gene-Peve_00040931	68.967903	9
Porites_evermani_scaffold_763	160978	168986	gene-Peve_00040932	.	0
Porites_evermani_scaffold_763	172831	181899	gene-Peve_00040933	0.3623188333	12
Porites_evermani_scaffold_763	192311	193025	gene-Peve_00040934	.	0
Porites_evermani_scaffold_7639	823	2151	gene-Peve_00040945	0.3046594815	27
Porites_evermani_scaffold_764	3169	27448	gene-Peve_00040946	13.76404275	419
Porites_evermani_scaffold_764	31820	45818	gene-Peve_00040949	7.522329541	196
Porites_evermani_scaffold_764	46134	47983	gene-Peve_00040952	29.66783213	15
Porites_evermani_scaffold_764	53549	59338	gene-Peve_00040959	0.3147329062	96
Porites_evermani_scaffold_764	56713	56997	gene-Peve_00040965	0.3761295385	13
Porites_evermani_scaffold_764	64399	65937	gene-Peve_00040966	0.3872863269	52
Porites_evermani_scaffold_764	76939	98753	gene-Peve_00040953	0.7617924356	326
Porites_evermani_scaffold_764	100464	104944	gene-Peve_00040947	44.70613398	41
Porites_evermani_scaffold_764	106521	112404	gene-Peve_00040948	0	125
Porites_evermani_scaffold_764	119248	121576	gene-Peve_00040950	0.09328358209	67
Porites_evermani_scaffold_764	125650	130064	gene-Peve_00040951	0.08741259091	88
Porites_evermani_scaffold_764	134192	134984	gene-Peve_00040954	1.569015026	39
Porites_evermani_scaffold_764	148697	149654	gene-Peve_00040955	0.1838235313	64
Porites_evermani_scaffold_764	152202	159697	gene-Peve_00040956	0.4545126941	219
Porites_evermani_scaffold_764	163735	164233	gene-Peve_00040957	0.7284382273	22
Porites_evermani_scaffold_764	167375	167867	gene-Peve_00040958	0	10
Porites_evermani_scaffold_764	170000	170429	gene-Peve_00040960	0	13
Porites_evermani_scaffold_764	174011	174983	gene-Peve_00040961	0.4181184634	41
Porites_evermani_scaffold_764	178315	179320	gene-Peve_00040962	0	26
Porites_evermani_scaffold_764	182834	183806	gene-Peve_00040963	0	9
Porites_evermani_scaffold_764	188567	193481	gene-Peve_00040964	1.670062891	137
Porites_evermani_scaffold_7644	820	1103	gene-Peve_00040968	.	0
Porites_evermani_scaffold_7645	351	841	gene-Peve_00040969	0.3508771579	19
Porites_evermani_scaffold_765	1292	17701	gene-Peve_00040970	1.012058284	243
Porites_evermani_scaffold_765	27293	59299	gene-Peve_00040979	34.7943604	473
Porites_evermani_scaffold_765	64552	66869	gene-Peve_00040971	0.5649252692	78
Porites_evermani_scaffold_765	79195	80834	gene-Peve_00040972	0.4656478621	58
Porites_evermani_scaffold_765	86115	137260	gene-Peve_00040973	14.15388066	781
Porites_evermani_scaffold_765	143831	147560	gene-Peve_00040974	0.4436572237	76
Porites_evermani_scaffold_765	162027	163011	gene-Peve_00040976	0.2941176471	34
Porites_evermani_scaffold_765	167944	176780	gene-Peve_00040977	8.074286714	185
Porites_evermani_scaffold_765	178407	185268	gene-Peve_00040978	0.6971682222	198
Porites_evermani_scaffold_7651	329	644	gene-Peve_00040980	.	0
Porites_evermani_scaffold_7653	1711	2125	gene-Peve_00040981	.	0
Porites_evermani_scaffold_766	5458	5920	gene-Peve_00040982	0	17
Porites_evermani_scaffold_766	43510	99704	gene-Peve_00040983	23.86689735	1021
Porites_evermani_scaffold_766	50482	50986	gene-Peve_00040984	0.9615385	8
Porites_evermani_scaffold_766	119910	159990	gene-Peve_00040986	20.13214538	745
Porites_evermani_scaffold_7660	384	1929	gene-Peve_00040991	.	0
Porites_evermani_scaffold_7667	623	1352	gene-Peve_00040992	0.2314814815	27
Porites_evermani_scaffold_7669	1220	1715	gene-Peve_00040993	0	16
Porites_evermani_scaffold_767	1674	4057	gene-Peve_00040997	.	0
Porites_evermani_scaffold_767	9419	11020	gene-Peve_00041001	2.939814824	34
Porites_evermani_scaffold_767	13741	78101	gene-Peve_00040994	2.047372683	1178
Porites_evermani_scaffold_767	61708	63460	gene-Peve_00040995	.	0
Porites_evermani_scaffold_767	125154	143651	gene-Peve_00040996	50.71378809	220
Porites_evermani_scaffold_767	168158	171818	gene-Peve_00040998	0.585555104	125
Porites_evermani_scaffold_767	174641	186809	gene-Peve_00040999	46.82897346	121
Porites_evermani_scaffold_767	188111	193166	gene-Peve_00041000	1.146829032	93
Porites_evermani_scaffold_7672	857	1937	gene-Peve_00041002	.	0
Porites_evermani_scaffold_7679	585	825	gene-Peve_00041003	.	0
Porites_evermani_scaffold_768	13001	26209	gene-Peve_00041013	0.3410872054	370
Porites_evermani_scaffold_768	33518	34889	gene-Peve_00041016	.	0
Porites_evermani_scaffold_768	44516	61508	gene-Peve_00041004	0.8528808857	210
Porites_evermani_scaffold_768	67084	69202	gene-Peve_00041005	1.054421786	14
Porites_evermani_scaffold_768	75432	87644	gene-Peve_00041006	52.71861473	70
Porites_evermani_scaffold_768	92774	93050	gene-Peve_00041007	.	0
Porites_evermani_scaffold_768	95528	104246	gene-Peve_00041008	18.55186482	44
Porites_evermani_scaffold_768	123143	125386	gene-Peve_00041009	1.180555542	24
Porites_evermani_scaffold_768	126103	141725	gene-Peve_00041010	3.615505906	127
Porites_evermani_scaffold_768	153745	155467	gene-Peve_00041011	0.696767	23
Porites_evermani_scaffold_768	155479	163231	gene-Peve_00041012	74.30883071	24
Porites_evermani_scaffold_768	164876	165715	gene-Peve_00041014	35.66433564	11
Porites_evermani_scaffold_768	168159	192244	gene-Peve_00041015	61.61121124	42
Porites_evermani_scaffold_7680	1638	1841	gene-Peve_00041017	.	0
Porites_evermani_scaffold_769	3024	6964	gene-Peve_00041018	0	18
Porites_evermani_scaffold_769	7709	23120	gene-Peve_00041022	0.4570293033	122
Porites_evermani_scaffold_769	22334	23783	gene-Peve_00041025	0	6
Porites_evermani_scaffold_769	24029	24341	gene-Peve_00041029	.	0
Porites_evermani_scaffold_769	27288	69226	gene-Peve_00041030	85.04462075	285
Porites_evermani_scaffold_769	72515	76086	gene-Peve_00041031	60.17546855	11
Porites_evermani_scaffold_769	78406	79138	gene-Peve_00041019	.	0
Porites_evermani_scaffold_769	80118	96385	gene-Peve_00041032	66.91733146	276
Porites_evermani_scaffold_769	98856	99732	gene-Peve_00041020	.	0
Porites_evermani_scaffold_769	104963	105917	gene-Peve_00041021	0.8049886667	42
Porites_evermani_scaffold_769	114825	117509	gene-Peve_00041023	0	13
Porites_evermani_scaffold_769	130653	139524	gene-Peve_00041024	0.1210653729	59
Porites_evermani_scaffold_769	146880	169424	gene-Peve_00041026	26.38639539	182
Porites_evermani_scaffold_77	25784	48606	gene-Peve_00041033	0.7009195793	309
Porites_evermani_scaffold_77	52102	83835	gene-Peve_00041045	0.3138675084	478
Porites_evermani_scaffold_77	84331	88110	gene-Peve_00041051	61.65089543	30
Porites_evermani_scaffold_77	93147	106524	gene-Peve_00041056	56.79821034	142
Porites_evermani_scaffold_77	111804	118354	gene-Peve_00041060	24.58372185	66
Porites_evermani_scaffold_77	121645	152373	gene-Peve_00041036	20.90046756	405
Porites_evermani_scaffold_77	152565	153237	gene-Peve_00041041	0	14
Porites_evermani_scaffold_77	155188	161727	gene-Peve_00041042	40.53882412	24
Porites_evermani_scaffold_77	167242	180330	gene-Peve_00041043	55.51085463	71
Porites_evermani_scaffold_77	183760	193776	gene-Peve_00041044	1.229408386	241
Porites_evermani_scaffold_77	197747	200894	gene-Peve_00041046	29.48694688	56
Porites_evermani_scaffold_77	204632	236071	gene-Peve_00041047	68.94007408	205
Porites_evermani_scaffold_77	238928	244673	gene-Peve_00041048	64.65888574	47
Porites_evermani_scaffold_77	257641	258817	gene-Peve_00041049	0.3989192727	66
Porites_evermani_scaffold_77	260733	262354	gene-Peve_00041050	0	46
Porites_evermani_scaffold_77	266459	271839	gene-Peve_00041052	0.2693824488	127
Porites_evermani_scaffold_77	278116	280573	gene-Peve_00041053	0	40
Porites_evermani_scaffold_77	287146	287664	gene-Peve_00041054	0	11
Porites_evermani_scaffold_77	288992	290114	gene-Peve_00041055	0	15
Porites_evermani_scaffold_77	293574	294435	gene-Peve_00041057	5.92948725	8
Porites_evermani_scaffold_77	296702	317659	gene-Peve_00041058	0.6597371769	520
Porites_evermani_scaffold_77	319764	337071	gene-Peve_00041059	0.6777028865	370
Porites_evermani_scaffold_77	341911	348960	gene-Peve_00041061	1.159822008	239
Porites_evermani_scaffold_77	354422	357844	gene-Peve_00041062	0.24358975	100
Porites_evermani_scaffold_77	386316	392961	gene-Peve_00041063	0.05112474233	163
Porites_evermani_scaffold_77	402336	403425	gene-Peve_00041064	0.1930501892	37
Porites_evermani_scaffold_77	412293	415588	gene-Peve_00041065	0.4700854875	80
Porites_evermani_scaffold_77	426241	442128	gene-Peve_00041066	16.23112089	209
Porites_evermani_scaffold_77	445075	458294	gene-Peve_00041067	21.21745901	190
Porites_evermani_scaffold_77	467258	480792	gene-Peve_00041069	28.57096788	167
Porites_evermani_scaffold_77	485481	500917	gene-Peve_00041070	0.6197133423	371
Porites_evermani_scaffold_77	507771	514461	gene-Peve_00041034	1.267642399	168
Porites_evermani_scaffold_77	524555	527237	gene-Peve_00041035	0.1644736857	70
Porites_evermani_scaffold_77	557471	572619	gene-Peve_00041037	2.142480412	311
Porites_evermani_scaffold_77	580434	587556	gene-Peve_00041038	.	0
Porites_evermani_scaffold_77	590241	591322	gene-Peve_00041039	.	0
Porites_evermani_scaffold_77	595736	599852	gene-Peve_00041040	0.36858975	48
Porites_evermani_scaffold_770	2091	6497	gene-Peve_00041071	76.48458305	38
Porites_evermani_scaffold_770	10334	10826	gene-Peve_00041078	0	20
Porites_evermani_scaffold_770	17807	18353	gene-Peve_00041079	0	17
Porites_evermani_scaffold_770	21672	32986	gene-Peve_00041080	0.670209548	281
Porites_evermani_scaffold_770	41078	46146	gene-Peve_00041081	76.84848487	15
Porites_evermani_scaffold_770	49994	53822	gene-Peve_00041072	94.42460317	12
Porites_evermani_scaffold_770	58684	69374	gene-Peve_00041073	2.121835317	249
Porites_evermani_scaffold_770	74919	79022	gene-Peve_00041074	0	9
Porites_evermani_scaffold_770	80293	80626	gene-Peve_00041075	.	0
Porites_evermani_scaffold_770	115518	163081	gene-Peve_00041076	5.820171477	283
Porites_evermani_scaffold_770	164595	191178	gene-Peve_00041077	0.5414223356	444
Porites_evermani_scaffold_771	4839	6005	gene-Peve_00041086	0.8264462727	11
Porites_evermani_scaffold_771	7595	8021	gene-Peve_00041096	.	0
Porites_evermani_scaffold_771	14541	15354	gene-Peve_00041097	0	22
Porites_evermani_scaffold_771	40764	48382	gene-Peve_00041083	0	12
Porites_evermani_scaffold_771	55269	55815	gene-Peve_00041084	0	7
Porites_evermani_scaffold_771	66602	69205	gene-Peve_00041085	0.4354401277	47
Porites_evermani_scaffold_771	83805	84167	gene-Peve_00041088	8.372183333	3
Porites_evermani_scaffold_771	111112	112537	gene-Peve_00041089	19.04938806	16
Porites_evermani_scaffold_771	133263	134040	gene-Peve_00041090	.	0
Porites_evermani_scaffold_771	141812	146073	gene-Peve_00041091	0.4357665974	77
Porites_evermani_scaffold_771	147157	153537	gene-Peve_00041092	0	39
Porites_evermani_scaffold_771	154929	155844	gene-Peve_00041093	0	34
Porites_evermani_scaffold_771	166208	169266	gene-Peve_00041094	0.2448638261	92
Porites_evermani_scaffold_771	175817	191793	gene-Peve_00041095	1.053593217	484
Porites_evermani_scaffold_7711	20	1647	gene-Peve_00041098	.	0
Porites_evermani_scaffold_7718	570	2238	gene-Peve_00041099	0	3
Porites_evermani_scaffold_772	10931	11666	gene-Peve_00041103	.	0
Porites_evermani_scaffold_772	15853	32752	gene-Peve_00041110	0.5536232	50
Porites_evermani_scaffold_772	28012	28802	gene-Peve_00041100	0	18
Porites_evermani_scaffold_772	60626	61393	gene-Peve_00041101	9.053702273	33
Porites_evermani_scaffold_772	92665	93634	gene-Peve_00041104	.	0
Porites_evermani_scaffold_772	95317	96254	gene-Peve_00041105	.	0
Porites_evermani_scaffold_772	96786	97969	gene-Peve_00041106	.	0
Porites_evermani_scaffold_772	111659	117613	gene-Peve_00041108	0	6
Porites_evermani_scaffold_772	118991	120617	gene-Peve_00041109	11.10583206	17
Porites_evermani_scaffold_772	136542	137790	gene-Peve_00041112	.	0
Porites_evermani_scaffold_772	139001	139559	gene-Peve_00041111	.	0
Porites_evermani_scaffold_772	177182	178501	gene-Peve_00041114	.	0
Porites_evermani_scaffold_7720	1428	1991	gene-Peve_00041115	12.7412555	10
Porites_evermani_scaffold_7723	1	1706	gene-Peve_00041116	.	0
Porites_evermani_scaffold_773	8610	22706	gene-Peve_00041120	2.671218723	274
Porites_evermani_scaffold_773	26524	30936	gene-Peve_00041124	0.3129100588	136
Porites_evermani_scaffold_773	41375	52235	gene-Peve_00041125	80.75451599	106
Porites_evermani_scaffold_773	54009	55167	gene-Peve_00041130	64.03660453	19
Porites_evermani_scaffold_773	57946	58870	gene-Peve_00041117	0.2608643243	37
Porites_evermani_scaffold_773	60625	61123	gene-Peve_00041119	0	15
Porites_evermani_scaffold_773	69124	70603	gene-Peve_00041121	0.7142857143	14
Porites_evermani_scaffold_773	75537	81624	gene-Peve_00041122	74.33983872	126
Porites_evermani_scaffold_773	81979	148591	gene-Peve_00041123	39.50699311	1218
Porites_evermani_scaffold_773	152288	158152	gene-Peve_00041126	67.16427259	83
Porites_evermani_scaffold_773	165158	165655	gene-Peve_00041127	0.8097165789	19
Porites_evermani_scaffold_773	179455	185585	gene-Peve_00041128	1.063671694	144
Porites_evermani_scaffold_773	191187	191514	gene-Peve_00041129	0	6
Porites_evermani_scaffold_7734	1430	2225	gene-Peve_00041131	93.40882956	9
Porites_evermani_scaffold_7737	729	2198	gene-Peve_00041132	0.1223990233	43
Porites_evermani_scaffold_774	3826	10423	gene-Peve_00041133	1.17130575	128
Porites_evermani_scaffold_774	14650	15181	gene-Peve_00041141	3.089817385	26
Porites_evermani_scaffold_774	22662	29913	gene-Peve_00041149	2.213314826	115
Porites_evermani_scaffold_774	44227	70656	gene-Peve_00041150	0.5308362276	369
Porites_evermani_scaffold_774	74911	94008	gene-Peve_00041134	8.691801173	283
Porites_evermani_scaffold_774	107265	111385	gene-Peve_00041136	0.396825381	21
Porites_evermani_scaffold_774	116693	124019	gene-Peve_00041137	69.06395108	38
Porites_evermani_scaffold_774	127607	130130	gene-Peve_00041138	41.43562573	26
Porites_evermani_scaffold_774	131135	133681	gene-Peve_00041139	66.31112364	14
Porites_evermani_scaffold_774	134705	135941	gene-Peve_00041140	0.458333325	40
Porites_evermani_scaffold_774	138243	139674	gene-Peve_00041142	43.01619431	13
Porites_evermani_scaffold_774	139838	147757	gene-Peve_00041143	20.42756755	182
Porites_evermani_scaffold_774	150188	155535	gene-Peve_00041144	65.22756271	38
Porites_evermani_scaffold_774	155923	160691	gene-Peve_00041145	26.50953797	88
Porites_evermani_scaffold_774	164000	172096	gene-Peve_00041146	75.3219454	58
Porites_evermani_scaffold_774	175089	177007	gene-Peve_00041147	60.51930221	29
Porites_evermani_scaffold_774	192565	192880	gene-Peve_00041148	.	0
Porites_evermani_scaffold_7748	257	1628	gene-Peve_00041151	0	15
Porites_evermani_scaffold_775	22667	36975	gene-Peve_00041156	0.5767976453	375
Porites_evermani_scaffold_775	39681	41905	gene-Peve_00041162	0.4811270526	57
Porites_evermani_scaffold_775	45180	48080	gene-Peve_00041163	0.09615384615	65
Porites_evermani_scaffold_775	59000	62045	gene-Peve_00041164	.	0
Porites_evermani_scaffold_775	72951	85590	gene-Peve_00041152	0.6739781063	301
Porites_evermani_scaffold_775	90090	94417	gene-Peve_00041153	0.1904985435	138
Porites_evermani_scaffold_775	98379	101378	gene-Peve_00041154	0.3090366522	46
Porites_evermani_scaffold_775	102254	125309	gene-Peve_00041155	10.34057098	590
Porites_evermani_scaffold_775	137981	146105	gene-Peve_00041157	0	5
Porites_evermani_scaffold_775	147651	156554	gene-Peve_00041158	55.8589744	10
Porites_evermani_scaffold_775	158332	161429	gene-Peve_00041159	0.6295991667	36
Porites_evermani_scaffold_775	166805	169106	gene-Peve_00041160	2.222222333	3
Porites_evermani_scaffold_775	171580	188449	gene-Peve_00041161	3.137566208	168
Porites_evermani_scaffold_7754	5	335	gene-Peve_00041166	0	8
Porites_evermani_scaffold_776	4789	8830	gene-Peve_00041167	25.72891312	74
Porites_evermani_scaffold_776	11754	12897	gene-Peve_00041176	0.7677218437	32
Porites_evermani_scaffold_776	21941	26064	gene-Peve_00041177	39.4047262	20
Porites_evermani_scaffold_776	65603	84109	gene-Peve_00041178	19.21029684	274
Porites_evermani_scaffold_776	96651	106923	gene-Peve_00041168	1.251674918	245
Porites_evermani_scaffold_776	110900	116579	gene-Peve_00041169	17.80680306	84
Porites_evermani_scaffold_776	120137	124077	gene-Peve_00041170	65.69259649	67
Porites_evermani_scaffold_776	126364	132465	gene-Peve_00041171	59.97403051	59
Porites_evermani_scaffold_776	136580	140115	gene-Peve_00041172	1.775341409	44
Porites_evermani_scaffold_776	146897	151327	gene-Peve_00041173	0	8
Porites_evermani_scaffold_776	186083	188661	gene-Peve_00041175	0	18
Porites_evermani_scaffold_7769	909	1641	gene-Peve_00041179	.	0
Porites_evermani_scaffold_777	5503	9517	gene-Peve_00041184	4.828781955	269
Porites_evermani_scaffold_777	10630	11299	gene-Peve_00041181	1.77326325	28
Porites_evermani_scaffold_777	11640	12024	gene-Peve_00041182	.	0
Porites_evermani_scaffold_777	13332	17307	gene-Peve_00041183	2.623656887	71
Porites_evermani_scaffold_777	19430	20966	gene-Peve_00041185	.	0
Porites_evermani_scaffold_777	25922	27464	gene-Peve_00041186	0.1602564103	39
Porites_evermani_scaffold_777	32033	46230	gene-Peve_00041187	12.84423339	279
Porites_evermani_scaffold_777	47003	47680	gene-Peve_00041188	0.3205128333	24
Porites_evermani_scaffold_777	68357	74047	gene-Peve_00041189	39.22276153	55
Porites_evermani_scaffold_777	92743	93875	gene-Peve_00041192	0.3787878636	22
Porites_evermani_scaffold_777	93993	97408	gene-Peve_00041193	0.1785714286	84
Porites_evermani_scaffold_777	101951	103570	gene-Peve_00041194	0.1831501905	42
Porites_evermani_scaffold_777	107402	134871	gene-Peve_00041191	0.93716354	800
Porites_evermani_scaffold_777	135293	137339	gene-Peve_00041195	0	67
Porites_evermani_scaffold_777	138678	146086	gene-Peve_00041190	1.303937868	182
Porites_evermani_scaffold_777	163880	164198	gene-Peve_00041196	0	7
Porites_evermani_scaffold_777	174726	175069	gene-Peve_00041198	0	14
Porites_evermani_scaffold_777	180247	182326	gene-Peve_00041199	0	44
Porites_evermani_scaffold_7776	29	2081	gene-Peve_00041200	90.11795344	16
Porites_evermani_scaffold_7778	885	2022	gene-Peve_00041201	1.58276858	69
Porites_evermani_scaffold_778	337	11849	gene-Peve_00041202	21.51029528	39
Porites_evermani_scaffold_778	12041	12899	gene-Peve_00041210	2.338603391	23
Porites_evermani_scaffold_778	13181	17273	gene-Peve_00041224	13.67702721	71
Porites_evermani_scaffold_778	18723	26355	gene-Peve_00041225	37.0116863	91
Porites_evermani_scaffold_778	26421	28204	gene-Peve_00041226	6.770833312	16
Porites_evermani_scaffold_778	30887	32024	gene-Peve_00041203	0.1976284565	46
Porites_evermani_scaffold_778	34987	37132	gene-Peve_00041204	.	0
Porites_evermani_scaffold_778	40970	41663	gene-Peve_00041205	.	0
Porites_evermani_scaffold_778	43708	44845	gene-Peve_00041206	.	0
Porites_evermani_scaffold_778	47286	48981	gene-Peve_00041208	67.68003917	6
Porites_evermani_scaffold_778	51490	55341	gene-Peve_00041209	0.69044288	75
Porites_evermani_scaffold_778	61179	61771	gene-Peve_00041211	3.2081133	20
Porites_evermani_scaffold_778	61838	63209	gene-Peve_00041212	2.137811818	66
Porites_evermani_scaffold_778	66442	74436	gene-Peve_00041213	2.012965587	155
Porites_evermani_scaffold_778	82103	82448	gene-Peve_00041214	.	0
Porites_evermani_scaffold_778	82981	83420	gene-Peve_00041215	.	0
Porites_evermani_scaffold_778	83454	84138	gene-Peve_00041216	.	0
Porites_evermani_scaffold_778	99262	133974	gene-Peve_00041217	16.60927441	299
Porites_evermani_scaffold_778	134284	134695	gene-Peve_00041218	.	0
Porites_evermani_scaffold_778	137236	137647	gene-Peve_00041219	.	0
Porites_evermani_scaffold_778	140548	143795	gene-Peve_00041220	31.57894737	19
Porites_evermani_scaffold_778	146541	147874	gene-Peve_00041221	0	21
Porites_evermani_scaffold_778	157519	159556	gene-Peve_00041222	.	0
Porites_evermani_scaffold_778	171440	191810	gene-Peve_00041223	7.948460848	191
Porites_evermani_scaffold_7783	0	375	gene-Peve_00041227	.	0
Porites_evermani_scaffold_779	28565	33425	gene-Peve_00041231	0.3467666392	97
Porites_evermani_scaffold_779	48297	48891	gene-Peve_00041235	0	16
Porites_evermani_scaffold_779	49380	49770	gene-Peve_00041238	.	0
Porites_evermani_scaffold_779	50222	50732	gene-Peve_00041241	2.670940167	6
Porites_evermani_scaffold_779	63278	69829	gene-Peve_00041229	0.6773771558	199
Porites_evermani_scaffold_779	88526	110486	gene-Peve_00041230	0.9086847562	402
Porites_evermani_scaffold_779	109227	109854	gene-Peve_00041232	7.258437667	21
Porites_evermani_scaffold_779	120491	124763	gene-Peve_00041228	0.8325855	108
Porites_evermani_scaffold_779	130014	131347	gene-Peve_00041233	0.3799675	40
Porites_evermani_scaffold_779	137471	140882	gene-Peve_00041234	0.3539882529	87
Porites_evermani_scaffold_779	147256	153924	gene-Peve_00041236	38.41439029	93
Porites_evermani_scaffold_779	153998	169493	gene-Peve_00041237	27.0936227	224
Porites_evermani_scaffold_779	170822	191220	gene-Peve_00041239	3.119008032	31
Porites_evermani_scaffold_78	1286	24571	gene-Peve_00041242	29.57411763	450
Porites_evermani_scaffold_78	28134	40493	gene-Peve_00041271	68.62296996	92
Porites_evermani_scaffold_78	43181	45522	gene-Peve_00041283	0	20
Porites_evermani_scaffold_78	52431	53884	gene-Peve_00041249	0	42
Porites_evermani_scaffold_78	59166	61064	gene-Peve_00041252	0.5665168261	69
Porites_evermani_scaffold_78	62476	63817	gene-Peve_00041259	.	0
Porites_evermani_scaffold_78	64580	65498	gene-Peve_00041263	0.5193001591	44
Porites_evermani_scaffold_78	68251	86165	gene-Peve_00041264	0.8249178919	509
Porites_evermani_scaffold_78	71513	74137	gene-Peve_00041265	0.1922849302	43
Porites_evermani_scaffold_78	98308	101350	gene-Peve_00041266	0.6767870149	67
Porites_evermani_scaffold_78	123080	131164	gene-Peve_00041267	41.8520389	160
Porites_evermani_scaffold_78	131268	150516	gene-Peve_00041268	25.84265039	292
Porites_evermani_scaffold_78	159259	181184	gene-Peve_00041270	14.51709608	484
Porites_evermani_scaffold_78	183170	184336	gene-Peve_00041272	5.151598114	35
Porites_evermani_scaffold_78	186119	187676	gene-Peve_00041273	7.089245417	48
Porites_evermani_scaffold_78	199345	201325	gene-Peve_00041274	1.5625	4
Porites_evermani_scaffold_78	201919	203205	gene-Peve_00041277	31.29323172	18
Porites_evermani_scaffold_78	203173	205318	gene-Peve_00041276	15.5726735	28
Porites_evermani_scaffold_78	205328	205973	gene-Peve_00041278	20.48611521	14
Porites_evermani_scaffold_78	218328	218709	gene-Peve_00041284	2.08333325	4
Porites_evermani_scaffold_78	269639	272580	gene-Peve_00041285	0	50
Porites_evermani_scaffold_78	279778	283755	gene-Peve_00041286	0.2394775094	106
Porites_evermani_scaffold_78	286712	297871	gene-Peve_00041243	0.7276286376	218
Porites_evermani_scaffold_78	298818	320040	gene-Peve_00041244	23.85019273	316
Porites_evermani_scaffold_78	320374	323403	gene-Peve_00041245	68.0561755	56
Porites_evermani_scaffold_78	325106	325784	gene-Peve_00041246	11.73878212	16
Porites_evermani_scaffold_78	329121	330276	gene-Peve_00041247	0	33
Porites_evermani_scaffold_78	332715	353941	gene-Peve_00041248	22.99483004	356
Porites_evermani_scaffold_78	370730	385941	gene-Peve_00041250	0.7899857842	380
Porites_evermani_scaffold_78	375335	376448	gene-Peve_00041251	0.4166666667	24
Porites_evermani_scaffold_78	437081	444010	gene-Peve_00041253	0.768987652	227
Porites_evermani_scaffold_78	439796	448934	gene-Peve_00041254	0.695327373	319
Porites_evermani_scaffold_78	440240	441923	gene-Peve_00041255	1.693812545	66
Porites_evermani_scaffold_78	460110	461181	gene-Peve_00041256	1.827163893	28
Porites_evermani_scaffold_78	468004	498510	gene-Peve_00041257	0.3334729759	747
Porites_evermani_scaffold_78	522659	539229	gene-Peve_00041258	0.2865879369	206
Porites_evermani_scaffold_78	553394	554150	gene-Peve_00041260	0.3862151111	27
Porites_evermani_scaffold_78	558148	565807	gene-Peve_00041261	0.1766404968	155
Porites_evermani_scaffold_78	588332	588866	gene-Peve_00041262	0.9611993333	15
Porites_evermani_scaffold_780	1272	9409	gene-Peve_00041287	78.9946165	36
Porites_evermani_scaffold_780	17364	27416	gene-Peve_00041290	88.17649592	49
Porites_evermani_scaffold_780	31147	35337	gene-Peve_00041299	72.26574	64
Porites_evermani_scaffold_780	38413	65277	gene-Peve_00041300	0.338327578	218
Porites_evermani_scaffold_780	71801	72589	gene-Peve_00041288	.	0
Porites_evermani_scaffold_780	86199	87527	gene-Peve_00041289	0	34
Porites_evermani_scaffold_780	99449	109626	gene-Peve_00041291	0.2624602392	301
Porites_evermani_scaffold_780	118517	123660	gene-Peve_00041292	0.3182625865	104
Porites_evermani_scaffold_780	124917	130817	gene-Peve_00041293	32.31552451	122
Porites_evermani_scaffold_780	135382	142493	gene-Peve_00041294	0.8939407701	174
Porites_evermani_scaffold_780	147497	152704	gene-Peve_00041295	61.03290018	82
Porites_evermani_scaffold_780	152744	164852	gene-Peve_00041296	29.45846645	83
Porites_evermani_scaffold_780	172054	182260	gene-Peve_00041297	70.17660274	38
Porites_evermani_scaffold_780	189259	191261	gene-Peve_00041298	100	1
Porites_evermani_scaffold_7801	0	1733	gene-Peve_00041301	32.97286048	21
Porites_evermani_scaffold_7805	1073	2171	gene-Peve_00041302	.	0
Porites_evermani_scaffold_781	30	14850	gene-Peve_00041303	86.75577105	42
Porites_evermani_scaffold_781	15965	19409	gene-Peve_00041308	0.6222943571	28
Porites_evermani_scaffold_781	20007	29451	gene-Peve_00041312	34.59564348	54
Porites_evermani_scaffold_781	31446	34318	gene-Peve_00041321	74.70862483	6
Porites_evermani_scaffold_781	36065	42658	gene-Peve_00041323	52.78596404	28
Porites_evermani_scaffold_781	42693	44797	gene-Peve_00041322	40	5
Porites_evermani_scaffold_781	45246	50330	gene-Peve_00041304	95	2
Porites_evermani_scaffold_781	56396	60809	gene-Peve_00041305	96.21212129	7
Porites_evermani_scaffold_781	56913	57319	gene-Peve_00041306	.	0
Porites_evermani_scaffold_781	64918	75512	gene-Peve_00041307	70.07936064	39
Porites_evermani_scaffold_781	77082	85670	gene-Peve_00041309	83.79044222	55
Porites_evermani_scaffold_781	87476	89071	gene-Peve_00041310	57.65474712	17
Porites_evermani_scaffold_781	98080	112686	gene-Peve_00041311	19.01414074	280
Porites_evermani_scaffold_781	117711	121643	gene-Peve_00041313	54.66615645	47
Porites_evermani_scaffold_781	122681	127387	gene-Peve_00041314	58.76465947	34
Porites_evermani_scaffold_781	127674	135841	gene-Peve_00041315	72.05930621	66
Porites_evermani_scaffold_781	136819	137479	gene-Peve_00041316	1.604278067	15
Porites_evermani_scaffold_781	144001	156694	gene-Peve_00041317	2.009768294	180
Porites_evermani_scaffold_781	158393	158642	gene-Peve_00041318	6.629318429	7
Porites_evermani_scaffold_781	161652	170700	gene-Peve_00041319	27.99863997	138
Porites_evermani_scaffold_781	170996	187876	gene-Peve_00041320	8.095643922	410
Porites_evermani_scaffold_7813	1	1726	gene-Peve_00041324	.	0
Porites_evermani_scaffold_782	2389	5004	gene-Peve_00041325	0.1461988246	57
Porites_evermani_scaffold_782	12715	17551	gene-Peve_00041340	0.2151140988	81
Porites_evermani_scaffold_782	25472	29270	gene-Peve_00041331	2.190082636	22
Porites_evermani_scaffold_782	35018	38649	gene-Peve_00041326	0.4144747439	82
Porites_evermani_scaffold_782	43725	44592	gene-Peve_00041327	0.1915708966	29
Porites_evermani_scaffold_782	51742	55327	gene-Peve_00041328	19.53938658	24
Porites_evermani_scaffold_782	59373	61556	gene-Peve_00041329	0.1403508772	57
Porites_evermani_scaffold_782	66344	71857	gene-Peve_00041330	0.6134053056	72
Porites_evermani_scaffold_782	74313	78765	gene-Peve_00041332	1.048863421	114
Porites_evermani_scaffold_782	96006	96419	gene-Peve_00041333	1.923077	8
Porites_evermani_scaffold_782	97913	101580	gene-Peve_00041334	0.4099830727	110
Porites_evermani_scaffold_782	106212	109151	gene-Peve_00041335	0	3
Porites_evermani_scaffold_782	111880	112303	gene-Peve_00041336	0	2
Porites_evermani_scaffold_782	112654	113401	gene-Peve_00041337	.	0
Porites_evermani_scaffold_782	130799	131707	gene-Peve_00041341	15.55398847	17
Porites_evermani_scaffold_782	140114	140771	gene-Peve_00041342	1.5625	8
Porites_evermani_scaffold_782	147028	147973	gene-Peve_00041344	0	1
Porites_evermani_scaffold_782	181406	185018	gene-Peve_00041345	0	8
Porites_evermani_scaffold_782	190575	191025	gene-Peve_00041346	.	0
Porites_evermani_scaffold_783	2809	3801	gene-Peve_00041347	.	0
Porites_evermani_scaffold_783	37865	38252	gene-Peve_00041349	0	1
Porites_evermani_scaffold_783	38393	38636	gene-Peve_00041350	.	0
Porites_evermani_scaffold_783	51197	79254	gene-Peve_00041348	0.4390299701	402
Porites_evermani_scaffold_783	84240	84733	gene-Peve_00041353	0.5952380833	12
Porites_evermani_scaffold_783	100763	103736	gene-Peve_00041354	0.2882659518	83
Porites_evermani_scaffold_783	105550	129953	gene-Peve_00041355	42.94133476	375
Porites_evermani_scaffold_783	130146	155985	gene-Peve_00041356	6.890756919	479
Porites_evermani_scaffold_783	157980	159331	gene-Peve_00041358	0	10
Porites_evermani_scaffold_783	162038	168902	gene-Peve_00041357	0.5195386055	109
Porites_evermani_scaffold_783	178419	184319	gene-Peve_00041359	1.362935782	142
Porites_evermani_scaffold_7835	179	728	gene-Peve_00041360	.	0
Porites_evermani_scaffold_7838	166	1929	gene-Peve_00041361	1.45180022	41
Porites_evermani_scaffold_784	376	844	gene-Peve_00041362	.	0
Porites_evermani_scaffold_784	1947	2802	gene-Peve_00041363	.	0
Porites_evermani_scaffold_784	9087	11291	gene-Peve_00041375	.	0
Porites_evermani_scaffold_784	34278	36868	gene-Peve_00041364	44.84460024	72
Porites_evermani_scaffold_784	39103	39820	gene-Peve_00041365	57.97820718	28
Porites_evermani_scaffold_784	49675	54574	gene-Peve_00041366	0	3
Porites_evermani_scaffold_784	82211	94668	gene-Peve_00041367	13.33333331	13
Porites_evermani_scaffold_784	103279	105409	gene-Peve_00041368	.	0
Porites_evermani_scaffold_784	127428	129219	gene-Peve_00041369	.	0
Porites_evermani_scaffold_784	129835	132446	gene-Peve_00041370	0	13
Porites_evermani_scaffold_784	141807	145482	gene-Peve_00041371	.	0
Porites_evermani_scaffold_784	148435	152427	gene-Peve_00041372	7.665408524	21
Porites_evermani_scaffold_784	153391	154084	gene-Peve_00041373	.	0
Porites_evermani_scaffold_784	171662	187704	gene-Peve_00041374	5.246241689	212
Porites_evermani_scaffold_7841	1551	2136	gene-Peve_00041376	.	0
Porites_evermani_scaffold_7847	343	1544	gene-Peve_00041377	0	4
Porites_evermani_scaffold_785	6046	6786	gene-Peve_00041378	.	0
Porites_evermani_scaffold_785	31491	35220	gene-Peve_00041379	.	0
Porites_evermani_scaffold_785	35409	37890	gene-Peve_00041380	.	0
Porites_evermani_scaffold_785	42748	43669	gene-Peve_00041381	.	0
Porites_evermani_scaffold_785	44857	74264	gene-Peve_00041382	20.51690824	231
Porites_evermani_scaffold_785	74369	78428	gene-Peve_00041383	8.062089432	44
Porites_evermani_scaffold_785	81239	81734	gene-Peve_00041384	1.298701286	7
Porites_evermani_scaffold_785	84212	87445	gene-Peve_00041385	0	38
Porites_evermani_scaffold_785	91361	93112	gene-Peve_00041386	0.3478805714	42
Porites_evermani_scaffold_785	96288	98322	gene-Peve_00041387	0.2032214384	73
Porites_evermani_scaffold_785	101121	112482	gene-Peve_00041389	0.3503394809	262
Porites_evermani_scaffold_785	119511	127148	gene-Peve_00041390	0.7449281706	211
Porites_evermani_scaffold_785	130428	135808	gene-Peve_00041388	1.546214947	152
Porites_evermani_scaffold_785	146439	148245	gene-Peve_00041391	0.4542824167	48
Porites_evermani_scaffold_785	152397	154349	gene-Peve_00041392	0	16
Porites_evermani_scaffold_785	167479	169070	gene-Peve_00041393	1.277056286	28
Porites_evermani_scaffold_785	186398	188459	gene-Peve_00041394	0.3056884561	57
Porites_evermani_scaffold_7857	212	578	gene-Peve_00041395	0	2
Porites_evermani_scaffold_786	8049	8668	gene-Peve_00041410	72.727273	1
Porites_evermani_scaffold_786	9225	11089	gene-Peve_00041413	63.5798189	10
Porites_evermani_scaffold_786	13592	17823	gene-Peve_00041418	46.42740727	104
Porites_evermani_scaffold_786	22510	23241	gene-Peve_00041404	84.27059135	20
Porites_evermani_scaffold_786	37597	39023	gene-Peve_00041406	54.47469905	19
Porites_evermani_scaffold_786	39328	40610	gene-Peve_00041407	15.62577255	11
Porites_evermani_scaffold_786	40594	41077	gene-Peve_00041408	55.66819559	17
Porites_evermani_scaffold_786	49522	49984	gene-Peve_00041409	24.42554564	11
Porites_evermani_scaffold_786	75665	76324	gene-Peve_00041412	73.71675707	14
Porites_evermani_scaffold_786	77091	77374	gene-Peve_00041414	27.12712473	15
Porites_evermani_scaffold_786	80920	81418	gene-Peve_00041415	44.2933634	5
Porites_evermani_scaffold_786	85422	89389	gene-Peve_00041416	76.22444609	133
Porites_evermani_scaffold_786	93627	94426	gene-Peve_00041417	79.76670516	25
Porites_evermani_scaffold_786	102468	103116	gene-Peve_00041419	.	0
Porites_evermani_scaffold_786	118645	126960	gene-Peve_00041422	33.83793149	84
Porites_evermani_scaffold_786	123497	125624	gene-Peve_00041423	19.82871074	19
Porites_evermani_scaffold_786	133590	136886	gene-Peve_00041424	71.07202376	46
Porites_evermani_scaffold_786	145894	147439	gene-Peve_00041425	65.55269146	28
Porites_evermani_scaffold_786	148352	149945	gene-Peve_00041426	63.44324931	13
Porites_evermani_scaffold_786	159314	159692	gene-Peve_00041397	65.60606067	3
Porites_evermani_scaffold_786	159885	161318	gene-Peve_00041398	21.7808303	10
Porites_evermani_scaffold_786	162600	162978	gene-Peve_00041399	.	0
Porites_evermani_scaffold_786	168349	170289	gene-Peve_00041400	64.59588948	46
Porites_evermani_scaffold_786	176325	183189	gene-Peve_00041401	33.74033367	6
Porites_evermani_scaffold_786	184053	185202	gene-Peve_00041402	64.93839952	21
Porites_evermani_scaffold_786	186697	187632	gene-Peve_00041403	68.13348622	18
Porites_evermani_scaffold_787	635	4102	gene-Peve_00041427	0.1567705309	81
Porites_evermani_scaffold_787	23321	44856	gene-Peve_00041429	0.2730294444	135
Porites_evermani_scaffold_787	50041	53737	gene-Peve_00041443	0.3959968372	43
Porites_evermani_scaffold_787	56996	62330	gene-Peve_00041444	.	0
Porites_evermani_scaffold_787	65056	72206	gene-Peve_00041428	.	0
Porites_evermani_scaffold_787	74316	78021	gene-Peve_00041430	.	0
Porites_evermani_scaffold_787	79241	81262	gene-Peve_00041431	6.968078105	19
Porites_evermani_scaffold_787	82296	85540	gene-Peve_00041432	0	3
Porites_evermani_scaffold_787	90712	99677	gene-Peve_00041434	0.4748364974	193
Porites_evermani_scaffold_787	92239	94193	gene-Peve_00041433	0.1644736842	38
Porites_evermani_scaffold_787	101395	112228	gene-Peve_00041435	0.2255639079	76
Porites_evermani_scaffold_787	115159	117175	gene-Peve_00041436	0.1400560238	42
Porites_evermani_scaffold_787	130323	145046	gene-Peve_00041437	16.04404191	191
Porites_evermani_scaffold_787	149497	158630	gene-Peve_00041438	0.4126933636	143
Porites_evermani_scaffold_787	161757	164556	gene-Peve_00041439	.	0
Porites_evermani_scaffold_787	168349	170190	gene-Peve_00041440	1.118827167	18
Porites_evermani_scaffold_787	182135	182855	gene-Peve_00041441	0.5347593529	17
Porites_evermani_scaffold_787	186931	190140	gene-Peve_00041442	65.51013619	36
Porites_evermani_scaffold_788	1	12614	gene-Peve_00041445	75.73283864	14
Porites_evermani_scaffold_788	29724	30837	gene-Peve_00041451	0.8695652174	23
Porites_evermani_scaffold_788	33093	77712	gene-Peve_00041452	0.6671454132	559
Porites_evermani_scaffold_788	82190	89246	gene-Peve_00041446	0.1336898382	68
Porites_evermani_scaffold_788	103004	106237	gene-Peve_00041447	0.132275127	63
Porites_evermani_scaffold_788	107601	109191	gene-Peve_00041448	22.90249433	21
Porites_evermani_scaffold_788	113216	190147	gene-Peve_00041449	18.88082569	1403
Porites_evermani_scaffold_789	1626	28854	gene-Peve_00041454	36.74607222	199
Porites_evermani_scaffold_789	43483	59672	gene-Peve_00041463	43.70638483	318
Porites_evermani_scaffold_789	62381	78380	gene-Peve_00041464	43.66883123	22
Porites_evermani_scaffold_789	85238	91415	gene-Peve_00041466	70.3468798	49
Porites_evermani_scaffold_789	92529	93809	gene-Peve_00041465	0	7
Porites_evermani_scaffold_789	96094	98577	gene-Peve_00041455	0.1420454531	64
Porites_evermani_scaffold_789	107936	111675	gene-Peve_00041456	1.21576715	113
Porites_evermani_scaffold_789	120992	123979	gene-Peve_00041457	0.106303956	91
Porites_evermani_scaffold_789	127281	130208	gene-Peve_00041458	0.6822458182	88
Porites_evermani_scaffold_789	134731	141452	gene-Peve_00041460	0.6913347544	57
Porites_evermani_scaffold_789	150175	160358	gene-Peve_00041461	0.6416613984	246
Porites_evermani_scaffold_789	180885	184836	gene-Peve_00041462	0.09182736364	99
Porites_evermani_scaffold_7890	522	1194	gene-Peve_00041467	.	0
Porites_evermani_scaffold_79	19632	20394	gene-Peve_00041489	3.229791094	32
Porites_evermani_scaffold_79	23585	43278	gene-Peve_00041499	11.95922357	365
Porites_evermani_scaffold_79	49265	88431	gene-Peve_00041469	14.52270121	712
Porites_evermani_scaffold_79	63487	65066	gene-Peve_00041477	5	2
Porites_evermani_scaffold_79	65753	67278	gene-Peve_00041484	.	0
Porites_evermani_scaffold_79	90487	92941	gene-Peve_00041485	0.4200439	90
Porites_evermani_scaffold_79	97383	117735	gene-Peve_00041486	41.15682334	311
Porites_evermani_scaffold_79	130447	136745	gene-Peve_00041487	28.69686116	91
Porites_evermani_scaffold_79	142738	150956	gene-Peve_00041488	72.8286487	169
Porites_evermani_scaffold_79	158843	178755	gene-Peve_00041490	12.34528204	356
Porites_evermani_scaffold_79	181362	191216	gene-Peve_00041491	68.91991147	152
Porites_evermani_scaffold_79	199927	210892	gene-Peve_00041492	35.865978	74
Porites_evermani_scaffold_79	211534	224085	gene-Peve_00041493	32.02938314	35
Porites_evermani_scaffold_79	226738	229654	gene-Peve_00041494	0.2380952333	30
Porites_evermani_scaffold_79	245450	276307	gene-Peve_00041495	5.540077772	101
Porites_evermani_scaffold_79	278419	280453	gene-Peve_00041500	.	0
Porites_evermani_scaffold_79	280998	281757	gene-Peve_00041502	.	0
Porites_evermani_scaffold_79	282399	282762	gene-Peve_00041501	.	0
Porites_evermani_scaffold_79	304049	335575	gene-Peve_00041498	0.4706228321	280
Porites_evermani_scaffold_79	355881	369200	gene-Peve_00041504	0.4630344194	31
Porites_evermani_scaffold_79	373746	374565	gene-Peve_00041468	.	0
Porites_evermani_scaffold_79	385965	386283	gene-Peve_00041471	.	0
Porites_evermani_scaffold_79	391518	397882	gene-Peve_00041476	0.5085784375	64
Porites_evermani_scaffold_79	408249	410414	gene-Peve_00041472	.	0
Porites_evermani_scaffold_79	428335	430193	gene-Peve_00041473	.	0
Porites_evermani_scaffold_79	434553	443931	gene-Peve_00041474	0	8
Porites_evermani_scaffold_79	445202	488374	gene-Peve_00041475	17.38799325	272
Porites_evermani_scaffold_79	489067	506590	gene-Peve_00041478	61.76080997	112
Porites_evermani_scaffold_79	511638	520221	gene-Peve_00041479	11.45160581	37
Porites_evermani_scaffold_79	525249	527263	gene-Peve_00041480	.	0
Porites_evermani_scaffold_79	557556	559089	gene-Peve_00041481	0.7164404118	34
Porites_evermani_scaffold_79	569988	585773	gene-Peve_00041482	24.08901605	289
Porites_evermani_scaffold_79	588348	599099	gene-Peve_00041483	48.3831391	124
Porites_evermani_scaffold_790	29	11426	gene-Peve_00041505	0.652173913	46
Porites_evermani_scaffold_790	9283	16302	gene-Peve_00041510	0.8910697059	68
Porites_evermani_scaffold_790	27206	34684	gene-Peve_00041513	1.185770739	23
Porites_evermani_scaffold_790	53843	60389	gene-Peve_00041514	5.949731679	28
Porites_evermani_scaffold_790	79078	80795	gene-Peve_00041506	0	5
Porites_evermani_scaffold_790	90205	97710	gene-Peve_00041507	88.41427397	31
Porites_evermani_scaffold_790	99659	100701	gene-Peve_00041508	0.8333333333	12
Porites_evermani_scaffold_790	101223	126727	gene-Peve_00041509	47.82028806	154
Porites_evermani_scaffold_790	130378	132010	gene-Peve_00041511	.	0
Porites_evermani_scaffold_790	139313	140103	gene-Peve_00041512	5.333570857	14
Porites_evermani_scaffold_791	2565	4265	gene-Peve_00041515	67.0496102	30
Porites_evermani_scaffold_791	6458	6878	gene-Peve_00041519	.	0
Porites_evermani_scaffold_791	8910	9411	gene-Peve_00041529	82.54183155	22
Porites_evermani_scaffold_791	9957	11058	gene-Peve_00041526	38.347728	15
Porites_evermani_scaffold_791	12998	15644	gene-Peve_00041516	19.923691	23
Porites_evermani_scaffold_791	18259	18905	gene-Peve_00041517	25.46073713	8
Porites_evermani_scaffold_791	27779	29036	gene-Peve_00041518	0	28
Porites_evermani_scaffold_791	44640	46514	gene-Peve_00041520	0.1666666667	60
Porites_evermani_scaffold_791	50714	69618	gene-Peve_00041521	0.5720654172	477
Porites_evermani_scaffold_791	81686	117465	gene-Peve_00041522	1.298972011	804
Porites_evermani_scaffold_791	97267	98640	gene-Peve_00041523	2.159137943	35
Porites_evermani_scaffold_791	122044	149659	gene-Peve_00041525	0.7906600578	640
Porites_evermani_scaffold_791	150260	157601	gene-Peve_00041524	0.59115942	50
Porites_evermani_scaffold_7911	1197	2115	gene-Peve_00041530	.	0
Porites_evermani_scaffold_7917	751	2076	gene-Peve_00041531	.	0
Porites_evermani_scaffold_792	14	779	gene-Peve_00041532	4	5
Porites_evermani_scaffold_792	1081	16792	gene-Peve_00041542	11.23765246	148
Porites_evermani_scaffold_792	39309	39896	gene-Peve_00041540	.	0
Porites_evermani_scaffold_792	46183	50020	gene-Peve_00041541	0.2325581395	43
Porites_evermani_scaffold_792	55358	55949	gene-Peve_00041543	.	0
Porites_evermani_scaffold_792	70989	72522	gene-Peve_00041544	.	0
Porites_evermani_scaffold_792	73550	74725	gene-Peve_00041545	.	0
Porites_evermani_scaffold_792	93622	94196	gene-Peve_00041547	33.355615	4
Porites_evermani_scaffold_792	95302	101924	gene-Peve_00041548	44.17711703	33
Porites_evermani_scaffold_792	106815	107961	gene-Peve_00041549	66.17419622	9
Porites_evermani_scaffold_792	108377	108956	gene-Peve_00041550	58.7260081	10
Porites_evermani_scaffold_792	110943	113859	gene-Peve_00041551	86.82167125	102
Porites_evermani_scaffold_792	121890	122223	gene-Peve_00041552	97.979798	9
Porites_evermani_scaffold_792	125007	126636	gene-Peve_00041553	22.5227273	10
Porites_evermani_scaffold_792	133014	136335	gene-Peve_00041554	74.06137117	63
Porites_evermani_scaffold_792	146609	147129	gene-Peve_00041533	78.81579667	9
Porites_evermani_scaffold_792	147619	154463	gene-Peve_00041534	24.05740649	94
Porites_evermani_scaffold_792	160943	166064	gene-Peve_00041535	12.73598728	60
Porites_evermani_scaffold_792	166770	168376	gene-Peve_00041536	22.10466797	31
Porites_evermani_scaffold_792	171218	171704	gene-Peve_00041537	1.522435875	16
Porites_evermani_scaffold_792	173971	174849	gene-Peve_00041538	0.7350427667	30
Porites_evermani_scaffold_792	180898	181807	gene-Peve_00041539	0	25
Porites_evermani_scaffold_7924	4	737	gene-Peve_00041555	0	7
Porites_evermani_scaffold_7929	0	1128	gene-Peve_00041556	4.311239788	66
Porites_evermani_scaffold_793	30872	50097	gene-Peve_00041562	0.4621789879	414
Porites_evermani_scaffold_793	60127	73949	gene-Peve_00041563	0.2263206195	113
Porites_evermani_scaffold_793	81036	88116	gene-Peve_00041564	0.5354134641	181
Porites_evermani_scaffold_793	94249	104831	gene-Peve_00041557	58.39869261	76
Porites_evermani_scaffold_793	137878	144638	gene-Peve_00041558	0.16666666	50
Porites_evermani_scaffold_793	157888	185258	gene-Peve_00041559	20.86547762	609
Porites_evermani_scaffold_793	178689	179200	gene-Peve_00041560	0.2222222333	30
Porites_evermani_scaffold_793	187431	187809	gene-Peve_00041561	.	0
Porites_evermani_scaffold_7935	1048	1540	gene-Peve_00041565	.	0
Porites_evermani_scaffold_7936	679	1510	gene-Peve_00041566	.	0
Porites_evermani_scaffold_794	3114	14899	gene-Peve_00041570	1.657461281	370
Porites_evermani_scaffold_794	39194	46518	gene-Peve_00041567	74.19704448	121
Porites_evermani_scaffold_794	56331	59569	gene-Peve_00041568	78.51647564	42
Porites_evermani_scaffold_794	60745	71375	gene-Peve_00041569	52.72095782	180
Porites_evermani_scaffold_794	72356	92427	gene-Peve_00041571	29.23727248	322
Porites_evermani_scaffold_794	100514	115234	gene-Peve_00041572	48.31280166	263
Porites_evermani_scaffold_794	120936	159595	gene-Peve_00041573	20.63340668	448
Porites_evermani_scaffold_794	131882	133673	gene-Peve_00041574	95.87501809	11
Porites_evermani_scaffold_794	166627	168280	gene-Peve_00041575	0.6439394	40
Porites_evermani_scaffold_794	177252	179891	gene-Peve_00041576	39.08567757	44
Porites_evermani_scaffold_794	182231	183036	gene-Peve_00041577	0.3846154	20
Porites_evermani_scaffold_7943	1652	2003	gene-Peve_00041578	0	1
Porites_evermani_scaffold_7947	8	1712	gene-Peve_00041579	.	0
Porites_evermani_scaffold_795	4451	13409	gene-Peve_00041580	4.862186323	164
Porites_evermani_scaffold_795	23287	58308	gene-Peve_00041590	1.573884367	580
Porites_evermani_scaffold_795	31156	31750	gene-Peve_00041594	.	0
Porites_evermani_scaffold_795	51541	52318	gene-Peve_00041582	2.80723445	20
Porites_evermani_scaffold_795	64321	75643	gene-Peve_00041583	0.8034625058	259
Porites_evermani_scaffold_795	93591	94698	gene-Peve_00041585	0	28
Porites_evermani_scaffold_795	96215	96726	gene-Peve_00041587	1.190476167	6
Porites_evermani_scaffold_795	98312	98705	gene-Peve_00041588	1.366342	22
Porites_evermani_scaffold_795	101981	114857	gene-Peve_00041586	2.328159634	41
Porites_evermani_scaffold_795	108914	109486	gene-Peve_00041589	.	0
Porites_evermani_scaffold_795	125640	157198	gene-Peve_00041592	1.198293143	455
Porites_evermani_scaffold_795	164881	173704	gene-Peve_00041591	0.5023335862	232
Porites_evermani_scaffold_795	178404	187992	gene-Peve_00041593	0.7820693814	118
Porites_evermani_scaffold_7953	1170	1797	gene-Peve_00041595	.	0
Porites_evermani_scaffold_796	45731	52352	gene-Peve_00041599	0.4914101019	157
Porites_evermani_scaffold_796	71555	76454	gene-Peve_00041596	0	6
Porites_evermani_scaffold_796	80820	82020	gene-Peve_00041598	0.6195206562	32
Porites_evermani_scaffold_796	82050	96340	gene-Peve_00041597	0.3013870711	225
Porites_evermani_scaffold_796	102336	103656	gene-Peve_00041600	0	34
Porites_evermani_scaffold_796	103800	109417	gene-Peve_00041601	0.5264129048	147
Porites_evermani_scaffold_796	112880	115883	gene-Peve_00041602	3.420115812	69
Porites_evermani_scaffold_796	121669	125635	gene-Peve_00041603	0.289294039	77
Porites_evermani_scaffold_796	132690	136218	gene-Peve_00041604	2.386363625	8
Porites_evermani_scaffold_796	174805	180833	gene-Peve_00041605	0.5193088539	89
Porites_evermani_scaffold_797	19215	22050	gene-Peve_00041607	4.493364815	65
Porites_evermani_scaffold_797	63590	64384	gene-Peve_00041608	.	0
Porites_evermani_scaffold_797	77719	96585	gene-Peve_00041609	0.9234973894	226
Porites_evermani_scaffold_797	108823	109468	gene-Peve_00041611	0	2
Porites_evermani_scaffold_797	109855	110296	gene-Peve_00041612	.	0
Porites_evermani_scaffold_797	135670	135990	gene-Peve_00041615	0	6
Porites_evermani_scaffold_797	156272	157851	gene-Peve_00041616	5.4628882	5
Porites_evermani_scaffold_797	158538	160063	gene-Peve_00041617	.	0
Porites_evermani_scaffold_797	165310	171829	gene-Peve_00041618	0.4122431806	72
Porites_evermani_scaffold_797	175461	177819	gene-Peve_00041619	.	0
Porites_evermani_scaffold_7975	24	2083	gene-Peve_00041620	82.941725	15
Porites_evermani_scaffold_798	961	6148	gene-Peve_00041621	0	10
Porites_evermani_scaffold_798	7079	12882	gene-Peve_00041624	0.2620186842	133
Porites_evermani_scaffold_798	42196	43507	gene-Peve_00041622	0.82142856	25
Porites_evermani_scaffold_798	51982	52948	gene-Peve_00041625	0.4166666667	12
Porites_evermani_scaffold_798	55881	56973	gene-Peve_00041626	2.824113538	13
Porites_evermani_scaffold_798	59158	59828	gene-Peve_00041628	0	11
Porites_evermani_scaffold_798	59829	62961	gene-Peve_00041629	1.310087623	53
Porites_evermani_scaffold_798	63018	63492	gene-Peve_00041630	0	3
Porites_evermani_scaffold_798	64771	68365	gene-Peve_00041631	0.94047498	50
Porites_evermani_scaffold_798	69265	69868	gene-Peve_00041632	.	0
Porites_evermani_scaffold_798	71057	72104	gene-Peve_00041633	.	0
Porites_evermani_scaffold_798	74338	75448	gene-Peve_00041634	0	8
Porites_evermani_scaffold_798	81616	91581	gene-Peve_00041635	0.9314925972	144
Porites_evermani_scaffold_798	103056	133186	gene-Peve_00041636	0.7188066562	288
Porites_evermani_scaffold_798	151993	152482	gene-Peve_00041638	.	0
Porites_evermani_scaffold_798	158545	165686	gene-Peve_00041639	1.666666667	30
Porites_evermani_scaffold_798	167619	178663	gene-Peve_00041640	30.30303033	6
Porites_evermani_scaffold_798	178966	180870	gene-Peve_00041641	90	1
Porites_evermani_scaffold_7982	67	2038	gene-Peve_00041642	.	0
Porites_evermani_scaffold_7988	96	729	gene-Peve_00041643	9.7821922	15
Porites_evermani_scaffold_799	28638	31289	gene-Peve_00041645	0	7
Porites_evermani_scaffold_799	34899	37614	gene-Peve_00041646	.	0
Porites_evermani_scaffold_799	37735	38494	gene-Peve_00041647	.	0
Porites_evermani_scaffold_799	43392	44525	gene-Peve_00041648	.	0
Porites_evermani_scaffold_799	94318	94882	gene-Peve_00041651	.	0
Porites_evermani_scaffold_799	98724	99288	gene-Peve_00041652	.	0
Porites_evermani_scaffold_799	102838	108339	gene-Peve_00041653	.	0
Porites_evermani_scaffold_799	113099	113870	gene-Peve_00041655	.	0
Porites_evermani_scaffold_799	113842	116078	gene-Peve_00041657	.	0
Porites_evermani_scaffold_799	116752	121575	gene-Peve_00041658	2.097902077	13
Porites_evermani_scaffold_799	119398	119794	gene-Peve_00041659	.	0
Porites_evermani_scaffold_799	128721	131210	gene-Peve_00041661	.	0
Porites_evermani_scaffold_799	131849	134922	gene-Peve_00041660	.	0
Porites_evermani_scaffold_799	152334	154608	gene-Peve_00041662	0.4524886923	13
Porites_evermani_scaffold_799	153839	154205	gene-Peve_00041663	.	0
Porites_evermani_scaffold_799	155469	155805	gene-Peve_00041664	.	0
Porites_evermani_scaffold_799	161508	162249	gene-Peve_00041665	11.764706	1
Porites_evermani_scaffold_799	164325	165105	gene-Peve_00041667	3.333333375	8
Porites_evermani_scaffold_799	169464	170109	gene-Peve_00041670	.	0
Porites_evermani_scaffold_799	175714	178978	gene-Peve_00041671	.	0
Porites_evermani_scaffold_799	186090	187559	gene-Peve_00041672	.	0
Porites_evermani_scaffold_7993	467	1553	gene-Peve_00041673	0	21
Porites_evermani_scaffold_8	3702	9206	gene-Peve_00041675	59.34133663	75
Porites_evermani_scaffold_8	15093	27565	gene-Peve_00041741	0.2196751697	389
Porites_evermani_scaffold_8	30287	40842	gene-Peve_00041682	2.156924705	105
Porites_evermani_scaffold_8	40864	41438	gene-Peve_00041696	0	2
Porites_evermani_scaffold_8	63107	71196	gene-Peve_00041702	4.423076937	16
Porites_evermani_scaffold_8	81755	121047	gene-Peve_00041730	5.008095394	216
Porites_evermani_scaffold_8	88438	93609	gene-Peve_00041736	9.129901875	8
Porites_evermani_scaffold_8	93899	94388	gene-Peve_00041740	.	0
Porites_evermani_scaffold_8	113565	113973	gene-Peve_00041742	0	3
Porites_evermani_scaffold_8	123146	127723	gene-Peve_00041743	47.52108322	23
Porites_evermani_scaffold_8	127855	128545	gene-Peve_00041744	92.91666675	4
Porites_evermani_scaffold_8	142376	149277	gene-Peve_00041745	39.79495697	86
Porites_evermani_scaffold_8	153373	167989	gene-Peve_00041746	14.24916998	109
Porites_evermani_scaffold_8	163713	165268	gene-Peve_00041747	2.941326267	15
Porites_evermani_scaffold_8	176551	180807	gene-Peve_00041748	29.92413257	60
Porites_evermani_scaffold_8	184318	203838	gene-Peve_00041749	1.306469148	290
Porites_evermani_scaffold_8	203738	252966	gene-Peve_00041750	35.1416964	421
Porites_evermani_scaffold_8	253017	261041	gene-Peve_00041676	76.34529085	60
Porites_evermani_scaffold_8	262992	267570	gene-Peve_00041677	72.29546556	57
Porites_evermani_scaffold_8	267718	292621	gene-Peve_00041678	14.31841041	319
Porites_evermani_scaffold_8	297909	318128	gene-Peve_00041679	49.78481665	260
Porites_evermani_scaffold_8	319749	321132	gene-Peve_00041680	24.51092117	18
Porites_evermani_scaffold_8	334042	335739	gene-Peve_00041681	.	0
Porites_evermani_scaffold_8	356083	374127	gene-Peve_00041683	22.93211209	392
Porites_evermani_scaffold_8	375392	387329	gene-Peve_00041684	81.38261638	120
Porites_evermani_scaffold_8	387485	390895	gene-Peve_00041685	47.48260906	50
Porites_evermani_scaffold_8	395976	398854	gene-Peve_00041686	11.25	8
Porites_evermani_scaffold_8	403481	409075	gene-Peve_00041687	65.27247654	37
Porites_evermani_scaffold_8	416433	426928	gene-Peve_00041688	38.13489126	76
Porites_evermani_scaffold_8	437358	439166	gene-Peve_00041689	12.70774677	22
Porites_evermani_scaffold_8	442049	445025	gene-Peve_00041690	1.966711414	29
Porites_evermani_scaffold_8	451170	457776	gene-Peve_00041691	72.33176336	25
Porites_evermani_scaffold_8	460818	472292	gene-Peve_00041692	30.41879401	177
Porites_evermani_scaffold_8	472299	491114	gene-Peve_00041693	73.41674467	268
Porites_evermani_scaffold_8	491854	498958	gene-Peve_00041694	57.77742207	99
Porites_evermani_scaffold_8	516709	521264	gene-Peve_00041695	45.58735517	78
Porites_evermani_scaffold_8	535019	538140	gene-Peve_00041697	0.1111111111	135
Porites_evermani_scaffold_8	555917	563123	gene-Peve_00041698	14.37641694	141
Porites_evermani_scaffold_8	563264	594361	gene-Peve_00041699	37.07749528	760
Porites_evermani_scaffold_8	597126	728331	gene-Peve_00041700	0.9812923198	3659
Porites_evermani_scaffold_8	698269	703168	gene-Peve_00041703	0.2932550909	11
Porites_evermani_scaffold_8	733477	835623	gene-Peve_00041704	0.8700134242	2994
Porites_evermani_scaffold_8	839674	841036	gene-Peve_00041705	1.137057375	48
Porites_evermani_scaffold_8	848711	849437	gene-Peve_00041706	1.49642025	28
Porites_evermani_scaffold_8	849871	857495	gene-Peve_00041707	1.560199849	232
Porites_evermani_scaffold_8	861435	862459	gene-Peve_00041708	0.3636363636	11
Porites_evermani_scaffold_8	864332	878823	gene-Peve_00041709	10.49551027	310
Porites_evermani_scaffold_8	879042	892029	gene-Peve_00041710	19.31507215	233
Porites_evermani_scaffold_8	898161	898914	gene-Peve_00041711	0.5128205385	26
Porites_evermani_scaffold_8	911103	915609	gene-Peve_00041712	0.5502612102	176
Porites_evermani_scaffold_8	917218	918713	gene-Peve_00041713	0.1550387674	43
Porites_evermani_scaffold_8	928847	930530	gene-Peve_00041714	0	1
Porites_evermani_scaffold_8	934717	940676	gene-Peve_00041715	0.4998644072	167
Porites_evermani_scaffold_8	945948	946413	gene-Peve_00041716	.	0
Porites_evermani_scaffold_8	948418	953410	gene-Peve_00041717	0.7126629907	107
Porites_evermani_scaffold_8	955156	961547	gene-Peve_00041718	0.523703753	166
Porites_evermani_scaffold_8	969207	969864	gene-Peve_00041719	0	15
Porites_evermani_scaffold_8	972912	973308	gene-Peve_00041721	0	1
Porites_evermani_scaffold_8	979502	989222	gene-Peve_00041720	72.81485931	127
Porites_evermani_scaffold_8	997391	1004165	gene-Peve_00041722	65.95344666	62
Porites_evermani_scaffold_8	1016942	1046374	gene-Peve_00041723	24.78659736	395
Porites_evermani_scaffold_8	1028383	1030866	gene-Peve_00041724	.	0
Porites_evermani_scaffold_8	1048563	1055093	gene-Peve_00041725	71.78249333	40
Porites_evermani_scaffold_8	1056613	1063380	gene-Peve_00041726	0.8078379118	204
Porites_evermani_scaffold_8	1071176	1075017	gene-Peve_00041727	0.7564222222	117
Porites_evermani_scaffold_8	1085985	1086903	gene-Peve_00041728	0.1821275532	47
Porites_evermani_scaffold_8	1093032	1093818	gene-Peve_00041729	0.4629629444	18
Porites_evermani_scaffold_8	1101099	1109706	gene-Peve_00041731	52.65271568	114
Porites_evermani_scaffold_8	1115188	1116094	gene-Peve_00041732	0	28
Porites_evermani_scaffold_8	1117441	1128990	gene-Peve_00041733	19.11077853	243
Porites_evermani_scaffold_8	1182047	1183993	gene-Peve_00041737	56.1320392	30
Porites_evermani_scaffold_8	1184618	1189341	gene-Peve_00041738	60.796053	74
Porites_evermani_scaffold_8	1189409	1216428	gene-Peve_00041739	11.90321974	411
Porites_evermani_scaffold_80	3181	11624	gene-Peve_00041751	.	0
Porites_evermani_scaffold_80	21476	26501	gene-Peve_00041777	4	5
Porites_evermani_scaffold_80	30231	40539	gene-Peve_00041767	0.3070887375	80
Porites_evermani_scaffold_80	45816	52390	gene-Peve_00041790	0.2802481304	138
Porites_evermani_scaffold_80	54062	62376	gene-Peve_00041757	44.06879568	118
Porites_evermani_scaffold_80	62784	83426	gene-Peve_00041760	7.965896	366
Porites_evermani_scaffold_80	86271	89499	gene-Peve_00041761	35.793181	36
Porites_evermani_scaffold_80	93212	102882	gene-Peve_00041762	2.384204926	27
Porites_evermani_scaffold_80	118473	123259	gene-Peve_00041764	0.8848800536	112
Porites_evermani_scaffold_80	120015	120276	gene-Peve_00041765	0	3
Porites_evermani_scaffold_80	128476	133944	gene-Peve_00041763	0.08403361376	189
Porites_evermani_scaffold_80	135931	142476	gene-Peve_00041766	0.2428845086	116
Porites_evermani_scaffold_80	153373	153694	gene-Peve_00041768	0	5
Porites_evermani_scaffold_80	157238	158777	gene-Peve_00041769	0.6944444286	21
Porites_evermani_scaffold_80	174496	178605	gene-Peve_00041770	67.40611625	28
Porites_evermani_scaffold_80	217333	218326	gene-Peve_00041771	0	28
Porites_evermani_scaffold_80	220704	235683	gene-Peve_00041772	1.052440039	336
Porites_evermani_scaffold_80	236981	248424	gene-Peve_00041773	9.73681696	151
Porites_evermani_scaffold_80	250412	262134	gene-Peve_00041774	0.6004904652	230
Porites_evermani_scaffold_80	262329	269300	gene-Peve_00041775	59.6691104	80
Porites_evermani_scaffold_80	271139	278485	gene-Peve_00041776	35.90444593	87
Porites_evermani_scaffold_80	279746	282246	gene-Peve_00041778	1.883094039	51
Porites_evermani_scaffold_80	282195	290308	gene-Peve_00041779	25.52231666	47
Porites_evermani_scaffold_80	291431	296291	gene-Peve_00041780	3.184179063	32
Porites_evermani_scaffold_80	300189	315730	gene-Peve_00041781	8.170842335	155
Porites_evermani_scaffold_80	351551	353869	gene-Peve_00041782	36.50932406	16
Porites_evermani_scaffold_80	357824	358304	gene-Peve_00041783	0	9
Porites_evermani_scaffold_80	366646	388703	gene-Peve_00041784	11.56595831	103
Porites_evermani_scaffold_80	373759	374107	gene-Peve_00041785	4.686979714	7
Porites_evermani_scaffold_80	390894	391675	gene-Peve_00041786	0	21
Porites_evermani_scaffold_80	396787	437564	gene-Peve_00041787	4.151295362	845
Porites_evermani_scaffold_80	434337	435789	gene-Peve_00041788	74.377693	11
Porites_evermani_scaffold_80	438187	442887	gene-Peve_00041789	42.48080933	122
Porites_evermani_scaffold_80	445403	449527	gene-Peve_00041791	49.46365151	43
Porites_evermani_scaffold_80	449564	452779	gene-Peve_00041792	56.71373667	36
Porites_evermani_scaffold_80	454372	456878	gene-Peve_00041793	0	22
Porites_evermani_scaffold_80	466215	478213	gene-Peve_00041794	61.26189318	61
Porites_evermani_scaffold_80	499458	513261	gene-Peve_00041752	4.919624025	161
Porites_evermani_scaffold_80	532609	533287	gene-Peve_00041753	0	12
Porites_evermani_scaffold_80	560197	560614	gene-Peve_00041754	6.281033889	9
Porites_evermani_scaffold_80	564657	566259	gene-Peve_00041755	0.3185067692	52
Porites_evermani_scaffold_80	572054	576725	gene-Peve_00041756	0.7462152481	133
Porites_evermani_scaffold_80	581068	582673	gene-Peve_00041758	.	0
Porites_evermani_scaffold_80	588840	595011	gene-Peve_00041759	4.052215307	114
Porites_evermani_scaffold_800	1552	11832	gene-Peve_00041795	16.12168922	162
Porites_evermani_scaffold_800	12070	14857	gene-Peve_00041798	18.59737479	24
Porites_evermani_scaffold_800	15712	22888	gene-Peve_00041803	66.19465056	81
Porites_evermani_scaffold_800	25082	27905	gene-Peve_00041804	0.7976780732	123
Porites_evermani_scaffold_800	35672	41864	gene-Peve_00041796	1.812612664	116
Porites_evermani_scaffold_800	74917	123292	gene-Peve_00041797	5.106952433	1030
Porites_evermani_scaffold_800	126614	131037	gene-Peve_00041799	0.1325757571	70
Porites_evermani_scaffold_800	134516	150079	gene-Peve_00041800	0.2132334583	216
Porites_evermani_scaffold_800	157253	160982	gene-Peve_00041801	6.482683864	22
Porites_evermani_scaffold_8000	294	2027	gene-Peve_00041805	0.2481389677	31
Porites_evermani_scaffold_8004	616	985	gene-Peve_00041806	.	0
Porites_evermani_scaffold_801	11706	12285	gene-Peve_00041807	67.3214285	4
Porites_evermani_scaffold_801	13176	14533	gene-Peve_00041808	47.45129871	7
Porites_evermani_scaffold_801	18696	20289	gene-Peve_00041809	6.9874246	15
Porites_evermani_scaffold_801	22017	22616	gene-Peve_00041810	90.112665	6
Porites_evermani_scaffold_801	25060	25744	gene-Peve_00041811	82.26079489	18
Porites_evermani_scaffold_801	27789	48015	gene-Peve_00041812	75.68476839	162
Porites_evermani_scaffold_801	32074	32880	gene-Peve_00041813	85.4545455	4
Porites_evermani_scaffold_801	59461	60364	gene-Peve_00041814	9.090909	1
Porites_evermani_scaffold_801	83916	84333	gene-Peve_00041815	89.0827507	10
Porites_evermani_scaffold_801	121460	122258	gene-Peve_00041817	30.2403845	4
Porites_evermani_scaffold_801	149345	152981	gene-Peve_00041818	75.33555891	53
Porites_evermani_scaffold_801	151237	151504	gene-Peve_00041819	65.70466578	9
Porites_evermani_scaffold_801	162948	163482	gene-Peve_00041820	61.70955875	4
Porites_evermani_scaffold_801	184166	186442	gene-Peve_00041823	34.66072188	24
Porites_evermani_scaffold_802	6857	11908	gene-Peve_00041830	72.27272725	4
Porites_evermani_scaffold_802	20949	22198	gene-Peve_00041835	.	0
Porites_evermani_scaffold_802	23172	24905	gene-Peve_00041836	1.499497269	26
Porites_evermani_scaffold_802	32415	39703	gene-Peve_00041837	1.055339093	75
Porites_evermani_scaffold_802	43309	58498	gene-Peve_00041838	55.79464369	257
Porites_evermani_scaffold_802	60662	69299	gene-Peve_00041826	8.575847566	166
Porites_evermani_scaffold_802	69375	71745	gene-Peve_00041827	22.27494731	36
Porites_evermani_scaffold_802	74075	85637	gene-Peve_00041828	79.6850417	108
Porites_evermani_scaffold_802	86938	123222	gene-Peve_00041829	9.946692642	344
Porites_evermani_scaffold_802	130582	133118	gene-Peve_00041831	0.1400560238	42
Porites_evermani_scaffold_802	138082	138397	gene-Peve_00041832	.	0
Porites_evermani_scaffold_802	142159	142948	gene-Peve_00041833	.	0
Porites_evermani_scaffold_802	145891	174167	gene-Peve_00041834	0.4121743296	267
Porites_evermani_scaffold_803	663	3699	gene-Peve_00041839	75.67640686	7
Porites_evermani_scaffold_803	9249	12944	gene-Peve_00041847	2.209595917	12
Porites_evermani_scaffold_803	13607	16674	gene-Peve_00041854	0	3
Porites_evermani_scaffold_803	22576	24333	gene-Peve_00041840	95.8333335	2
Porites_evermani_scaffold_803	27950	32372	gene-Peve_00041841	91.01979713	39
Porites_evermani_scaffold_803	33489	35193	gene-Peve_00041842	23.18569862	24
Porites_evermani_scaffold_803	47241	51386	gene-Peve_00041843	0	119
Porites_evermani_scaffold_803	54720	55173	gene-Peve_00041844	0	11
Porites_evermani_scaffold_803	60847	78856	gene-Peve_00041845	27.63807305	300
Porites_evermani_scaffold_803	83474	84698	gene-Peve_00041846	0	2
Porites_evermani_scaffold_803	85601	86525	gene-Peve_00041848	0.3626373714	35
Porites_evermani_scaffold_803	101565	112987	gene-Peve_00041852	0.928502875	336
Porites_evermani_scaffold_803	123323	131568	gene-Peve_00041853	0.3516192413	315
Porites_evermani_scaffold_803	141400	142447	gene-Peve_00041855	12.89321111	44
Porites_evermani_scaffold_803	145110	146061	gene-Peve_00041856	0.379884025	40
Porites_evermani_scaffold_803	177083	178100	gene-Peve_00041859	0	11
Porites_evermani_scaffold_803	183524	183983	gene-Peve_00041861	0	11
Porites_evermani_scaffold_8039	627	1371	gene-Peve_00041862	0	6
Porites_evermani_scaffold_804	1102	2116	gene-Peve_00041866	0	21
Porites_evermani_scaffold_804	11646	36775	gene-Peve_00041875	44.30646503	273
Porites_evermani_scaffold_804	38775	50510	gene-Peve_00041876	33.6104952	41
Porites_evermani_scaffold_804	56942	59991	gene-Peve_00041863	20.1192631	51
Porites_evermani_scaffold_804	65303	78362	gene-Peve_00041864	10.74148072	212
Porites_evermani_scaffold_804	80389	106421	gene-Peve_00041865	0.496978937	698
Porites_evermani_scaffold_804	109864	120200	gene-Peve_00041868	0.8922832062	194
Porites_evermani_scaffold_804	124550	124944	gene-Peve_00041869	0.3571428571	14
Porites_evermani_scaffold_804	125475	135078	gene-Peve_00041867	18.91470895	158
Porites_evermani_scaffold_804	138719	155260	gene-Peve_00041870	1.297628279	394
Porites_evermani_scaffold_804	167917	169180	gene-Peve_00041871	0	34
Porites_evermani_scaffold_804	171329	177666	gene-Peve_00041872	54.58077749	94
Porites_evermani_scaffold_804	182014	183025	gene-Peve_00041874	1.671425405	37
Porites_evermani_scaffold_8045	482	1115	gene-Peve_00041877	.	0
Porites_evermani_scaffold_8049	111	960	gene-Peve_00041878	.	0
Porites_evermani_scaffold_805	4490	5166	gene-Peve_00041881	.	0
Porites_evermani_scaffold_805	6744	8648	gene-Peve_00041887	75.17152208	24
Porites_evermani_scaffold_805	18215	19625	gene-Peve_00041891	0	38
Porites_evermani_scaffold_805	51110	51607	gene-Peve_00041879	0	7
Porites_evermani_scaffold_805	53811	54641	gene-Peve_00041880	0.9090909	30
Porites_evermani_scaffold_805	55942	58934	gene-Peve_00041882	0.94189144	50
Porites_evermani_scaffold_805	61139	61529	gene-Peve_00041883	0.4132231818	11
Porites_evermani_scaffold_805	83177	119600	gene-Peve_00041884	1.556412351	955
Porites_evermani_scaffold_805	90505	91926	gene-Peve_00041886	2.123188308	39
Porites_evermani_scaffold_805	167330	167816	gene-Peve_00041889	0	14
Porites_evermani_scaffold_805	172064	186795	gene-Peve_00041890	0.9186068378	339
Porites_evermani_scaffold_8054	23	2045	gene-Peve_00041892	4.01161455	40
Porites_evermani_scaffold_806	22724	24140	gene-Peve_00041903	1.10109892	50
Porites_evermani_scaffold_806	70471	91562	gene-Peve_00041893	7.637413263	38
Porites_evermani_scaffold_806	100071	101168	gene-Peve_00041894	.	0
Porites_evermani_scaffold_806	121261	121621	gene-Peve_00041897	.	0
Porites_evermani_scaffold_806	127439	129150	gene-Peve_00041896	.	0
Porites_evermani_scaffold_806	131775	139050	gene-Peve_00041898	.	0
Porites_evermani_scaffold_806	139124	146182	gene-Peve_00041899	.	0
Porites_evermani_scaffold_806	147465	152640	gene-Peve_00041900	.	0
Porites_evermani_scaffold_806	165033	166137	gene-Peve_00041901	.	0
Porites_evermani_scaffold_807	10959	11823	gene-Peve_00041912	0	34
Porites_evermani_scaffold_807	11785	12966	gene-Peve_00041918	0.6824194167	36
Porites_evermani_scaffold_807	25726	27572	gene-Peve_00041905	3.759404466	73
Porites_evermani_scaffold_807	37115	96217	gene-Peve_00041906	0.7850512392	1417
Porites_evermani_scaffold_807	102950	103865	gene-Peve_00041908	0.05291004762	21
Porites_evermani_scaffold_807	116636	117578	gene-Peve_00041910	.	0
Porites_evermani_scaffold_807	127405	128596	gene-Peve_00041913	7.000876711	38
Porites_evermani_scaffold_807	153000	153582	gene-Peve_00041914	0.16	25
Porites_evermani_scaffold_807	165715	166447	gene-Peve_00041916	0.9090909	10
Porites_evermani_scaffold_807	166447	167746	gene-Peve_00041917	10.53635669	13
Porites_evermani_scaffold_8071	1053	1811	gene-Peve_00041919	0	13
Porites_evermani_scaffold_808	12989	15234	gene-Peve_00041926	0	7
Porites_evermani_scaffold_808	16581	17286	gene-Peve_00041930	77.57687171	14
Porites_evermani_scaffold_808	23757	49658	gene-Peve_00041920	0.8429752	55
Porites_evermani_scaffold_808	68673	70152	gene-Peve_00041922	4.9881619	30
Porites_evermani_scaffold_808	86802	87207	gene-Peve_00041923	0	2
Porites_evermani_scaffold_808	96156	102508	gene-Peve_00041924	0.1310726395	147
Porites_evermani_scaffold_808	117561	118923	gene-Peve_00041925	.	0
Porites_evermani_scaffold_808	173098	174124	gene-Peve_00041927	0	10
Porites_evermani_scaffold_808	176363	182381	gene-Peve_00041928	0.1358695652	46
Porites_evermani_scaffold_8084	14	1817	gene-Peve_00041931	.	0
Porites_evermani_scaffold_809	988	1777	gene-Peve_00041932	1.537758235	34
Porites_evermani_scaffold_809	12893	18928	gene-Peve_00041942	16.59143189	106
Porites_evermani_scaffold_809	21037	24118	gene-Peve_00041946	65.4260902	30
Porites_evermani_scaffold_809	28685	31155	gene-Peve_00041935	69.64651306	16
Porites_evermani_scaffold_809	33670	34458	gene-Peve_00041936	85	2
Porites_evermani_scaffold_809	34653	35118	gene-Peve_00041937	.	0
Porites_evermani_scaffold_809	36025	36799	gene-Peve_00041938	50	4
Porites_evermani_scaffold_809	36937	37339	gene-Peve_00041939	50	2
Porites_evermani_scaffold_809	42150	43146	gene-Peve_00041941	71.24823885	13
Porites_evermani_scaffold_809	44509	45446	gene-Peve_00041943	58.3333335	2
Porites_evermani_scaffold_809	47387	49433	gene-Peve_00041944	72.56354767	12
Porites_evermani_scaffold_809	52860	55422	gene-Peve_00041945	57.21437336	33
Porites_evermani_scaffold_809	58882	59221	gene-Peve_00041947	84.31228906	18
Porites_evermani_scaffold_809	72010	72841	gene-Peve_00041949	48.22595733	3
Porites_evermani_scaffold_809	73875	76141	gene-Peve_00041948	66.90684632	31
Porites_evermani_scaffold_809	82683	83442	gene-Peve_00041950	65.216886	15
Porites_evermani_scaffold_809	89634	91242	gene-Peve_00041951	64.66110815	13
Porites_evermani_scaffold_809	94775	95228	gene-Peve_00041952	60.60606067	3
Porites_evermani_scaffold_809	95812	96819	gene-Peve_00041953	65.5174826	10
Porites_evermani_scaffold_809	106169	107169	gene-Peve_00041956	38.1818182	5
Porites_evermani_scaffold_809	111390	111840	gene-Peve_00041957	.	0
Porites_evermani_scaffold_809	141488	142406	gene-Peve_00041958	42.95906905	41
Porites_evermani_scaffold_809	150856	151681	gene-Peve_00041960	29.51450446	28
Porites_evermani_scaffold_809	156826	157614	gene-Peve_00041963	50.64007859	17
Porites_evermani_scaffold_809	168120	175142	gene-Peve_00041933	42.97141837	71
Porites_evermani_scaffold_809	180424	181514	gene-Peve_00041934	30.12653784	25
Porites_evermani_scaffold_8091	476	1004	gene-Peve_00041965	0	1
Porites_evermani_scaffold_8098	1399	2026	gene-Peve_00041966	.	0
Porites_evermani_scaffold_81	123	16272	gene-Peve_00041967	6.395560204	329
Porites_evermani_scaffold_81	63865	73083	gene-Peve_00042001	0.6692726057	246
Porites_evermani_scaffold_81	76977	77457	gene-Peve_00041976	0	20
Porites_evermani_scaffold_81	77448	79225	gene-Peve_00041972	0.1041666667	60
Porites_evermani_scaffold_81	83557	144751	gene-Peve_00041984	11.78273255	810
Porites_evermani_scaffold_81	93430	94818	gene-Peve_00041988	.	0
Porites_evermani_scaffold_81	146780	152249	gene-Peve_00041991	0.6207545854	82
Porites_evermani_scaffold_81	201843	203129	gene-Peve_00041992	0	28
Porites_evermani_scaffold_81	208409	210705	gene-Peve_00041993	0.3846153846	26
Porites_evermani_scaffold_81	216100	216886	gene-Peve_00041994	.	0
Porites_evermani_scaffold_81	218126	245639	gene-Peve_00041995	0.2321697873	221
Porites_evermani_scaffold_81	257939	277629	gene-Peve_00041996	8.465188396	212
Porites_evermani_scaffold_81	294868	330487	gene-Peve_00041997	0.4307074424	538
Porites_evermani_scaffold_81	342737	344186	gene-Peve_00041999	24.03646473	89
Porites_evermani_scaffold_81	353685	356573	gene-Peve_00042003	.	0
Porites_evermani_scaffold_81	367627	368674	gene-Peve_00042005	.	0
Porites_evermani_scaffold_81	369286	374374	gene-Peve_00042006	0.5660377358	53
Porites_evermani_scaffold_81	389905	390394	gene-Peve_00042007	.	0
Porites_evermani_scaffold_81	403020	409524	gene-Peve_00042008	40.85491919	36
Porites_evermani_scaffold_81	422535	425148	gene-Peve_00042009	67.81023522	18
Porites_evermani_scaffold_81	425332	426004	gene-Peve_00042010	.	0
Porites_evermani_scaffold_81	437930	438734	gene-Peve_00042011	73.0554471	21
Porites_evermani_scaffold_81	473057	474445	gene-Peve_00042012	.	0
Porites_evermani_scaffold_81	483503	484035	gene-Peve_00041968	.	0
Porites_evermani_scaffold_81	489643	490423	gene-Peve_00041969	.	0
Porites_evermani_scaffold_81	491493	491895	gene-Peve_00041970	10	1
Porites_evermani_scaffold_81	499727	500438	gene-Peve_00041974	49.2222222	5
Porites_evermani_scaffold_81	516119	517612	gene-Peve_00041975	46.97232182	28
Porites_evermani_scaffold_81	521028	521570	gene-Peve_00041977	57.4073084	10
Porites_evermani_scaffold_81	526397	527406	gene-Peve_00041978	68.22916675	4
Porites_evermani_scaffold_81	536768	537074	gene-Peve_00041979	.	0
Porites_evermani_scaffold_81	542794	543115	gene-Peve_00041980	.	0
Porites_evermani_scaffold_81	546078	546671	gene-Peve_00041981	0	1
Porites_evermani_scaffold_81	547504	548875	gene-Peve_00041982	66.88374347	19
Porites_evermani_scaffold_81	565475	570791	gene-Peve_00041985	68.31899103	60
Porites_evermani_scaffold_81	577513	578329	gene-Peve_00041986	.	0
Porites_evermani_scaffold_81	583368	584833	gene-Peve_00041987	.	0
Porites_evermani_scaffold_81	585203	585786	gene-Peve_00041989	.	0
Porites_evermani_scaffold_810	762	1626	gene-Peve_00042013	0.1754386	30
Porites_evermani_scaffold_810	4393	12711	gene-Peve_00042023	0.9706210531	207
Porites_evermani_scaffold_810	15314	20913	gene-Peve_00042022	0.7013773671	158
Porites_evermani_scaffold_810	23223	27311	gene-Peve_00042014	0.3792912442	86
Porites_evermani_scaffold_810	31532	33254	gene-Peve_00042015	0.6837606667	39
Porites_evermani_scaffold_810	40474	72148	gene-Peve_00042016	5.892340923	452
Porites_evermani_scaffold_810	72177	101268	gene-Peve_00042017	12.63135738	242
Porites_evermani_scaffold_810	101552	106165	gene-Peve_00042018	.	0
Porites_evermani_scaffold_810	113750	121708	gene-Peve_00042019	1.45598666	47
Porites_evermani_scaffold_810	142514	156745	gene-Peve_00042020	0.5559564207	271
Porites_evermani_scaffold_810	163121	168049	gene-Peve_00042021	27.46897721	63
Porites_evermani_scaffold_810	168683	177216	gene-Peve_00042024	25.61605351	93
Porites_evermani_scaffold_8104	171	879	gene-Peve_00042025	90.58747412	8
Porites_evermani_scaffold_811	1	10254	gene-Peve_00042026	53.37253402	119
Porites_evermani_scaffold_811	20847	32182	gene-Peve_00042038	25.37086112	194
Porites_evermani_scaffold_811	43222	44578	gene-Peve_00042027	72.6008585	8
Porites_evermani_scaffold_811	56636	59985	gene-Peve_00042028	76.39572167	3
Porites_evermani_scaffold_811	67617	67962	gene-Peve_00042029	0.4503870714	14
Porites_evermani_scaffold_811	67980	70305	gene-Peve_00042030	0.271687	94
Porites_evermani_scaffold_811	73464	83421	gene-Peve_00042031	66.43372378	127
Porites_evermani_scaffold_811	91908	92227	gene-Peve_00042032	.	0
Porites_evermani_scaffold_811	92268	119636	gene-Peve_00042033	49.43469626	46
Porites_evermani_scaffold_811	130397	131154	gene-Peve_00042035	.	0
Porites_evermani_scaffold_811	131639	134847	gene-Peve_00042034	0	3
Porites_evermani_scaffold_811	138811	141442	gene-Peve_00042036	0	1
Porites_evermani_scaffold_811	153041	186239	gene-Peve_00042037	12.05503032	125
Porites_evermani_scaffold_8110	17	2023	gene-Peve_00042039	.	0
Porites_evermani_scaffold_8114	899	1694	gene-Peve_00042040	0	4
Porites_evermani_scaffold_812	565	12691	gene-Peve_00042041	9.298172915	246
Porites_evermani_scaffold_812	15341	15782	gene-Peve_00042052	0	18
Porites_evermani_scaffold_812	37105	40551	gene-Peve_00042042	0.208333325	40
Porites_evermani_scaffold_812	46667	48164	gene-Peve_00042044	0.1048218113	53
Porites_evermani_scaffold_812	55595	68119	gene-Peve_00042045	0.4186091667	60
Porites_evermani_scaffold_812	75194	76061	gene-Peve_00042046	5	2
Porites_evermani_scaffold_812	78354	86939	gene-Peve_00042047	13.81792746	85
Porites_evermani_scaffold_812	89765	93563	gene-Peve_00042048	76.55162443	54
Porites_evermani_scaffold_812	96640	107857	gene-Peve_00042049	50.51712102	123
Porites_evermani_scaffold_812	110633	130089	gene-Peve_00042050	77.631119	20
Porites_evermani_scaffold_812	157429	179058	gene-Peve_00042051	7.272902496	234
Porites_evermani_scaffold_8123	249	1042	gene-Peve_00042054	100	1
Porites_evermani_scaffold_813	207	855	gene-Peve_00042055	.	0
Porites_evermani_scaffold_813	72089	80957	gene-Peve_00042057	0.2600633134	67
Porites_evermani_scaffold_813	126917	134947	gene-Peve_00042060	0.09970089831	59
Porites_evermani_scaffold_813	167589	168851	gene-Peve_00042062	0.6993007273	11
Porites_evermani_scaffold_813	178140	178629	gene-Peve_00042063	.	0
Porites_evermani_scaffold_813	180847	181579	gene-Peve_00042064	.	0
Porites_evermani_scaffold_8134	0	1693	gene-Peve_00042065	.	0
Porites_evermani_scaffold_8138	111	714	gene-Peve_00042067	.	0
Porites_evermani_scaffold_814	7857	9808	gene-Peve_00042072	0	27
Porites_evermani_scaffold_814	13572	14565	gene-Peve_00042078	0.3110859744	39
Porites_evermani_scaffold_814	18879	24681	gene-Peve_00042080	0.06349206667	105
Porites_evermani_scaffold_814	27506	27812	gene-Peve_00042083	.	0
Porites_evermani_scaffold_814	31741	46654	gene-Peve_00042068	0.5691352027	74
Porites_evermani_scaffold_814	59827	61012	gene-Peve_00042069	.	0
Porites_evermani_scaffold_814	94536	100547	gene-Peve_00042071	38.09178795	77
Porites_evermani_scaffold_814	103818	106571	gene-Peve_00042073	13.5384331	41
Porites_evermani_scaffold_814	106847	114640	gene-Peve_00042074	83.77728656	70
Porites_evermani_scaffold_814	120142	128064	gene-Peve_00042075	66.15340581	80
Porites_evermani_scaffold_814	128779	132992	gene-Peve_00042076	45.6999248	41
Porites_evermani_scaffold_814	140343	145909	gene-Peve_00042077	25.3878015	8
Porites_evermani_scaffold_814	154257	156651	gene-Peve_00042079	.	0
Porites_evermani_scaffold_814	170022	173062	gene-Peve_00042081	23.74371566	41
Porites_evermani_scaffold_814	177718	185578	gene-Peve_00042082	90.98494935	176
Porites_evermani_scaffold_815	14639	15341	gene-Peve_00042084	.	0
Porites_evermani_scaffold_815	20230	21695	gene-Peve_00042085	.	0
Porites_evermani_scaffold_815	22547	22907	gene-Peve_00042086	.	0
Porites_evermani_scaffold_815	32815	33556	gene-Peve_00042087	0	23
Porites_evermani_scaffold_815	33630	33954	gene-Peve_00042088	0	3
Porites_evermani_scaffold_815	37906	42281	gene-Peve_00042089	0.373612537	162
Porites_evermani_scaffold_815	49432	64105	gene-Peve_00042090	0.503812407	430
Porites_evermani_scaffold_815	101055	106659	gene-Peve_00042093	0.234505195	159
Porites_evermani_scaffold_815	109074	114363	gene-Peve_00042092	0.5439609096	177
Porites_evermani_scaffold_815	139991	140688	gene-Peve_00042096	0.6311026538	26
Porites_evermani_scaffold_815	140876	158761	gene-Peve_00042095	0.4637438118	457
Porites_evermani_scaffold_815	162754	174845	gene-Peve_00042097	45.51605616	102
Porites_evermani_scaffold_816	11550	14688	gene-Peve_00042099	0.3703703704	27
Porites_evermani_scaffold_816	22405	23503	gene-Peve_00042100	0	31
Porites_evermani_scaffold_816	32252	39952	gene-Peve_00042104	0.583446403	67
Porites_evermani_scaffold_816	76629	81651	gene-Peve_00042103	0.2163305203	123
Porites_evermani_scaffold_816	90202	91300	gene-Peve_00042105	1.174746565	46
Porites_evermani_scaffold_816	92017	93228	gene-Peve_00042106	0	25
Porites_evermani_scaffold_816	93422	98988	gene-Peve_00042107	1.656920893	121
Porites_evermani_scaffold_816	102692	149538	gene-Peve_00042108	12.1873847	840
Porites_evermani_scaffold_816	155750	156194	gene-Peve_00042109	0	6
Porites_evermani_scaffold_816	158271	184498	gene-Peve_00042110	32.40637456	108
Porites_evermani_scaffold_8167	39	1026	gene-Peve_00042111	.	0
Porites_evermani_scaffold_817	0	6365	gene-Peve_00042113	0.6926972314	121
Porites_evermani_scaffold_817	9670	17719	gene-Peve_00042112	0.6993915181	166
Porites_evermani_scaffold_817	20662	28265	gene-Peve_00042118	0.5004954036	166
Porites_evermani_scaffold_817	34327	51374	gene-Peve_00042123	0.6579711149	409
Porites_evermani_scaffold_817	70298	99290	gene-Peve_00042122	4.36612511	628
Porites_evermani_scaffold_817	74437	75444	gene-Peve_00042125	0.4230769333	30
Porites_evermani_scaffold_817	75491	78975	gene-Peve_00042124	4.205683337	92
Porites_evermani_scaffold_817	99994	102421	gene-Peve_00042114	0.3695324231	52
Porites_evermani_scaffold_817	120522	124426	gene-Peve_00042120	1.103522934	137
Porites_evermani_scaffold_817	142033	145873	gene-Peve_00042121	0.6646241127	71
Porites_evermani_scaffold_817	153452	173723	gene-Peve_00042117	1.33233229	328
Porites_evermani_scaffold_8175	111	444	gene-Peve_00042126	86.4615384	5
Porites_evermani_scaffold_818	3561	33227	gene-Peve_00042127	0.1106532381	126
Porites_evermani_scaffold_818	23597	23992	gene-Peve_00042138	.	0
Porites_evermani_scaffold_818	53897	54251	gene-Peve_00042129	0.9531590833	12
Porites_evermani_scaffold_818	58799	59795	gene-Peve_00042130	0	49
Porites_evermani_scaffold_818	63304	63609	gene-Peve_00042131	0	1
Porites_evermani_scaffold_818	122717	169331	gene-Peve_00042134	3.247089458	212
Porites_evermani_scaffold_818	136726	141153	gene-Peve_00042135	19.27302573	15
Porites_evermani_scaffold_818	143393	143977	gene-Peve_00042136	.	0
Porites_evermani_scaffold_818	160817	163337	gene-Peve_00042139	1.217532455	11
Porites_evermani_scaffold_818	172860	175811	gene-Peve_00042140	1.7261905	8
Porites_evermani_scaffold_8180	225	1062	gene-Peve_00042141	.	0
Porites_evermani_scaffold_8182	476	809	gene-Peve_00042142	0	11
Porites_evermani_scaffold_819	8190	11676	gene-Peve_00042146	0.4004657647	17
Porites_evermani_scaffold_819	12843	13424	gene-Peve_00042159	1.060606056	18
Porites_evermani_scaffold_819	26710	27945	gene-Peve_00042160	0	29
Porites_evermani_scaffold_819	37240	38120	gene-Peve_00042143	0.3472222187	32
Porites_evermani_scaffold_819	41053	55018	gene-Peve_00042144	0.4705023711	291
Porites_evermani_scaffold_819	70164	70668	gene-Peve_00042151	0.4491978636	22
Porites_evermani_scaffold_819	76992	84432	gene-Peve_00042152	0.05714286	200
Porites_evermani_scaffold_819	85072	85576	gene-Peve_00042153	0	9
Porites_evermani_scaffold_819	85865	104466	gene-Peve_00042154	10.39622413	433
Porites_evermani_scaffold_819	129678	145154	gene-Peve_00042155	9.249886045	337
Porites_evermani_scaffold_819	148060	151227	gene-Peve_00042156	1.960070816	76
Porites_evermani_scaffold_819	152258	180016	gene-Peve_00042157	4.202940084	753
Porites_evermani_scaffold_819	163598	165960	gene-Peve_00042158	2.640986595	74
Porites_evermani_scaffold_82	18671	19451	gene-Peve_00042182	0.9016637083	24
Porites_evermani_scaffold_82	24339	24711	gene-Peve_00042179	16.16602817	12
Porites_evermani_scaffold_82	24764	25079	gene-Peve_00042193	0	11
Porites_evermani_scaffold_82	30489	31074	gene-Peve_00042196	11.87823411	19
Porites_evermani_scaffold_82	38852	40723	gene-Peve_00042162	.	0
Porites_evermani_scaffold_82	83630	85842	gene-Peve_00042178	1.342672019	53
Porites_evermani_scaffold_82	98212	101100	gene-Peve_00042180	2.361724117	94
Porites_evermani_scaffold_82	102050	104140	gene-Peve_00042181	30.50638649	51
Porites_evermani_scaffold_82	121284	134372	gene-Peve_00042183	3.069170467	347
Porites_evermani_scaffold_82	147725	149783	gene-Peve_00042185	0.1614205085	59
Porites_evermani_scaffold_82	158256	159896	gene-Peve_00042186	50.64467083	29
Porites_evermani_scaffold_82	161040	161898	gene-Peve_00042187	17.6639929	10
Porites_evermani_scaffold_82	163338	163972	gene-Peve_00042188	0.5494505385	13
Porites_evermani_scaffold_82	174263	207507	gene-Peve_00042189	25.01682221	647
Porites_evermani_scaffold_82	189388	189967	gene-Peve_00042190	.	0
Porites_evermani_scaffold_82	194745	197194	gene-Peve_00042191	0.2906658615	65
Porites_evermani_scaffold_82	208304	232197	gene-Peve_00042192	15.48342543	404
Porites_evermani_scaffold_82	240320	285259	gene-Peve_00042194	12.39601981	1085
Porites_evermani_scaffold_82	244299	244646	gene-Peve_00042195	0	5
Porites_evermani_scaffold_82	286731	292743	gene-Peve_00042197	47.37601233	112
Porites_evermani_scaffold_82	313365	320972	gene-Peve_00042161	58.82675187	107
Porites_evermani_scaffold_82	330243	331963	gene-Peve_00042163	0	67
Porites_evermani_scaffold_82	334683	371321	gene-Peve_00042165	24.68497953	480
Porites_evermani_scaffold_82	371383	386959	gene-Peve_00042166	37.69892245	184
Porites_evermani_scaffold_82	391904	392312	gene-Peve_00042167	0.625	8
Porites_evermani_scaffold_82	399303	417659	gene-Peve_00042168	62.80299046	332
Porites_evermani_scaffold_82	423799	436533	gene-Peve_00042169	79.08853061	150
Porites_evermani_scaffold_82	443271	455083	gene-Peve_00042170	61.52186315	167
Porites_evermani_scaffold_82	455318	504158	gene-Peve_00042171	34.28233693	890
Porites_evermani_scaffold_82	469487	470980	gene-Peve_00042173	93.84249087	15
Porites_evermani_scaffold_82	516553	519623	gene-Peve_00042174	8.748825	71
Porites_evermani_scaffold_82	522265	552117	gene-Peve_00042175	27.36387568	559
Porites_evermani_scaffold_82	559268	561461	gene-Peve_00042176	0.08291874627	67
Porites_evermani_scaffold_82	571807	578818	gene-Peve_00042177	50.87872282	57
Porites_evermani_scaffold_820	2387	3251	gene-Peve_00042201	11.14203785	13
Porites_evermani_scaffold_820	3547	6422	gene-Peve_00042205	15.9845782	30
Porites_evermani_scaffold_820	11490	12338	gene-Peve_00042217	3.366545875	8
Porites_evermani_scaffold_820	18811	22054	gene-Peve_00042225	17.92561594	16
Porites_evermani_scaffold_820	24375	25444	gene-Peve_00042227	15.384615	1
Porites_evermani_scaffold_820	41335	43168	gene-Peve_00042198	35.0157627	27
Porites_evermani_scaffold_820	49728	50259	gene-Peve_00042200	59.39839363	19
Porites_evermani_scaffold_820	50286	55067	gene-Peve_00042199	43.33712366	76
Porites_evermani_scaffold_820	52205	53444	gene-Peve_00042202	25.1409775	6
Porites_evermani_scaffold_820	57250	60406	gene-Peve_00042203	69.83384264	77
Porites_evermani_scaffold_820	72444	76401	gene-Peve_00042207	34.34545293	105
Porites_evermani_scaffold_820	76611	81028	gene-Peve_00042208	35.18310261	124
Porites_evermani_scaffold_820	89077	89560	gene-Peve_00042209	42.18106777	13
Porites_evermani_scaffold_820	102250	103334	gene-Peve_00042210	35.75962264	22
Porites_evermani_scaffold_820	107606	110416	gene-Peve_00042211	39.02393056	63
Porites_evermani_scaffold_820	112051	112492	gene-Peve_00042212	44.76430978	9
Porites_evermani_scaffold_820	112547	113807	gene-Peve_00042213	32.00666086	14
Porites_evermani_scaffold_820	123319	124504	gene-Peve_00042214	.	0
Porites_evermani_scaffold_820	125926	128242	gene-Peve_00042215	12.46679945	47
Porites_evermani_scaffold_820	129714	130899	gene-Peve_00042216	.	0
Porites_evermani_scaffold_820	144480	146134	gene-Peve_00042218	57.88020324	21
Porites_evermani_scaffold_820	149615	150026	gene-Peve_00042219	64.434856	8
Porites_evermani_scaffold_820	152825	153374	gene-Peve_00042220	46.98372463	8
Porites_evermani_scaffold_820	153585	154950	gene-Peve_00042221	43.353803	7
Porites_evermani_scaffold_820	158543	159872	gene-Peve_00042222	72.82285582	28
Porites_evermani_scaffold_820	165070	165478	gene-Peve_00042223	79.2612874	15
Porites_evermani_scaffold_820	172132	172438	gene-Peve_00042224	71.31546183	6
Porites_evermani_scaffold_821	21568	29068	gene-Peve_00042235	0	23
Porites_evermani_scaffold_821	34013	43893	gene-Peve_00042238	42.6933082	71
Porites_evermani_scaffold_821	46743	57927	gene-Peve_00042239	0	10
Porites_evermani_scaffold_821	81723	84559	gene-Peve_00042240	4.629629593	27
Porites_evermani_scaffold_821	84983	111687	gene-Peve_00042228	13.54212825	197
Porites_evermani_scaffold_821	115855	121023	gene-Peve_00042229	73.64916347	32
Porites_evermani_scaffold_821	127930	130252	gene-Peve_00042230	53.79771537	19
Porites_evermani_scaffold_821	136389	164395	gene-Peve_00042231	0.6059919017	417
Porites_evermani_scaffold_821	145963	147888	gene-Peve_00042232	0	1
Porites_evermani_scaffold_821	148557	149740	gene-Peve_00042233	.	0
Porites_evermani_scaffold_821	160213	179178	gene-Peve_00042234	14.78459344	214
Porites_evermani_scaffold_821	161080	161915	gene-Peve_00042236	.	0
Porites_evermani_scaffold_821	181761	184369	gene-Peve_00042237	0.6351183014	73
Porites_evermani_scaffold_822	15838	20128	gene-Peve_00042242	.	0
Porites_evermani_scaffold_822	36097	36850	gene-Peve_00042245	.	0
Porites_evermani_scaffold_822	55292	64739	gene-Peve_00042246	.	0
Porites_evermani_scaffold_822	70533	102296	gene-Peve_00042247	0.9259259259	27
Porites_evermani_scaffold_822	109383	111859	gene-Peve_00042241	.	0
Porites_evermani_scaffold_822	129841	154124	gene-Peve_00042248	3.667779082	245
Porites_evermani_scaffold_823	19510	19966	gene-Peve_00042263	80.67057496	23
Porites_evermani_scaffold_823	32539	33118	gene-Peve_00042267	.	0
Porites_evermani_scaffold_823	57954	59676	gene-Peve_00042251	69.23733769	39
Porites_evermani_scaffold_823	61824	62169	gene-Peve_00042254	64.93194312	8
Porites_evermani_scaffold_823	62399	62677	gene-Peve_00042255	67.9763832	5
Porites_evermani_scaffold_823	74085	74499	gene-Peve_00042256	80.29253156	18
Porites_evermani_scaffold_823	75386	75728	gene-Peve_00042257	87.40668521	19
Porites_evermani_scaffold_823	88053	89361	gene-Peve_00042260	78.437098	33
Porites_evermani_scaffold_823	104180	108415	gene-Peve_00042262	22.93464587	61
Porites_evermani_scaffold_823	119334	123968	gene-Peve_00042264	68.1887174	62
Porites_evermani_scaffold_823	124805	127180	gene-Peve_00042265	60.85590898	51
Porites_evermani_scaffold_823	140081	163103	gene-Peve_00042266	58.61350755	341
Porites_evermani_scaffold_823	173131	174454	gene-Peve_00042268	42.97300735	17
Porites_evermani_scaffold_823	175729	180106	gene-Peve_00042269	36.40592502	132
Porites_evermani_scaffold_824	15800	17918	gene-Peve_00042291	65.57481724	17
Porites_evermani_scaffold_824	28601	30506	gene-Peve_00042272	56.31061246	13
Porites_evermani_scaffold_824	31309	31684	gene-Peve_00042273	68.20144729	7
Porites_evermani_scaffold_824	42836	43301	gene-Peve_00042274	77.776571	8
Porites_evermani_scaffold_824	43433	44066	gene-Peve_00042275	68.59264133	6
Porites_evermani_scaffold_824	44436	44910	gene-Peve_00042276	74.49494967	3
Porites_evermani_scaffold_824	47157	50343	gene-Peve_00042277	80.05543172	32
Porites_evermani_scaffold_824	69903	70303	gene-Peve_00042278	17.15103395	19
Porites_evermani_scaffold_824	70315	73326	gene-Peve_00042279	12.40942733	9
Porites_evermani_scaffold_824	74828	75184	gene-Peve_00042280	.	0
Porites_evermani_scaffold_824	88546	90765	gene-Peve_00042283	85.0102599	87
Porites_evermani_scaffold_824	89524	90090	gene-Peve_00042284	84.09729481	26
Porites_evermani_scaffold_824	97194	97542	gene-Peve_00042288	45.454545	1
Porites_evermani_scaffold_824	98946	100137	gene-Peve_00042289	33.33267929	7
Porites_evermani_scaffold_824	100928	103328	gene-Peve_00042290	55.06072331	48
Porites_evermani_scaffold_824	104228	107424	gene-Peve_00042292	43.94560619	36
Porites_evermani_scaffold_824	114429	114927	gene-Peve_00042293	.	0
Porites_evermani_scaffold_824	115076	116543	gene-Peve_00042294	.	0
Porites_evermani_scaffold_824	116695	122518	gene-Peve_00042295	70.9830656	30
Porites_evermani_scaffold_824	140502	147861	gene-Peve_00042296	53.03190834	68
Porites_evermani_scaffold_824	157455	157806	gene-Peve_00042297	.	0
Porites_evermani_scaffold_824	161796	162284	gene-Peve_00042270	.	0
Porites_evermani_scaffold_825	7296	8126	gene-Peve_00042298	0	5
Porites_evermani_scaffold_825	19162	46863	gene-Peve_00042301	67.72102906	181
Porites_evermani_scaffold_825	52104	69705	gene-Peve_00042309	54.64412273	188
Porites_evermani_scaffold_825	69840	89345	gene-Peve_00042299	6.005011865	327
Porites_evermani_scaffold_825	79279	79848	gene-Peve_00042300	.	0
Porites_evermani_scaffold_825	106002	131651	gene-Peve_00042302	11.57928838	320
Porites_evermani_scaffold_825	135858	137604	gene-Peve_00042303	0.1069518727	55
Porites_evermani_scaffold_825	138830	140332	gene-Peve_00042304	0	26
Porites_evermani_scaffold_825	143996	152708	gene-Peve_00042305	0.3673178704	54
Porites_evermani_scaffold_825	169178	170192	gene-Peve_00042306	0	25
Porites_evermani_scaffold_825	171469	172381	gene-Peve_00042307	.	0
Porites_evermani_scaffold_825	176138	177905	gene-Peve_00042308	.	0
Porites_evermani_scaffold_826	1458	17189	gene-Peve_00042310	79.5151514	10
Porites_evermani_scaffold_826	41003	45841	gene-Peve_00042320	.	0
Porites_evermani_scaffold_826	51909	55391	gene-Peve_00042321	.	0
Porites_evermani_scaffold_826	57526	65565	gene-Peve_00042322	.	0
Porites_evermani_scaffold_826	77546	82951	gene-Peve_00042311	0.4742978378	37
Porites_evermani_scaffold_826	100359	101518	gene-Peve_00042314	0.7219251364	22
Porites_evermani_scaffold_826	127539	128562	gene-Peve_00042315	.	0
Porites_evermani_scaffold_826	128664	129687	gene-Peve_00042316	.	0
Porites_evermani_scaffold_826	142222	142445	gene-Peve_00042317	.	0
Porites_evermani_scaffold_826	148756	150088	gene-Peve_00042318	.	0
Porites_evermani_scaffold_826	163427	164548	gene-Peve_00042319	0	9
Porites_evermani_scaffold_827	2144	2513	gene-Peve_00042323	.	0
Porites_evermani_scaffold_827	8538	10205	gene-Peve_00042328	0	41
Porites_evermani_scaffold_827	10205	10659	gene-Peve_00042336	0	5
Porites_evermani_scaffold_827	22590	32188	gene-Peve_00042324	1.096175647	116
Porites_evermani_scaffold_827	36231	36576	gene-Peve_00042325	0	8
Porites_evermani_scaffold_827	62634	65355	gene-Peve_00042330	0	30
Porites_evermani_scaffold_827	66301	80129	gene-Peve_00042331	0.2533634149	241
Porites_evermani_scaffold_827	100198	100817	gene-Peve_00042332	2.301196037	27
Porites_evermani_scaffold_827	118460	118897	gene-Peve_00042333	0	9
Porites_evermani_scaffold_828	3530	4433	gene-Peve_00042338	0	22
Porites_evermani_scaffold_828	24124	52916	gene-Peve_00042343	0.7870765759	382
Porites_evermani_scaffold_828	56650	71405	gene-Peve_00042344	0.3223781917	240
Porites_evermani_scaffold_828	70146	78932	gene-Peve_00042339	6.124246233	180
Porites_evermani_scaffold_828	81367	90297	gene-Peve_00042340	26.94488753	99
Porites_evermani_scaffold_828	96830	118568	gene-Peve_00042341	0.6197156834	319
Porites_evermani_scaffold_828	136686	172797	gene-Peve_00042342	0.7888444842	285
Porites_evermani_scaffold_829	6406	7016	gene-Peve_00042353	78.802864	5
Porites_evermani_scaffold_829	16586	17395	gene-Peve_00042348	46.45833337	8
Porites_evermani_scaffold_829	19785	20542	gene-Peve_00042349	49.7084195	12
Porites_evermani_scaffold_829	45434	46138	gene-Peve_00042350	46.0443725	6
Porites_evermani_scaffold_829	46450	48000	gene-Peve_00042351	67.14104782	17
Porites_evermani_scaffold_829	60429	61476	gene-Peve_00042355	.	0
Porites_evermani_scaffold_829	63137	63494	gene-Peve_00042356	0	3
Porites_evermani_scaffold_829	70494	70809	gene-Peve_00042358	.	0
Porites_evermani_scaffold_829	70859	72704	gene-Peve_00042357	23.77622375	4
Porites_evermani_scaffold_829	73885	74509	gene-Peve_00042359	.	0
Porites_evermani_scaffold_829	77611	81218	gene-Peve_00042360	74.99771356	48
Porites_evermani_scaffold_829	83736	84204	gene-Peve_00042361	76.09878243	14
Porites_evermani_scaffold_829	90784	91323	gene-Peve_00042362	59.3333334	5
Porites_evermani_scaffold_829	92711	94401	gene-Peve_00042363	90	1
Porites_evermani_scaffold_829	95125	100573	gene-Peve_00042364	.	0
Porites_evermani_scaffold_829	105567	106212	gene-Peve_00042365	69.14835175	4
Porites_evermani_scaffold_829	129138	130125	gene-Peve_00042367	38.54996449	35
Porites_evermani_scaffold_829	148368	150102	gene-Peve_00042345	45.9869734	20
Porites_evermani_scaffold_829	150500	150950	gene-Peve_00042346	96.8055555	6
Porites_evermani_scaffold_829	153707	157382	gene-Peve_00042347	14.28571429	7
Porites_evermani_scaffold_83	3977	32219	gene-Peve_00042384	0.4479277278	327
Porites_evermani_scaffold_83	34307	92087	gene-Peve_00042391	0.9669594702	1176
Porites_evermani_scaffold_83	107040	113719	gene-Peve_00042377	0.4621129495	218
Porites_evermani_scaffold_83	114889	115288	gene-Peve_00042378	2.083333333	6
Porites_evermani_scaffold_83	118720	119284	gene-Peve_00042379	0.6073154	15
Porites_evermani_scaffold_83	121540	122179	gene-Peve_00042380	0.922619	7
Porites_evermani_scaffold_83	152784	180855	gene-Peve_00042385	0.9116874016	610
Porites_evermani_scaffold_83	171760	172178	gene-Peve_00042386	0.4385964737	19
Porites_evermani_scaffold_83	182352	189384	gene-Peve_00042388	45.20966886	104
Porites_evermani_scaffold_83	192336	202658	gene-Peve_00042389	0.5262649155	71
Porites_evermani_scaffold_83	210979	229296	gene-Peve_00042390	0.2171588	115
Porites_evermani_scaffold_83	252653	254027	gene-Peve_00042392	7.639535111	9
Porites_evermani_scaffold_83	263132	316068	gene-Peve_00042393	1.151951825	492
Porites_evermani_scaffold_83	268304	268975	gene-Peve_00042394	.	0
Porites_evermani_scaffold_83	319421	320579	gene-Peve_00042395	.	0
Porites_evermani_scaffold_83	349910	352983	gene-Peve_00042396	0.59893048	25
Porites_evermani_scaffold_83	372868	373174	gene-Peve_00042397	.	0
Porites_evermani_scaffold_83	392054	396489	gene-Peve_00042398	.	0
Porites_evermani_scaffold_83	402354	403683	gene-Peve_00042399	.	0
Porites_evermani_scaffold_83	409894	415778	gene-Peve_00042400	.	0
Porites_evermani_scaffold_83	416265	428958	gene-Peve_00042401	12.69520365	123
Porites_evermani_scaffold_83	451645	479872	gene-Peve_00042402	1.131291381	370
Porites_evermani_scaffold_83	510108	525526	gene-Peve_00042368	0.1641340594	202
Porites_evermani_scaffold_83	532153	532590	gene-Peve_00042369	0	16
Porites_evermani_scaffold_83	532762	533456	gene-Peve_00042370	0.1949317778	27
Porites_evermani_scaffold_83	539701	540592	gene-Peve_00042371	0	24
Porites_evermani_scaffold_83	548122	549010	gene-Peve_00042373	.	0
Porites_evermani_scaffold_83	557966	558404	gene-Peve_00042374	0	1
Porites_evermani_scaffold_83	572782	573667	gene-Peve_00042376	0.4761904828	29
Porites_evermani_scaffold_830	47616	64779	gene-Peve_00042403	0.5001010948	580
Porites_evermani_scaffold_830	71532	95135	gene-Peve_00042404	0.9565813603	458
Porites_evermani_scaffold_830	80832	82366	gene-Peve_00042405	2.098936244	45
Porites_evermani_scaffold_830	100827	117483	gene-Peve_00042406	9.658160464	56
Porites_evermani_scaffold_830	113650	114111	gene-Peve_00042407	22.5	2
Porites_evermani_scaffold_830	127015	137659	gene-Peve_00042408	20.45698488	43
Porites_evermani_scaffold_830	142793	153780	gene-Peve_00042409	1.107329825	206
Porites_evermani_scaffold_830	153924	157599	gene-Peve_00042410	27.45121677	22
Porites_evermani_scaffold_830	162394	177103	gene-Peve_00042411	2.950607298	325
Porites_evermani_scaffold_830	179012	181080	gene-Peve_00042412	0	22
Porites_evermani_scaffold_830	181614	182061	gene-Peve_00042413	0	6
Porites_evermani_scaffold_830	182233	183394	gene-Peve_00042414	.	0
Porites_evermani_scaffold_831	52	6387	gene-Peve_00042415	3.735660464	69
Porites_evermani_scaffold_831	32653	45989	gene-Peve_00042419	0.9166602561	285
Porites_evermani_scaffold_831	52411	53332	gene-Peve_00042427	0	12
Porites_evermani_scaffold_831	56104	56548	gene-Peve_00042428	0	4
Porites_evermani_scaffold_831	64956	68858	gene-Peve_00042429	0.215502875	112
Porites_evermani_scaffold_831	73191	84869	gene-Peve_00042416	1.307321558	360
Porites_evermani_scaffold_831	88556	100532	gene-Peve_00042417	34.40565166	173
Porites_evermani_scaffold_831	106581	126442	gene-Peve_00042420	73.06679727	218
Porites_evermani_scaffold_831	128110	136510	gene-Peve_00042421	0.1725936486	185
Porites_evermani_scaffold_831	143754	144249	gene-Peve_00042422	0.6493506364	22
Porites_evermani_scaffold_831	149874	160888	gene-Peve_00042423	21.31183335	159
Porites_evermani_scaffold_831	169066	169915	gene-Peve_00042424	0	27
Porites_evermani_scaffold_831	174963	176593	gene-Peve_00042425	0.7142857143	42
Porites_evermani_scaffold_831	178282	179933	gene-Peve_00042426	0.1984127083	24
Porites_evermani_scaffold_832	4068	10990	gene-Peve_00042430	88.88611392	13
Porites_evermani_scaffold_832	14064	26256	gene-Peve_00042434	50.91941534	44
Porites_evermani_scaffold_832	28968	30377	gene-Peve_00042438	61.9999998	5
Porites_evermani_scaffold_832	32680	39471	gene-Peve_00042439	73.68962017	47
Porites_evermani_scaffold_832	56190	60460	gene-Peve_00042440	0.9356576545	110
Porites_evermani_scaffold_832	90207	99430	gene-Peve_00042431	0.7387057381	42
Porites_evermani_scaffold_832	109355	109715	gene-Peve_00042433	0.8264462727	11
Porites_evermani_scaffold_832	113379	125625	gene-Peve_00042432	1.00840954	309
Porites_evermani_scaffold_832	138129	139464	gene-Peve_00042435	17.44846585	13
Porites_evermani_scaffold_832	142785	143822	gene-Peve_00042436	0.2525252424	33
Porites_evermani_scaffold_832	159278	168193	gene-Peve_00042437	1.116495968	249
Porites_evermani_scaffold_833	28776	58787	gene-Peve_00042451	0.7460488105	343
Porites_evermani_scaffold_833	66035	67685	gene-Peve_00042441	0.5575770645	31
Porites_evermani_scaffold_833	72069	72708	gene-Peve_00042442	0.5555555556	9
Porites_evermani_scaffold_833	77617	79898	gene-Peve_00042446	5.385344556	18
Porites_evermani_scaffold_833	109631	121022	gene-Peve_00042448	0.5386258298	94
Porites_evermani_scaffold_833	129373	142854	gene-Peve_00042450	0.4967831818	209
Porites_evermani_scaffold_833	146401	159792	gene-Peve_00042452	0.9237849182	379
Porites_evermani_scaffold_833	147927	148244	gene-Peve_00042453	1.082251067	15
Porites_evermani_scaffold_834	35697	39357	gene-Peve_00042462	0	3
Porites_evermani_scaffold_834	47774	49553	gene-Peve_00042454	12.53025131	45
Porites_evermani_scaffold_834	54693	81162	gene-Peve_00042456	4.847979325	590
Porites_evermani_scaffold_834	84205	84985	gene-Peve_00042457	0	14
Porites_evermani_scaffold_834	86855	117672	gene-Peve_00042458	87.63032787	245
Porites_evermani_scaffold_834	123734	126014	gene-Peve_00042459	1.263736286	14
Porites_evermani_scaffold_834	144746	153004	gene-Peve_00042460	80.76462298	43
Porites_evermani_scaffold_834	157943	162110	gene-Peve_00042461	1.282051333	6
Porites_evermani_scaffold_834	177538	181522	gene-Peve_00042463	0	7
Porites_evermani_scaffold_835	3548	23130	gene-Peve_00042464	.	0
Porites_evermani_scaffold_835	23394	37157	gene-Peve_00042472	5	2
Porites_evermani_scaffold_835	69980	94302	gene-Peve_00042471	.	0
Porites_evermani_scaffold_835	119976	126645	gene-Peve_00042465	.	0
Porites_evermani_scaffold_835	126927	139907	gene-Peve_00042466	0	9
Porites_evermani_scaffold_835	146522	146834	gene-Peve_00042467	40.83333325	4
Porites_evermani_scaffold_835	152815	162566	gene-Peve_00042468	5.202476835	79
Porites_evermani_scaffold_835	170112	171463	gene-Peve_00042469	0.265252	29
Porites_evermani_scaffold_835	174719	181330	gene-Peve_00042470	26.2443371	111
Porites_evermani_scaffold_836	12726	42821	gene-Peve_00042474	15.30753099	441
Porites_evermani_scaffold_836	45455	66020	gene-Peve_00042477	10.40015225	485
Porites_evermani_scaffold_836	67239	80335	gene-Peve_00042480	38.85273147	156
Porites_evermani_scaffold_836	89085	89872	gene-Peve_00042482	0.2912419394	33
Porites_evermani_scaffold_836	132488	177625	gene-Peve_00042475	1.402895963	1216
Porites_evermani_scaffold_836	157088	157752	gene-Peve_00042476	0.4444444667	15
Porites_evermani_scaffold_836	168173	169445	gene-Peve_00042478	0.6346358444	45
Porites_evermani_scaffold_836	171661	172957	gene-Peve_00042479	13.71393225	24
Porites_evermani_scaffold_837	1075	2725	gene-Peve_00042483	2.610294125	8
Porites_evermani_scaffold_837	3394	21428	gene-Peve_00042492	28.22831239	137
Porites_evermani_scaffold_837	31875	50881	gene-Peve_00042493	0.6794489279	333
Porites_evermani_scaffold_837	57810	64498	gene-Peve_00042484	0.4028740677	133
Porites_evermani_scaffold_837	79329	80058	gene-Peve_00042485	0	27
Porites_evermani_scaffold_837	87610	92204	gene-Peve_00042486	0	19
Porites_evermani_scaffold_837	95704	96601	gene-Peve_00042487	0	6
Porites_evermani_scaffold_837	104814	127702	gene-Peve_00042488	11.05385738	582
Porites_evermani_scaffold_837	130850	174587	gene-Peve_00042489	11.7352007	507
Porites_evermani_scaffold_837	144305	145982	gene-Peve_00042490	53.6059901	10
Porites_evermani_scaffold_837	174612	182097	gene-Peve_00042491	1.686840667	135
Porites_evermani_scaffold_838	3154	11134	gene-Peve_00042494	0	34
Porites_evermani_scaffold_838	13234	13540	gene-Peve_00042508	0	15
Porites_evermani_scaffold_838	16052	20358	gene-Peve_00042509	1.207073788	85
Porites_evermani_scaffold_838	60885	67893	gene-Peve_00042495	0.6953702183	229
Porites_evermani_scaffold_838	68793	69135	gene-Peve_00042497	0	16
Porites_evermani_scaffold_838	74392	75432	gene-Peve_00042498	.	0
Porites_evermani_scaffold_838	77369	78982	gene-Peve_00042500	.	0
Porites_evermani_scaffold_838	103734	105821	gene-Peve_00042502	0.14285714	50
Porites_evermani_scaffold_838	106989	108315	gene-Peve_00042503	.	0
Porites_evermani_scaffold_838	110964	120626	gene-Peve_00042504	0.2689863277	235
Porites_evermani_scaffold_838	131425	159088	gene-Peve_00042505	1.026283643	734
Porites_evermani_scaffold_838	163812	165410	gene-Peve_00042506	0.8838383667	30
Porites_evermani_scaffold_838	174831	177549	gene-Peve_00042507	.	0
Porites_evermani_scaffold_839	26393	27515	gene-Peve_00042517	2.291947675	40
Porites_evermani_scaffold_839	36454	40548	gene-Peve_00042518	55.89483058	38
Porites_evermani_scaffold_839	42551	49177	gene-Peve_00042519	0.0398089172	157
Porites_evermani_scaffold_839	54166	66442	gene-Peve_00042520	40.89778669	155
Porites_evermani_scaffold_839	68705	69437	gene-Peve_00042510	0	14
Porites_evermani_scaffold_839	70374	96814	gene-Peve_00042511	6.713586735	680
Porites_evermani_scaffold_839	100797	106903	gene-Peve_00042512	0.5073815091	165
Porites_evermani_scaffold_839	129796	131089	gene-Peve_00042513	0.3670242857	49
Porites_evermani_scaffold_839	139696	144698	gene-Peve_00042514	0.6092977973	148
Porites_evermani_scaffold_839	146342	177325	gene-Peve_00042515	0.7742997462	792
Porites_evermani_scaffold_839	178268	178859	gene-Peve_00042516	0	1
Porites_evermani_scaffold_84	1388	3473	gene-Peve_00042521	.	0
Porites_evermani_scaffold_84	4555	5527	gene-Peve_00042540	.	0
Porites_evermani_scaffold_84	13142	13889	gene-Peve_00042547	.	0
Porites_evermani_scaffold_84	27549	49227	gene-Peve_00042522	54.39567187	179
Porites_evermani_scaffold_84	40966	49346	gene-Peve_00042539	1.572102788	66
Porites_evermani_scaffold_84	65563	70617	gene-Peve_00042543	3.563348412	17
Porites_evermani_scaffold_84	80131	88398	gene-Peve_00042542	0	93
Porites_evermani_scaffold_84	92990	93716	gene-Peve_00042544	.	0
Porites_evermani_scaffold_84	99308	162776	gene-Peve_00042545	3.181420962	1070
Porites_evermani_scaffold_84	124255	128135	gene-Peve_00042546	0.1977035444	90
Porites_evermani_scaffold_84	151586	154470	gene-Peve_00042548	2.808306568	37
Porites_evermani_scaffold_84	163781	167739	gene-Peve_00042549	0	5
Porites_evermani_scaffold_84	172752	182603	gene-Peve_00042550	0.3945708133	166
Porites_evermani_scaffold_84	189844	190624	gene-Peve_00042551	0.30769232	25
Porites_evermani_scaffold_84	198259	206426	gene-Peve_00042552	48.90224053	135
Porites_evermani_scaffold_84	208314	209348	gene-Peve_00042553	0.2747252857	28
Porites_evermani_scaffold_84	213229	224861	gene-Peve_00042554	3.389669203	133
Porites_evermani_scaffold_84	234188	234935	gene-Peve_00042555	0.2331002424	33
Porites_evermani_scaffold_84	235328	242882	gene-Peve_00042556	35.8591147	117
Porites_evermani_scaffold_84	244664	245702	gene-Peve_00042557	0	21
Porites_evermani_scaffold_84	245926	247042	gene-Peve_00042558	0.68189105	40
Porites_evermani_scaffold_84	258250	259111	gene-Peve_00042559	0	26
Porites_evermani_scaffold_84	271349	274286	gene-Peve_00042560	0.3354978333	66
Porites_evermani_scaffold_84	274279	289091	gene-Peve_00042561	68.05989594	241
Porites_evermani_scaffold_84	299744	321932	gene-Peve_00042562	72.64302313	383
Porites_evermani_scaffold_84	324070	328540	gene-Peve_00042523	49.25800546	37
Porites_evermani_scaffold_84	329999	332061	gene-Peve_00042524	0.4784688947	19
Porites_evermani_scaffold_84	332567	338535	gene-Peve_00042525	43.8345335	102
Porites_evermani_scaffold_84	342261	354758	gene-Peve_00042526	19.21073434	261
Porites_evermani_scaffold_84	358968	363546	gene-Peve_00042527	0.812122049	102
Porites_evermani_scaffold_84	376462	392759	gene-Peve_00042528	72.01213921	61
Porites_evermani_scaffold_84	433542	451966	gene-Peve_00042530	27.34894887	324
Porites_evermani_scaffold_84	471020	473621	gene-Peve_00042531	85.93179053	15
Porites_evermani_scaffold_84	485463	486438	gene-Peve_00042532	0.2789265122	41
Porites_evermani_scaffold_84	487884	518045	gene-Peve_00042533	15.05768747	516
Porites_evermani_scaffold_84	523681	533115	gene-Peve_00042534	20.90013486	155
Porites_evermani_scaffold_84	534385	546379	gene-Peve_00042535	0.894504886	228
Porites_evermani_scaffold_84	551658	555620	gene-Peve_00042536	0	135
Porites_evermani_scaffold_84	556129	557290	gene-Peve_00042537	0	20
Porites_evermani_scaffold_84	568686	578758	gene-Peve_00042538	8.611394462	171
Porites_evermani_scaffold_840	1471	1924	gene-Peve_00042563	89.28815058	12
Porites_evermani_scaffold_840	3929	4396	gene-Peve_00042578	10.41666667	3
Porites_evermani_scaffold_840	4573	5230	gene-Peve_00042581	76.3736265	4
Porites_evermani_scaffold_840	19257	20381	gene-Peve_00042565	81.65824917	12
Porites_evermani_scaffold_840	20548	24277	gene-Peve_00042566	75.56160798	89
Porites_evermani_scaffold_840	45087	46627	gene-Peve_00042568	75.30099869	35
Porites_evermani_scaffold_840	50412	51165	gene-Peve_00042569	55.35353533	3
Porites_evermani_scaffold_840	52046	52646	gene-Peve_00042570	55.7620075	12
Porites_evermani_scaffold_840	54237	59170	gene-Peve_00042571	70.8290323	132
Porites_evermani_scaffold_840	59232	60078	gene-Peve_00042572	16.93198418	17
Porites_evermani_scaffold_840	60706	61387	gene-Peve_00042573	19.10046233	3
Porites_evermani_scaffold_840	62894	63419	gene-Peve_00042574	16.88736556	9
Porites_evermani_scaffold_840	65824	66484	gene-Peve_00042575	83.50279368	31
Porites_evermani_scaffold_840	81697	82519	gene-Peve_00042577	.	0
Porites_evermani_scaffold_840	85526	85922	gene-Peve_00042579	19.00911222	9
Porites_evermani_scaffold_840	91914	92250	gene-Peve_00042580	0	1
Porites_evermani_scaffold_840	99169	104752	gene-Peve_00042582	2.206518971	68
Porites_evermani_scaffold_840	112597	113318	gene-Peve_00042583	20.156695	6
Porites_evermani_scaffold_840	114919	116811	gene-Peve_00042584	.	0
Porites_evermani_scaffold_840	143798	144731	gene-Peve_00042585	.	0
Porites_evermani_scaffold_840	149337	149769	gene-Peve_00042586	.	0
Porites_evermani_scaffold_840	150116	150482	gene-Peve_00042587	.	0
Porites_evermani_scaffold_840	156149	157442	gene-Peve_00042588	6.632086041	49
Porites_evermani_scaffold_840	159303	160146	gene-Peve_00042589	34.84848467	3
Porites_evermani_scaffold_840	170065	171154	gene-Peve_00042564	0	2
Porites_evermani_scaffold_841	198	2192	gene-Peve_00042590	0	55
Porites_evermani_scaffold_841	4706	5009	gene-Peve_00042594	0	8
Porites_evermani_scaffold_841	8852	11830	gene-Peve_00042600	0.475842386	57
Porites_evermani_scaffold_841	22276	28956	gene-Peve_00042608	19.02204691	75
Porites_evermani_scaffold_841	32485	33966	gene-Peve_00042591	2.375	10
Porites_evermani_scaffold_841	42409	51516	gene-Peve_00042592	0.2743802945	146
Porites_evermani_scaffold_841	52135	57129	gene-Peve_00042593	0.309757482	139
Porites_evermani_scaffold_841	60106	61042	gene-Peve_00042595	0.2020202121	33
Porites_evermani_scaffold_841	68353	69265	gene-Peve_00042596	2.704558815	27
Porites_evermani_scaffold_841	72836	76509	gene-Peve_00042597	44.37368352	44
Porites_evermani_scaffold_841	77603	89852	gene-Peve_00042598	15.87024085	33
Porites_evermani_scaffold_841	91936	96928	gene-Peve_00042599	0	24
Porites_evermani_scaffold_841	100635	103988	gene-Peve_00042601	50.17955137	32
Porites_evermani_scaffold_841	104151	121081	gene-Peve_00042602	6.642158124	233
Porites_evermani_scaffold_841	124822	132483	gene-Peve_00042603	11.05387193	133
Porites_evermani_scaffold_841	151019	157246	gene-Peve_00042604	0.3272512778	90
Porites_evermani_scaffold_841	162059	169122	gene-Peve_00042605	2.22460078	168
Porites_evermani_scaffold_841	171195	174954	gene-Peve_00042606	54.17583854	41
Porites_evermani_scaffold_841	175021	179836	gene-Peve_00042607	28.1631296	45
Porites_evermani_scaffold_842	2755	6641	gene-Peve_00042614	.	0
Porites_evermani_scaffold_842	15183	16856	gene-Peve_00042630	1.4122915	14
Porites_evermani_scaffold_842	18946	19497	gene-Peve_00042611	0	1
Porites_evermani_scaffold_842	20698	24117	gene-Peve_00042613	0	2
Porites_evermani_scaffold_842	24144	24795	gene-Peve_00042615	.	0
Porites_evermani_scaffold_842	31981	36945	gene-Peve_00042616	3.983424	9
Porites_evermani_scaffold_842	54015	72259	gene-Peve_00042617	0.5314772388	67
Porites_evermani_scaffold_842	55801	61202	gene-Peve_00042618	.	0
Porites_evermani_scaffold_842	79165	85390	gene-Peve_00042619	0	35
Porites_evermani_scaffold_842	93931	96606	gene-Peve_00042620	5.952133269	26
Porites_evermani_scaffold_842	107068	107407	gene-Peve_00042621	.	0
Porites_evermani_scaffold_842	109531	113852	gene-Peve_00042622	0.07112375676	74
Porites_evermani_scaffold_842	150341	152368	gene-Peve_00042623	.	0
Porites_evermani_scaffold_842	153104	158282	gene-Peve_00042624	0.15625	64
Porites_evermani_scaffold_842	160924	161443	gene-Peve_00042625	0.2747252692	26
Porites_evermani_scaffold_842	164450	170795	gene-Peve_00042626	5.161854153	72
Porites_evermani_scaffold_842	172493	173192	gene-Peve_00042628	0	33
Porites_evermani_scaffold_842	179442	179820	gene-Peve_00042629	.	0
Porites_evermani_scaffold_843	2343	2697	gene-Peve_00042632	.	0
Porites_evermani_scaffold_843	9880	12713	gene-Peve_00042635	0	5
Porites_evermani_scaffold_843	22224	44887	gene-Peve_00042645	6.701357344	416
Porites_evermani_scaffold_843	26366	29981	gene-Peve_00042631	0.6497212464	69
Porites_evermani_scaffold_843	49787	52460	gene-Peve_00042633	.	0
Porites_evermani_scaffold_843	53204	54890	gene-Peve_00042634	0	22
Porites_evermani_scaffold_843	70706	79661	gene-Peve_00042636	0.9117120293	239
Porites_evermani_scaffold_843	82279	83362	gene-Peve_00042638	27.64884492	12
Porites_evermani_scaffold_843	83366	84272	gene-Peve_00042637	6.210526333	6
Porites_evermani_scaffold_843	85269	85692	gene-Peve_00042639	22.3043478	5
Porites_evermani_scaffold_843	106786	126635	gene-Peve_00042641	0.2976460491	224
Porites_evermani_scaffold_843	126813	127598	gene-Peve_00042642	1.05238096	25
Porites_evermani_scaffold_843	133947	139719	gene-Peve_00042643	0.3030303182	44
Porites_evermani_scaffold_843	147950	157539	gene-Peve_00042646	1.800297186	86
Porites_evermani_scaffold_844	223	3239	gene-Peve_00042647	31.73063867	39
Porites_evermani_scaffold_844	12485	18896	gene-Peve_00042665	0.2213064762	63
Porites_evermani_scaffold_844	29982	40536	gene-Peve_00042648	30.00576925	141
Porites_evermani_scaffold_844	44303	49082	gene-Peve_00042649	84.4840948	5
Porites_evermani_scaffold_844	50032	50362	gene-Peve_00042651	0	7
Porites_evermani_scaffold_844	52243	58527	gene-Peve_00042650	0.3326537769	130
Porites_evermani_scaffold_844	60242	60883	gene-Peve_00042652	0	1
Porites_evermani_scaffold_844	64894	69370	gene-Peve_00042653	0.2418154687	64
Porites_evermani_scaffold_844	74468	79423	gene-Peve_00042654	41.80140211	66
Porites_evermani_scaffold_844	100449	105616	gene-Peve_00042655	0.1656473028	109
Porites_evermani_scaffold_844	111427	119129	gene-Peve_00042656	14.93148296	399
Porites_evermani_scaffold_844	119004	120483	gene-Peve_00042657	3.40217832	75
Porites_evermani_scaffold_844	120868	122233	gene-Peve_00042658	5.502412458	120
Porites_evermani_scaffold_844	122912	123260	gene-Peve_00042659	12.91817371	38
Porites_evermani_scaffold_844	127139	128516	gene-Peve_00042660	13.82749616	107
Porites_evermani_scaffold_844	128817	129657	gene-Peve_00042661	31.32494292	79
Porites_evermani_scaffold_844	130778	131969	gene-Peve_00042662	17.2565911	100
Porites_evermani_scaffold_845	713	1302	gene-Peve_00042667	.	0
Porites_evermani_scaffold_845	4432	28996	gene-Peve_00042666	1.552050869	375
Porites_evermani_scaffold_845	36453	36822	gene-Peve_00042670	0	8
Porites_evermani_scaffold_845	44250	69676	gene-Peve_00042673	8.748761323	384
Porites_evermani_scaffold_845	75557	82257	gene-Peve_00042677	3.076923077	13
Porites_evermani_scaffold_845	78436	80508	gene-Peve_00042668	0	7
Porites_evermani_scaffold_845	87797	88855	gene-Peve_00042669	.	0
Porites_evermani_scaffold_845	105642	108155	gene-Peve_00042671	0	15
Porites_evermani_scaffold_845	120693	130106	gene-Peve_00042672	0.7361005548	146
Porites_evermani_scaffold_845	143017	146794	gene-Peve_00042674	0.3520183415	82
Porites_evermani_scaffold_845	150047	151075	gene-Peve_00042675	0.35714285	20
Porites_evermani_scaffold_845	160883	167461	gene-Peve_00042676	0.1923076923	26
Porites_evermani_scaffold_846	7576	15592	gene-Peve_00042678	0.92766436	175
Porites_evermani_scaffold_846	24403	25522	gene-Peve_00042692	0	4
Porites_evermani_scaffold_846	31411	38047	gene-Peve_00042679	1.154027782	55
Porites_evermani_scaffold_846	36394	36926	gene-Peve_00042680	.	0
Porites_evermani_scaffold_846	46566	52024	gene-Peve_00042681	0	57
Porites_evermani_scaffold_846	63107	64247	gene-Peve_00042682	0	21
Porites_evermani_scaffold_846	75033	75710	gene-Peve_00042683	0.5083089032	31
Porites_evermani_scaffold_846	80521	85869	gene-Peve_00042684	0.7737817677	155
Porites_evermani_scaffold_846	92738	97271	gene-Peve_00042685	0	50
Porites_evermani_scaffold_846	107819	108771	gene-Peve_00042687	94.94047625	8
Porites_evermani_scaffold_846	110705	116697	gene-Peve_00042686	75.59005111	19
Porites_evermani_scaffold_846	123444	125568	gene-Peve_00042688	0.52051282	50
Porites_evermani_scaffold_846	131884	136706	gene-Peve_00042689	0.3060211554	148
Porites_evermani_scaffold_846	153507	157474	gene-Peve_00042690	0.1649564245	106
Porites_evermani_scaffold_847	2	593	gene-Peve_00042693	.	0
Porites_evermani_scaffold_847	3688	25664	gene-Peve_00042695	11.26729849	95
Porites_evermani_scaffold_847	29400	34680	gene-Peve_00042700	0.4761904762	21
Porites_evermani_scaffold_847	47407	52180	gene-Peve_00042694	42.75095332	133
Porites_evermani_scaffold_847	73297	74404	gene-Peve_00042697	4.01417649	49
Porites_evermani_scaffold_847	81148	81751	gene-Peve_00042698	2.660062813	16
Porites_evermani_scaffold_847	81807	82986	gene-Peve_00042699	17.66012426	19
Porites_evermani_scaffold_847	83654	85660	gene-Peve_00042701	0.3030303	10
Porites_evermani_scaffold_847	87938	88482	gene-Peve_00042702	0	5
Porites_evermani_scaffold_847	112003	112555	gene-Peve_00042704	0	6
Porites_evermani_scaffold_847	116019	116909	gene-Peve_00042706	0.7330827143	14
Porites_evermani_scaffold_847	119110	122653	gene-Peve_00042710	0.9660211538	26
Porites_evermani_scaffold_847	124018	124632	gene-Peve_00042711	.	0
Porites_evermani_scaffold_848	4815	9089	gene-Peve_00042719	0.3448275862	29
Porites_evermani_scaffold_848	12181	21168	gene-Peve_00042720	16.72658114	115
Porites_evermani_scaffold_848	24951	67886	gene-Peve_00042721	0.567574597	330
Porites_evermani_scaffold_848	70192	88335	gene-Peve_00042722	6.998088085	201
Porites_evermani_scaffold_848	89839	98475	gene-Peve_00042723	0.3997084112	107
Porites_evermani_scaffold_848	105877	119077	gene-Peve_00042712	78.14731559	230
Porites_evermani_scaffold_848	120194	121215	gene-Peve_00042713	60.22037174	19
Porites_evermani_scaffold_848	125089	136936	gene-Peve_00042714	2.643614035	254
Porites_evermani_scaffold_848	141646	157006	gene-Peve_00042716	69.49945667	222
Porites_evermani_scaffold_848	158373	166239	gene-Peve_00042717	0.30532696	75
Porites_evermani_scaffold_848	170082	173178	gene-Peve_00042718	0.1026162381	147
Porites_evermani_scaffold_849	39237	40103	gene-Peve_00042736	.	0
Porites_evermani_scaffold_849	41638	44303	gene-Peve_00042737	.	0
Porites_evermani_scaffold_849	58808	59288	gene-Peve_00042738	.	0
Porites_evermani_scaffold_849	60700	61024	gene-Peve_00042725	30.077922	5
Porites_evermani_scaffold_849	87865	101151	gene-Peve_00042727	4.222444212	52
Porites_evermani_scaffold_849	105090	113522	gene-Peve_00042728	15.395792	52
Porites_evermani_scaffold_849	117656	123985	gene-Peve_00042729	30.05545736	87
Porites_evermani_scaffold_849	139786	149975	gene-Peve_00042731	11.44166771	80
Porites_evermani_scaffold_849	153707	159374	gene-Peve_00042732	81.818182	1
Porites_evermani_scaffold_849	166661	167244	gene-Peve_00042733	.	0
Porites_evermani_scaffold_849	171044	177401	gene-Peve_00042734	.	0
Porites_evermani_scaffold_849	177333	180434	gene-Peve_00042735	.	0
Porites_evermani_scaffold_85	2550	3563	gene-Peve_00042762	25.62675076	17
Porites_evermani_scaffold_85	6185	8429	gene-Peve_00042768	78.88609996	24
Porites_evermani_scaffold_85	8508	9551	gene-Peve_00042769	75.76048962	8
Porites_evermani_scaffold_85	13251	13905	gene-Peve_00042775	85.63106954	13
Porites_evermani_scaffold_85	14281	24947	gene-Peve_00042779	55.14742803	74
Porites_evermani_scaffold_85	26271	40641	gene-Peve_00042784	29.97081423	251
Porites_evermani_scaffold_85	43656	44526	gene-Peve_00042741	18.10515883	6
Porites_evermani_scaffold_85	52436	52742	gene-Peve_00042758	0	4
Porites_evermani_scaffold_85	55787	63216	gene-Peve_00042761	0.2170868388	273
Porites_evermani_scaffold_85	64457	65612	gene-Peve_00042763	0.421627	28
Porites_evermani_scaffold_85	68223	74445	gene-Peve_00042764	66.87904495	94
Porites_evermani_scaffold_85	75508	118216	gene-Peve_00042766	27.42594966	652
Porites_evermani_scaffold_85	107216	107612	gene-Peve_00042770	79.59383743	7
Porites_evermani_scaffold_85	132067	166071	gene-Peve_00042772	12.90654332	982
Porites_evermani_scaffold_85	137953	139135	gene-Peve_00042774	12.32719589	35
Porites_evermani_scaffold_85	139199	142662	gene-Peve_00042773	27.05997984	108
Porites_evermani_scaffold_85	170776	171802	gene-Peve_00042776	0.3030303	30
Porites_evermani_scaffold_85	172887	175405	gene-Peve_00042777	56.86909527	26
Porites_evermani_scaffold_85	175591	191058	gene-Peve_00042778	44.13956809	321
Porites_evermani_scaffold_85	201823	219673	gene-Peve_00042780	1.271384005	551
Porites_evermani_scaffold_85	240665	243515	gene-Peve_00042783	0.7408990169	59
Porites_evermani_scaffold_85	254319	257796	gene-Peve_00042785	2.555250671	79
Porites_evermani_scaffold_85	263584	269673	gene-Peve_00042739	0.3270317345	177
Porites_evermani_scaffold_85	272072	273671	gene-Peve_00042740	24.72071673	52
Porites_evermani_scaffold_85	278943	290504	gene-Peve_00042742	76.30724716	137
Porites_evermani_scaffold_85	293681	304882	gene-Peve_00042743	81.03498792	128
Porites_evermani_scaffold_85	307499	317549	gene-Peve_00042744	1.187888228	342
Porites_evermani_scaffold_85	341688	352680	gene-Peve_00042745	21.666761	206
Porites_evermani_scaffold_85	353798	357183	gene-Peve_00042746	53.74038587	30
Porites_evermani_scaffold_85	360388	361171	gene-Peve_00042747	0	3
Porites_evermani_scaffold_85	365208	377423	gene-Peve_00042748	0	11
Porites_evermani_scaffold_85	379883	409931	gene-Peve_00042749	26.70173254	504
Porites_evermani_scaffold_85	409724	425428	gene-Peve_00042750	57.31710641	51
Porites_evermani_scaffold_85	427185	452487	gene-Peve_00042751	6.26624199	421
Porites_evermani_scaffold_85	455370	479762	gene-Peve_00042752	0.4189607564	156
Porites_evermani_scaffold_85	480664	489133	gene-Peve_00042753	0.3550042754	167
Porites_evermani_scaffold_85	495192	495645	gene-Peve_00042754	0.3205128333	24
Porites_evermani_scaffold_85	497215	523235	gene-Peve_00042755	0.5066211902	410
Porites_evermani_scaffold_85	524839	529853	gene-Peve_00042756	54.545455	1
Porites_evermani_scaffold_85	535171	550501	gene-Peve_00042757	0	13
Porites_evermani_scaffold_85	555822	557238	gene-Peve_00042759	0.1633986863	51
Porites_evermani_scaffold_85	562624	570322	gene-Peve_00042760	5.102040857	7
Porites_evermani_scaffold_850	26926	37982	gene-Peve_00042791	.	0
Porites_evermani_scaffold_850	41011	41534	gene-Peve_00042797	2.04085495	20
Porites_evermani_scaffold_850	46091	48590	gene-Peve_00042798	0.09090909091	55
Porites_evermani_scaffold_850	52857	67518	gene-Peve_00042799	11.28135066	170
Porites_evermani_scaffold_850	68337	76359	gene-Peve_00042800	48.27038314	74
Porites_evermani_scaffold_850	80967	109596	gene-Peve_00042786	0.2856453782	661
Porites_evermani_scaffold_850	112074	112590	gene-Peve_00042787	0.26666668	25
Porites_evermani_scaffold_850	120257	123839	gene-Peve_00042788	0.4340277778	72
Porites_evermani_scaffold_850	132387	135504	gene-Peve_00042790	0.6158034328	67
Porites_evermani_scaffold_850	152023	154686	gene-Peve_00042793	.	0
Porites_evermani_scaffold_850	156249	160538	gene-Peve_00042794	.	0
Porites_evermani_scaffold_850	161437	162321	gene-Peve_00042792	.	0
Porites_evermani_scaffold_850	164233	165894	gene-Peve_00042795	.	0
Porites_evermani_scaffold_850	178656	180511	gene-Peve_00042796	0.7736296136	44
Porites_evermani_scaffold_851	600	30006	gene-Peve_00042801	3.669702643	498
Porites_evermani_scaffold_851	41167	42313	gene-Peve_00042817	0	35
Porites_evermani_scaffold_851	65817	74590	gene-Peve_00042802	0.4231368077	182
Porites_evermani_scaffold_851	78458	78806	gene-Peve_00042803	.	0
Porites_evermani_scaffold_851	84926	99838	gene-Peve_00042804	0.6433180048	209
Porites_evermani_scaffold_851	125894	126554	gene-Peve_00042805	83.8719735	8
Porites_evermani_scaffold_851	131602	131998	gene-Peve_00042806	.	0
Porites_evermani_scaffold_851	138638	138992	gene-Peve_00042809	76.25152617	6
Porites_evermani_scaffold_851	139055	139680	gene-Peve_00042810	82.35123839	18
Porites_evermani_scaffold_851	159554	166412	gene-Peve_00042813	69.55986827	249
Porites_evermani_scaffold_851	160821	162054	gene-Peve_00042814	78.9691006	58
Porites_evermani_scaffold_851	174730	176186	gene-Peve_00042815	83.21402574	54
Porites_evermani_scaffold_851	177914	178696	gene-Peve_00042816	50.66947755	11
Porites_evermani_scaffold_851	179826	180525	gene-Peve_00042818	65.36226324	25
Porites_evermani_scaffold_852	2	3092	gene-Peve_00042819	.	0
Porites_evermani_scaffold_852	5916	15381	gene-Peve_00042821	.	0
Porites_evermani_scaffold_852	29382	45428	gene-Peve_00042830	0.2244668889	81
Porites_evermani_scaffold_852	30198	36252	gene-Peve_00042837	0	27
Porites_evermani_scaffold_852	58686	80220	gene-Peve_00042820	10.56442367	119
Porites_evermani_scaffold_852	85141	86276	gene-Peve_00042823	0	1
Porites_evermani_scaffold_852	90579	91149	gene-Peve_00042827	3.846154	2
Porites_evermani_scaffold_852	97084	97570	gene-Peve_00042828	0	5
Porites_evermani_scaffold_852	101568	110720	gene-Peve_00042829	26.3301565	52
Porites_evermani_scaffold_852	119610	134573	gene-Peve_00042831	22.50437913	119
Porites_evermani_scaffold_852	137809	147649	gene-Peve_00042832	36.33821312	69
Porites_evermani_scaffold_852	147710	154643	gene-Peve_00042833	50.05758131	36
Porites_evermani_scaffold_852	162833	175964	gene-Peve_00042834	52.2269065	159
Porites_evermani_scaffold_852	177125	177932	gene-Peve_00042835	0	22
Porites_evermani_scaffold_852	179580	180807	gene-Peve_00042836	0.5263157895	19
Porites_evermani_scaffold_853	770	63217	gene-Peve_00042838	4.527141799	962
Porites_evermani_scaffold_853	58838	60009	gene-Peve_00042841	.	0
Porites_evermani_scaffold_853	64679	66915	gene-Peve_00042843	32.6666666	5
Porites_evermani_scaffold_853	69039	72047	gene-Peve_00042844	20.625	16
Porites_evermani_scaffold_853	75410	76771	gene-Peve_00042839	.	0
Porites_evermani_scaffold_853	82831	91705	gene-Peve_00042845	29.97027207	67
Porites_evermani_scaffold_853	103164	120058	gene-Peve_00042840	1.991292827	283
Porites_evermani_scaffold_853	153564	179152	gene-Peve_00042842	0.5668450527	474
Porites_evermani_scaffold_854	297	25441	gene-Peve_00042846	10.56042834	446
Porites_evermani_scaffold_854	27628	35651	gene-Peve_00042860	61.18351421	95
Porites_evermani_scaffold_854	38566	40275	gene-Peve_00042861	38.31880537	27
Porites_evermani_scaffold_854	45356	45684	gene-Peve_00042862	0	4
Porites_evermani_scaffold_854	45897	54073	gene-Peve_00042863	61.091985	13
Porites_evermani_scaffold_854	59294	59623	gene-Peve_00042848	.	0
Porites_evermani_scaffold_854	60356	60643	gene-Peve_00042849	.	0
Porites_evermani_scaffold_854	60889	67670	gene-Peve_00042850	74.40583635	17
Porites_evermani_scaffold_854	80952	81487	gene-Peve_00042851	4.5454545	2
Porites_evermani_scaffold_854	83186	84263	gene-Peve_00042852	.	0
Porites_evermani_scaffold_854	86972	87527	gene-Peve_00042853	68.702866	2
Porites_evermani_scaffold_854	90062	93840	gene-Peve_00042854	0.8849325581	86
Porites_evermani_scaffold_854	105591	143222	gene-Peve_00042855	4.408991716	803
Porites_evermani_scaffold_854	146834	150741	gene-Peve_00042856	1.869850955	88
Porites_evermani_scaffold_854	152243	156810	gene-Peve_00042857	0.5600287177	124
Porites_evermani_scaffold_854	164604	170149	gene-Peve_00042858	26.49200234	44
Porites_evermani_scaffold_854	172447	175000	gene-Peve_00042859	0.3643724762	63
Porites_evermani_scaffold_855	4561	21796	gene-Peve_00042880	19.90070633	331
Porites_evermani_scaffold_855	26797	31358	gene-Peve_00042881	40.985494	65
Porites_evermani_scaffold_855	32857	42867	gene-Peve_00042864	69.23362208	61
Porites_evermani_scaffold_855	45560	49318	gene-Peve_00042865	67.55665226	34
Porites_evermani_scaffold_855	49420	53073	gene-Peve_00042866	76.51063992	36
Porites_evermani_scaffold_855	54251	61540	gene-Peve_00042867	69.02717446	57
Porites_evermani_scaffold_855	63238	65586	gene-Peve_00042868	52.40699815	47
Porites_evermani_scaffold_855	70527	72015	gene-Peve_00042869	0	7
Porites_evermani_scaffold_855	76315	79272	gene-Peve_00042870	0.5695955625	80
Porites_evermani_scaffold_855	79537	80476	gene-Peve_00042871	0.5196815588	34
Porites_evermani_scaffold_855	90974	91907	gene-Peve_00042872	0	12
Porites_evermani_scaffold_855	96652	97591	gene-Peve_00042873	.	0
Porites_evermani_scaffold_855	116114	134478	gene-Peve_00042874	1.17242019	189
Porites_evermani_scaffold_855	148541	169677	gene-Peve_00042877	0.9504862759	87
Porites_evermani_scaffold_855	168865	169434	gene-Peve_00042878	0	1
Porites_evermani_scaffold_855	171779	172827	gene-Peve_00042879	0	11
Porites_evermani_scaffold_856	32012	32384	gene-Peve_00042888	.	0
Porites_evermani_scaffold_856	49779	67257	gene-Peve_00042889	0.181811	174
Porites_evermani_scaffold_856	52341	53809	gene-Peve_00042890	0.4431037692	39
Porites_evermani_scaffold_856	80758	90362	gene-Peve_00042891	0.4943287193	342
Porites_evermani_scaffold_856	90822	114609	gene-Peve_00042892	0.9232873736	364
Porites_evermani_scaffold_856	119114	134754	gene-Peve_00042882	0	1
Porites_evermani_scaffold_856	146719	147369	gene-Peve_00042883	.	0
Porites_evermani_scaffold_856	151809	152160	gene-Peve_00042885	.	0
Porites_evermani_scaffold_856	154694	155438	gene-Peve_00042886	.	0
Porites_evermani_scaffold_856	156095	173245	gene-Peve_00042887	0	39
Porites_evermani_scaffold_857	3056	3652	gene-Peve_00042893	.	0
Porites_evermani_scaffold_857	16713	17118	gene-Peve_00042904	0.4166666667	15
Porites_evermani_scaffold_857	30008	30956	gene-Peve_00042894	8.434064276	29
Porites_evermani_scaffold_857	43870	45269	gene-Peve_00042896	0.1633987059	34
Porites_evermani_scaffold_857	52623	74221	gene-Peve_00042897	0.6067404627	523
Porites_evermani_scaffold_857	97786	98191	gene-Peve_00042898	.	0
Porites_evermani_scaffold_857	116254	117220	gene-Peve_00042899	.	0
Porites_evermani_scaffold_857	133744	140017	gene-Peve_00042900	2.263625609	46
Porites_evermani_scaffold_857	140795	141395	gene-Peve_00042901	.	0
Porites_evermani_scaffold_857	143739	167016	gene-Peve_00042902	78.53075497	35
Porites_evermani_scaffold_857	167350	180629	gene-Peve_00042903	34.93732726	38
Porites_evermani_scaffold_858	1529	40113	gene-Peve_00042905	0.7916670544	901
Porites_evermani_scaffold_858	15328	19783	gene-Peve_00042912	0.4063894806	129
Porites_evermani_scaffold_858	43768	51448	gene-Peve_00042906	3.225017276	156
Porites_evermani_scaffold_858	51577	60715	gene-Peve_00042907	7.483834257	140
Porites_evermani_scaffold_858	67108	67801	gene-Peve_00042908	0.91428572	25
Porites_evermani_scaffold_858	74009	82397	gene-Peve_00042909	5.813907722	158
Porites_evermani_scaffold_858	83794	84463	gene-Peve_00042910	2.924901174	23
Porites_evermani_scaffold_858	87443	97678	gene-Peve_00042911	59.07598222	105
Porites_evermani_scaffold_858	146913	147666	gene-Peve_00042913	0.3508772105	19
Porites_evermani_scaffold_858	147766	156883	gene-Peve_00042914	39.45606705	112
Porites_evermani_scaffold_858	158739	171343	gene-Peve_00042915	0.1766091071	84
Porites_evermani_scaffold_858	171271	176731	gene-Peve_00042916	.	0
Porites_evermani_scaffold_859	10716	24066	gene-Peve_00042927	0.5003141767	249
Porites_evermani_scaffold_859	30960	31872	gene-Peve_00042918	0	26
Porites_evermani_scaffold_859	35143	48687	gene-Peve_00042919	62.17476599	143
Porites_evermani_scaffold_859	48833	49960	gene-Peve_00042920	26.98412693	15
Porites_evermani_scaffold_859	63420	75829	gene-Peve_00042921	.	0
Porites_evermani_scaffold_859	86585	95218	gene-Peve_00042922	66.62053217	6
Porites_evermani_scaffold_859	119858	122325	gene-Peve_00042923	0.7905138261	23
Porites_evermani_scaffold_859	125424	148970	gene-Peve_00042924	1.636380215	181
Porites_evermani_scaffold_859	149038	151761	gene-Peve_00042925	0.1550387674	43
Porites_evermani_scaffold_859	169894	173681	gene-Peve_00042926	0	9
Porites_evermani_scaffold_86	3446	6131	gene-Peve_00042975	0.8333333	10
Porites_evermani_scaffold_86	14627	24301	gene-Peve_00042935	1.125257303	208
Porites_evermani_scaffold_86	46986	123458	gene-Peve_00042946	28.99235933	1205
Porites_evermani_scaffold_86	109025	111189	gene-Peve_00042965	6.782106808	26
Porites_evermani_scaffold_86	127993	154510	gene-Peve_00042967	0.2473049487	507
Porites_evermani_scaffold_86	155978	157022	gene-Peve_00042968	1.615276451	51
Porites_evermani_scaffold_86	161450	162601	gene-Peve_00042969	8.676722432	37
Porites_evermani_scaffold_86	163126	163465	gene-Peve_00042970	0	5
Porites_evermani_scaffold_86	172497	173214	gene-Peve_00042972	0	15
Porites_evermani_scaffold_86	181032	181515	gene-Peve_00042974	3.301787118	17
Porites_evermani_scaffold_86	183621	235672	gene-Peve_00042976	6.465556515	1365
Porites_evermani_scaffold_86	196488	197060	gene-Peve_00042977	2.538699733	15
Porites_evermani_scaffold_86	205977	206925	gene-Peve_00042979	23.06740522	59
Porites_evermani_scaffold_86	235811	281668	gene-Peve_00042929	7.541939235	792
Porites_evermani_scaffold_86	245649	246555	gene-Peve_00042930	0.4901961176	34
Porites_evermani_scaffold_86	281772	284662	gene-Peve_00042931	35.96012446	24
Porites_evermani_scaffold_86	283046	294078	gene-Peve_00042932	78.7991292	157
Porites_evermani_scaffold_86	304581	321360	gene-Peve_00042933	31.039432	262
Porites_evermani_scaffold_86	321401	340902	gene-Peve_00042934	26.72781319	445
Porites_evermani_scaffold_86	343027	343372	gene-Peve_00042936	0.3401360476	21
Porites_evermani_scaffold_86	374250	390238	gene-Peve_00042937	0.5815509209	417
Porites_evermani_scaffold_86	390320	403794	gene-Peve_00042939	31.18757265	269
Porites_evermani_scaffold_86	403954	432367	gene-Peve_00042940	28.98587218	470
Porites_evermani_scaffold_86	433346	435326	gene-Peve_00042942	0.16666666	50
Porites_evermani_scaffold_86	437073	443125	gene-Peve_00042943	1.327452944	162
Porites_evermani_scaffold_86	445150	448585	gene-Peve_00042944	0.3513071912	68
Porites_evermani_scaffold_86	449901	451281	gene-Peve_00042945	0	56
Porites_evermani_scaffold_86	465773	481505	gene-Peve_00042947	0.8007278778	352
Porites_evermani_scaffold_86	486949	487248	gene-Peve_00042949	0	7
Porites_evermani_scaffold_86	495050	495977	gene-Peve_00042950	0	23
Porites_evermani_scaffold_86	498933	500112	gene-Peve_00042951	0.1503759429	35
Porites_evermani_scaffold_86	513690	514032	gene-Peve_00042952	0	3
Porites_evermani_scaffold_86	514781	515102	gene-Peve_00042953	0	2
Porites_evermani_scaffold_86	518818	522034	gene-Peve_00042957	0.4523354146	82
Porites_evermani_scaffold_86	524691	525165	gene-Peve_00042959	0.7936508333	6
Porites_evermani_scaffold_86	539912	540287	gene-Peve_00042960	0	5
Porites_evermani_scaffold_86	548918	550025	gene-Peve_00042961	0.6023503125	32
Porites_evermani_scaffold_86	552941	554051	gene-Peve_00042962	0.4629629444	18
Porites_evermani_scaffold_86	566630	568431	gene-Peve_00042963	9.173830886	70
Porites_evermani_scaffold_86	575690	576809	gene-Peve_00042964	0.1418439787	47
Porites_evermani_scaffold_860	1883	12836	gene-Peve_00042980	0	20
Porites_evermani_scaffold_860	20294	46168	gene-Peve_00042981	17.58480707	281
Porites_evermani_scaffold_860	65499	66701	gene-Peve_00042982	5.60298035	20
Porites_evermani_scaffold_860	74103	78581	gene-Peve_00042986	1.744375163	80
Porites_evermani_scaffold_860	79647	90133	gene-Peve_00042987	2.268085593	300
Porites_evermani_scaffold_860	91028	91343	gene-Peve_00042988	0	3
Porites_evermani_scaffold_860	100074	100662	gene-Peve_00042989	0.617284	9
Porites_evermani_scaffold_860	100714	101839	gene-Peve_00042990	0.3812636333	30
Porites_evermani_scaffold_860	102079	102577	gene-Peve_00042991	0.959596	11
Porites_evermani_scaffold_860	113497	118236	gene-Peve_00042992	0.5237898118	85
Porites_evermani_scaffold_860	126885	132642	gene-Peve_00042993	53.51035107	58
Porites_evermani_scaffold_860	132709	137893	gene-Peve_00042994	45.89093471	28
Porites_evermani_scaffold_860	139694	140303	gene-Peve_00042996	0	10
Porites_evermani_scaffold_860	146314	152376	gene-Peve_00042995	77.05428058	110
Porites_evermani_scaffold_860	155201	176861	gene-Peve_00042997	0.366725013	385
Porites_evermani_scaffold_861	301	6355	gene-Peve_00042998	0	38
Porites_evermani_scaffold_861	20810	24074	gene-Peve_00043005	0.4	25
Porites_evermani_scaffold_861	40045	42179	gene-Peve_00043010	0.8264462727	11
Porites_evermani_scaffold_861	73308	74493	gene-Peve_00043011	.	0
Porites_evermani_scaffold_861	79886	107422	gene-Peve_00043012	0.3719487673	361
Porites_evermani_scaffold_861	113279	114126	gene-Peve_00042999	.	0
Porites_evermani_scaffold_861	114912	115296	gene-Peve_00043000	.	0
Porites_evermani_scaffold_861	117950	121771	gene-Peve_00043001	.	0
Porites_evermani_scaffold_861	132980	135265	gene-Peve_00043002	0.974026	14
Porites_evermani_scaffold_861	141263	141806	gene-Peve_00043003	.	0
Porites_evermani_scaffold_861	143307	148071	gene-Peve_00043004	0.9875540909	22
Porites_evermani_scaffold_861	150875	151469	gene-Peve_00043006	.	0
Porites_evermani_scaffold_861	151879	157468	gene-Peve_00043007	.	0
Porites_evermani_scaffold_861	162618	164931	gene-Peve_00043008	0.5174385283	53
Porites_evermani_scaffold_861	169107	169604	gene-Peve_00043009	0	11
Porites_evermani_scaffold_862	2914	11274	gene-Peve_00043013	3.610498138	29
Porites_evermani_scaffold_862	12876	27349	gene-Peve_00043018	17.36596733	15
Porites_evermani_scaffold_862	32539	35596	gene-Peve_00043021	0	40
Porites_evermani_scaffold_862	37464	37938	gene-Peve_00043025	1.25	8
Porites_evermani_scaffold_862	45001	47299	gene-Peve_00043028	0	8
Porites_evermani_scaffold_862	55555	65507	gene-Peve_00043014	79.1515152	10
Porites_evermani_scaffold_862	76662	78345	gene-Peve_00043015	38.3738363	37
Porites_evermani_scaffold_862	81660	83379	gene-Peve_00043016	28.187404	31
Porites_evermani_scaffold_862	86468	88163	gene-Peve_00043017	7.127976182	44
Porites_evermani_scaffold_862	101495	103166	gene-Peve_00043019	31.76582013	23
Porites_evermani_scaffold_862	106386	108087	gene-Peve_00043020	24.17816988	42
Porites_evermani_scaffold_862	110847	112446	gene-Peve_00043022	0	32
Porites_evermani_scaffold_862	113952	114719	gene-Peve_00043023	0.4665071818	22
Porites_evermani_scaffold_862	117399	158206	gene-Peve_00043024	5.595128543	648
Porites_evermani_scaffold_862	159706	161273	gene-Peve_00043026	0.3787878696	46
Porites_evermani_scaffold_862	162047	175812	gene-Peve_00043027	71.56478843	120
Porites_evermani_scaffold_863	5	1723	gene-Peve_00043029	0	30
Porites_evermani_scaffold_863	19971	50092	gene-Peve_00043034	1.047019788	801
Porites_evermani_scaffold_863	30501	136787	gene-Peve_00043033	0.8195636286	2297
Porites_evermani_scaffold_863	140348	144940	gene-Peve_00043030	0.2825745714	98
Porites_evermani_scaffold_863	154264	158315	gene-Peve_00043031	0	92
Porites_evermani_scaffold_863	177028	178832	gene-Peve_00043032	0.1210653729	59
Porites_evermani_scaffold_864	341	16436	gene-Peve_00043035	50.47664353	174
Porites_evermani_scaffold_864	22576	31415	gene-Peve_00043041	0.6401480916	262
Porites_evermani_scaffold_864	39410	42281	gene-Peve_00043042	0.2739726027	73
Porites_evermani_scaffold_864	56173	67023	gene-Peve_00043037	39.78444602	97
Porites_evermani_scaffold_864	67486	86310	gene-Peve_00043038	11.32796552	341
Porites_evermani_scaffold_864	87916	157515	gene-Peve_00043039	0.8288062509	1690
Porites_evermani_scaffold_864	160319	178538	gene-Peve_00043040	0.9501351896	327
Porites_evermani_scaffold_865	44026	44434	gene-Peve_00043043	0	11
Porites_evermani_scaffold_865	49328	52490	gene-Peve_00043045	0.353228023	87
Porites_evermani_scaffold_865	57120	58571	gene-Peve_00043046	0	25
Porites_evermani_scaffold_865	68312	75869	gene-Peve_00043044	0.3307045682	176
Porites_evermani_scaffold_865	73015	74891	gene-Peve_00043047	0	48
Porites_evermani_scaffold_865	92568	93284	gene-Peve_00043048	0.4629629444	18
Porites_evermani_scaffold_865	124545	124904	gene-Peve_00043050	0	5
Porites_evermani_scaffold_865	130018	137713	gene-Peve_00043051	2.449238934	197
Porites_evermani_scaffold_865	139643	144407	gene-Peve_00043052	.	0
Porites_evermani_scaffold_865	174749	176011	gene-Peve_00043055	0.1315789474	38
Porites_evermani_scaffold_865	177821	178541	gene-Peve_00043056	1.483253579	19
Porites_evermani_scaffold_866	3397	9811	gene-Peve_00043062	58.20186132	76
Porites_evermani_scaffold_866	9804	12444	gene-Peve_00043067	30.80569878	46
Porites_evermani_scaffold_866	16340	17417	gene-Peve_00043068	0.4901960588	17
Porites_evermani_scaffold_866	26079	43061	gene-Peve_00043069	51.24542008	179
Porites_evermani_scaffold_866	65098	65830	gene-Peve_00043060	0	21
Porites_evermani_scaffold_866	71250	72432	gene-Peve_00043061	1.002673794	34
Porites_evermani_scaffold_866	73118	85947	gene-Peve_00043063	11.21571446	199
Porites_evermani_scaffold_866	101552	106514	gene-Peve_00043064	0.495021876	129
Porites_evermani_scaffold_866	115853	116722	gene-Peve_00043065	0	7
Porites_evermani_scaffold_866	126092	177875	gene-Peve_00043066	0.6021772695	1050
Porites_evermani_scaffold_867	8922	16101	gene-Peve_00043070	1.211529658	79
Porites_evermani_scaffold_867	41775	42873	gene-Peve_00043072	.	0
Porites_evermani_scaffold_867	69735	70410	gene-Peve_00043074	.	0
Porites_evermani_scaffold_867	78530	79679	gene-Peve_00043075	1.795444156	32
Porites_evermani_scaffold_867	94992	95451	gene-Peve_00043076	3.636363615	13
Porites_evermani_scaffold_867	102677	124001	gene-Peve_00043077	2.086267113	487
Porites_evermani_scaffold_867	132442	134135	gene-Peve_00043078	1.589198521	48
Porites_evermani_scaffold_867	135945	164301	gene-Peve_00043079	6.972414841	497
Porites_evermani_scaffold_868	16725	18018	gene-Peve_00043096	0	7
Porites_evermani_scaffold_868	22700	23952	gene-Peve_00043097	.	0
Porites_evermani_scaffold_868	31964	32378	gene-Peve_00043081	0.1739130435	23
Porites_evermani_scaffold_868	36345	40193	gene-Peve_00043082	1.188246408	98
Porites_evermani_scaffold_868	43603	54453	gene-Peve_00043084	0.9010367778	72
Porites_evermani_scaffold_868	114557	116177	gene-Peve_00043090	32.59399054	48
Porites_evermani_scaffold_868	162493	164008	gene-Peve_00043093	0.4273504444	18
Porites_evermani_scaffold_868	173320	174218	gene-Peve_00043094	0	7
Porites_evermani_scaffold_868	174350	175525	gene-Peve_00043095	41.75267136	28
Porites_evermani_scaffold_869	578	1115	gene-Peve_00043098	.	0
Porites_evermani_scaffold_869	58521	71285	gene-Peve_00043101	0.5629782593	108
Porites_evermani_scaffold_869	71444	81452	gene-Peve_00043102	0.3392683548	93
Porites_evermani_scaffold_869	111551	115435	gene-Peve_00043103	0	30
Porites_evermani_scaffold_869	115722	121210	gene-Peve_00043104	0.4504504324	37
Porites_evermani_scaffold_869	123149	123800	gene-Peve_00043105	.	0
Porites_evermani_scaffold_869	127037	135610	gene-Peve_00043107	0	48
Porites_evermani_scaffold_869	171724	174926	gene-Peve_00043108	1.866008098	61
Porites_evermani_scaffold_869	177331	178579	gene-Peve_00043109	.	0
Porites_evermani_scaffold_87	14076	74952	gene-Peve_00043111	28.00855052	66
Porites_evermani_scaffold_87	39057	40467	gene-Peve_00043126	.	0
Porites_evermani_scaffold_87	115566	116004	gene-Peve_00043119	.	0
Porites_evermani_scaffold_87	119451	120662	gene-Peve_00043120	10.68376067	3
Porites_evermani_scaffold_87	121144	122473	gene-Peve_00043121	0	9
Porites_evermani_scaffold_87	181197	183911	gene-Peve_00043123	.	0
Porites_evermani_scaffold_87	213955	215048	gene-Peve_00043124	.	0
Porites_evermani_scaffold_87	219212	280945	gene-Peve_00043125	17.21902819	75
Porites_evermani_scaffold_87	296808	297588	gene-Peve_00043127	.	0
Porites_evermani_scaffold_87	302254	303663	gene-Peve_00043128	6.248659289	38
Porites_evermani_scaffold_87	308849	334405	gene-Peve_00043130	4.744139608	237
Porites_evermani_scaffold_87	309516	313484	gene-Peve_00043131	5.776359868	38
Porites_evermani_scaffold_87	320100	324066	gene-Peve_00043132	1.303586492	59
Porites_evermani_scaffold_87	330511	330976	gene-Peve_00043133	1.518569158	19
Porites_evermani_scaffold_87	343821	344286	gene-Peve_00043135	.	0
Porites_evermani_scaffold_87	371945	373086	gene-Peve_00043138	0	9
Porites_evermani_scaffold_87	374083	374722	gene-Peve_00043139	.	0
Porites_evermani_scaffold_87	410873	416145	gene-Peve_00043141	.	0
Porites_evermani_scaffold_87	419855	451487	gene-Peve_00043142	.	0
Porites_evermani_scaffold_87	427336	428611	gene-Peve_00043112	.	0
Porites_evermani_scaffold_87	503947	506579	gene-Peve_00043114	.	0
Porites_evermani_scaffold_87	510922	513528	gene-Peve_00043115	.	0
Porites_evermani_scaffold_87	527511	528045	gene-Peve_00043116	29.01503034	32
Porites_evermani_scaffold_87	529056	529761	gene-Peve_00043117	42.0286005	46
Porites_evermani_scaffold_87	530124	532080	gene-Peve_00043118	28.61169603	39
Porites_evermani_scaffold_870	1	1883	gene-Peve_00043143	3.496503462	13
Porites_evermani_scaffold_870	4610	8145	gene-Peve_00043144	0	11
Porites_evermani_scaffold_870	9063	12487	gene-Peve_00043145	0.6657213396	106
Porites_evermani_scaffold_870	38579	42270	gene-Peve_00043146	0.2705791146	96
Porites_evermani_scaffold_870	45078	51325	gene-Peve_00043147	0.7697317241	203
Porites_evermani_scaffold_870	85866	114835	gene-Peve_00043148	0.7386384271	569
Porites_evermani_scaffold_870	89358	90174	gene-Peve_00043149	0	20
Porites_evermani_scaffold_870	115875	123985	gene-Peve_00043150	0.4910722863	241
Porites_evermani_scaffold_870	127539	136503	gene-Peve_00043151	1.429073634	202
Porites_evermani_scaffold_870	138101	147966	gene-Peve_00043152	0.6151023568	213
Porites_evermani_scaffold_870	146353	146774	gene-Peve_00043153	1.762820538	13
Porites_evermani_scaffold_870	163346	173647	gene-Peve_00043154	.	0
Porites_evermani_scaffold_870	169674	170109	gene-Peve_00043155	.	0
Porites_evermani_scaffold_870	176882	178107	gene-Peve_00043156	.	0
Porites_evermani_scaffold_871	2216	3267	gene-Peve_00043157	33.66851722	36
Porites_evermani_scaffold_871	3563	32380	gene-Peve_00043161	3.277030753	839
Porites_evermani_scaffold_871	46652	47591	gene-Peve_00043158	0	32
Porites_evermani_scaffold_871	51962	87347	gene-Peve_00043159	8.219980173	694
Porites_evermani_scaffold_871	88854	89997	gene-Peve_00043160	0.1225490208	48
Porites_evermani_scaffold_871	92778	94534	gene-Peve_00043162	1.348807446	56
Porites_evermani_scaffold_871	98233	107908	gene-Peve_00043163	25.67269999	192
Porites_evermani_scaffold_871	110213	114315	gene-Peve_00043164	32.68166316	31
Porites_evermani_scaffold_871	126458	161223	gene-Peve_00043168	9.041617579	554
Porites_evermani_scaffold_871	166079	167075	gene-Peve_00043170	0	26
Porites_evermani_scaffold_871	171736	172459	gene-Peve_00043171	0	22
Porites_evermani_scaffold_872	16397	21154	gene-Peve_00043172	0	10
Porites_evermani_scaffold_872	25741	30067	gene-Peve_00043183	44.96392495	21
Porites_evermani_scaffold_872	33652	48589	gene-Peve_00043184	10.17960197	227
Porites_evermani_scaffold_872	51879	53046	gene-Peve_00043173	0.2028397586	29
Porites_evermani_scaffold_872	57133	57619	gene-Peve_00043175	0.3472222222	18
Porites_evermani_scaffold_872	58071	59539	gene-Peve_00043174	0.4083005472	53
Porites_evermani_scaffold_872	64514	81655	gene-Peve_00043176	32.08557908	161
Porites_evermani_scaffold_872	82010	98902	gene-Peve_00043177	13.88371286	388
Porites_evermani_scaffold_872	100355	101939	gene-Peve_00043179	0.264101129	62
Porites_evermani_scaffold_872	112314	123310	gene-Peve_00043178	0.9230978811	143
Porites_evermani_scaffold_872	128846	129497	gene-Peve_00043180	0	17
Porites_evermani_scaffold_872	131052	132943	gene-Peve_00043181	0.1689189189	74
Porites_evermani_scaffold_872	154782	155604	gene-Peve_00043182	0.09009008108	37
Porites_evermani_scaffold_873	7582	8233	gene-Peve_00043194	39.11031975	16
Porites_evermani_scaffold_873	11258	11654	gene-Peve_00043198	15.148629	6
Porites_evermani_scaffold_873	29102	29441	gene-Peve_00043208	46.49766721	14
Porites_evermani_scaffold_873	33187	33919	gene-Peve_00043190	29.83683167	12
Porites_evermani_scaffold_873	34701	35022	gene-Peve_00043191	2.380952333	3
Porites_evermani_scaffold_873	35138	37075	gene-Peve_00043192	51.24842895	41
Porites_evermani_scaffold_873	53174	54149	gene-Peve_00043196	46.64441532	22
Porites_evermani_scaffold_873	54663	55509	gene-Peve_00043197	59.7521765	24
Porites_evermani_scaffold_873	59184	63465	gene-Peve_00043200	25.84322434	61
Porites_evermani_scaffold_873	70140	71656	gene-Peve_00043201	16.06231643	44
Porites_evermani_scaffold_873	73840	74629	gene-Peve_00043203	10.4523809	10
Porites_evermani_scaffold_873	74676	76700	gene-Peve_00043204	45.53988471	72
Porites_evermani_scaffold_873	78777	79326	gene-Peve_00043205	16.083916	4
Porites_evermani_scaffold_873	83316	84162	gene-Peve_00043206	27.92426871	14
Porites_evermani_scaffold_873	89998	90310	gene-Peve_00043207	19.6317845	6
Porites_evermani_scaffold_873	91228	93286	gene-Peve_00043209	66.47964172	61
Porites_evermani_scaffold_873	95684	98080	gene-Peve_00043210	17.19087902	52
Porites_evermani_scaffold_873	98754	100943	gene-Peve_00043211	19.42197373	44
Porites_evermani_scaffold_873	117659	121509	gene-Peve_00043212	34.70105561	133
Porites_evermani_scaffold_873	119564	119781	gene-Peve_00043213	25.332988	9
Porites_evermani_scaffold_873	127344	128424	gene-Peve_00043214	40.93649043	14
Porites_evermani_scaffold_873	131512	132145	gene-Peve_00043215	.	0
Porites_evermani_scaffold_873	149237	149615	gene-Peve_00043216	19.771242	3
Porites_evermani_scaffold_873	153988	154303	gene-Peve_00043217	70.84468329	14
Porites_evermani_scaffold_873	163723	164359	gene-Peve_00043187	79.3839335	18
Porites_evermani_scaffold_873	170878	171433	gene-Peve_00043188	0.4260651786	28
Porites_evermani_scaffold_874	519	4664	gene-Peve_00043219	80	2
Porites_evermani_scaffold_874	6657	11179	gene-Peve_00043227	100	1
Porites_evermani_scaffold_874	15082	16913	gene-Peve_00043232	.	0
Porites_evermani_scaffold_874	21024	31957	gene-Peve_00043226	.	0
Porites_evermani_scaffold_874	36476	43322	gene-Peve_00043233	68.1190476	10
Porites_evermani_scaffold_874	50333	62387	gene-Peve_00043220	3.427128412	34
Porites_evermani_scaffold_874	58536	59596	gene-Peve_00043221	0	5
Porites_evermani_scaffold_874	64587	65396	gene-Peve_00043222	.	0
Porites_evermani_scaffold_874	79175	93818	gene-Peve_00043223	63.8846154	10
Porites_evermani_scaffold_874	97009	109673	gene-Peve_00043224	0.952381	7
Porites_evermani_scaffold_874	121480	121810	gene-Peve_00043225	.	0
Porites_evermani_scaffold_874	140019	142074	gene-Peve_00043229	2.564102667	3
Porites_evermani_scaffold_874	144728	146182	gene-Peve_00043230	0	4
Porites_evermani_scaffold_874	146475	170814	gene-Peve_00043231	28.90634605	64
Porites_evermani_scaffold_875	1822	12991	gene-Peve_00043234	54.79046653	110
Porites_evermani_scaffold_875	13388	14144	gene-Peve_00043239	0.6410256154	13
Porites_evermani_scaffold_875	18266	24172	gene-Peve_00043241	45.46552346	63
Porites_evermani_scaffold_875	33755	34943	gene-Peve_00043235	0.3191489362	47
Porites_evermani_scaffold_875	40266	64708	gene-Peve_00043236	17.20129506	571
Porites_evermani_scaffold_875	64891	79778	gene-Peve_00043237	21.27383369	297
Porites_evermani_scaffold_875	84508	87467	gene-Peve_00043238	0.1889534884	86
Porites_evermani_scaffold_875	93278	102027	gene-Peve_00043240	39.01006541	87
Porites_evermani_scaffold_875	132710	133200	gene-Peve_00043242	.	0
Porites_evermani_scaffold_875	134962	135757	gene-Peve_00043243	0	4
Porites_evermani_scaffold_875	147038	156341	gene-Peve_00043244	0.2473351566	83
Porites_evermani_scaffold_875	163674	164325	gene-Peve_00043245	0	2
Porites_evermani_scaffold_875	174832	175354	gene-Peve_00043247	0	13
Porites_evermani_scaffold_876	4722	7138	gene-Peve_00043248	0.178571425	40
Porites_evermani_scaffold_876	8817	9582	gene-Peve_00043263	3.1111112	5
Porites_evermani_scaffold_876	12561	12966	gene-Peve_00043264	4.0654975	8
Porites_evermani_scaffold_876	20406	21808	gene-Peve_00043249	0.46695336	25
Porites_evermani_scaffold_876	24329	28079	gene-Peve_00043250	3.571428588	17
Porites_evermani_scaffold_876	29376	31148	gene-Peve_00043251	0.1666666667	60
Porites_evermani_scaffold_876	32409	43636	gene-Peve_00043252	0.4358039241	316
Porites_evermani_scaffold_876	45184	49400	gene-Peve_00043253	39.21858924	25
Porites_evermani_scaffold_876	49477	51377	gene-Peve_00043254	45.51995421	29
Porites_evermani_scaffold_876	55177	56882	gene-Peve_00043255	0	68
Porites_evermani_scaffold_876	66641	79570	gene-Peve_00043256	26.62957633	192
Porites_evermani_scaffold_876	92171	93146	gene-Peve_00043257	0	19
Porites_evermani_scaffold_876	106847	107993	gene-Peve_00043258	0	23
Porites_evermani_scaffold_876	114667	161860	gene-Peve_00043259	8.821433539	525
Porites_evermani_scaffold_876	168227	176284	gene-Peve_00043261	3.838416856	104
Porites_evermani_scaffold_876	176819	178157	gene-Peve_00043262	1.711229941	17
Porites_evermani_scaffold_877	15	3848	gene-Peve_00043266	43.06215137	30
Porites_evermani_scaffold_877	7690	39972	gene-Peve_00043267	16.09139446	590
Porites_evermani_scaffold_877	65715	71379	gene-Peve_00043273	0.3888662634	205
Porites_evermani_scaffold_877	106280	111166	gene-Peve_00043272	0.2225047727	110
Porites_evermani_scaffold_877	119986	121195	gene-Peve_00043268	0.1451378868	53
Porites_evermani_scaffold_877	135521	140309	gene-Peve_00043269	1.471919895	57
Porites_evermani_scaffold_877	149646	160633	gene-Peve_00043270	1.426191202	282
Porites_evermani_scaffold_877	163676	164660	gene-Peve_00043271	0.1461988333	36
Porites_evermani_scaffold_878	18393	27982	gene-Peve_00043274	0.5126525937	256
Porites_evermani_scaffold_878	36608	37316	gene-Peve_00043278	2.341103333	30
Porites_evermani_scaffold_878	41782	101831	gene-Peve_00043279	0.9039275842	1294
Porites_evermani_scaffold_878	101493	103153	gene-Peve_00043275	1.474359	26
Porites_evermani_scaffold_878	128514	133780	gene-Peve_00043276	0	3
Porites_evermani_scaffold_878	153711	154992	gene-Peve_00043277	.	0
Porites_evermani_scaffold_879	68301	69861	gene-Peve_00043282	1.628195	24
Porites_evermani_scaffold_879	80336	81185	gene-Peve_00043283	0.8264462727	22
Porites_evermani_scaffold_879	96623	97178	gene-Peve_00043285	0.4635989062	32
Porites_evermani_scaffold_879	104080	107516	gene-Peve_00043286	6.89333669	87
Porites_evermani_scaffold_88	6520	14707	gene-Peve_00043304	1.452146179	156
Porites_evermani_scaffold_88	23111	36509	gene-Peve_00043322	7.448199721	265
Porites_evermani_scaffold_88	43001	47567	gene-Peve_00043289	0.4005652545	110
Porites_evermani_scaffold_88	61526	74019	gene-Peve_00043294	0.676449398	196
Porites_evermani_scaffold_88	82776	106546	gene-Peve_00043301	13.1301758	124
Porites_evermani_scaffold_88	108245	116559	gene-Peve_00043302	86.48599838	63
Porites_evermani_scaffold_88	137343	137874	gene-Peve_00043303	33.33333333	3
Porites_evermani_scaffold_88	142727	146378	gene-Peve_00043305	66.20859008	39
Porites_evermani_scaffold_88	146876	164413	gene-Peve_00043307	11.64674201	309
Porites_evermani_scaffold_88	164424	170870	gene-Peve_00043306	.	0
Porites_evermani_scaffold_88	177277	201962	gene-Peve_00043308	8.627738209	570
Porites_evermani_scaffold_88	202178	213675	gene-Peve_00043309	43.03627651	119
Porites_evermani_scaffold_88	226292	232821	gene-Peve_00043310	42.21316272	50
Porites_evermani_scaffold_88	237501	258771	gene-Peve_00043311	14.05297212	351
Porites_evermani_scaffold_88	259643	261083	gene-Peve_00043312	0.2201257925	53
Porites_evermani_scaffold_88	263636	265046	gene-Peve_00043313	0.1990269821	56
Porites_evermani_scaffold_88	266153	267782	gene-Peve_00043314	0.58245666	50
Porites_evermani_scaffold_88	273211	273679	gene-Peve_00043315	0.8810541667	18
Porites_evermani_scaffold_88	276100	281309	gene-Peve_00043316	0.6679326507	146
Porites_evermani_scaffold_88	284946	285986	gene-Peve_00043317	0.3134796207	29
Porites_evermani_scaffold_88	291229	307427	gene-Peve_00043318	28.14589102	240
Porites_evermani_scaffold_88	311689	315174	gene-Peve_00043319	0.3221997263	95
Porites_evermani_scaffold_88	319868	335530	gene-Peve_00043321	9.073168324	358
Porites_evermani_scaffold_88	340353	371884	gene-Peve_00043323	30.43172131	379
Porites_evermani_scaffold_88	373053	417755	gene-Peve_00043326	1.363090903	517
Porites_evermani_scaffold_88	417200	417624	gene-Peve_00043290	17.39633414	7
Porites_evermani_scaffold_88	420973	423283	gene-Peve_00043291	0.2444841977	86
Porites_evermani_scaffold_88	424993	428309	gene-Peve_00043324	0.7840421271	118
Porites_evermani_scaffold_88	430816	441297	gene-Peve_00043325	2.120937222	279
Porites_evermani_scaffold_88	448192	456852	gene-Peve_00043292	1.995758968	313
Porites_evermani_scaffold_88	458466	478059	gene-Peve_00043293	5.365804929	423
Porites_evermani_scaffold_88	481872	486471	gene-Peve_00043295	0.2014652087	115
Porites_evermani_scaffold_88	488683	496868	gene-Peve_00043296	0.5393272775	191
Porites_evermani_scaffold_88	499589	503977	gene-Peve_00043298	66.74329188	49
Porites_evermani_scaffold_88	504016	510248	gene-Peve_00043297	63.09834855	55
Porites_evermani_scaffold_88	511969	531696	gene-Peve_00043299	12.21691735	147
Porites_evermani_scaffold_88	537061	556771	gene-Peve_00043300	15.88997887	211
Porites_evermani_scaffold_880	14688	31102	gene-Peve_00043328	0	37
Porites_evermani_scaffold_880	39514	40327	gene-Peve_00043331	0.7738095	20
Porites_evermani_scaffold_880	51281	52913	gene-Peve_00043340	.	0
Porites_evermani_scaffold_880	53312	55340	gene-Peve_00043329	.	0
Porites_evermani_scaffold_880	55944	56271	gene-Peve_00043330	.	0
Porites_evermani_scaffold_880	61075	61870	gene-Peve_00043332	.	0
Porites_evermani_scaffold_880	75242	76064	gene-Peve_00043333	.	0
Porites_evermani_scaffold_880	99647	102135	gene-Peve_00043334	0.6876214667	60
Porites_evermani_scaffold_880	102222	102564	gene-Peve_00043335	0	8
Porites_evermani_scaffold_880	110016	110829	gene-Peve_00043336	.	0
Porites_evermani_scaffold_880	124731	125544	gene-Peve_00043338	0	10
Porites_evermani_scaffold_880	132077	132872	gene-Peve_00043339	0	24
Porites_evermani_scaffold_880	142254	143052	gene-Peve_00043341	0.651984931	29
Porites_evermani_scaffold_880	152032	152836	gene-Peve_00043342	1.872281692	26
Porites_evermani_scaffold_880	157660	157963	gene-Peve_00043343	0	1
Porites_evermani_scaffold_880	158317	159073	gene-Peve_00043344	23.75129258	33
Porites_evermani_scaffold_880	163085	163818	gene-Peve_00043345	0	18
Porites_evermani_scaffold_880	170905	173801	gene-Peve_00043346	.	0
Porites_evermani_scaffold_881	22957	24283	gene-Peve_00043355	.	0
Porites_evermani_scaffold_881	43929	44355	gene-Peve_00043348	.	0
Porites_evermani_scaffold_881	51066	65116	gene-Peve_00043349	2.358063191	246
Porites_evermani_scaffold_881	56569	58070	gene-Peve_00043351	0	1
Porites_evermani_scaffold_881	66565	128759	gene-Peve_00043352	6.365104336	918
Porites_evermani_scaffold_881	128918	135867	gene-Peve_00043353	64.79587271	94
Porites_evermani_scaffold_881	152312	164778	gene-Peve_00043354	65.86592197	160
Porites_evermani_scaffold_882	220	1288	gene-Peve_00043361	3.089569143	14
Porites_evermani_scaffold_882	4546	5682	gene-Peve_00043367	0	12
Porites_evermani_scaffold_882	9828	10488	gene-Peve_00043356	0	11
Porites_evermani_scaffold_882	16154	18646	gene-Peve_00043357	0.834687962	79
Porites_evermani_scaffold_882	58291	60358	gene-Peve_00043358	.	0
Porites_evermani_scaffold_882	76182	78702	gene-Peve_00043360	0	13
Porites_evermani_scaffold_882	94524	97423	gene-Peve_00043363	.	0
Porites_evermani_scaffold_882	157144	173597	gene-Peve_00043368	0	3
Porites_evermani_scaffold_883	119	29372	gene-Peve_00043370	79.10215225	142
Porites_evermani_scaffold_883	31412	34081	gene-Peve_00043375	36.87094041	27
Porites_evermani_scaffold_883	38697	43472	gene-Peve_00043378	42.31043571	68
Porites_evermani_scaffold_883	48432	56829	gene-Peve_00043379	0.9471312832	173
Porites_evermani_scaffold_883	58885	67274	gene-Peve_00043371	65.18503566	114
Porites_evermani_scaffold_883	69478	87524	gene-Peve_00043372	58.01581975	71
Porites_evermani_scaffold_883	91007	100634	gene-Peve_00043373	57.1235009	78
Porites_evermani_scaffold_883	111031	111437	gene-Peve_00043374	0.7692307692	13
Porites_evermani_scaffold_883	144084	145086	gene-Peve_00043376	12.82051267	3
Porites_evermani_scaffold_883	165927	166264	gene-Peve_00043377	0	4
Porites_evermani_scaffold_884	249	18115	gene-Peve_00043380	1.305949912	307
Porites_evermani_scaffold_884	5076	5583	gene-Peve_00043383	0	8
Porites_evermani_scaffold_884	9466	10813	gene-Peve_00043392	0.7692308	10
Porites_evermani_scaffold_884	75629	109085	gene-Peve_00043384	14.97371735	530
Porites_evermani_scaffold_884	113056	115220	gene-Peve_00043385	.	0
Porites_evermani_scaffold_884	119649	133382	gene-Peve_00043386	52.46166283	89
Porites_evermani_scaffold_884	122632	125074	gene-Peve_00043387	50.81269342	19
Porites_evermani_scaffold_884	134633	147616	gene-Peve_00043388	32.12001305	154
Porites_evermani_scaffold_884	153931	160094	gene-Peve_00043390	54.76965658	73
Porites_evermani_scaffold_884	162423	168394	gene-Peve_00043391	73.60471599	68
Porites_evermani_scaffold_884	168681	170674	gene-Peve_00043393	70.41360817	23
Porites_evermani_scaffold_884	175385	175724	gene-Peve_00043394	.	0
Porites_evermani_scaffold_885	194	710	gene-Peve_00043396	0	9
Porites_evermani_scaffold_885	27512	29230	gene-Peve_00043403	0.5555555556	18
Porites_evermani_scaffold_885	35244	36767	gene-Peve_00043404	0.3313013469	49
Porites_evermani_scaffold_885	43785	46444	gene-Peve_00043405	0.1010101061	66
Porites_evermani_scaffold_885	46998	72808	gene-Peve_00043406	18.43043805	242
Porites_evermani_scaffold_885	77208	80310	gene-Peve_00043397	57.55675603	35
Porites_evermani_scaffold_885	82055	86415	gene-Peve_00043398	68.02345981	77
Porites_evermani_scaffold_885	86556	115318	gene-Peve_00043399	40.66105618	363
Porites_evermani_scaffold_885	120317	140518	gene-Peve_00043400	69.86638204	97
Porites_evermani_scaffold_885	140549	148407	gene-Peve_00043401	78.03236925	24
Porites_evermani_scaffold_885	153314	160951	gene-Peve_00043402	33.64394952	102
Porites_evermani_scaffold_886	6266	6803	gene-Peve_00043419	0	4
Porites_evermani_scaffold_886	23350	25054	gene-Peve_00043407	0	10
Porites_evermani_scaffold_886	28004	28916	gene-Peve_00043408	0	11
Porites_evermani_scaffold_886	35809	41017	gene-Peve_00043409	85.909091	2
Porites_evermani_scaffold_886	41196	73315	gene-Peve_00043410	8.594861931	189
Porites_evermani_scaffold_886	84246	94644	gene-Peve_00043411	0.7483607615	327
Porites_evermani_scaffold_886	106452	108035	gene-Peve_00043412	0.7681577556	45
Porites_evermani_scaffold_886	111568	128517	gene-Peve_00043413	48.70039097	153
Porites_evermani_scaffold_886	129248	134088	gene-Peve_00043414	55.87409869	32
Porites_evermani_scaffold_886	134851	136457	gene-Peve_00043415	16.24714422	49
Porites_evermani_scaffold_886	137800	139939	gene-Peve_00043416	35.46949438	45
Porites_evermani_scaffold_886	153761	157970	gene-Peve_00043417	1.107422215	130
Porites_evermani_scaffold_886	169423	170827	gene-Peve_00043418	1.627384926	27
Porites_evermani_scaffold_887	143	31784	gene-Peve_00043420	0.4339476839	484
Porites_evermani_scaffold_887	72392	72985	gene-Peve_00043423	0	13
Porites_evermani_scaffold_887	116681	117801	gene-Peve_00043424	2.801433278	36
Porites_evermani_scaffold_887	152882	153515	gene-Peve_00043421	0	21
Porites_evermani_scaffold_887	164041	176128	gene-Peve_00043422	0.5809977721	272
Porites_evermani_scaffold_888	3076	4093	gene-Peve_00043436	16.32641294	17
Porites_evermani_scaffold_888	10134	12394	gene-Peve_00043439	0.293255129	31
Porites_evermani_scaffold_888	13253	14033	gene-Peve_00043440	.	0
Porites_evermani_scaffold_888	17063	20880	gene-Peve_00043425	6.536955394	33
Porites_evermani_scaffold_888	23010	37066	gene-Peve_00043426	0	73
Porites_evermani_scaffold_888	64225	64660	gene-Peve_00043428	.	0
Porites_evermani_scaffold_888	71698	77110	gene-Peve_00043429	0	15
Porites_evermani_scaffold_888	84657	93456	gene-Peve_00043431	0.1709401778	45
Porites_evermani_scaffold_888	94866	95343	gene-Peve_00043432	.	0
Porites_evermani_scaffold_888	101918	107599	gene-Peve_00043433	.	0
Porites_evermani_scaffold_888	119008	127769	gene-Peve_00043434	1.207803807	218
Porites_evermani_scaffold_888	130157	131731	gene-Peve_00043435	0	42
Porites_evermani_scaffold_888	132375	145728	gene-Peve_00043437	12.84315285	122
Porites_evermani_scaffold_888	147458	161221	gene-Peve_00043438	0	4
Porites_evermani_scaffold_889	10081	12621	gene-Peve_00043441	1	10
Porites_evermani_scaffold_889	21859	22512	gene-Peve_00043444	.	0
Porites_evermani_scaffold_889	114176	117123	gene-Peve_00043443	3.689935233	43
Porites_evermani_scaffold_889	122636	125506	gene-Peve_00043445	4.413875605	38
Porites_evermani_scaffold_889	128154	132923	gene-Peve_00043446	0.2267671765	85
Porites_evermani_scaffold_889	156509	158678	gene-Peve_00043447	0	57
Porites_evermani_scaffold_889	158445	172722	gene-Peve_00043448	7.053172031	225
Porites_evermani_scaffold_889	170432	173720	gene-Peve_00043449	0	50
Porites_evermani_scaffold_89	1	11331	gene-Peve_00043450	1.759726221	249
Porites_evermani_scaffold_89	24135	66412	gene-Peve_00043455	9.807422186	521
Porites_evermani_scaffold_89	74521	78102	gene-Peve_00043475	92.71043778	9
Porites_evermani_scaffold_89	109265	110477	gene-Peve_00043477	1.435185222	9
Porites_evermani_scaffold_89	121474	124856	gene-Peve_00043478	1.321499038	26
Porites_evermani_scaffold_89	154055	154952	gene-Peve_00043481	0	1
Porites_evermani_scaffold_89	209850	210563	gene-Peve_00043482	.	0
Porites_evermani_scaffold_89	211372	211968	gene-Peve_00043483	0	1
Porites_evermani_scaffold_89	232582	233236	gene-Peve_00043485	.	0
Porites_evermani_scaffold_89	273654	278451	gene-Peve_00043453	.	0
Porites_evermani_scaffold_89	290695	291256	gene-Peve_00043454	.	0
Porites_evermani_scaffold_89	304718	305033	gene-Peve_00043458	0	2
Porites_evermani_scaffold_89	305312	307799	gene-Peve_00043457	2.9577285	34
Porites_evermani_scaffold_89	312844	316802	gene-Peve_00043459	2.5939394	25
Porites_evermani_scaffold_89	318450	319764	gene-Peve_00043460	2.386363625	8
Porites_evermani_scaffold_89	380444	380810	gene-Peve_00043464	.	0
Porites_evermani_scaffold_89	392668	397969	gene-Peve_00043465	1.232517462	52
Porites_evermani_scaffold_89	398145	400770	gene-Peve_00043466	0	5
Porites_evermani_scaffold_89	398285	401423	gene-Peve_00043467	0	7
Porites_evermani_scaffold_89	406555	502479	gene-Peve_00043468	1.36837984	1109
Porites_evermani_scaffold_89	451815	453318	gene-Peve_00043470	0.8449733514	37
Porites_evermani_scaffold_89	511617	514482	gene-Peve_00043471	56.53572154	48
Porites_evermani_scaffold_89	529343	540690	gene-Peve_00043472	64.23339581	96
Porites_evermani_scaffold_890	3371	30297	gene-Peve_00043486	4.264781792	289
Porites_evermani_scaffold_890	35723	37976	gene-Peve_00043488	0	9
Porites_evermani_scaffold_890	44481	44983	gene-Peve_00043489	.	0
Porites_evermani_scaffold_890	53400	62433	gene-Peve_00043490	0	15
Porites_evermani_scaffold_890	112824	147214	gene-Peve_00043492	5.998653916	190
Porites_evermani_scaffold_890	171470	171827	gene-Peve_00043493	.	0
Porites_evermani_scaffold_891	4103	4610	gene-Peve_00043494	0	7
Porites_evermani_scaffold_891	9363	38200	gene-Peve_00043497	45.46424449	317
Porites_evermani_scaffold_891	39518	48044	gene-Peve_00043505	62.19037912	24
Porites_evermani_scaffold_891	62292	73386	gene-Peve_00043506	57.54858328	197
Porites_evermani_scaffold_891	79684	86599	gene-Peve_00043495	65.30463207	69
Porites_evermani_scaffold_891	86794	99665	gene-Peve_00043496	20.7558062	104
Porites_evermani_scaffold_891	101452	104193	gene-Peve_00043498	58.51675964	11
Porites_evermani_scaffold_891	110013	115826	gene-Peve_00043499	0	20
Porites_evermani_scaffold_891	121886	142546	gene-Peve_00043500	82.55065994	210
Porites_evermani_scaffold_891	147083	149193	gene-Peve_00043501	0.166666675	40
Porites_evermani_scaffold_891	152206	153349	gene-Peve_00043502	1.419825733	60
Porites_evermani_scaffold_891	168820	169912	gene-Peve_00043503	1.496859059	51
Porites_evermani_scaffold_891	171623	174867	gene-Peve_00043504	3.755717974	38
Porites_evermani_scaffold_892	4226	9482	gene-Peve_00043511	1.993319388	116
Porites_evermani_scaffold_892	11694	12860	gene-Peve_00043510	0	24
Porites_evermani_scaffold_892	15880	16861	gene-Peve_00043516	.	0
Porites_evermani_scaffold_892	19192	28208	gene-Peve_00043517	90.18693829	100
Porites_evermani_scaffold_892	37708	43368	gene-Peve_00043518	0.2570055484	124
Porites_evermani_scaffold_892	40132	41175	gene-Peve_00043507	.	0
Porites_evermani_scaffold_892	45980	51391	gene-Peve_00043508	36.81970709	85
Porites_evermani_scaffold_892	51601	84614	gene-Peve_00043509	9.426542966	552
Porites_evermani_scaffold_892	88240	89419	gene-Peve_00043512	0	24
Porites_evermani_scaffold_892	100241	100820	gene-Peve_00043513	0.9644059667	30
Porites_evermani_scaffold_892	105007	153117	gene-Peve_00043514	0.5554323667	450
Porites_evermani_scaffold_892	149887	171006	gene-Peve_00043515	1.401757286	42
Porites_evermani_scaffold_893	24041	44050	gene-Peve_00043525	1.117149316	462
Porites_evermani_scaffold_893	40758	45143	gene-Peve_00043528	0.1691673981	103
Porites_evermani_scaffold_893	53770	57033	gene-Peve_00043520	0.1971326129	93
Porites_evermani_scaffold_893	57491	63925	gene-Peve_00043521	2.338681916	178
Porites_evermani_scaffold_893	66439	93738	gene-Peve_00043522	1.010804094	307
Porites_evermani_scaffold_893	98304	100538	gene-Peve_00043523	0.4216695263	76
Porites_evermani_scaffold_893	103659	104075	gene-Peve_00043524	.	0
Porites_evermani_scaffold_893	106591	112442	gene-Peve_00043526	0	7
Porites_evermani_scaffold_893	115175	123470	gene-Peve_00043527	0.2394733933	89
Porites_evermani_scaffold_894	16411	22302	gene-Peve_00043534	0	26
Porites_evermani_scaffold_894	22898	23246	gene-Peve_00043535	0	5
Porites_evermani_scaffold_894	51155	134254	gene-Peve_00043529	4.045676868	730
Porites_evermani_scaffold_894	114192	114750	gene-Peve_00043530	6.060606	3
Porites_evermani_scaffold_894	146996	149105	gene-Peve_00043531	0	10
Porites_evermani_scaffold_894	172808	174149	gene-Peve_00043532	0	15
Porites_evermani_scaffold_894	173761	175699	gene-Peve_00043533	1.136363625	8
Porites_evermani_scaffold_895	5064	20655	gene-Peve_00043538	5.672689241	87
Porites_evermani_scaffold_895	40823	99149	gene-Peve_00043542	4.771910149	828
Porites_evermani_scaffold_895	58479	60006	gene-Peve_00043544	0	1
Porites_evermani_scaffold_895	105471	127207	gene-Peve_00043536	37.99473547	358
Porites_evermani_scaffold_895	138355	143634	gene-Peve_00043537	0.1469991898	137
Porites_evermani_scaffold_895	149512	150736	gene-Peve_00043539	0	21
Porites_evermani_scaffold_895	151312	161906	gene-Peve_00043540	0.6969759547	243
Porites_evermani_scaffold_895	158253	158641	gene-Peve_00043541	0	9
Porites_evermani_scaffold_896	5516	17081	gene-Peve_00043550	91.05017532	34
Porites_evermani_scaffold_896	22798	23416	gene-Peve_00043558	0	20
Porites_evermani_scaffold_896	30566	36171	gene-Peve_00043545	55.67291891	79
Porites_evermani_scaffold_896	39468	73397	gene-Peve_00043546	29.66453332	355
Porites_evermani_scaffold_896	80693	90325	gene-Peve_00043547	28.58724847	95
Porites_evermani_scaffold_896	92642	93542	gene-Peve_00043548	1.607064812	32
Porites_evermani_scaffold_896	95709	102074	gene-Peve_00043549	58.41353812	97
Porites_evermani_scaffold_896	106858	111309	gene-Peve_00043551	80.67513574	23
Porites_evermani_scaffold_896	116693	119418	gene-Peve_00043552	0.3801995072	69
Porites_evermani_scaffold_896	130519	131825	gene-Peve_00043553	0.15384616	50
Porites_evermani_scaffold_896	135994	152598	gene-Peve_00043554	4.250108988	242
Porites_evermani_scaffold_896	155690	166182	gene-Peve_00043555	63.00202248	21
Porites_evermani_scaffold_896	166280	166941	gene-Peve_00043556	0.8578431176	17
Porites_evermani_scaffold_896	169194	174622	gene-Peve_00043557	0.3116391136	88
Porites_evermani_scaffold_897	352	4123	gene-Peve_00043559	0.09944551639	122
Porites_evermani_scaffold_897	16812	22673	gene-Peve_00043570	0.346263506	168
Porites_evermani_scaffold_897	32656	33337	gene-Peve_00043560	0	13
Porites_evermani_scaffold_897	36808	37600	gene-Peve_00043561	0	18
Porites_evermani_scaffold_897	39974	40844	gene-Peve_00043562	0	28
Porites_evermani_scaffold_897	50618	64374	gene-Peve_00043563	3.360556837	141
Porites_evermani_scaffold_897	62051	63096	gene-Peve_00043564	3.692788167	18
Porites_evermani_scaffold_897	70087	82419	gene-Peve_00043565	1.569424795	117
Porites_evermani_scaffold_897	85716	86586	gene-Peve_00043566	0.2150537742	31
Porites_evermani_scaffold_897	103274	111122	gene-Peve_00043568	1.178492047	86
Porites_evermani_scaffold_897	162518	166757	gene-Peve_00043569	0	4
Porites_evermani_scaffold_898	6759	8130	gene-Peve_00043576	0.3205128077	52
Porites_evermani_scaffold_898	8772	26568	gene-Peve_00043580	16.6509113	224
Porites_evermani_scaffold_898	30067	38402	gene-Peve_00043581	79.98283488	86
Porites_evermani_scaffold_898	55368	59429	gene-Peve_00043582	30.84847406	35
Porites_evermani_scaffold_898	64380	75344	gene-Peve_00043583	39.74989394	64
Porites_evermani_scaffold_898	78515	84671	gene-Peve_00043571	78.09321469	93
Porites_evermani_scaffold_898	89445	96011	gene-Peve_00043572	91.83122152	29
Porites_evermani_scaffold_898	100427	109936	gene-Peve_00043573	56.25980082	11
Porites_evermani_scaffold_898	110596	127477	gene-Peve_00043574	34.27299108	288
Porites_evermani_scaffold_898	134205	151960	gene-Peve_00043575	40.84025633	211
Porites_evermani_scaffold_898	153019	157053	gene-Peve_00043577	0.5943384731	93
Porites_evermani_scaffold_898	166811	170514	gene-Peve_00043578	57.4382548	20
Porites_evermani_scaffold_898	173151	174468	gene-Peve_00043579	19.26628804	24
Porites_evermani_scaffold_899	2146	4614	gene-Peve_00043584	0.3188405778	45
Porites_evermani_scaffold_899	24300	24669	gene-Peve_00043597	9.5454545	2
Porites_evermani_scaffold_899	28104	33042	gene-Peve_00043598	1.685879663	89
Porites_evermani_scaffold_899	36911	49783	gene-Peve_00043585	0.3857550261	307
Porites_evermani_scaffold_899	52327	60730	gene-Peve_00043586	14.25501315	78
Porites_evermani_scaffold_899	73473	74969	gene-Peve_00043587	0	1
Porites_evermani_scaffold_899	97803	98912	gene-Peve_00043588	46.71453525	16
Porites_evermani_scaffold_899	101051	104053	gene-Peve_00043589	0.2747252692	26
Porites_evermani_scaffold_899	109063	111671	gene-Peve_00043590	0.4163185952	42
Porites_evermani_scaffold_899	117776	118959	gene-Peve_00043591	.	0
Porites_evermani_scaffold_899	119628	120517	gene-Peve_00043592	.	0
Porites_evermani_scaffold_899	122424	125706	gene-Peve_00043593	2.291231265	34
Porites_evermani_scaffold_899	131992	172835	gene-Peve_00043595	2.223923538	755
Porites_evermani_scaffold_9	5987	10195	gene-Peve_00043630	7.267228878	181
Porites_evermani_scaffold_9	11325	16392	gene-Peve_00043599	0.8993986875	48
Porites_evermani_scaffold_9	29170	30295	gene-Peve_00043698	0	41
Porites_evermani_scaffold_9	33039	39392	gene-Peve_00043700	0.3982552844	109
Porites_evermani_scaffold_9	53017	53893	gene-Peve_00043606	.	0
Porites_evermani_scaffold_9	54096	61102	gene-Peve_00043617	1.273517864	184
Porites_evermani_scaffold_9	69653	70673	gene-Peve_00043638	0.4647436	30
Porites_evermani_scaffold_9	77546	103798	gene-Peve_00043646	36.45323701	367
Porites_evermani_scaffold_9	104344	106417	gene-Peve_00043654	23.88751035	31
Porites_evermani_scaffold_9	106540	125347	gene-Peve_00043658	18.67898686	255
Porites_evermani_scaffold_9	126779	132515	gene-Peve_00043671	43.83866456	36
Porites_evermani_scaffold_9	135214	135541	gene-Peve_00043676	.	0
Porites_evermani_scaffold_9	141358	148852	gene-Peve_00043681	53.60430941	97
Porites_evermani_scaffold_9	149311	169576	gene-Peve_00043682	8.301897173	284
Porites_evermani_scaffold_9	181113	190887	gene-Peve_00043683	56.30732955	80
Porites_evermani_scaffold_9	190927	203743	gene-Peve_00043684	9.898066148	149
Porites_evermani_scaffold_9	206417	215467	gene-Peve_00043685	30.57115281	150
Porites_evermani_scaffold_9	226807	228998	gene-Peve_00043687	72.02699093	14
Porites_evermani_scaffold_9	229073	242928	gene-Peve_00043688	68.5334281	118
Porites_evermani_scaffold_9	244099	247736	gene-Peve_00043689	62.52155443	23
Porites_evermani_scaffold_9	247895	249710	gene-Peve_00043690	45.13793513	8
Porites_evermani_scaffold_9	259291	263374	gene-Peve_00043691	5.497805893	75
Porites_evermani_scaffold_9	272012	273427	gene-Peve_00043692	0.2331002424	33
Porites_evermani_scaffold_9	277856	281368	gene-Peve_00043693	0.8245802316	95
Porites_evermani_scaffold_9	289111	289921	gene-Peve_00043694	0	31
Porites_evermani_scaffold_9	290775	299150	gene-Peve_00043695	0.3647229031	196
Porites_evermani_scaffold_9	307482	315755	gene-Peve_00043696	0.5416703382	204
Porites_evermani_scaffold_9	318848	335781	gene-Peve_00043697	5.548942502	311
Porites_evermani_scaffold_9	337059	355291	gene-Peve_00043699	28.63067363	206
Porites_evermani_scaffold_9	355727	367101	gene-Peve_00043701	27.63812878	126
Porites_evermani_scaffold_9	367134	369429	gene-Peve_00043702	0.2589063803	71
Porites_evermani_scaffold_9	372481	375584	gene-Peve_00043703	3.522133894	94
Porites_evermani_scaffold_9	377833	390647	gene-Peve_00043600	24.47695283	218
Porites_evermani_scaffold_9	390801	413144	gene-Peve_00043601	8.000139185	286
Porites_evermani_scaffold_9	414043	415264	gene-Peve_00043602	2.252440526	38
Porites_evermani_scaffold_9	418444	437628	gene-Peve_00043603	2.273061471	425
Porites_evermani_scaffold_9	442297	444220	gene-Peve_00043604	0	10
Porites_evermani_scaffold_9	449196	457253	gene-Peve_00043605	1.628363453	75
Porites_evermani_scaffold_9	462186	464642	gene-Peve_00043607	0.3960055	44
Porites_evermani_scaffold_9	469909	480800	gene-Peve_00043608	23.94634269	157
Porites_evermani_scaffold_9	480940	487610	gene-Peve_00043609	62.89381936	72
Porites_evermani_scaffold_9	489243	491535	gene-Peve_00043610	41.55914488	25
Porites_evermani_scaffold_9	495466	505976	gene-Peve_00043611	17.04678227	119
Porites_evermani_scaffold_9	506069	510853	gene-Peve_00043612	38.18363068	47
Porites_evermani_scaffold_9	517927	519954	gene-Peve_00043613	0.1424501481	54
Porites_evermani_scaffold_9	524067	526853	gene-Peve_00043614	0.16666666	50
Porites_evermani_scaffold_9	527185	530071	gene-Peve_00043616	0.4449648689	61
Porites_evermani_scaffold_9	534373	553428	gene-Peve_00043615	0	59
Porites_evermani_scaffold_9	558678	561060	gene-Peve_00043618	0.2112135161	62
Porites_evermani_scaffold_9	562545	568460	gene-Peve_00043619	0	83
Porites_evermani_scaffold_9	572682	573003	gene-Peve_00043620	0.6060606	15
Porites_evermani_scaffold_9	574052	576448	gene-Peve_00043621	22.9589817	20
Porites_evermani_scaffold_9	578318	583584	gene-Peve_00043622	59.70268641	63
Porites_evermani_scaffold_9	583647	586280	gene-Peve_00043623	37.83630262	45
Porites_evermani_scaffold_9	592618	622386	gene-Peve_00043624	3.421376434	752
Porites_evermani_scaffold_9	629120	655553	gene-Peve_00043625	9.414600777	493
Porites_evermani_scaffold_9	655966	660957	gene-Peve_00043626	42.78229118	44
Porites_evermani_scaffold_9	665633	672166	gene-Peve_00043627	43.72695276	51
Porites_evermani_scaffold_9	676741	679299	gene-Peve_00043628	0.1960784314	51
Porites_evermani_scaffold_9	682562	683237	gene-Peve_00043629	0	21
Porites_evermani_scaffold_9	694049	696131	gene-Peve_00043632	1.837732161	31
Porites_evermani_scaffold_9	699590	703149	gene-Peve_00043633	22.54040407	30
Porites_evermani_scaffold_9	703219	710155	gene-Peve_00043634	68.65028741	73
Porites_evermani_scaffold_9	713443	741673	gene-Peve_00043636	0.4441226602	768
Porites_evermani_scaffold_9	743011	750930	gene-Peve_00043637	0.8296382928	222
Porites_evermani_scaffold_9	829591	830356	gene-Peve_00043642	0	9
Porites_evermani_scaffold_9	848130	852418	gene-Peve_00043643	0.4761904762	21
Porites_evermani_scaffold_9	851971	854558	gene-Peve_00043645	0.6944444583	24
Porites_evermani_scaffold_9	854741	856647	gene-Peve_00043644	0.2393617021	47
Porites_evermani_scaffold_9	857095	857557	gene-Peve_00043647	.	0
Porites_evermani_scaffold_9	874388	874850	gene-Peve_00043650	0.6993006818	22
Porites_evermani_scaffold_9	875127	875542	gene-Peve_00043649	0.5	10
Porites_evermani_scaffold_9	889050	889799	gene-Peve_00043652	12.754104	22
Porites_evermani_scaffold_9	894357	934309	gene-Peve_00043653	0.6584566802	938
Porites_evermani_scaffold_9	985970	992159	gene-Peve_00043659	0.7614238551	138
Porites_evermani_scaffold_9	1006240	1007134	gene-Peve_00043660	.	0
Porites_evermani_scaffold_9	1007279	1007968	gene-Peve_00043661	0	8
Porites_evermani_scaffold_9	1013157	1013968	gene-Peve_00043662	0	24
Porites_evermani_scaffold_9	1014797	1024656	gene-Peve_00043663	24.10631621	168
Porites_evermani_scaffold_9	1019772	1020261	gene-Peve_00043664	82.72727275	4
Porites_evermani_scaffold_9	1028032	1032938	gene-Peve_00043665	0.06053268644	118
Porites_evermani_scaffold_9	1034542	1051953	gene-Peve_00043666	21.23838506	214
Porites_evermani_scaffold_9	1054489	1056145	gene-Peve_00043667	0.8174603333	30
Porites_evermani_scaffold_9	1072528	1111753	gene-Peve_00043668	1.341241895	812
Porites_evermani_scaffold_9	1088993	1089551	gene-Peve_00043670	14.17147482	11
Porites_evermani_scaffold_9	1120758	1152605	gene-Peve_00043672	0.5449122057	637
Porites_evermani_scaffold_9	1153837	1157424	gene-Peve_00043673	1.147757701	67
Porites_evermani_scaffold_9	1162998	1163988	gene-Peve_00043674	0	31
Porites_evermani_scaffold_9	1166737	1167058	gene-Peve_00043675	0	15
Porites_evermani_scaffold_9	1188651	1198160	gene-Peve_00043678	0.6487121711	228
Porites_evermani_scaffold_9	1201857	1202475	gene-Peve_00043679	0.9807126316	19
Porites_evermani_scaffold_9	1203390	1211095	gene-Peve_00043680	0.4470255797	138
Porites_evermani_scaffold_90	212	1763	gene-Peve_00043719	2.502289312	16
Porites_evermani_scaffold_90	10367	11417	gene-Peve_00043734	0.964657	37
Porites_evermani_scaffold_90	18446	36636	gene-Peve_00043742	60.28835619	329
Porites_evermani_scaffold_90	42086	45246	gene-Peve_00043720	8.852813857	70
Porites_evermani_scaffold_90	53630	68298	gene-Peve_00043721	87.63806653	211
Porites_evermani_scaffold_90	70396	79828	gene-Peve_00043722	1.204247207	242
Porites_evermani_scaffold_90	102531	104396	gene-Peve_00043723	0	39
Porites_evermani_scaffold_90	117741	120733	gene-Peve_00043724	0.1750700278	108
Porites_evermani_scaffold_90	131848	137595	gene-Peve_00043725	39.05492532	84
Porites_evermani_scaffold_90	142670	146434	gene-Peve_00043726	0.2173913043	46
Porites_evermani_scaffold_90	153575	156485	gene-Peve_00043728	0.2150023913	69
Porites_evermani_scaffold_90	161065	166938	gene-Peve_00043727	41.81533919	81
Porites_evermani_scaffold_90	169778	227793	gene-Peve_00043729	4.289731496	914
Porites_evermani_scaffold_90	231732	234078	gene-Peve_00043730	26.99192236	36
Porites_evermani_scaffold_90	234368	238971	gene-Peve_00043731	45.99529112	52
Porites_evermani_scaffold_90	240173	240705	gene-Peve_00043732	0	14
Porites_evermani_scaffold_90	247286	252224	gene-Peve_00043733	0.7148969008	121
Porites_evermani_scaffold_90	256169	269137	gene-Peve_00043735	0.2658371073	289
Porites_evermani_scaffold_90	273379	307674	gene-Peve_00043736	6.320689255	298
Porites_evermani_scaffold_90	318052	320272	gene-Peve_00043737	0.3504273667	60
Porites_evermani_scaffold_90	322531	348471	gene-Peve_00043738	23.60187309	307
Porites_evermani_scaffold_90	354450	367138	gene-Peve_00043739	74.60863337	150
Porites_evermani_scaffold_90	370857	375422	gene-Peve_00043740	68.64103406	54
Porites_evermani_scaffold_90	377656	387378	gene-Peve_00043741	14.58724937	207
Porites_evermani_scaffold_90	388203	389043	gene-Peve_00043743	0	34
Porites_evermani_scaffold_90	391684	394364	gene-Peve_00043744	31.08004443	49
Porites_evermani_scaffold_90	394535	400167	gene-Peve_00043745	72.06917592	62
Porites_evermani_scaffold_90	401595	405610	gene-Peve_00043746	0.2777777833	60
Porites_evermani_scaffold_90	414082	423414	gene-Peve_00043747	1.769136619	223
Porites_evermani_scaffold_90	418360	419106	gene-Peve_00043748	5.860005935	31
Porites_evermani_scaffold_90	424494	426246	gene-Peve_00043749	0.2083333387	62
Porites_evermani_scaffold_90	426819	436480	gene-Peve_00043704	1.188110226	336
Porites_evermani_scaffold_90	449563	450409	gene-Peve_00043705	0.3846154	20
Porites_evermani_scaffold_90	455298	459922	gene-Peve_00043706	82.11375535	48
Porites_evermani_scaffold_90	460207	461422	gene-Peve_00043707	4.438025808	26
Porites_evermani_scaffold_90	463792	464570	gene-Peve_00043708	0	19
Porites_evermani_scaffold_90	467709	472695	gene-Peve_00043709	68.46159652	44
Porites_evermani_scaffold_90	472798	474656	gene-Peve_00043711	12.6262626	15
Porites_evermani_scaffold_90	476328	485289	gene-Peve_00043710	28.11156592	177
Porites_evermani_scaffold_90	489998	497765	gene-Peve_00043712	23.43301999	138
Porites_evermani_scaffold_90	499101	500329	gene-Peve_00043713	2.248059476	42
Porites_evermani_scaffold_90	505740	506154	gene-Peve_00043714	1.764705889	9
Porites_evermani_scaffold_90	509860	511123	gene-Peve_00043715	0.25252525	36
Porites_evermani_scaffold_90	521473	525960	gene-Peve_00043716	67.19280421	24
Porites_evermani_scaffold_90	526317	548380	gene-Peve_00043717	20.15399765	346
Porites_evermani_scaffold_90	549957	558279	gene-Peve_00043718	43.56975999	88
Porites_evermani_scaffold_900	2196	3695	gene-Peve_00043750	.	0
Porites_evermani_scaffold_900	14228	18442	gene-Peve_00043768	45.2564104	5
Porites_evermani_scaffold_900	19216	22231	gene-Peve_00043777	.	0
Porites_evermani_scaffold_900	23402	25168	gene-Peve_00043756	.	0
Porites_evermani_scaffold_900	25246	26080	gene-Peve_00043758	.	0
Porites_evermani_scaffold_900	33934	34816	gene-Peve_00043761	.	0
Porites_evermani_scaffold_900	36810	37929	gene-Peve_00043763	.	0
Porites_evermani_scaffold_900	61425	62181	gene-Peve_00043765	.	0
Porites_evermani_scaffold_900	62241	62664	gene-Peve_00043766	.	0
Porites_evermani_scaffold_900	72166	74790	gene-Peve_00043769	.	0
Porites_evermani_scaffold_900	86494	87115	gene-Peve_00043771	.	0
Porites_evermani_scaffold_900	87357	88792	gene-Peve_00043772	.	0
Porites_evermani_scaffold_900	89046	89406	gene-Peve_00043773	.	0
Porites_evermani_scaffold_900	91289	92180	gene-Peve_00043774	.	0
Porites_evermani_scaffold_900	92858	93782	gene-Peve_00043775	.	0
Porites_evermani_scaffold_900	98544	112473	gene-Peve_00043776	46.54844682	137
Porites_evermani_scaffold_900	124152	124800	gene-Peve_00043779	20.17618633	3
Porites_evermani_scaffold_900	127574	128401	gene-Peve_00043781	.	0
Porites_evermani_scaffold_900	131449	132837	gene-Peve_00043782	.	0
Porites_evermani_scaffold_900	136508	138930	gene-Peve_00043751	.	0
Porites_evermani_scaffold_900	139609	139969	gene-Peve_00043752	.	0
Porites_evermani_scaffold_900	139984	140362	gene-Peve_00043753	.	0
Porites_evermani_scaffold_900	146485	149369	gene-Peve_00043754	.	0
Porites_evermani_scaffold_900	153421	154720	gene-Peve_00043755	.	0
Porites_evermani_scaffold_900	154987	155583	gene-Peve_00043757	.	0
Porites_evermani_scaffold_901	679	14662	gene-Peve_00043785	3.801220231	264
Porites_evermani_scaffold_901	15210	16147	gene-Peve_00043792	0	5
Porites_evermani_scaffold_901	18956	53602	gene-Peve_00043794	56.09956634	200
Porites_evermani_scaffold_901	57252	65487	gene-Peve_00043795	0	32
Porites_evermani_scaffold_901	71541	80345	gene-Peve_00043784	1.402537097	72
Porites_evermani_scaffold_901	88539	136954	gene-Peve_00043786	18.82222368	273
Porites_evermani_scaffold_901	108567	115312	gene-Peve_00043787	36.79967091	11
Porites_evermani_scaffold_901	109073	127537	gene-Peve_00043788	36.54324837	16
Porites_evermani_scaffold_901	116895	117405	gene-Peve_00043789	35.0629372	5
Porites_evermani_scaffold_901	141234	141660	gene-Peve_00043791	86.93042167	9
Porites_evermani_scaffold_901	143940	153997	gene-Peve_00043790	3.033568724	257
Porites_evermani_scaffold_901	148423	167251	gene-Peve_00043793	0.322210164	500
Porites_evermani_scaffold_902	6610	20066	gene-Peve_00043800	0.2679495078	258
Porites_evermani_scaffold_902	21732	24799	gene-Peve_00043810	0.3401360476	42
Porites_evermani_scaffold_902	31462	35252	gene-Peve_00043812	0.4067169355	93
Porites_evermani_scaffold_902	39573	48395	gene-Peve_00043814	0.8586743925	186
Porites_evermani_scaffold_902	44806	51787	gene-Peve_00043809	11.13695635	103
Porites_evermani_scaffold_902	54929	72798	gene-Peve_00043797	34.84826202	301
Porites_evermani_scaffold_902	57947	62927	gene-Peve_00043798	33.27094439	49
Porites_evermani_scaffold_902	63556	65650	gene-Peve_00043799	54.32307915	33
Porites_evermani_scaffold_902	89679	93293	gene-Peve_00043801	0.5129285769	104
Porites_evermani_scaffold_902	94750	95973	gene-Peve_00043802	0	31
Porites_evermani_scaffold_902	99030	99602	gene-Peve_00043803	0	18
Porites_evermani_scaffold_902	104088	104712	gene-Peve_00043804	0	19
Porites_evermani_scaffold_902	104790	110272	gene-Peve_00043805	52.95880168	92
Porites_evermani_scaffold_902	116053	131732	gene-Peve_00043806	0.4600525581	258
Porites_evermani_scaffold_902	137086	155658	gene-Peve_00043807	2.696060737	399
Porites_evermani_scaffold_902	157769	163975	gene-Peve_00043808	0.5101529586	145
Porites_evermani_scaffold_902	167127	174331	gene-Peve_00043811	0.7071604467	150
Porites_evermani_scaffold_903	44506	55013	gene-Peve_00043820	66.50542016	70
Porites_evermani_scaffold_903	57641	77249	gene-Peve_00043821	29.68101661	227
Porites_evermani_scaffold_903	96208	98540	gene-Peve_00043815	0.2717391304	23
Porites_evermani_scaffold_903	109472	115754	gene-Peve_00043816	0.2758097179	78
Porites_evermani_scaffold_903	142055	146431	gene-Peve_00043817	2.012658143	28
Porites_evermani_scaffold_903	157456	160282	gene-Peve_00043818	0	26
Porites_evermani_scaffold_903	170948	173541	gene-Peve_00043819	0	6
Porites_evermani_scaffold_904	2311	3914	gene-Peve_00043822	0.3426770189	53
Porites_evermani_scaffold_904	22202	24392	gene-Peve_00043831	0.2702702703	37
Porites_evermani_scaffold_904	24458	25926	gene-Peve_00043832	0	7
Porites_evermani_scaffold_904	29738	30326	gene-Peve_00043834	0	11
Porites_evermani_scaffold_904	39598	40276	gene-Peve_00043835	0	25
Porites_evermani_scaffold_904	42775	43299	gene-Peve_00043823	0	5
Porites_evermani_scaffold_904	46755	58421	gene-Peve_00043824	78.05324803	103
Porites_evermani_scaffold_904	58430	106592	gene-Peve_00043825	74.90694682	416
Porites_evermani_scaffold_904	110440	118320	gene-Peve_00043826	51.3335114	117
Porites_evermani_scaffold_904	121805	122483	gene-Peve_00043827	0.3496503636	22
Porites_evermani_scaffold_904	128444	130813	gene-Peve_00043828	0.2406916322	87
Porites_evermani_scaffold_904	137541	144872	gene-Peve_00043829	12.0222008	162
Porites_evermani_scaffold_904	167798	168335	gene-Peve_00043830	.	0
Porites_evermani_scaffold_904	172183	173089	gene-Peve_00043833	.	0
Porites_evermani_scaffold_905	1413	4825	gene-Peve_00043836	0.1641675556	99
Porites_evermani_scaffold_905	14958	27784	gene-Peve_00043838	0.7338360753	239
Porites_evermani_scaffold_905	40604	40958	gene-Peve_00043843	.	0
Porites_evermani_scaffold_905	42993	47745	gene-Peve_00043842	.	0
Porites_evermani_scaffold_905	50629	56914	gene-Peve_00043844	0	48
Porites_evermani_scaffold_905	69334	109341	gene-Peve_00043845	0.80669375	712
Porites_evermani_scaffold_905	110694	131738	gene-Peve_00043837	31.3170197	385
Porites_evermani_scaffold_905	135486	144027	gene-Peve_00043839	0.5793564576	236
Porites_evermani_scaffold_905	150300	159395	gene-Peve_00043840	72.929293	12
Porites_evermani_scaffold_905	165400	167136	gene-Peve_00043841	0	7
Porites_evermani_scaffold_906	22351	23266	gene-Peve_00043847	3.445171455	33
Porites_evermani_scaffold_906	28538	43943	gene-Peve_00043848	0.9526061393	122
Porites_evermani_scaffold_906	47722	58417	gene-Peve_00043849	0.4775748081	172
Porites_evermani_scaffold_906	64067	65538	gene-Peve_00043850	.	0
Porites_evermani_scaffold_906	69667	87846	gene-Peve_00043851	5.187439781	242
Porites_evermani_scaffold_906	95092	97549	gene-Peve_00043852	1.298701286	7
Porites_evermani_scaffold_906	98617	114616	gene-Peve_00043853	1.568614983	235
Porites_evermani_scaffold_906	128624	147316	gene-Peve_00043854	0.7230167789	398
Porites_evermani_scaffold_906	172998	173387	gene-Peve_00043855	0	12
Porites_evermani_scaffold_907	0	3214	gene-Peve_00043856	2.395889346	78
Porites_evermani_scaffold_907	6377	20695	gene-Peve_00043857	0.4146212637	201
Porites_evermani_scaffold_907	33404	54517	gene-Peve_00043869	14.95870704	105
Porites_evermani_scaffold_907	59056	60079	gene-Peve_00043870	0	45
Porites_evermani_scaffold_907	67821	68868	gene-Peve_00043871	0.6132453061	49
Porites_evermani_scaffold_907	75683	76730	gene-Peve_00043859	0.75	40
Porites_evermani_scaffold_907	86534	87024	gene-Peve_00043860	.	0
Porites_evermani_scaffold_907	93295	94231	gene-Peve_00043861	0	14
Porites_evermani_scaffold_907	101274	102291	gene-Peve_00043862	0.310559	23
Porites_evermani_scaffold_907	112251	118237	gene-Peve_00043863	0	47
Porites_evermani_scaffold_907	122397	123888	gene-Peve_00043864	0.341880359	39
Porites_evermani_scaffold_907	130266	138942	gene-Peve_00043865	5.846794416	202
Porites_evermani_scaffold_907	148471	154965	gene-Peve_00043866	18.87040913	69
Porites_evermani_scaffold_907	157027	164237	gene-Peve_00043867	2.137324492	61
Porites_evermani_scaffold_907	166014	174292	gene-Peve_00043868	57.89870643	82
Porites_evermani_scaffold_908	5243	7438	gene-Peve_00043875	5.951068	8
Porites_evermani_scaffold_908	11060	11606	gene-Peve_00043876	.	0
Porites_evermani_scaffold_908	40388	74556	gene-Peve_00043872	0.3565589026	195
Porites_evermani_scaffold_908	163030	164357	gene-Peve_00043873	.	0
Porites_evermani_scaffold_908	165370	172602	gene-Peve_00043874	0.6727403591	181
Porites_evermani_scaffold_909	50615	56591	gene-Peve_00043886	0.9852216552	29
Porites_evermani_scaffold_909	83989	93132	gene-Peve_00043877	3.410493889	9
Porites_evermani_scaffold_909	97780	98089	gene-Peve_00043878	.	0
Porites_evermani_scaffold_909	140051	159905	gene-Peve_00043883	0.3512961412	347
Porites_evermani_scaffold_909	163170	167779	gene-Peve_00043882	1.040003198	101
Porites_evermani_scaffold_91	7989	10523	gene-Peve_00043887	5.890227677	31
Porites_evermani_scaffold_91	29266	29788	gene-Peve_00043910	1.851851778	9
Porites_evermani_scaffold_91	37332	38879	gene-Peve_00043919	.	0
Porites_evermani_scaffold_91	44621	45924	gene-Peve_00043891	0	14
Porites_evermani_scaffold_91	63594	65376	gene-Peve_00043898	0.1278772391	46
Porites_evermani_scaffold_91	68652	70465	gene-Peve_00043899	0.38388695	60
Porites_evermani_scaffold_91	99850	101891	gene-Peve_00043901	0.4	25
Porites_evermani_scaffold_91	105719	107103	gene-Peve_00043902	0.3174603333	42
Porites_evermani_scaffold_91	129917	131623	gene-Peve_00043903	0	54
Porites_evermani_scaffold_91	134722	135979	gene-Peve_00043904	.	0
Porites_evermani_scaffold_91	138034	140409	gene-Peve_00043905	0.241545913	23
Porites_evermani_scaffold_91	149583	156466	gene-Peve_00043906	0.21052632	50
Porites_evermani_scaffold_91	160836	193593	gene-Peve_00043907	14.34841929	510
Porites_evermani_scaffold_91	194095	210234	gene-Peve_00043908	22.31837668	155
Porites_evermani_scaffold_91	219291	229393	gene-Peve_00043909	0.1068376111	72
Porites_evermani_scaffold_91	273789	274286	gene-Peve_00043912	0	4
Porites_evermani_scaffold_91	276089	283404	gene-Peve_00043913	0	82
Porites_evermani_scaffold_91	287968	290044	gene-Peve_00043914	.	0
Porites_evermani_scaffold_91	292912	312267	gene-Peve_00043915	12.80105397	184
Porites_evermani_scaffold_91	317513	320476	gene-Peve_00043916	43.56253271	35
Porites_evermani_scaffold_91	332083	335204	gene-Peve_00043917	0.2232142813	32
Porites_evermani_scaffold_91	350837	354614	gene-Peve_00043918	1.25	16
Porites_evermani_scaffold_91	371255	371792	gene-Peve_00043920	0	5
Porites_evermani_scaffold_91	373919	374258	gene-Peve_00043921	.	0
Porites_evermani_scaffold_91	377746	380649	gene-Peve_00043922	87.48057508	12
Porites_evermani_scaffold_91	384653	385447	gene-Peve_00043923	0	2
Porites_evermani_scaffold_91	386538	386928	gene-Peve_00043924	.	0
Porites_evermani_scaffold_91	387300	387996	gene-Peve_00043925	6.843340167	6
Porites_evermani_scaffold_91	393913	396067	gene-Peve_00043926	.	0
Porites_evermani_scaffold_91	403491	408000	gene-Peve_00043927	3.167388143	21
Porites_evermani_scaffold_91	426697	429552	gene-Peve_00043928	34.42107536	47
Porites_evermani_scaffold_91	433092	433749	gene-Peve_00043929	0	23
Porites_evermani_scaffold_91	440198	442798	gene-Peve_00043930	0	53
Porites_evermani_scaffold_91	464773	467258	gene-Peve_00043888	0.2325581395	43
Porites_evermani_scaffold_91	468557	476083	gene-Peve_00043889	39.96665269	157
Porites_evermani_scaffold_91	484206	498631	gene-Peve_00043890	11.07483995	114
Porites_evermani_scaffold_91	502826	507879	gene-Peve_00043892	62.87878783	6
Porites_evermani_scaffold_91	530164	531490	gene-Peve_00043893	3.693092571	21
Porites_evermani_scaffold_91	537024	543464	gene-Peve_00043894	0.2209383786	140
Porites_evermani_scaffold_91	546002	546344	gene-Peve_00043895	2.1428571	10
Porites_evermani_scaffold_91	547044	547425	gene-Peve_00043896	0	6
Porites_evermani_scaffold_91	549734	550118	gene-Peve_00043897	.	0
Porites_evermani_scaffold_910	8412	22405	gene-Peve_00043931	0.4052589349	384
Porites_evermani_scaffold_910	25865	32767	gene-Peve_00043935	0.7806187547	159
Porites_evermani_scaffold_910	37394	37853	gene-Peve_00043945	0.3472222222	18
Porites_evermani_scaffold_910	42272	44849	gene-Peve_00043946	1.779683171	76
Porites_evermani_scaffold_910	55204	55875	gene-Peve_00043947	0	11
Porites_evermani_scaffold_910	59242	80494	gene-Peve_00043948	15.35021598	305
Porites_evermani_scaffold_910	85622	91044	gene-Peve_00043932	1.694820333	108
Porites_evermani_scaffold_910	95900	101109	gene-Peve_00043933	1.355661842	19
Porites_evermani_scaffold_910	113433	118060	gene-Peve_00043934	0.33333332	25
Porites_evermani_scaffold_910	137147	137456	gene-Peve_00043937	2	5
Porites_evermani_scaffold_910	146043	147129	gene-Peve_00043938	0.6841989574	47
Porites_evermani_scaffold_910	152850	153398	gene-Peve_00043939	0.1831501905	21
Porites_evermani_scaffold_910	156678	157089	gene-Peve_00043940	0	19
Porites_evermani_scaffold_910	161786	163046	gene-Peve_00043941	0.3660714286	28
Porites_evermani_scaffold_910	166248	168002	gene-Peve_00043943	0.3211462424	33
Porites_evermani_scaffold_910	170651	171608	gene-Peve_00043944	0	53
Porites_evermani_scaffold_911	2139	25808	gene-Peve_00043949	1.923076875	8
Porites_evermani_scaffold_911	28394	37186	gene-Peve_00043953	.	0
Porites_evermani_scaffold_911	84955	89382	gene-Peve_00043950	0.760808561	41
Porites_evermani_scaffold_911	95264	104388	gene-Peve_00043951	0	6
Porites_evermani_scaffold_911	96885	101312	gene-Peve_00043952	.	0
Porites_evermani_scaffold_911	133540	133951	gene-Peve_00043954	0	3
Porites_evermani_scaffold_911	149985	166008	gene-Peve_00043956	0	4
Porites_evermani_scaffold_912	326	10518	gene-Peve_00043957	1.859498242	182
Porites_evermani_scaffold_912	12464	12803	gene-Peve_00043966	0	9
Porites_evermani_scaffold_912	14241	17027	gene-Peve_00043970	37.34023054	37
Porites_evermani_scaffold_912	22865	25776	gene-Peve_00043973	0.2414252564	78
Porites_evermani_scaffold_912	28256	32355	gene-Peve_00043958	0.6286982308	52
Porites_evermani_scaffold_912	44853	51566	gene-Peve_00043959	4.920028086	152
Porites_evermani_scaffold_912	67291	68884	gene-Peve_00043960	0	41
Porites_evermani_scaffold_912	75625	76552	gene-Peve_00043961	1.30373305	20
Porites_evermani_scaffold_912	78250	79351	gene-Peve_00043962	0.6111111	30
Porites_evermani_scaffold_912	84492	98868	gene-Peve_00043963	2.978186333	240
Porites_evermani_scaffold_912	101139	110737	gene-Peve_00043964	47.85856009	160
Porites_evermani_scaffold_912	111180	116998	gene-Peve_00043965	35.06561545	66
Porites_evermani_scaffold_912	130629	150721	gene-Peve_00043967	0.848043932	485
Porites_evermani_scaffold_912	146055	147535	gene-Peve_00043968	0.3599113953	43
Porites_evermani_scaffold_912	150836	156199	gene-Peve_00043969	22.67818836	64
Porites_evermani_scaffold_912	161556	162222	gene-Peve_00043971	3.854797079	38
Porites_evermani_scaffold_912	169366	170709	gene-Peve_00043972	.	0
Porites_evermani_scaffold_913	6845	9411	gene-Peve_00043974	.	0
Porites_evermani_scaffold_913	11453	15181	gene-Peve_00043979	0.5428324028	72
Porites_evermani_scaffold_913	20954	23832	gene-Peve_00043985	26.06744578	49
Porites_evermani_scaffold_913	28536	40032	gene-Peve_00043986	0.1587161531	307
Porites_evermani_scaffold_913	55401	65234	gene-Peve_00043975	1.366636663	101
Porites_evermani_scaffold_913	85718	91767	gene-Peve_00043977	0.09615384615	65
Porites_evermani_scaffold_913	114249	119005	gene-Peve_00043976	0.3478664184	98
Porites_evermani_scaffold_913	122747	123242	gene-Peve_00043978	.	0
Porites_evermani_scaffold_913	132295	132790	gene-Peve_00043980	.	0
Porites_evermani_scaffold_913	137693	138941	gene-Peve_00043981	0	15
Porites_evermani_scaffold_913	147527	163170	gene-Peve_00043982	16.47196132	157
Porites_evermani_scaffold_913	149271	153408	gene-Peve_00043983	0.4666666667	75
Porites_evermani_scaffold_913	165318	166716	gene-Peve_00043984	0.240384625	32
Porites_evermani_scaffold_914	185	18491	gene-Peve_00043987	18.19262571	313
Porites_evermani_scaffold_914	31123	32035	gene-Peve_00044000	0	28
Porites_evermani_scaffold_914	35934	43616	gene-Peve_00044001	64.80671504	23
Porites_evermani_scaffold_914	38069	50348	gene-Peve_00043988	75.22102898	54
Porites_evermani_scaffold_914	52540	56079	gene-Peve_00043989	64.05084724	41
Porites_evermani_scaffold_914	59299	70374	gene-Peve_00043990	63.99542047	73
Porites_evermani_scaffold_914	71186	73710	gene-Peve_00043991	.	0
Porites_evermani_scaffold_914	74508	77032	gene-Peve_00043992	.	0
Porites_evermani_scaffold_914	80353	86408	gene-Peve_00043993	62.0573509	112
Porites_evermani_scaffold_914	90856	96991	gene-Peve_00043995	0.08693609375	192
Porites_evermani_scaffold_914	102065	105042	gene-Peve_00043994	0.5887445833	60
Porites_evermani_scaffold_914	118551	121928	gene-Peve_00043996	0	8
Porites_evermani_scaffold_914	144398	147457	gene-Peve_00043997	.	0
Porites_evermani_scaffold_914	167513	168215	gene-Peve_00043998	77.5	2
Porites_evermani_scaffold_915	14455	15163	gene-Peve_00044010	.	0
Porites_evermani_scaffold_915	21578	30343	gene-Peve_00044012	30.53964946	63
Porites_evermani_scaffold_915	46622	51310	gene-Peve_00044002	19.46443061	36
Porites_evermani_scaffold_915	53015	101695	gene-Peve_00044004	5.822439262	462
Porites_evermani_scaffold_915	108821	109136	gene-Peve_00044007	.	0
Porites_evermani_scaffold_915	121000	129340	gene-Peve_00044008	7.318075855	55
Porites_evermani_scaffold_915	139538	166108	gene-Peve_00044009	23.78319284	221
Porites_evermani_scaffold_916	3530	4645	gene-Peve_00044018	.	0
Porites_evermani_scaffold_916	22366	22819	gene-Peve_00044030	.	0
Porites_evermani_scaffold_916	26151	27060	gene-Peve_00044031	.	0
Porites_evermani_scaffold_916	34064	34464	gene-Peve_00044015	.	0
Porites_evermani_scaffold_916	34296	34656	gene-Peve_00044016	.	0
Porites_evermani_scaffold_916	35747	36707	gene-Peve_00044017	.	0
Porites_evermani_scaffold_916	54025	54658	gene-Peve_00044019	.	0
Porites_evermani_scaffold_916	61516	63151	gene-Peve_00044020	.	0
Porites_evermani_scaffold_916	66917	67622	gene-Peve_00044021	.	0
Porites_evermani_scaffold_916	75201	86730	gene-Peve_00044023	.	0
Porites_evermani_scaffold_916	93387	97180	gene-Peve_00044024	.	0
Porites_evermani_scaffold_916	100121	101210	gene-Peve_00044025	0	4
Porites_evermani_scaffold_916	124302	133627	gene-Peve_00044026	0.2770562762	105
Porites_evermani_scaffold_916	139814	143740	gene-Peve_00044027	0.3303275673	104
Porites_evermani_scaffold_916	153284	160749	gene-Peve_00044028	0	30
Porites_evermani_scaffold_916	165644	170370	gene-Peve_00044029	5.619747875	8
Porites_evermani_scaffold_917	2130	4081	gene-Peve_00044032	0.1754385965	57
Porites_evermani_scaffold_917	7020	8626	gene-Peve_00044035	0.1349527692	39
Porites_evermani_scaffold_917	17902	18610	gene-Peve_00044049	0	18
Porites_evermani_scaffold_917	24282	26787	gene-Peve_00044051	0.2857142857	35
Porites_evermani_scaffold_917	30138	34214	gene-Peve_00044052	6.896660893	112
Porites_evermani_scaffold_917	39288	43788	gene-Peve_00044053	0.1956521739	115
Porites_evermani_scaffold_917	49573	60127	gene-Peve_00044033	0.7783917627	295
Porites_evermani_scaffold_917	82212	84705	gene-Peve_00044034	72.0520553	20
Porites_evermani_scaffold_917	94315	98426	gene-Peve_00044036	0.4227724444	117
Porites_evermani_scaffold_917	107262	108207	gene-Peve_00044038	0.1587301667	30
Porites_evermani_scaffold_917	110854	112206	gene-Peve_00044037	0.4784688947	19
Porites_evermani_scaffold_917	119367	125945	gene-Peve_00044041	0.1186585722	180
Porites_evermani_scaffold_917	131751	132108	gene-Peve_00044042	0	1
Porites_evermani_scaffold_917	133507	133864	gene-Peve_00044043	.	0
Porites_evermani_scaffold_917	139732	141619	gene-Peve_00044044	18.94052187	31
Porites_evermani_scaffold_917	146734	147739	gene-Peve_00044045	0.7106025455	33
Porites_evermani_scaffold_917	153674	162455	gene-Peve_00044046	55.30009752	129
Porites_evermani_scaffold_917	162575	168143	gene-Peve_00044047	49.15999987	30
Porites_evermani_scaffold_917	167633	168267	gene-Peve_00044048	21.5151516	5
Porites_evermani_scaffold_917	169295	170563	gene-Peve_00044050	0	39
Porites_evermani_scaffold_918	648	5710	gene-Peve_00044059	.	0
Porites_evermani_scaffold_918	7506	10047	gene-Peve_00044070	87.39704767	3
Porites_evermani_scaffold_918	12541	14173	gene-Peve_00044054	.	0
Porites_evermani_scaffold_918	14419	19839	gene-Peve_00044055	16.18371212	32
Porites_evermani_scaffold_918	19919	30359	gene-Peve_00044056	0.5503400753	146
Porites_evermani_scaffold_918	31557	38122	gene-Peve_00044057	28.25978257	42
Porites_evermani_scaffold_918	35558	55270	gene-Peve_00044058	6.272539996	223
Porites_evermani_scaffold_918	56850	58799	gene-Peve_00044060	0.4003944769	65
Porites_evermani_scaffold_918	60398	63129	gene-Peve_00044061	0.959415575	40
Porites_evermani_scaffold_918	64500	86588	gene-Peve_00044062	3.6334162	471
Porites_evermani_scaffold_918	88927	108304	gene-Peve_00044063	28.88676799	147
Porites_evermani_scaffold_918	97427	98013	gene-Peve_00044064	.	0
Porites_evermani_scaffold_918	117476	131697	gene-Peve_00044065	39.39040763	43
Porites_evermani_scaffold_918	134172	135915	gene-Peve_00044066	1.136363625	8
Porites_evermani_scaffold_918	138623	141936	gene-Peve_00044067	0.1179245283	53
Porites_evermani_scaffold_918	153865	158725	gene-Peve_00044068	0.5840071887	53
Porites_evermani_scaffold_918	163914	167459	gene-Peve_00044069	0	6
Porites_evermani_scaffold_919	14945	40338	gene-Peve_00044071	0.773973686	484
Porites_evermani_scaffold_919	41937	46791	gene-Peve_00044076	.	0
Porites_evermani_scaffold_919	97965	98824	gene-Peve_00044072	.	0
Porites_evermani_scaffold_919	102643	139796	gene-Peve_00044073	2.082362067	30
Porites_evermani_scaffold_919	151533	152349	gene-Peve_00044075	.	0
Porites_evermani_scaffold_919	167110	169207	gene-Peve_00044078	.	0
Porites_evermani_scaffold_92	2118	2460	gene-Peve_00044080	0	16
Porites_evermani_scaffold_92	6875	25099	gene-Peve_00044089	0.9101503551	445
Porites_evermani_scaffold_92	38007	52966	gene-Peve_00044095	1.109825346	454
Porites_evermani_scaffold_92	68554	69172	gene-Peve_00044081	0	24
Porites_evermani_scaffold_92	91969	92449	gene-Peve_00044090	0.3174603333	21
Porites_evermani_scaffold_92	104618	104939	gene-Peve_00044091	0	8
Porites_evermani_scaffold_92	109607	110377	gene-Peve_00044092	0.8721532174	23
Porites_evermani_scaffold_92	158862	165969	gene-Peve_00044093	74.9984119	50
Porites_evermani_scaffold_92	169667	170390	gene-Peve_00044094	16.54283219	16
Porites_evermani_scaffold_92	175159	178024	gene-Peve_00044096	4.414623827	52
Porites_evermani_scaffold_92	182197	189038	gene-Peve_00044097	33.51225818	100
Porites_evermani_scaffold_92	189092	201417	gene-Peve_00044098	30.76813255	258
Porites_evermani_scaffold_92	210822	223036	gene-Peve_00044099	32.73055333	165
Porites_evermani_scaffold_92	228168	230873	gene-Peve_00044100	77.26228625	12
Porites_evermani_scaffold_92	233162	255957	gene-Peve_00044101	1.6060606	55
Porites_evermani_scaffold_92	257029	258275	gene-Peve_00044102	0	17
Porites_evermani_scaffold_92	259655	259999	gene-Peve_00044103	0.7692308	10
Porites_evermani_scaffold_92	260993	264051	gene-Peve_00044104	0	1
Porites_evermani_scaffold_92	269827	277715	gene-Peve_00044105	3.447167953	128
Porites_evermani_scaffold_92	299262	299679	gene-Peve_00044106	0	5
Porites_evermani_scaffold_92	321936	326306	gene-Peve_00044107	0.2216958163	98
Porites_evermani_scaffold_92	335139	338858	gene-Peve_00044108	0.288906	118
Porites_evermani_scaffold_92	346278	359459	gene-Peve_00044109	32.13203937	151
Porites_evermani_scaffold_92	363007	382372	gene-Peve_00044110	0.3966967061	473
Porites_evermani_scaffold_92	387627	390726	gene-Peve_00044112	0.9379523125	96
Porites_evermani_scaffold_92	395652	401348	gene-Peve_00044113	0.5946094157	178
Porites_evermani_scaffold_92	418915	434272	gene-Peve_00044114	0.6144795316	301
Porites_evermani_scaffold_92	438964	443503	gene-Peve_00044115	0.2304147419	31
Porites_evermani_scaffold_92	445209	452086	gene-Peve_00044082	0.6751901923	104
Porites_evermani_scaffold_92	452092	459818	gene-Peve_00044083	46.05977957	115
Porites_evermani_scaffold_92	461575	473911	gene-Peve_00044084	67.75172713	194
Porites_evermani_scaffold_92	477840	495887	gene-Peve_00044086	71.94045706	209
Porites_evermani_scaffold_92	505414	541574	gene-Peve_00044088	51.59867987	356
Porites_evermani_scaffold_920	5406	9660	gene-Peve_00044116	36.15631682	73
Porites_evermani_scaffold_920	13918	31927	gene-Peve_00044122	36.43594141	252
Porites_evermani_scaffold_920	29438	30480	gene-Peve_00044132	72.5381264	15
Porites_evermani_scaffold_920	34670	36344	gene-Peve_00044133	0.1096491228	57
Porites_evermani_scaffold_920	39456	44735	gene-Peve_00044117	0.4135551917	120
Porites_evermani_scaffold_920	46962	47265	gene-Peve_00044118	0	7
Porites_evermani_scaffold_920	51368	57349	gene-Peve_00044119	0.2887667933	150
Porites_evermani_scaffold_920	65524	66433	gene-Peve_00044121	0	14
Porites_evermani_scaffold_920	73732	84723	gene-Peve_00044123	16.83679993	185
Porites_evermani_scaffold_920	84840	99848	gene-Peve_00044124	35.37867449	212
Porites_evermani_scaffold_920	102153	112221	gene-Peve_00044125	10.44571527	239
Porites_evermani_scaffold_920	112847	113762	gene-Peve_00044126	0	25
Porites_evermani_scaffold_920	117345	135993	gene-Peve_00044127	35.49253256	305
Porites_evermani_scaffold_920	138602	139793	gene-Peve_00044128	0	16
Porites_evermani_scaffold_920	145018	149708	gene-Peve_00044129	1.810868873	102
Porites_evermani_scaffold_920	159586	164168	gene-Peve_00044130	0.9329377851	121
Porites_evermani_scaffold_920	169745	170531	gene-Peve_00044131	0	28
Porites_evermani_scaffold_921	20047	28373	gene-Peve_00044134	0.3852080085	118
Porites_evermani_scaffold_921	49539	50931	gene-Peve_00044141	0.8695652174	23
Porites_evermani_scaffold_921	54284	107872	gene-Peve_00044142	5.585191873	1135
Porites_evermani_scaffold_921	109347	110833	gene-Peve_00044135	0.1623376591	44
Porites_evermani_scaffold_921	113736	115820	gene-Peve_00044136	0.4472417377	61
Porites_evermani_scaffold_921	128163	137250	gene-Peve_00044138	44.33570198	166
Porites_evermani_scaffold_921	137440	139099	gene-Peve_00044139	8.602795	31
Porites_evermani_scaffold_921	143552	152210	gene-Peve_00044140	0.6343223728	228
Porites_evermani_scaffold_922	11376	60067	gene-Peve_00044143	1.665799273	849
Porites_evermani_scaffold_922	15580	17897	gene-Peve_00044150	0.399327459	61
Porites_evermani_scaffold_922	24566	27722	gene-Peve_00044155	0.3021978095	42
Porites_evermani_scaffold_922	35998	44778	gene-Peve_00044144	1.028761538	234
Porites_evermani_scaffold_922	47266	50810	gene-Peve_00044146	0.602079908	87
Porites_evermani_scaffold_922	52686	55243	gene-Peve_00044145	0.7120636618	68
Porites_evermani_scaffold_922	71543	85351	gene-Peve_00044147	62.4903911	42
Porites_evermani_scaffold_922	81686	82030	gene-Peve_00044148	.	0
Porites_evermani_scaffold_922	92199	94559	gene-Peve_00044149	1.179702621	66
Porites_evermani_scaffold_922	106466	110685	gene-Peve_00044151	57.96652534	70
Porites_evermani_scaffold_922	113229	130119	gene-Peve_00044152	88.16816203	110
Porites_evermani_scaffold_922	130920	135060	gene-Peve_00044153	37.53280738	65
Porites_evermani_scaffold_922	135421	137101	gene-Peve_00044154	1.991792917	48
Porites_evermani_scaffold_922	157292	160249	gene-Peve_00044156	38.80249862	13
Porites_evermani_scaffold_922	160615	171663	gene-Peve_00044157	47.99030987	127
Porites_evermani_scaffold_923	1232	7116	gene-Peve_00044158	71.72050175	12
Porites_evermani_scaffold_923	16942	28032	gene-Peve_00044162	0	7
Porites_evermani_scaffold_923	32470	35028	gene-Peve_00044165	.	0
Porites_evermani_scaffold_923	42231	47482	gene-Peve_00044172	.	0
Porites_evermani_scaffold_923	48371	49266	gene-Peve_00044159	.	0
Porites_evermani_scaffold_923	57419	57632	gene-Peve_00044161	.	0
Porites_evermani_scaffold_923	100616	115047	gene-Peve_00044166	3.312047444	9
Porites_evermani_scaffold_923	116512	116819	gene-Peve_00044167	.	0
Porites_evermani_scaffold_923	129065	130598	gene-Peve_00044168	.	0
Porites_evermani_scaffold_923	131953	132284	gene-Peve_00044169	.	0
Porites_evermani_scaffold_923	165579	166296	gene-Peve_00044170	.	0
Porites_evermani_scaffold_923	170094	171295	gene-Peve_00044171	0	2
Porites_evermani_scaffold_924	6754	23207	gene-Peve_00044173	10.80137808	90
Porites_evermani_scaffold_924	25269	27231	gene-Peve_00044176	0	2
Porites_evermani_scaffold_924	29404	40424	gene-Peve_00044177	83.73547219	140
Porites_evermani_scaffold_924	40614	64336	gene-Peve_00044178	8.428756943	123
Porites_evermani_scaffold_924	64791	83522	gene-Peve_00044179	9.866872883	120
Porites_evermani_scaffold_924	87397	109457	gene-Peve_00044180	3.920648543	164
Porites_evermani_scaffold_924	115671	124211	gene-Peve_00044174	0	12
Porites_evermani_scaffold_924	158926	167060	gene-Peve_00044175	70	5
Porites_evermani_scaffold_925	392	13223	gene-Peve_00044181	44.26518962	89
Porites_evermani_scaffold_925	26728	28016	gene-Peve_00044183	0.4384112667	45
Porites_evermani_scaffold_925	83731	86620	gene-Peve_00044184	29.40376122	23
Porites_evermani_scaffold_925	86762	87731	gene-Peve_00044185	44.928775	9
Porites_evermani_scaffold_925	98962	115569	gene-Peve_00044186	1.717458043	258
Porites_evermani_scaffold_925	119133	127604	gene-Peve_00044187	0.4904929355	186
Porites_evermani_scaffold_925	134447	149164	gene-Peve_00044188	47.17148298	57
Porites_evermani_scaffold_925	149417	158499	gene-Peve_00044189	47.36155515	81
Porites_evermani_scaffold_926	642	908	gene-Peve_00044194	.	0
Porites_evermani_scaffold_926	4784	30251	gene-Peve_00044196	17.90161213	178
Porites_evermani_scaffold_926	30333	40278	gene-Peve_00044197	18.4409357	161
Porites_evermani_scaffold_926	44731	56964	gene-Peve_00044202	96.4285715	4
Porites_evermani_scaffold_926	58294	77033	gene-Peve_00044203	64.88476501	198
Porites_evermani_scaffold_926	78619	80110	gene-Peve_00044191	24.13778343	30
Porites_evermani_scaffold_926	82402	85499	gene-Peve_00044192	44.29740054	24
Porites_evermani_scaffold_926	90046	92242	gene-Peve_00044193	.	0
Porites_evermani_scaffold_926	93026	94448	gene-Peve_00044195	55.92988467	9
Porites_evermani_scaffold_926	100007	104228	gene-Peve_00044198	0	24
Porites_evermani_scaffold_926	111868	124524	gene-Peve_00044199	11.59478383	81
Porites_evermani_scaffold_926	140469	156161	gene-Peve_00044200	0.7595338706	456
Porites_evermani_scaffold_926	157666	161941	gene-Peve_00044201	53.71934588	80
Porites_evermani_scaffold_927	158	5036	gene-Peve_00044204	1.40715923	135
Porites_evermani_scaffold_927	7164	20408	gene-Peve_00044208	34.31449913	188
Porites_evermani_scaffold_927	24350	25103	gene-Peve_00044211	0.5878624474	38
Porites_evermani_scaffold_927	42235	43306	gene-Peve_00044213	0.2777778	20
Porites_evermani_scaffold_927	57029	126541	gene-Peve_00044205	4.741594256	852
Porites_evermani_scaffold_927	133682	134414	gene-Peve_00044206	0	2
Porites_evermani_scaffold_927	140177	140909	gene-Peve_00044207	.	0
Porites_evermani_scaffold_927	148289	149252	gene-Peve_00044209	0.2450980417	24
Porites_evermani_scaffold_927	157385	163107	gene-Peve_00044210	0.2204703526	156
Porites_evermani_scaffold_928	12	22455	gene-Peve_00044214	42.73913635	114
Porites_evermani_scaffold_928	22544	25167	gene-Peve_00044218	17.86463538	26
Porites_evermani_scaffold_928	34545	44197	gene-Peve_00044223	69.91072675	80
Porites_evermani_scaffold_928	51280	53398	gene-Peve_00044215	25.93388713	48
Porites_evermani_scaffold_928	58772	59222	gene-Peve_00044216	0	1
Porites_evermani_scaffold_928	64504	65008	gene-Peve_00044217	.	0
Porites_evermani_scaffold_928	105488	108588	gene-Peve_00044220	1.314310236	72
Porites_evermani_scaffold_928	129763	136063	gene-Peve_00044222	0.4877622628	137
Porites_evermani_scaffold_928	141899	154267	gene-Peve_00044224	0.2129940744	242
Porites_evermani_scaffold_928	164423	170141	gene-Peve_00044225	0.7117181479	142
Porites_evermani_scaffold_929	6353	17367	gene-Peve_00044226	0	4
Porites_evermani_scaffold_929	8869	10688	gene-Peve_00044231	.	0
Porites_evermani_scaffold_929	21030	32348	gene-Peve_00044235	0	1
Porites_evermani_scaffold_929	44087	66491	gene-Peve_00044236	12.42542504	223
Porites_evermani_scaffold_929	81408	84485	gene-Peve_00044237	0.6476349268	41
Porites_evermani_scaffold_929	106358	106805	gene-Peve_00044227	0.5263157895	19
Porites_evermani_scaffold_929	114896	116084	gene-Peve_00044229	.	0
Porites_evermani_scaffold_929	118344	119030	gene-Peve_00044228	.	0
Porites_evermani_scaffold_929	119976	124160	gene-Peve_00044230	.	0
Porites_evermani_scaffold_929	130012	131388	gene-Peve_00044232	0.5	8
Porites_evermani_scaffold_929	142905	145338	gene-Peve_00044233	0	25
Porites_evermani_scaffold_929	170328	170805	gene-Peve_00044234	.	0
Porites_evermani_scaffold_93	545	2791	gene-Peve_00044238	44.59188944	9
Porites_evermani_scaffold_93	4749	17361	gene-Peve_00044244	0.8768977121	132
Porites_evermani_scaffold_93	40152	43949	gene-Peve_00044255	1.031871877	73
Porites_evermani_scaffold_93	46793	50900	gene-Peve_00044258	0.2545878131	107
Porites_evermani_scaffold_93	52835	54557	gene-Peve_00044263	2.587991739	23
Porites_evermani_scaffold_93	58316	60178	gene-Peve_00044265	0.4761904828	29
Porites_evermani_scaffold_93	66946	77793	gene-Peve_00044242	0	2
Porites_evermani_scaffold_93	79390	79732	gene-Peve_00044243	.	0
Porites_evermani_scaffold_93	118046	118373	gene-Peve_00044245	.	0
Porites_evermani_scaffold_93	132990	153552	gene-Peve_00044246	2.395418358	81
Porites_evermani_scaffold_93	147844	149198	gene-Peve_00044247	0	1
Porites_evermani_scaffold_93	161870	163647	gene-Peve_00044248	0	5
Porites_evermani_scaffold_93	187661	188270	gene-Peve_00044249	.	0
Porites_evermani_scaffold_93	239340	239688	gene-Peve_00044251	.	0
Porites_evermani_scaffold_93	260642	266620	gene-Peve_00044252	0	14
Porites_evermani_scaffold_93	268758	269682	gene-Peve_00044253	46.0273844	15
Porites_evermani_scaffold_93	271759	276694	gene-Peve_00044256	8.473643125	24
Porites_evermani_scaffold_93	317351	320095	gene-Peve_00044259	50.67695164	25
Porites_evermani_scaffold_93	322518	323205	gene-Peve_00044260	74.52054418	11
Porites_evermani_scaffold_93	335576	335912	gene-Peve_00044261	0	1
Porites_evermani_scaffold_93	338686	381032	gene-Peve_00044262	0.3954617751	787
Porites_evermani_scaffold_93	396696	398339	gene-Peve_00044264	0.2155172414	29
Porites_evermani_scaffold_93	402802	406598	gene-Peve_00044266	1.730861088	102
Porites_evermani_scaffold_93	411636	421808	gene-Peve_00044267	0.4456204219	256
Porites_evermani_scaffold_93	416277	425118	gene-Peve_00044268	0.4006215878	262
Porites_evermani_scaffold_93	442323	453919	gene-Peve_00044269	36.93186929	187
Porites_evermani_scaffold_93	454180	471293	gene-Peve_00044270	18.78727679	163
Porites_evermani_scaffold_93	474313	494821	gene-Peve_00044239	8.696741304	425
Porites_evermani_scaffold_93	500306	501409	gene-Peve_00044240	0.1569858776	49
Porites_evermani_scaffold_93	506078	532644	gene-Peve_00044241	0.5950167638	563
Porites_evermani_scaffold_930	69	35880	gene-Peve_00044271	2.023159959	245
Porites_evermani_scaffold_930	38335	55534	gene-Peve_00044272	1.567210023	87
Porites_evermani_scaffold_930	56370	64166	gene-Peve_00044278	0	14
Porites_evermani_scaffold_930	83461	87511	gene-Peve_00044276	0.4924813725	51
Porites_evermani_scaffold_930	92935	99238	gene-Peve_00044277	0.1583485972	144
Porites_evermani_scaffold_930	108079	119195	gene-Peve_00044273	0.1007031244	201
Porites_evermani_scaffold_930	123374	126062	gene-Peve_00044274	.	0
Porites_evermani_scaffold_930	127780	130391	gene-Peve_00044275	.	0
Porites_evermani_scaffold_931	4376	8123	gene-Peve_00044279	1.626048547	53
Porites_evermani_scaffold_931	10457	11060	gene-Peve_00044282	.	0
Porites_evermani_scaffold_931	17416	23628	gene-Peve_00044299	13.5714285	2
Porites_evermani_scaffold_931	27858	39719	gene-Peve_00044280	72.88135364	111
Porites_evermani_scaffold_931	41972	53072	gene-Peve_00044281	1.158405863	153
Porites_evermani_scaffold_931	54655	57037	gene-Peve_00044284	0.3174603111	45
Porites_evermani_scaffold_931	63632	66878	gene-Peve_00044285	5.034965	13
Porites_evermani_scaffold_931	70046	72398	gene-Peve_00044283	0.33333332	25
Porites_evermani_scaffold_931	74232	80907	gene-Peve_00044286	0.2250690504	119
Porites_evermani_scaffold_931	83756	84743	gene-Peve_00044287	0.7805325758	33
Porites_evermani_scaffold_931	88058	91188	gene-Peve_00044288	1.196276094	64
Porites_evermani_scaffold_931	94024	99983	gene-Peve_00044289	2.159509008	129
Porites_evermani_scaffold_931	102950	104972	gene-Peve_00044290	0.5521914559	68
Porites_evermani_scaffold_931	110987	111602	gene-Peve_00044291	0	20
Porites_evermani_scaffold_931	124937	125357	gene-Peve_00044292	.	0
Porites_evermani_scaffold_931	129257	129629	gene-Peve_00044293	0	18
Porites_evermani_scaffold_931	135424	137383	gene-Peve_00044294	.	0
Porites_evermani_scaffold_931	148898	150538	gene-Peve_00044295	.	0
Porites_evermani_scaffold_931	153219	155298	gene-Peve_00044296	0	2
Porites_evermani_scaffold_931	164380	165382	gene-Peve_00044297	.	0
Porites_evermani_scaffold_931	168673	169606	gene-Peve_00044298	.	0
Porites_evermani_scaffold_932	3654	7622	gene-Peve_00044300	0.4058804765	149
Porites_evermani_scaffold_932	7697	13906	gene-Peve_00044303	53.67007732	69
Porites_evermani_scaffold_932	13982	23168	gene-Peve_00044308	58.98105047	96
Porites_evermani_scaffold_932	27432	29811	gene-Peve_00044309	39.18707262	34
Porites_evermani_scaffold_932	33714	45616	gene-Peve_00044310	37.67216804	110
Porites_evermani_scaffold_932	50469	55012	gene-Peve_00044301	65.8980707	33
Porites_evermani_scaffold_932	55343	82983	gene-Peve_00044302	17.08115451	350
Porites_evermani_scaffold_932	89534	106659	gene-Peve_00044304	48.112835	216
Porites_evermani_scaffold_932	121416	139970	gene-Peve_00044305	0.05291005556	126
Porites_evermani_scaffold_932	166012	171620	gene-Peve_00044307	0	46
Porites_evermani_scaffold_933	23211	88186	gene-Peve_00044316	0.8151126657	1702
Porites_evermani_scaffold_933	103284	112496	gene-Peve_00044317	71.64289943	143
Porites_evermani_scaffold_933	121548	122508	gene-Peve_00044313	0.7575757576	33
Porites_evermani_scaffold_933	127699	161442	gene-Peve_00044314	10.43980864	748
Porites_evermani_scaffold_933	165464	166689	gene-Peve_00044315	0.2304147419	31
Porites_evermani_scaffold_934	6804	7344	gene-Peve_00044318	35.35353533	12
Porites_evermani_scaffold_934	24486	32489	gene-Peve_00044323	2.9788961	40
Porites_evermani_scaffold_934	39471	64230	gene-Peve_00044324	0.6259314426	61
Porites_evermani_scaffold_934	96883	112581	gene-Peve_00044319	0	20
Porites_evermani_scaffold_934	118358	119948	gene-Peve_00044321	.	0
Porites_evermani_scaffold_934	136731	137085	gene-Peve_00044322	0.42815675	8
Porites_evermani_scaffold_935	1266	10009	gene-Peve_00044326	0.8598218483	211
Porites_evermani_scaffold_935	47931	79531	gene-Peve_00044335	27.29979416	478
Porites_evermani_scaffold_935	83868	90023	gene-Peve_00044336	62.94909064	44
Porites_evermani_scaffold_935	92741	125577	gene-Peve_00044337	0.7165825799	864
Porites_evermani_scaffold_935	131595	132898	gene-Peve_00044327	0.3391627027	37
Porites_evermani_scaffold_935	141052	141421	gene-Peve_00044330	10.40305	3
Porites_evermani_scaffold_935	143381	143759	gene-Peve_00044331	.	0
Porites_evermani_scaffold_935	147379	162743	gene-Peve_00044332	0.2995057735	393
Porites_evermani_scaffold_935	166818	167868	gene-Peve_00044333	0.8366513429	35
Porites_evermani_scaffold_935	170191	170800	gene-Peve_00044334	1.666842364	11
Porites_evermani_scaffold_936	89	17721	gene-Peve_00044338	4.459267807	57
Porites_evermani_scaffold_936	31581	37190	gene-Peve_00044350	0.4301787885	156
Porites_evermani_scaffold_936	42249	70612	gene-Peve_00044352	7.255614215	553
Porites_evermani_scaffold_936	74123	87232	gene-Peve_00044339	0.4754833333	228
Porites_evermani_scaffold_936	87402	94867	gene-Peve_00044340	21.96958484	108
Porites_evermani_scaffold_936	101592	103390	gene-Peve_00044341	3.5794414	40
Porites_evermani_scaffold_936	109897	118672	gene-Peve_00044343	0.07949125676	74
Porites_evermani_scaffold_936	122597	129100	gene-Peve_00044344	0.2349803591	181
Porites_evermani_scaffold_936	137686	147448	gene-Peve_00044346	0.3257705529	85
Porites_evermani_scaffold_936	149490	149973	gene-Peve_00044347	.	0
Porites_evermani_scaffold_936	156790	158597	gene-Peve_00044348	0.1680672286	35
Porites_evermani_scaffold_936	161478	162426	gene-Peve_00044351	0	14
Porites_evermani_scaffold_937	59508	60574	gene-Peve_00044354	0	15
Porites_evermani_scaffold_937	66914	67676	gene-Peve_00044355	0.6029684762	21
Porites_evermani_scaffold_937	86466	87012	gene-Peve_00044356	.	0
Porites_evermani_scaffold_937	103009	103470	gene-Peve_00044357	0	1
Porites_evermani_scaffold_937	116473	117203	gene-Peve_00044358	0	5
Porites_evermani_scaffold_937	143149	143491	gene-Peve_00044359	15	2
Porites_evermani_scaffold_937	156670	157295	gene-Peve_00044360	2.097069643	14
Porites_evermani_scaffold_937	159587	166043	gene-Peve_00044361	0.3320627725	167
Porites_evermani_scaffold_937	160905	161565	gene-Peve_00044362	0	19
Porites_evermani_scaffold_938	1417	15731	gene-Peve_00044364	1.876939821	313
Porites_evermani_scaffold_938	20238	21378	gene-Peve_00044365	0	20
Porites_evermani_scaffold_938	54416	68446	gene-Peve_00044367	1.864040787	169
Porites_evermani_scaffold_938	107637	114280	gene-Peve_00044369	.	0
Porites_evermani_scaffold_938	129481	130264	gene-Peve_00044370	.	0
Porites_evermani_scaffold_938	137854	160788	gene-Peve_00044371	1.813831706	17
Porites_evermani_scaffold_938	164678	166031	gene-Peve_00044372	.	0
Porites_evermani_scaffold_938	167211	169731	gene-Peve_00044373	39.88688542	12
Porites_evermani_scaffold_939	1971	4866	gene-Peve_00044374	38.51079165	26
Porites_evermani_scaffold_939	5473	10779	gene-Peve_00044383	58.43421708	64
Porites_evermani_scaffold_939	15042	17721	gene-Peve_00044390	0.1398601385	65
Porites_evermani_scaffold_939	17898	33837	gene-Peve_00044375	71.24430504	167
Porites_evermani_scaffold_939	36499	37168	gene-Peve_00044377	0	8
Porites_evermani_scaffold_939	37294	38797	gene-Peve_00044376	.	0
Porites_evermani_scaffold_939	41944	47056	gene-Peve_00044378	52.85313305	42
Porites_evermani_scaffold_939	49405	55546	gene-Peve_00044379	0.3283763134	201
Porites_evermani_scaffold_939	59038	83497	gene-Peve_00044380	44.96693303	262
Porites_evermani_scaffold_939	85802	89765	gene-Peve_00044381	69.355448	67
Porites_evermani_scaffold_939	93866	97316	gene-Peve_00044382	0.2201646154	117
Porites_evermani_scaffold_939	110470	113389	gene-Peve_00044384	0.2810304426	61
Porites_evermani_scaffold_939	121505	127524	gene-Peve_00044385	0.5128205357	28
Porites_evermani_scaffold_939	130197	130710	gene-Peve_00044387	.	0
Porites_evermani_scaffold_939	139311	140092	gene-Peve_00044386	1.170798864	22
Porites_evermani_scaffold_939	142001	149707	gene-Peve_00044388	44.81822311	46
Porites_evermani_scaffold_939	149911	170708	gene-Peve_00044389	64.11321834	35
Porites_evermani_scaffold_94	199	4995	gene-Peve_00044391	0.8100048	90
Porites_evermani_scaffold_94	10212	10719	gene-Peve_00044407	0	4
Porites_evermani_scaffold_94	15005	15410	gene-Peve_00044416	0	15
Porites_evermani_scaffold_94	20116	31448	gene-Peve_00044428	1.165942802	263
Porites_evermani_scaffold_94	34867	42100	gene-Peve_00044394	44.09158013	76
Porites_evermani_scaffold_94	64552	65096	gene-Peve_00044397	0	9
Porites_evermani_scaffold_94	71582	77943	gene-Peve_00044398	29.36947653	104
Porites_evermani_scaffold_94	89073	111664	gene-Peve_00044399	23.26621837	401
Porites_evermani_scaffold_94	113810	114731	gene-Peve_00044400	0.3830944118	34
Porites_evermani_scaffold_94	115735	124633	gene-Peve_00044401	28.5879679	151
Porites_evermani_scaffold_94	125784	126096	gene-Peve_00044402	0	12
Porites_evermani_scaffold_94	132904	133708	gene-Peve_00044403	94.368132	4
Porites_evermani_scaffold_94	136578	145586	gene-Peve_00044404	0.5659305135	185
Porites_evermani_scaffold_94	137895	139245	gene-Peve_00044405	.	0
Porites_evermani_scaffold_94	146133	149204	gene-Peve_00044406	1.069388662	77
Porites_evermani_scaffold_94	152906	154820	gene-Peve_00044408	1.2916667	10
Porites_evermani_scaffold_94	159562	160470	gene-Peve_00044409	0	4
Porites_evermani_scaffold_94	162981	163390	gene-Peve_00044410	0	8
Porites_evermani_scaffold_94	169060	170706	gene-Peve_00044411	0	8
Porites_evermani_scaffold_94	175361	181192	gene-Peve_00044412	9.090909	1
Porites_evermani_scaffold_94	184275	189029	gene-Peve_00044413	0	35
Porites_evermani_scaffold_94	193928	194420	gene-Peve_00044414	0	17
Porites_evermani_scaffold_94	196218	197490	gene-Peve_00044415	.	0
Porites_evermani_scaffold_94	199875	205326	gene-Peve_00044417	.	0
Porites_evermani_scaffold_94	208604	210365	gene-Peve_00044418	0.499084254	63
Porites_evermani_scaffold_94	213617	214559	gene-Peve_00044419	0.3060736585	41
Porites_evermani_scaffold_94	215658	227070	gene-Peve_00044420	0.6173168943	246
Porites_evermani_scaffold_94	242964	253316	gene-Peve_00044421	0.2599703614	166
Porites_evermani_scaffold_94	261432	262499	gene-Peve_00044422	21.9387755	14
Porites_evermani_scaffold_94	265186	265678	gene-Peve_00044423	0	6
Porites_evermani_scaffold_94	271187	290822	gene-Peve_00044424	0.7701687601	542
Porites_evermani_scaffold_94	278032	280972	gene-Peve_00044427	0.07122507692	78
Porites_evermani_scaffold_94	296704	297444	gene-Peve_00044429	2.026809448	29
Porites_evermani_scaffold_94	306762	309778	gene-Peve_00044431	0.1042461263	95
Porites_evermani_scaffold_94	311037	316335	gene-Peve_00044425	0.7642304062	96
Porites_evermani_scaffold_94	322415	364189	gene-Peve_00044426	0.5269185873	1042
Porites_evermani_scaffold_94	366127	414175	gene-Peve_00044432	0.7247337593	1242
Porites_evermani_scaffold_94	400515	404953	gene-Peve_00044433	2.77692316	50
Porites_evermani_scaffold_94	440681	494047	gene-Peve_00044434	0.5492805554	1489
Porites_evermani_scaffold_94	503187	507202	gene-Peve_00044392	1.135034544	57
Porites_evermani_scaffold_94	532996	536312	gene-Peve_00044393	0.5163705977	87
Porites_evermani_scaffold_940	11856	12240	gene-Peve_00044435	5.584415571	7
Porites_evermani_scaffold_940	13702	28639	gene-Peve_00044438	0.1965812	90
Porites_evermani_scaffold_940	43924	53665	gene-Peve_00044441	1.908996262	61
Porites_evermani_scaffold_940	90307	97090	gene-Peve_00044436	0.5748256039	154
Porites_evermani_scaffold_940	131038	131641	gene-Peve_00044437	11.21212117	6
Porites_evermani_scaffold_940	138299	138902	gene-Peve_00044439	.	0
Porites_evermani_scaffold_940	141929	142304	gene-Peve_00044440	.	0
Porites_evermani_scaffold_941	6200	14034	gene-Peve_00044445	1.038506586	237
Porites_evermani_scaffold_941	19220	23733	gene-Peve_00044456	1.487121163	141
Porites_evermani_scaffold_941	31708	40654	gene-Peve_00044442	34.28801962	117
Porites_evermani_scaffold_941	41396	43053	gene-Peve_00044443	0	30
Porites_evermani_scaffold_941	43453	44782	gene-Peve_00044444	0.3225806452	31
Porites_evermani_scaffold_941	47303	49046	gene-Peve_00044446	0.1275510204	49
Porites_evermani_scaffold_941	52171	54296	gene-Peve_00044447	1.245408636	33
Porites_evermani_scaffold_941	55473	92028	gene-Peve_00044448	13.44009079	301
Porites_evermani_scaffold_941	93439	117914	gene-Peve_00044449	70.7203817	152
Porites_evermani_scaffold_941	119548	126080	gene-Peve_00044450	70.13111268	77
Porites_evermani_scaffold_941	131629	132694	gene-Peve_00044451	0.2564102564	39
Porites_evermani_scaffold_941	143508	150855	gene-Peve_00044452	17.56736671	63
Porites_evermani_scaffold_941	151177	152241	gene-Peve_00044453	.	0
Porites_evermani_scaffold_941	154530	156924	gene-Peve_00044454	.	0
Porites_evermani_scaffold_941	161958	166405	gene-Peve_00044455	.	0
Porites_evermani_scaffold_942	694	19523	gene-Peve_00044462	1.256092379	66
Porites_evermani_scaffold_942	23530	24613	gene-Peve_00044468	0	5
Porites_evermani_scaffold_942	35747	36485	gene-Peve_00044470	17.01461676	17
Porites_evermani_scaffold_942	51936	53043	gene-Peve_00044457	10	2
Porites_evermani_scaffold_942	53750	60773	gene-Peve_00044458	72.05353203	39
Porites_evermani_scaffold_942	65527	67719	gene-Peve_00044459	73.1685525	16
Porites_evermani_scaffold_942	67974	74728	gene-Peve_00044460	7.712700521	73
Porites_evermani_scaffold_942	79110	110573	gene-Peve_00044461	39.49813957	260
Porites_evermani_scaffold_942	110875	116149	gene-Peve_00044463	41.77149777	44
Porites_evermani_scaffold_942	121391	130085	gene-Peve_00044465	38.55870058	45
Porites_evermani_scaffold_942	134552	135350	gene-Peve_00044464	0	5
Porites_evermani_scaffold_942	146722	167067	gene-Peve_00044466	16.54056614	201
Porites_evermani_scaffold_942	169412	170396	gene-Peve_00044469	1.5151515	6
Porites_evermani_scaffold_943	5229	6065	gene-Peve_00044471	4.423077	4
Porites_evermani_scaffold_943	12207	17376	gene-Peve_00044474	67.40450036	14
Porites_evermani_scaffold_943	18529	75619	gene-Peve_00044475	22.93899019	465
Porites_evermani_scaffold_943	95903	97260	gene-Peve_00044476	0	4
Porites_evermani_scaffold_943	136923	140805	gene-Peve_00044473	0.6104651163	43
Porites_evermani_scaffold_943	153388	156130	gene-Peve_00044472	0	7
Porites_evermani_scaffold_944	11608	13507	gene-Peve_00044481	0	2
Porites_evermani_scaffold_944	78425	78974	gene-Peve_00044483	.	0
Porites_evermani_scaffold_944	98645	100124	gene-Peve_00044484	3.732297967	30
Porites_evermani_scaffold_944	109759	120114	gene-Peve_00044485	0.25	80
Porites_evermani_scaffold_944	122936	129073	gene-Peve_00044477	.	0
Porites_evermani_scaffold_944	139069	151345	gene-Peve_00044478	0.1807261429	112
Porites_evermani_scaffold_944	151365	152852	gene-Peve_00044479	0	22
Porites_evermani_scaffold_944	162192	162792	gene-Peve_00044480	90.909091	2
Porites_evermani_scaffold_944	167911	170158	gene-Peve_00044482	0	4
Porites_evermani_scaffold_945	150	3016	gene-Peve_00044486	0.1086956522	92
Porites_evermani_scaffold_945	12562	20728	gene-Peve_00044494	0.5185526302	192
Porites_evermani_scaffold_945	33878	44471	gene-Peve_00044495	1.282720167	275
Porites_evermani_scaffold_945	44691	54856	gene-Peve_00044496	13.16730824	192
Porites_evermani_scaffold_945	59496	59799	gene-Peve_00044497	0	3
Porites_evermani_scaffold_945	65500	95065	gene-Peve_00044498	1.477466834	826
Porites_evermani_scaffold_945	98208	113774	gene-Peve_00044487	9.135744714	384
Porites_evermani_scaffold_945	101518	102040	gene-Peve_00044488	54.00338786	7
Porites_evermani_scaffold_945	142415	143136	gene-Peve_00044491	9.090909	1
Porites_evermani_scaffold_945	146699	146939	gene-Peve_00044492	8.88361625	8
Porites_evermani_scaffold_945	148028	149931	gene-Peve_00044493	0.7279716333	60
Porites_evermani_scaffold_946	11875	17852	gene-Peve_00044503	0.09285714167	120
Porites_evermani_scaffold_946	44999	60735	gene-Peve_00044504	0.1668618251	183
Porites_evermani_scaffold_946	72256	83269	gene-Peve_00044506	24.65667987	67
Porites_evermani_scaffold_946	88510	92862	gene-Peve_00044507	39.1642965	40
Porites_evermani_scaffold_946	104657	105989	gene-Peve_00044499	.	0
Porites_evermani_scaffold_946	109414	110146	gene-Peve_00044500	1.563196313	32
Porites_evermani_scaffold_946	115431	122675	gene-Peve_00044501	12.17791855	29
Porites_evermani_scaffold_946	123024	146594	gene-Peve_00044502	46.34534871	258
Porites_evermani_scaffold_946	161863	168641	gene-Peve_00044505	1.023058379	132
Porites_evermani_scaffold_947	125	1349	gene-Peve_00044508	.	0
Porites_evermani_scaffold_947	7080	7265	gene-Peve_00044516	15	1
Porites_evermani_scaffold_947	9032	17536	gene-Peve_00044517	.	0
Porites_evermani_scaffold_947	39533	40316	gene-Peve_00044509	0	1
Porites_evermani_scaffold_947	48214	50711	gene-Peve_00044511	0	6
Porites_evermani_scaffold_947	72911	75994	gene-Peve_00044512	0	93
Porites_evermani_scaffold_947	128592	139960	gene-Peve_00044514	0	41
Porites_evermani_scaffold_947	141545	170106	gene-Peve_00044515	2.3834325	24
Porites_evermani_scaffold_948	5005	12226	gene-Peve_00044518	69.61423627	117
Porites_evermani_scaffold_948	16966	17278	gene-Peve_00044528	0	11
Porites_evermani_scaffold_948	20344	23082	gene-Peve_00044530	59.24565018	40
Porites_evermani_scaffold_948	23297	27895	gene-Peve_00044529	59.10256417	6
Porites_evermani_scaffold_948	30665	39136	gene-Peve_00044519	57.17595375	55
Porites_evermani_scaffold_948	39240	58125	gene-Peve_00044520	9.950414076	171
Porites_evermani_scaffold_948	58785	62727	gene-Peve_00044521	0.528255527	74
Porites_evermani_scaffold_948	65922	70730	gene-Peve_00044522	2.107574322	90
Porites_evermani_scaffold_948	73623	84239	gene-Peve_00044523	16.21579102	49
Porites_evermani_scaffold_948	87280	106901	gene-Peve_00044525	4.496077681	310
Porites_evermani_scaffold_948	108810	120521	gene-Peve_00044524	38.72573371	141
Porites_evermani_scaffold_948	122918	125718	gene-Peve_00044527	43.58358358	19
Porites_evermani_scaffold_948	145526	170180	gene-Peve_00044526	29.52497071	343
Porites_evermani_scaffold_949	9125	9836	gene-Peve_00044531	.	0
Porites_evermani_scaffold_949	12678	12987	gene-Peve_00044534	.	0
Porites_evermani_scaffold_949	22124	113329	gene-Peve_00044540	3.715239252	662
Porites_evermani_scaffold_949	28884	32037	gene-Peve_00044542	0	23
Porites_evermani_scaffold_949	75602	77580	gene-Peve_00044533	0.8333333333	12
Porites_evermani_scaffold_949	101400	103460	gene-Peve_00044535	0	5
Porites_evermani_scaffold_949	103853	107406	gene-Peve_00044536	0	15
Porites_evermani_scaffold_949	121218	122423	gene-Peve_00044541	0	5
Porites_evermani_scaffold_949	128484	132760	gene-Peve_00044539	0.4901960588	17
Porites_evermani_scaffold_949	139816	140119	gene-Peve_00044538	.	0
Porites_evermani_scaffold_95	3614	5084	gene-Peve_00044547	76.7857145	2
Porites_evermani_scaffold_95	8078	19040	gene-Peve_00044559	0	1
Porites_evermani_scaffold_95	20571	79786	gene-Peve_00044567	2.688172032	31
Porites_evermani_scaffold_95	87895	104452	gene-Peve_00044544	20.61272304	167
Porites_evermani_scaffold_95	120248	147568	gene-Peve_00044546	46.96955393	318
Porites_evermani_scaffold_95	151686	155110	gene-Peve_00044548	12.3512044	15
Porites_evermani_scaffold_95	155795	159829	gene-Peve_00044549	0.5414176491	57
Porites_evermani_scaffold_95	186875	187564	gene-Peve_00044550	.	0
Porites_evermani_scaffold_95	194150	202334	gene-Peve_00044551	2.368797906	32
Porites_evermani_scaffold_95	205004	214435	gene-Peve_00044552	0.0826446281	121
Porites_evermani_scaffold_95	223928	229602	gene-Peve_00044554	0.3839297949	39
Porites_evermani_scaffold_95	236141	237800	gene-Peve_00044555	.	0
Porites_evermani_scaffold_95	238303	250718	gene-Peve_00044553	0	2
Porites_evermani_scaffold_95	253212	258080	gene-Peve_00044557	1.7299964	35
Porites_evermani_scaffold_95	260796	268336	gene-Peve_00044556	4.151412483	201
Porites_evermani_scaffold_95	270911	277052	gene-Peve_00044558	0	17
Porites_evermani_scaffold_95	286717	301610	gene-Peve_00044560	1.396617288	198
Porites_evermani_scaffold_95	309400	313585	gene-Peve_00044561	.	0
Porites_evermani_scaffold_95	314521	314845	gene-Peve_00044562	.	0
Porites_evermani_scaffold_95	317774	324955	gene-Peve_00044563	0	94
Porites_evermani_scaffold_95	331535	347324	gene-Peve_00044564	4.947034845	386
Porites_evermani_scaffold_95	351985	354728	gene-Peve_00044565	0.2016129032	31
Porites_evermani_scaffold_95	357303	392409	gene-Peve_00044566	7.971175745	542
Porites_evermani_scaffold_95	401169	403660	gene-Peve_00044568	0.4497354444	63
Porites_evermani_scaffold_95	411639	412519	gene-Peve_00044569	0.4	25
Porites_evermani_scaffold_95	424957	430111	gene-Peve_00044570	0.7342393977	176
Porites_evermani_scaffold_95	433008	437086	gene-Peve_00044571	0.4345607045	88
Porites_evermani_scaffold_95	442950	448407	gene-Peve_00044573	60.01587873	70
Porites_evermani_scaffold_95	448485	452552	gene-Peve_00044574	0.5471859065	107
Porites_evermani_scaffold_95	454280	456932	gene-Peve_00044575	6.586296404	57
Porites_evermani_scaffold_95	459004	483254	gene-Peve_00044576	28.59853596	224
Porites_evermani_scaffold_95	483441	489623	gene-Peve_00044577	54.80807155	73
Porites_evermani_scaffold_95	496634	497003	gene-Peve_00044578	.	0
Porites_evermani_scaffold_95	506856	507312	gene-Peve_00044579	.	0
Porites_evermani_scaffold_95	510534	525076	gene-Peve_00044580	59.67954461	41
Porites_evermani_scaffold_95	525145	531592	gene-Peve_00044581	56.95095145	67
Porites_evermani_scaffold_95	533896	540566	gene-Peve_00044543	83.27851982	57
Porites_evermani_scaffold_950	22315	53106	gene-Peve_00044590	44.61660006	161
Porites_evermani_scaffold_950	66518	79362	gene-Peve_00044582	18.73073742	264
Porites_evermani_scaffold_950	90700	92023	gene-Peve_00044583	0	5
Porites_evermani_scaffold_950	94771	118278	gene-Peve_00044584	28.19530363	126
Porites_evermani_scaffold_950	118418	119201	gene-Peve_00044585	0.6535947647	17
Porites_evermani_scaffold_950	124832	130125	gene-Peve_00044586	.	0
Porites_evermani_scaffold_950	133113	134631	gene-Peve_00044587	0.332225907	43
Porites_evermani_scaffold_950	134676	138542	gene-Peve_00044588	0.3561670492	61
Porites_evermani_scaffold_950	146752	148112	gene-Peve_00044589	.	0
Porites_evermani_scaffold_950	151917	156737	gene-Peve_00044592	0.7453416087	23
Porites_evermani_scaffold_950	164710	167567	gene-Peve_00044591	5.39772725	16
Porites_evermani_scaffold_951	875	5654	gene-Peve_00044595	37.66663261	44
Porites_evermani_scaffold_951	10380	12085	gene-Peve_00044605	0.3389830508	59
Porites_evermani_scaffold_951	51011	53815	gene-Peve_00044594	57.85047438	26
Porites_evermani_scaffold_951	54311	57753	gene-Peve_00044596	41.26999261	33
Porites_evermani_scaffold_951	59266	64503	gene-Peve_00044597	1.234051035	114
Porites_evermani_scaffold_951	73784	75404	gene-Peve_00044598	0	38
Porites_evermani_scaffold_951	83052	85626	gene-Peve_00044599	0.861094	89
Porites_evermani_scaffold_951	93230	97643	gene-Peve_00044600	0.2571996983	116
Porites_evermani_scaffold_951	100686	109095	gene-Peve_00044601	19.30872877	94
Porites_evermani_scaffold_951	109223	112335	gene-Peve_00044602	30.4414551	29
Porites_evermani_scaffold_951	116967	123125	gene-Peve_00044603	0.6672276329	79
Porites_evermani_scaffold_951	133683	140135	gene-Peve_00044604	75.06993008	13
Porites_evermani_scaffold_951	142379	152000	gene-Peve_00044606	6.127508857	77
Porites_evermani_scaffold_951	153139	157256	gene-Peve_00044607	8.974359	12
Porites_evermani_scaffold_951	158536	169937	gene-Peve_00044608	7.027945227	75
Porites_evermani_scaffold_952	8520	14040	gene-Peve_00044619	.	0
Porites_evermani_scaffold_952	48977	51147	gene-Peve_00044609	0	12
Porites_evermani_scaffold_952	60983	61816	gene-Peve_00044610	.	0
Porites_evermani_scaffold_952	72361	96359	gene-Peve_00044611	17.79884374	27
Porites_evermani_scaffold_952	111757	112684	gene-Peve_00044612	.	0
Porites_evermani_scaffold_952	114846	117735	gene-Peve_00044613	17.58008653	15
Porites_evermani_scaffold_952	130331	138771	gene-Peve_00044614	19.230769	2
Porites_evermani_scaffold_952	149340	151189	gene-Peve_00044615	0.7575757727	22
Porites_evermani_scaffold_952	162502	163630	gene-Peve_00044616	.	0
Porites_evermani_scaffold_952	165267	166292	gene-Peve_00044617	0.6117725	18
Porites_evermani_scaffold_952	167307	168804	gene-Peve_00044618	0	4
Porites_evermani_scaffold_953	2363	3310	gene-Peve_00044621	.	0
Porites_evermani_scaffold_953	6423	7587	gene-Peve_00044626	0	23
Porites_evermani_scaffold_953	11419	11878	gene-Peve_00044635	.	0
Porites_evermani_scaffold_953	24917	25886	gene-Peve_00044636	0	3
Porites_evermani_scaffold_953	33665	34679	gene-Peve_00044622	0	3
Porites_evermani_scaffold_953	37372	38044	gene-Peve_00044624	.	0
Porites_evermani_scaffold_953	74341	93842	gene-Peve_00044625	45.58536693	14
Porites_evermani_scaffold_953	105496	113712	gene-Peve_00044627	3.987227903	72
Porites_evermani_scaffold_953	120256	120916	gene-Peve_00044628	0	24
Porites_evermani_scaffold_953	125542	127392	gene-Peve_00044629	0.7640369552	67
Porites_evermani_scaffold_953	128288	129349	gene-Peve_00044630	0.6587301667	30
Porites_evermani_scaffold_953	135262	135826	gene-Peve_00044631	.	0
Porites_evermani_scaffold_953	142401	143484	gene-Peve_00044632	0.265252	29
Porites_evermani_scaffold_953	146886	147941	gene-Peve_00044633	0	14
Porites_evermani_scaffold_953	159399	166145	gene-Peve_00044634	1.827933517	203
Porites_evermani_scaffold_954	12603	23096	gene-Peve_00044637	0.2936454829	234
Porites_evermani_scaffold_954	40756	41127	gene-Peve_00044638	0	2
Porites_evermani_scaffold_954	50045	62840	gene-Peve_00044642	0.3602058302	53
Porites_evermani_scaffold_954	65898	68465	gene-Peve_00044643	0	7
Porites_evermani_scaffold_954	71560	82805	gene-Peve_00044641	3.293978727	11
Porites_evermani_scaffold_954	85145	107540	gene-Peve_00044644	40	5
Porites_evermani_scaffold_954	122075	124812	gene-Peve_00044645	.	0
Porites_evermani_scaffold_954	130015	165660	gene-Peve_00044646	0.9770252784	643
Porites_evermani_scaffold_955	15928	22151	gene-Peve_00044662	35.27283134	61
Porites_evermani_scaffold_955	23783	34945	gene-Peve_00044663	10.03579653	194
Porites_evermani_scaffold_955	35190	46706	gene-Peve_00044650	6.773519429	161
Porites_evermani_scaffold_955	47793	53436	gene-Peve_00044651	0.2057776	95
Porites_evermani_scaffold_955	53395	53809	gene-Peve_00044652	.	0
Porites_evermani_scaffold_955	61855	67921	gene-Peve_00044653	0	41
Porites_evermani_scaffold_955	71256	71628	gene-Peve_00044654	0	6
Porites_evermani_scaffold_955	77541	88796	gene-Peve_00044655	33.81911313	241
Porites_evermani_scaffold_955	92436	93234	gene-Peve_00044656	0.6108597308	26
Porites_evermani_scaffold_955	93925	96148	gene-Peve_00044657	0.4642857143	35
Porites_evermani_scaffold_955	99664	104442	gene-Peve_00044658	0	37
Porites_evermani_scaffold_955	119200	119716	gene-Peve_00044660	0.35714285	20
Porites_evermani_scaffold_955	124550	125750	gene-Peve_00044661	0.1219512195	41
Porites_evermani_scaffold_956	117	16276	gene-Peve_00044664	0.2114349059	287
Porites_evermani_scaffold_956	27400	59593	gene-Peve_00044666	0.5310221821	714
Porites_evermani_scaffold_956	60288	60675	gene-Peve_00044668	.	0
Porites_evermani_scaffold_956	60966	61575	gene-Peve_00044669	.	0
Porites_evermani_scaffold_956	61890	62445	gene-Peve_00044670	.	0
Porites_evermani_scaffold_956	68324	69887	gene-Peve_00044667	0.8963026923	52
Porites_evermani_scaffold_956	75345	75930	gene-Peve_00044671	0	5
Porites_evermani_scaffold_956	91448	165462	gene-Peve_00044665	0.3969389375	1663
Porites_evermani_scaffold_957	873	39140	gene-Peve_00044672	42.54811416	704
Porites_evermani_scaffold_957	4306	6158	gene-Peve_00044678	8.077173073	41
Porites_evermani_scaffold_957	45102	53229	gene-Peve_00044673	0.5880992294	170
Porites_evermani_scaffold_957	65437	66706	gene-Peve_00044674	2.502225833	24
Porites_evermani_scaffold_957	75850	76757	gene-Peve_00044675	1.453001029	34
Porites_evermani_scaffold_957	85525	92519	gene-Peve_00044677	0.7109116412	170
Porites_evermani_scaffold_957	97642	107527	gene-Peve_00044676	12.09782747	250
Porites_evermani_scaffold_957	110248	116748	gene-Peve_00044679	62.6933817	100
Porites_evermani_scaffold_957	119318	125142	gene-Peve_00044680	1.454240918	194
Porites_evermani_scaffold_957	129855	138047	gene-Peve_00044681	0.169204736	197
Porites_evermani_scaffold_957	145379	146328	gene-Peve_00044682	1.766297455	22
Porites_evermani_scaffold_957	150185	150921	gene-Peve_00044683	.	0
Porites_evermani_scaffold_957	165003	165423	gene-Peve_00044684	0	8
Porites_evermani_scaffold_958	7670	11598	gene-Peve_00044685	55.13293429	68
Porites_evermani_scaffold_958	14346	15144	gene-Peve_00044693	4.924242409	22
Porites_evermani_scaffold_958	15559	35316	gene-Peve_00044695	1.927683898	177
Porites_evermani_scaffold_958	39051	45911	gene-Peve_00044699	0	85
Porites_evermani_scaffold_958	52236	52603	gene-Peve_00044687	0	7
Porites_evermani_scaffold_958	52785	53454	gene-Peve_00044688	0.7073018947	19
Porites_evermani_scaffold_958	62781	67118	gene-Peve_00044686	0.4201680588	17
Porites_evermani_scaffold_958	80438	80900	gene-Peve_00044689	0	7
Porites_evermani_scaffold_958	84796	86163	gene-Peve_00044692	0	35
Porites_evermani_scaffold_958	86358	92762	gene-Peve_00044690	0.2220402252	111
Porites_evermani_scaffold_958	103749	105321	gene-Peve_00044691	0.97364295	40
Porites_evermani_scaffold_958	111852	116612	gene-Peve_00044694	0.6733432569	109
Porites_evermani_scaffold_958	123414	123867	gene-Peve_00044696	.	0
Porites_evermani_scaffold_958	130109	144229	gene-Peve_00044697	23.53042202	158
Porites_evermani_scaffold_958	152419	169479	gene-Peve_00044698	8.480075967	275
Porites_evermani_scaffold_959	3328	9367	gene-Peve_00044700	35.63231975	36
Porites_evermani_scaffold_959	25456	57744	gene-Peve_00044704	28.53112193	555
Porites_evermani_scaffold_959	61466	74703	gene-Peve_00044705	18.90229367	229
Porites_evermani_scaffold_959	110430	127373	gene-Peve_00044702	0.3379364784	370
Porites_evermani_scaffold_959	148737	166329	gene-Peve_00044703	0.6193049394	66
Porites_evermani_scaffold_96	1113	4005	gene-Peve_00044706	0	62
Porites_evermani_scaffold_96	11606	12396	gene-Peve_00044731	0.5385487857	28
Porites_evermani_scaffold_96	62274	62880	gene-Peve_00044719	0	14
Porites_evermani_scaffold_96	64808	67162	gene-Peve_00044720	0.1685823833	60
Porites_evermani_scaffold_96	121184	123174	gene-Peve_00044721	1.965481849	53
Porites_evermani_scaffold_96	149657	150092	gene-Peve_00044723	0.3460207647	17
Porites_evermani_scaffold_96	153177	162084	gene-Peve_00044724	1.539775132	144
Porites_evermani_scaffold_96	164393	196551	gene-Peve_00044725	0.5833407352	506
Porites_evermani_scaffold_96	209417	210746	gene-Peve_00044726	0.2551020357	28
Porites_evermani_scaffold_96	214792	217888	gene-Peve_00044727	0.4672233684	76
Porites_evermani_scaffold_96	229875	230994	gene-Peve_00044728	.	0
Porites_evermani_scaffold_96	233680	234799	gene-Peve_00044729	.	0
Porites_evermani_scaffold_96	253429	254905	gene-Peve_00044730	1.804567982	57
Porites_evermani_scaffold_96	266127	266475	gene-Peve_00044732	.	0
Porites_evermani_scaffold_96	273357	281972	gene-Peve_00044733	38.04358113	87
Porites_evermani_scaffold_96	284817	297601	gene-Peve_00044734	75.96194636	129
Porites_evermani_scaffold_96	297672	313562	gene-Peve_00044735	40.20195469	232
Porites_evermani_scaffold_96	317064	317607	gene-Peve_00044737	1.122602905	21
Porites_evermani_scaffold_96	323192	324095	gene-Peve_00044738	0	27
Porites_evermani_scaffold_96	332105	332913	gene-Peve_00044740	0	24
Porites_evermani_scaffold_96	334292	335299	gene-Peve_00044741	0.641025625	24
Porites_evermani_scaffold_96	336170	336746	gene-Peve_00044742	0	22
Porites_evermani_scaffold_96	341287	387430	gene-Peve_00044743	14.92440046	1153
Porites_evermani_scaffold_96	357478	358011	gene-Peve_00044745	0	7
Porites_evermani_scaffold_96	404210	417144	gene-Peve_00044707	82.69436622	185
Porites_evermani_scaffold_96	427706	429121	gene-Peve_00044710	0.1984127083	24
Porites_evermani_scaffold_96	429787	460176	gene-Peve_00044711	41.64932455	518
Porites_evermani_scaffold_96	464833	475803	gene-Peve_00044712	0.9653987032	310
Porites_evermani_scaffold_96	488222	503046	gene-Peve_00044713	26.07352266	278
Porites_evermani_scaffold_96	503131	504559	gene-Peve_00044714	5.413105407	27
Porites_evermani_scaffold_96	507072	508740	gene-Peve_00044716	1.121212091	55
Porites_evermani_scaffold_96	509167	510184	gene-Peve_00044715	0	27
Porites_evermani_scaffold_96	510595	511193	gene-Peve_00044717	0.5050505	18
Porites_evermani_scaffold_96	515625	535995	gene-Peve_00044718	0.9937414165	581
Porites_evermani_scaffold_960	5877	7102	gene-Peve_00044759	0	1
Porites_evermani_scaffold_960	8694	10637	gene-Peve_00044760	0	47
Porites_evermani_scaffold_960	19999	25196	gene-Peve_00044748	0.6475272362	127
Porites_evermani_scaffold_960	28825	49241	gene-Peve_00044749	0.3988386379	406
Porites_evermani_scaffold_960	49585	67216	gene-Peve_00044750	15.47910232	372
Porites_evermani_scaffold_960	69377	78453	gene-Peve_00044751	0.2064312717	173
Porites_evermani_scaffold_960	85602	86673	gene-Peve_00044753	0	32
Porites_evermani_scaffold_960	90212	105635	gene-Peve_00044754	2.407212535	314
Porites_evermani_scaffold_960	131257	131866	gene-Peve_00044755	0.45454545	20
Porites_evermani_scaffold_960	146297	151560	gene-Peve_00044756	22.18524747	49
Porites_evermani_scaffold_960	158728	166291	gene-Peve_00044757	0.3320617815	151
Porites_evermani_scaffold_961	15865	27893	gene-Peve_00044761	0.424306599	192
Porites_evermani_scaffold_961	28183	33782	gene-Peve_00044766	.	0
Porites_evermani_scaffold_961	35847	42467	gene-Peve_00044773	0	5
Porites_evermani_scaffold_961	46572	51626	gene-Peve_00044774	0	8
Porites_evermani_scaffold_961	57204	61582	gene-Peve_00044775	0.8333333333	12
Porites_evermani_scaffold_961	77758	80739	gene-Peve_00044762	0.2947675278	72
Porites_evermani_scaffold_961	92857	106362	gene-Peve_00044763	0.255340197	198
Porites_evermani_scaffold_961	109506	115454	gene-Peve_00044764	6.359071203	74
Porites_evermani_scaffold_961	114039	114316	gene-Peve_00044765	.	0
Porites_evermani_scaffold_961	120941	121256	gene-Peve_00044767	0	2
Porites_evermani_scaffold_961	130561	131971	gene-Peve_00044768	.	0
Porites_evermani_scaffold_961	132752	136016	gene-Peve_00044769	0	7
Porites_evermani_scaffold_961	141858	143807	gene-Peve_00044770	26.53045814	22
Porites_evermani_scaffold_961	143936	149762	gene-Peve_00044771	53.28929491	46
Porites_evermani_scaffold_961	152103	169087	gene-Peve_00044772	25.20191875	229
Porites_evermani_scaffold_962	3644	4715	gene-Peve_00044776	.	0
Porites_evermani_scaffold_962	9612	16590	gene-Peve_00044781	1.325145412	17
Porites_evermani_scaffold_962	16682	43376	gene-Peve_00044783	0.3138528182	44
Porites_evermani_scaffold_962	44654	47982	gene-Peve_00044787	79.41098043	23
Porites_evermani_scaffold_962	50107	67213	gene-Peve_00044788	45.76725233	40
Porites_evermani_scaffold_962	73227	74858	gene-Peve_00044789	0.1041666719	64
Porites_evermani_scaffold_962	79506	93288	gene-Peve_00044779	35.21178985	151
Porites_evermani_scaffold_962	95362	99308	gene-Peve_00044780	0.8705693401	147
Porites_evermani_scaffold_962	101279	109590	gene-Peve_00044782	36.45487109	77
Porites_evermani_scaffold_962	115724	127573	gene-Peve_00044784	5.1492976	170
Porites_evermani_scaffold_962	131141	133442	gene-Peve_00044785	81.818182	1
Porites_evermani_scaffold_962	144452	167985	gene-Peve_00044786	45.13423348	168
Porites_evermani_scaffold_963	18448	33626	gene-Peve_00044798	3.728376167	90
Porites_evermani_scaffold_963	45928	66754	gene-Peve_00044803	1.647068126	111
Porites_evermani_scaffold_963	76462	99691	gene-Peve_00044790	0.5473085911	428
Porites_evermani_scaffold_963	108846	109380	gene-Peve_00044792	0	1
Porites_evermani_scaffold_963	118810	119557	gene-Peve_00044793	.	0
Porites_evermani_scaffold_963	119888	124754	gene-Peve_00044794	6.055707687	16
Porites_evermani_scaffold_963	124589	124943	gene-Peve_00044795	0	2
Porites_evermani_scaffold_963	129310	130869	gene-Peve_00044797	2.273391842	19
Porites_evermani_scaffold_963	132946	134172	gene-Peve_00044800	.	0
Porites_evermani_scaffold_963	138979	145039	gene-Peve_00044802	1.12794457	86
Porites_evermani_scaffold_964	28557	32933	gene-Peve_00044807	.	0
Porites_evermani_scaffold_964	41501	42191	gene-Peve_00044810	.	0
Porites_evermani_scaffold_964	42976	44388	gene-Peve_00044815	.	0
Porites_evermani_scaffold_964	62389	99550	gene-Peve_00044804	14.16904601	210
Porites_evermani_scaffold_964	82972	84055	gene-Peve_00044805	.	0
Porites_evermani_scaffold_964	118413	120392	gene-Peve_00044808	58.96501788	8
Porites_evermani_scaffold_964	120765	125415	gene-Peve_00044809	22.52884372	25
Porites_evermani_scaffold_964	129639	130122	gene-Peve_00044811	97.361111	7
Porites_evermani_scaffold_964	130437	132195	gene-Peve_00044812	94.29697235	17
Porites_evermani_scaffold_964	142794	143589	gene-Peve_00044816	0	7
Porites_evermani_scaffold_964	143656	144079	gene-Peve_00044817	.	0
Porites_evermani_scaffold_964	164882	165431	gene-Peve_00044818	0	1
Porites_evermani_scaffold_964	167129	167598	gene-Peve_00044819	.	0
Porites_evermani_scaffold_965	6	1747	gene-Peve_00044820	0	22
Porites_evermani_scaffold_965	8460	24572	gene-Peve_00044827	1.490022514	210
Porites_evermani_scaffold_965	35258	48005	gene-Peve_00044828	0.6358977797	227
Porites_evermani_scaffold_965	52402	66316	gene-Peve_00044829	0.8617349734	376
Porites_evermani_scaffold_965	79112	82792	gene-Peve_00044821	0.2201964712	104
Porites_evermani_scaffold_965	95618	97625	gene-Peve_00044822	1.193157459	37
Porites_evermani_scaffold_965	104003	105351	gene-Peve_00044823	.	0
Porites_evermani_scaffold_965	107377	137981	gene-Peve_00044824	25.9101911	243
Porites_evermani_scaffold_965	145039	146594	gene-Peve_00044825	0.3446115263	38
Porites_evermani_scaffold_965	157802	159400	gene-Peve_00044826	0	32
Porites_evermani_scaffold_966	202	4203	gene-Peve_00044830	.	0
Porites_evermani_scaffold_966	5927	8817	gene-Peve_00044837	.	0
Porites_evermani_scaffold_966	9840	24354	gene-Peve_00044838	6.948051929	14
Porites_evermani_scaffold_966	28353	38387	gene-Peve_00044839	3.32424811	91
Porites_evermani_scaffold_966	41052	43414	gene-Peve_00044831	.	0
Porites_evermani_scaffold_966	50074	54402	gene-Peve_00044832	0.1956441473	129
Porites_evermani_scaffold_966	57013	96531	gene-Peve_00044833	3.602432367	763
Porites_evermani_scaffold_966	97093	121781	gene-Peve_00044834	41.90047608	358
Porites_evermani_scaffold_966	140783	146247	gene-Peve_00044835	0	21
Porites_evermani_scaffold_966	156841	158428	gene-Peve_00044836	0.1366120164	61
Porites_evermani_scaffold_967	44875	45349	gene-Peve_00044844	.	0
Porites_evermani_scaffold_967	128345	129274	gene-Peve_00044840	0.7142857083	24
Porites_evermani_scaffold_967	149848	157019	gene-Peve_00044841	54.07144082	99
Porites_evermani_scaffold_967	157069	160496	gene-Peve_00044842	45.3020644	35
Porites_evermani_scaffold_967	164728	166426	gene-Peve_00044843	0.3634085263	38
Porites_evermani_scaffold_968	17651	18418	gene-Peve_00044846	.	0
Porites_evermani_scaffold_968	21308	22075	gene-Peve_00044848	.	0
Porites_evermani_scaffold_968	29813	30611	gene-Peve_00044847	.	0
Porites_evermani_scaffold_968	34684	39271	gene-Peve_00044849	.	0
Porites_evermani_scaffold_968	43021	46612	gene-Peve_00044850	.	0
Porites_evermani_scaffold_968	47996	52396	gene-Peve_00044852	.	0
Porites_evermani_scaffold_968	57107	58586	gene-Peve_00044854	.	0
Porites_evermani_scaffold_968	64972	65383	gene-Peve_00044855	.	0
Porites_evermani_scaffold_968	76229	77918	gene-Peve_00044856	.	0
Porites_evermani_scaffold_968	79638	84846	gene-Peve_00044857	3.29897185	20
Porites_evermani_scaffold_968	88494	89614	gene-Peve_00044858	.	0
Porites_evermani_scaffold_968	92146	94460	gene-Peve_00044859	88.888889	6
Porites_evermani_scaffold_968	107137	107818	gene-Peve_00044863	.	0
Porites_evermani_scaffold_968	108616	109413	gene-Peve_00044862	.	0
Porites_evermani_scaffold_968	109722	110038	gene-Peve_00044864	.	0
Porites_evermani_scaffold_968	115390	116364	gene-Peve_00044865	0	4
Porites_evermani_scaffold_968	123042	138067	gene-Peve_00044866	30.42578055	55
Porites_evermani_scaffold_968	140677	145902	gene-Peve_00044867	2.27272725	4
Porites_evermani_scaffold_968	148472	149665	gene-Peve_00044868	.	0
Porites_evermani_scaffold_968	152891	153455	gene-Peve_00044869	.	0
Porites_evermani_scaffold_968	153992	154625	gene-Peve_00044870	0	2
Porites_evermani_scaffold_968	163061	164149	gene-Peve_00044871	.	0
Porites_evermani_scaffold_968	164899	166505	gene-Peve_00044872	.	0
Porites_evermani_scaffold_969	2703	7653	gene-Peve_00044873	0.4922839556	90
Porites_evermani_scaffold_969	21090	23470	gene-Peve_00044883	0	6
Porites_evermani_scaffold_969	48646	49093	gene-Peve_00044874	.	0
Porites_evermani_scaffold_969	63735	64387	gene-Peve_00044875	0	1
Porites_evermani_scaffold_969	65933	66704	gene-Peve_00044876	0	8
Porites_evermani_scaffold_969	68216	69230	gene-Peve_00044877	.	0
Porites_evermani_scaffold_969	72540	74024	gene-Peve_00044878	0	9
Porites_evermani_scaffold_969	86931	89510	gene-Peve_00044879	0.1451378868	53
Porites_evermani_scaffold_969	92421	93747	gene-Peve_00044880	0.9676870857	35
Porites_evermani_scaffold_969	96876	97683	gene-Peve_00044881	0.598290625	24
Porites_evermani_scaffold_969	112832	126924	gene-Peve_00044882	0.1977487349	166
Porites_evermani_scaffold_969	147227	147761	gene-Peve_00044884	8.880281067	15
Porites_evermani_scaffold_969	153143	155875	gene-Peve_00044885	0.9022795325	77
Porites_evermani_scaffold_969	162083	165605	gene-Peve_00044886	.	0
Porites_evermani_scaffold_97	1439	17552	gene-Peve_00044890	67.76700803	201
Porites_evermani_scaffold_97	20271	20955	gene-Peve_00044909	0.2403846154	26
Porites_evermani_scaffold_97	30380	32136	gene-Peve_00044928	0.7018716591	44
Porites_evermani_scaffold_97	42873	45570	gene-Peve_00044905	0.05797101333	75
Porites_evermani_scaffold_97	78606	80697	gene-Peve_00044910	.	0
Porites_evermani_scaffold_97	84459	93583	gene-Peve_00044911	0.4099834186	86
Porites_evermani_scaffold_97	98923	100972	gene-Peve_00044913	45	2
Porites_evermani_scaffold_97	102840	112941	gene-Peve_00044914	0.1780626778	90
Porites_evermani_scaffold_97	114652	134016	gene-Peve_00044915	0.8257516759	435
Porites_evermani_scaffold_97	137485	147836	gene-Peve_00044916	0.7184312358	246
Porites_evermani_scaffold_97	162942	163707	gene-Peve_00044918	0	13
Porites_evermani_scaffold_97	171657	223729	gene-Peve_00044919	1.579528341	854
Porites_evermani_scaffold_97	186247	187513	gene-Peve_00044920	0.36363636	25
Porites_evermani_scaffold_97	209623	210454	gene-Peve_00044922	2.87464864	25
Porites_evermani_scaffold_97	232906	237905	gene-Peve_00044923	3.604249403	62
Porites_evermani_scaffold_97	233098	234668	gene-Peve_00044924	4.348307556	36
Porites_evermani_scaffold_97	243852	244618	gene-Peve_00044926	0.625	16
Porites_evermani_scaffold_97	249555	258639	gene-Peve_00044927	0.6483780981	214
Porites_evermani_scaffold_97	264556	269924	gene-Peve_00044929	0.2370823667	120
Porites_evermani_scaffold_97	271917	275741	gene-Peve_00044930	0.1831501905	21
Porites_evermani_scaffold_97	287214	291953	gene-Peve_00044931	.	0
Porites_evermani_scaffold_97	300541	301132	gene-Peve_00044932	.	0
Porites_evermani_scaffold_97	313692	326705	gene-Peve_00044933	27.04702428	207
Porites_evermani_scaffold_97	330579	336821	gene-Peve_00044935	0.4254488689	61
Porites_evermani_scaffold_97	337168	342851	gene-Peve_00044934	0	1
Porites_evermani_scaffold_97	342988	345048	gene-Peve_00044891	0	27
Porites_evermani_scaffold_97	361227	384587	gene-Peve_00044893	12.16263391	276
Porites_evermani_scaffold_97	386135	388963	gene-Peve_00044894	42.39518679	33
Porites_evermani_scaffold_97	392089	392902	gene-Peve_00044895	0.4651860714	28
Porites_evermani_scaffold_97	399680	401915	gene-Peve_00044896	0	61
Porites_evermani_scaffold_97	405190	414023	gene-Peve_00044897	19.10582795	87
Porites_evermani_scaffold_97	414197	433163	gene-Peve_00044898	5.446200975	473
Porites_evermani_scaffold_97	440362	447680	gene-Peve_00044899	0.2840909062	32
Porites_evermani_scaffold_97	466319	478239	gene-Peve_00044901	0.9005557527	275
Porites_evermani_scaffold_97	485483	502101	gene-Peve_00044902	0.6888116767	331
Porites_evermani_scaffold_97	512705	513374	gene-Peve_00044903	0	24
Porites_evermani_scaffold_97	513436	513763	gene-Peve_00044904	0	7
Porites_evermani_scaffold_97	514228	515236	gene-Peve_00044906	0.5294857442	43
Porites_evermani_scaffold_97	517898	524367	gene-Peve_00044907	0.3035925065	77
Porites_evermani_scaffold_97	532762	533277	gene-Peve_00044908	0	2
Porites_evermani_scaffold_970	4525	14991	gene-Peve_00044936	13.70514593	179
Porites_evermani_scaffold_970	20469	31260	gene-Peve_00044938	9.899434338	130
Porites_evermani_scaffold_970	31325	51957	gene-Peve_00044939	6.610162185	427
Porites_evermani_scaffold_970	55802	57253	gene-Peve_00044937	21.62855114	14
Porites_evermani_scaffold_970	57786	58158	gene-Peve_00044940	0	7
Porites_evermani_scaffold_970	63870	75753	gene-Peve_00044941	0.1948051948	77
Porites_evermani_scaffold_970	76710	80947	gene-Peve_00044942	0.6280393448	116
Porites_evermani_scaffold_970	82484	83177	gene-Peve_00044943	1	10
Porites_evermani_scaffold_970	86314	88536	gene-Peve_00044944	95.83333325	4
Porites_evermani_scaffold_970	89141	102088	gene-Peve_00044945	16.00038849	39
Porites_evermani_scaffold_970	100490	104922	gene-Peve_00044946	1	10
Porites_evermani_scaffold_970	106841	148026	gene-Peve_00044947	5.566652365	529
Porites_evermani_scaffold_970	149631	168088	gene-Peve_00044948	18.459702	8
Porites_evermani_scaffold_971	11424	12693	gene-Peve_00044959	0	3
Porites_evermani_scaffold_971	14600	19927	gene-Peve_00044949	0.616790619	105
Porites_evermani_scaffold_971	26635	27216	gene-Peve_00044950	0.1602564167	24
Porites_evermani_scaffold_971	28400	30266	gene-Peve_00044951	0	26
Porites_evermani_scaffold_971	31389	32013	gene-Peve_00044953	0	5
Porites_evermani_scaffold_971	34706	35360	gene-Peve_00044954	0	4
Porites_evermani_scaffold_971	37093	39053	gene-Peve_00044955	0	5
Porites_evermani_scaffold_971	62523	68423	gene-Peve_00044956	30.53485827	112
Porites_evermani_scaffold_971	74425	138787	gene-Peve_00044958	3.324712754	1451
Porites_evermani_scaffold_972	6740	8530	gene-Peve_00044960	96.66666667	6
Porites_evermani_scaffold_972	9512	21509	gene-Peve_00044966	79.97088315	47
Porites_evermani_scaffold_972	22977	28498	gene-Peve_00044970	18.85845737	91
Porites_evermani_scaffold_972	34018	38504	gene-Peve_00044972	0.3380364537	108
Porites_evermani_scaffold_972	46851	49404	gene-Peve_00044973	0.147058825	40
Porites_evermani_scaffold_972	54120	56856	gene-Peve_00044974	0	13
Porites_evermani_scaffold_972	58669	62514	gene-Peve_00044975	0	23
Porites_evermani_scaffold_972	64511	66850	gene-Peve_00044976	0	38
Porites_evermani_scaffold_972	70425	71229	gene-Peve_00044961	0	22
Porites_evermani_scaffold_972	73622	76135	gene-Peve_00044962	0.1317523043	69
Porites_evermani_scaffold_972	83157	92019	gene-Peve_00044963	1.705932182	220
Porites_evermani_scaffold_972	98423	101169	gene-Peve_00044964	0.3879477568	74
Porites_evermani_scaffold_972	109552	120632	gene-Peve_00044965	0.8005376614	319
Porites_evermani_scaffold_972	125324	126860	gene-Peve_00044967	0	11
Porites_evermani_scaffold_972	131185	135694	gene-Peve_00044968	0.06357279339	121
Porites_evermani_scaffold_972	146625	148167	gene-Peve_00044969	0.8461538333	30
Porites_evermani_scaffold_972	155773	160914	gene-Peve_00044971	90.70048163	46
Porites_evermani_scaffold_973	36219	49142	gene-Peve_00044979	3.152214387	80
Porites_evermani_scaffold_973	66282	85521	gene-Peve_00044980	0.8467735868	334
Porites_evermani_scaffold_974	350	65746	gene-Peve_00044981	2.407404142	1364
Porites_evermani_scaffold_974	86841	93168	gene-Peve_00044982	0.2308190847	177
Porites_evermani_scaffold_974	108199	109188	gene-Peve_00044984	89.51524511	19
Porites_evermani_scaffold_974	130626	139845	gene-Peve_00044985	0.5288190364	220
Porites_evermani_scaffold_974	147251	162718	gene-Peve_00044986	85.02507503	176
Porites_evermani_scaffold_975	1	8449	gene-Peve_00044987	1.0893122	220
Porites_evermani_scaffold_975	18265	20126	gene-Peve_00044993	0.124533	73
Porites_evermani_scaffold_975	23565	55935	gene-Peve_00044995	78.28514765	353
Porites_evermani_scaffold_975	57169	61028	gene-Peve_00044988	65.26342273	37
Porites_evermani_scaffold_975	61249	67667	gene-Peve_00044989	74.4499663	80
Porites_evermani_scaffold_975	74248	86622	gene-Peve_00044990	53.33323282	136
Porites_evermani_scaffold_975	87109	108984	gene-Peve_00044991	3.625320969	352
Porites_evermani_scaffold_975	113662	114279	gene-Peve_00044992	0.617284	9
Porites_evermani_scaffold_975	147219	164367	gene-Peve_00044994	5.251458219	155
Porites_evermani_scaffold_976	759	1035	gene-Peve_00044996	0	2
Porites_evermani_scaffold_976	6354	27690	gene-Peve_00045005	0.338181436	406
Porites_evermani_scaffold_976	30283	50264	gene-Peve_00045006	11.20954493	410
Porites_evermani_scaffold_976	60838	63574	gene-Peve_00045007	0.2150537742	31
Porites_evermani_scaffold_976	75743	76709	gene-Peve_00044997	.	0
Porites_evermani_scaffold_976	76714	84090	gene-Peve_00044998	0.4032258065	31
Porites_evermani_scaffold_976	99758	100528	gene-Peve_00045000	0	1
Porites_evermani_scaffold_976	124993	125668	gene-Peve_00044999	.	0
Porites_evermani_scaffold_976	129714	135229	gene-Peve_00045001	0.2500125479	146
Porites_evermani_scaffold_976	144507	157584	gene-Peve_00045002	0.4738669077	260
Porites_evermani_scaffold_976	166092	166620	gene-Peve_00045004	0	15
Porites_evermani_scaffold_977	535	1060	gene-Peve_00045012	5	2
Porites_evermani_scaffold_977	4065	4682	gene-Peve_00045025	.	0
Porites_evermani_scaffold_977	23247	26129	gene-Peve_00045026	0.3350864819	83
Porites_evermani_scaffold_977	33613	34835	gene-Peve_00045009	0	5
Porites_evermani_scaffold_977	36046	69186	gene-Peve_00045010	15.20271487	454
Porites_evermani_scaffold_977	54286	55099	gene-Peve_00045011	3.176823143	14
Porites_evermani_scaffold_977	72717	73179	gene-Peve_00045016	.	0
Porites_evermani_scaffold_977	79056	80019	gene-Peve_00045017	0	12
Porites_evermani_scaffold_977	84231	89629	gene-Peve_00045018	0.3416518137	102
Porites_evermani_scaffold_977	93126	95620	gene-Peve_00045019	1.570593145	76
Porites_evermani_scaffold_977	103114	103719	gene-Peve_00045020	1.098901077	13
Porites_evermani_scaffold_977	106461	107791	gene-Peve_00045021	0	27
Porites_evermani_scaffold_977	118728	122844	gene-Peve_00045022	14.81279311	53
Porites_evermani_scaffold_977	124848	164502	gene-Peve_00045023	13.2549254	430
Porites_evermani_scaffold_978	4113	15094	gene-Peve_00045027	66.60612957	61
Porites_evermani_scaffold_978	17818	19645	gene-Peve_00045031	0	2
Porites_evermani_scaffold_978	30293	35356	gene-Peve_00045033	76.3869465	8
Porites_evermani_scaffold_978	36259	52322	gene-Peve_00045034	89.23056983	48
Porites_evermani_scaffold_978	56183	57146	gene-Peve_00045035	2.8181819	10
Porites_evermani_scaffold_978	62764	102079	gene-Peve_00045036	21.26740018	623
Porites_evermani_scaffold_978	106268	123713	gene-Peve_00045028	43.47649638	214
Porites_evermani_scaffold_978	109869	110243	gene-Peve_00045029	82.4082935	6
Porites_evermani_scaffold_978	132086	143090	gene-Peve_00045030	5.81980333	270
Porites_evermani_scaffold_978	162290	164096	gene-Peve_00045032	0	33
Porites_evermani_scaffold_979	13	588	gene-Peve_00045037	0	6
Porites_evermani_scaffold_979	29519	29881	gene-Peve_00045041	3.246474	6
Porites_evermani_scaffold_979	54955	153574	gene-Peve_00045042	2.96544919	826
Porites_evermani_scaffold_979	98331	98979	gene-Peve_00045038	0	11
Porites_evermani_scaffold_979	114101	117018	gene-Peve_00045039	0	8
Porites_evermani_scaffold_979	158917	159529	gene-Peve_00045040	0	4
Porites_evermani_scaffold_98	12225	13041	gene-Peve_00045043	3.2380954	5
Porites_evermani_scaffold_98	13077	13713	gene-Peve_00045048	0.7212476	15
Porites_evermani_scaffold_98	18424	19759	gene-Peve_00045054	1.818181818	11
Porites_evermani_scaffold_98	40478	43903	gene-Peve_00045063	0.1402049474	114
Porites_evermani_scaffold_98	47857	53210	gene-Peve_00045064	0.7502585355	155
Porites_evermani_scaffold_98	70936	71611	gene-Peve_00045044	.	0
Porites_evermani_scaffold_98	94104	109116	gene-Peve_00045047	2.247101932	192
Porites_evermani_scaffold_98	126900	132059	gene-Peve_00045049	0	96
Porites_evermani_scaffold_98	179039	197889	gene-Peve_00045050	0.3276955581	86
Porites_evermani_scaffold_98	219285	225694	gene-Peve_00045052	0.4692082097	62
Porites_evermani_scaffold_98	259664	265617	gene-Peve_00045053	0	26
Porites_evermani_scaffold_98	305697	308839	gene-Peve_00045055	.	0
Porites_evermani_scaffold_98	418589	421272	gene-Peve_00045056	0.06734007071	99
Porites_evermani_scaffold_98	426417	430411	gene-Peve_00045057	0.2849278404	94
Porites_evermani_scaffold_98	432516	435585	gene-Peve_00045058	1.060491558	95
Porites_evermani_scaffold_98	440863	449461	gene-Peve_00045059	17.3791171	182
Porites_evermani_scaffold_98	458366	466129	gene-Peve_00045060	0.3473459516	186
Porites_evermani_scaffold_98	482818	493115	gene-Peve_00045061	1.781106739	261
Porites_evermani_scaffold_98	503402	505202	gene-Peve_00045062	0	32
Porites_evermani_scaffold_980	338	27086	gene-Peve_00045065	1.200467819	540
Porites_evermani_scaffold_980	32216	56501	gene-Peve_00045066	1.038314077	247
Porites_evermani_scaffold_980	64083	149927	gene-Peve_00045068	0.5270791838	1355
Porites_evermani_scaffold_980	158407	166348	gene-Peve_00045067	0	20
Porites_evermani_scaffold_981	3667	8671	gene-Peve_00045072	0.7845211622	111
Porites_evermani_scaffold_981	13283	20924	gene-Peve_00045076	5.75160639	187
Porites_evermani_scaffold_981	93305	94769	gene-Peve_00045071	0.16666666	50
Porites_evermani_scaffold_981	117222	118080	gene-Peve_00045073	.	0
Porites_evermani_scaffold_981	120685	133765	gene-Peve_00045074	0.7568239518	353
Porites_evermani_scaffold_982	6713	7658	gene-Peve_00045078	0	10
Porites_evermani_scaffold_982	25763	35983	gene-Peve_00045085	68.58195527	123
Porites_evermani_scaffold_982	47935	50122	gene-Peve_00045086	0	64
Porites_evermani_scaffold_982	51714	74799	gene-Peve_00045087	29.17067282	405
Porites_evermani_scaffold_982	89362	94541	gene-Peve_00045079	86.56737117	59
Porites_evermani_scaffold_982	100768	103507	gene-Peve_00045080	0.3062699375	128
Porites_evermani_scaffold_982	112393	114012	gene-Peve_00045081	0.1937984419	43
Porites_evermani_scaffold_982	117879	136776	gene-Peve_00045083	71.33888919	209
Porites_evermani_scaffold_982	139757	148459	gene-Peve_00045082	48.61873016	79
Porites_evermani_scaffold_982	157730	158389	gene-Peve_00045084	0	7
Porites_evermani_scaffold_983	33878	36224	gene-Peve_00045096	0.6433566545	55
Porites_evermani_scaffold_983	40315	71352	gene-Peve_00045088	0.7793552937	858
Porites_evermani_scaffold_983	88653	91296	gene-Peve_00045089	0.4836718657	67
Porites_evermani_scaffold_983	97336	102897	gene-Peve_00045090	0.9139009306	72
Porites_evermani_scaffold_983	104672	112073	gene-Peve_00045091	0.6961738289	152
Porites_evermani_scaffold_983	118728	120168	gene-Peve_00045092	0.4784688947	19
Porites_evermani_scaffold_983	127250	127625	gene-Peve_00045093	0	2
Porites_evermani_scaffold_983	127819	128230	gene-Peve_00045094	0	16
Porites_evermani_scaffold_983	132850	135502	gene-Peve_00045095	0.1870485	76
Porites_evermani_scaffold_983	144080	157528	gene-Peve_00045097	0.9168068277	325
Porites_evermani_scaffold_984	8512	19340	gene-Peve_00045098	0.6336702893	363
Porites_evermani_scaffold_984	30325	33447	gene-Peve_00045105	40.56090883	46
Porites_evermani_scaffold_984	35829	48637	gene-Peve_00045106	77.13990837	153
Porites_evermani_scaffold_984	55025	58291	gene-Peve_00045107	53.72051327	51
Porites_evermani_scaffold_984	60019	68985	gene-Peve_00045108	78.57549718	57
Porites_evermani_scaffold_984	69914	78372	gene-Peve_00045099	1.334459222	54
Porites_evermani_scaffold_984	85702	88341	gene-Peve_00045100	86.89265508	26
Porites_evermani_scaffold_984	92565	118431	gene-Peve_00045101	5.732305451	583
Porites_evermani_scaffold_984	125028	139193	gene-Peve_00045102	81.22600952	75
Porites_evermani_scaffold_984	141538	153700	gene-Peve_00045103	77.08205443	130
Porites_evermani_scaffold_984	158144	161425	gene-Peve_00045104	1.367083479	71
Porites_evermani_scaffold_985	28916	31583	gene-Peve_00045122	1.771482727	55
Porites_evermani_scaffold_985	33894	34551	gene-Peve_00045109	1.950757545	22
Porites_evermani_scaffold_985	36654	39885	gene-Peve_00045110	2.079124556	18
Porites_evermani_scaffold_985	46170	46617	gene-Peve_00045112	.	0
Porites_evermani_scaffold_985	60498	61002	gene-Peve_00045114	.	0
Porites_evermani_scaffold_985	79877	84046	gene-Peve_00045115	2.649997857	28
Porites_evermani_scaffold_985	85104	85446	gene-Peve_00045116	.	0
Porites_evermani_scaffold_985	86509	92194	gene-Peve_00045117	19.67048082	11
Porites_evermani_scaffold_985	92795	93446	gene-Peve_00045118	.	0
Porites_evermani_scaffold_985	103915	104347	gene-Peve_00045120	.	0
Porites_evermani_scaffold_985	114113	115024	gene-Peve_00045123	.	0
Porites_evermani_scaffold_986	3129	9423	gene-Peve_00045127	2.6110984	10
Porites_evermani_scaffold_986	7391	8394	gene-Peve_00045133	.	0
Porites_evermani_scaffold_986	11186	12189	gene-Peve_00045137	.	0
Porites_evermani_scaffold_986	12249	13218	gene-Peve_00045140	.	0
Porites_evermani_scaffold_986	15910	45869	gene-Peve_00045141	2.411333843	242
Porites_evermani_scaffold_986	48990	51238	gene-Peve_00045142	0.8264462727	11
Porites_evermani_scaffold_986	97358	97606	gene-Peve_00045130	.	0
Porites_evermani_scaffold_986	117206	119618	gene-Peve_00045132	0	16
Porites_evermani_scaffold_986	122417	122933	gene-Peve_00045134	.	0
Porites_evermani_scaffold_986	126374	127019	gene-Peve_00045135	.	0
Porites_evermani_scaffold_986	128497	141841	gene-Peve_00045136	0.77651515	80
Porites_evermani_scaffold_986	145458	146478	gene-Peve_00045138	.	0
Porites_evermani_scaffold_986	148762	165076	gene-Peve_00045139	10.20526067	103
Porites_evermani_scaffold_987	1784	2366	gene-Peve_00045143	.	0
Porites_evermani_scaffold_987	15799	18286	gene-Peve_00045147	0.2777777667	30
Porites_evermani_scaffold_987	24947	31769	gene-Peve_00045155	0.2331669143	210
Porites_evermani_scaffold_987	47090	50035	gene-Peve_00045156	63.9113362	40
Porites_evermani_scaffold_987	50719	52856	gene-Peve_00045157	44.69497024	29
Porites_evermani_scaffold_987	52955	63964	gene-Peve_00045158	60.78253426	86
Porites_evermani_scaffold_987	68077	80643	gene-Peve_00045144	33.96843879	84
Porites_evermani_scaffold_987	82876	83344	gene-Peve_00045145	8	5
Porites_evermani_scaffold_987	91468	92521	gene-Peve_00045146	0.2189217125	80
Porites_evermani_scaffold_987	105695	106663	gene-Peve_00045148	.	0
Porites_evermani_scaffold_987	107054	107983	gene-Peve_00045149	.	0
Porites_evermani_scaffold_987	126584	128250	gene-Peve_00045150	1.259267053	19
Porites_evermani_scaffold_987	144928	145837	gene-Peve_00045151	0.69696968	25
Porites_evermani_scaffold_987	146375	148061	gene-Peve_00045152	5	20
Porites_evermani_scaffold_987	149415	151912	gene-Peve_00045153	0.11111112	50
Porites_evermani_scaffold_987	153808	165305	gene-Peve_00045154	18.41991092	239
Porites_evermani_scaffold_988	11056	11512	gene-Peve_00045159	0	10
Porites_evermani_scaffold_988	25517	53954	gene-Peve_00045160	0.6796843019	106
Porites_evermani_scaffold_988	82092	82506	gene-Peve_00045163	0	14
Porites_evermani_scaffold_988	115634	116348	gene-Peve_00045164	39.93951647	15
Porites_evermani_scaffold_988	151241	162018	gene-Peve_00045168	.	0
Porites_evermani_scaffold_989	3321	14245	gene-Peve_00045169	0.2189172763	304
Porites_evermani_scaffold_989	36091	41020	gene-Peve_00045171	0.2964279673	153
Porites_evermani_scaffold_989	42817	43204	gene-Peve_00045172	0	5
Porites_evermani_scaffold_989	47459	52851	gene-Peve_00045174	.	0
Porites_evermani_scaffold_989	58454	65679	gene-Peve_00045175	51.23030008	38
Porites_evermani_scaffold_989	65896	70223	gene-Peve_00045176	51.64017319	79
Porites_evermani_scaffold_989	71751	75441	gene-Peve_00045177	0	55
Porites_evermani_scaffold_989	77713	79263	gene-Peve_00045179	0	31
Porites_evermani_scaffold_989	83087	84994	gene-Peve_00045180	0	8
Porites_evermani_scaffold_989	88031	88915	gene-Peve_00045181	.	0
Porites_evermani_scaffold_989	109118	124137	gene-Peve_00045182	0.4356513963	381
Porites_evermani_scaffold_989	142365	144404	gene-Peve_00045183	0	68
Porites_evermani_scaffold_989	152609	153626	gene-Peve_00045185	0.1973432187	32
Porites_evermani_scaffold_989	159303	163159	gene-Peve_00045186	0.4042832188	64
Porites_evermani_scaffold_99	21031	28196	gene-Peve_00045214	48.12385815	92
Porites_evermani_scaffold_99	28291	32693	gene-Peve_00045219	60.18592496	74
Porites_evermani_scaffold_99	33542	35286	gene-Peve_00045222	1.382243526	38
Porites_evermani_scaffold_99	40330	57576	gene-Peve_00045227	0.2941907863	365
Porites_evermani_scaffold_99	61600	68532	gene-Peve_00045190	0.3296677453	161
Porites_evermani_scaffold_99	73447	80613	gene-Peve_00045195	0.4787015752	153
Porites_evermani_scaffold_99	94480	118660	gene-Peve_00045199	12.04805453	467
Porites_evermani_scaffold_99	125534	137659	gene-Peve_00045207	32.11919671	184
Porites_evermani_scaffold_99	137726	141987	gene-Peve_00045208	42.34491155	66
Porites_evermani_scaffold_99	149587	150973	gene-Peve_00045209	0.125	40
Porites_evermani_scaffold_99	158564	165305	gene-Peve_00045210	0.2783779101	89
Porites_evermani_scaffold_99	173722	176464	gene-Peve_00045212	0.7971054407	59
Porites_evermani_scaffold_99	180249	180677	gene-Peve_00045213	0	2
Porites_evermani_scaffold_99	180740	181604	gene-Peve_00045215	.	0
Porites_evermani_scaffold_99	204978	213741	gene-Peve_00045217	0.8494003046	197
Porites_evermani_scaffold_99	232587	259881	gene-Peve_00045221	0.9580297083	593
Porites_evermani_scaffold_99	277118	296772	gene-Peve_00045224	0.7522975809	451
Porites_evermani_scaffold_99	308628	308885	gene-Peve_00045226	1.348651364	11
Porites_evermani_scaffold_99	327011	330654	gene-Peve_00045229	0.18887975	120
Porites_evermani_scaffold_99	337116	350086	gene-Peve_00045230	0.5382508767	292
Porites_evermani_scaffold_99	359308	362919	gene-Peve_00045231	0.3335915135	74
Porites_evermani_scaffold_99	368323	369094	gene-Peve_00045232	0	15
Porites_evermani_scaffold_99	369134	369446	gene-Peve_00045187	0.4761905	14
Porites_evermani_scaffold_99	401110	401677	gene-Peve_00045189	4.899997	33
Porites_evermani_scaffold_99	412165	412725	gene-Peve_00045192	0	16
Porites_evermani_scaffold_99	413073	423949	gene-Peve_00045193	0.553342701	194
Porites_evermani_scaffold_99	430014	431567	gene-Peve_00045194	2.229938449	49
Porites_evermani_scaffold_99	463753	471775	gene-Peve_00045196	77.67508558	60
Porites_evermani_scaffold_99	467486	469604	gene-Peve_00045197	84.67207035	17
Porites_evermani_scaffold_99	504765	506004	gene-Peve_00045201	2.184516326	89
Porites_evermani_scaffold_99	507249	508728	gene-Peve_00045202	1.097969892	65
Porites_evermani_scaffold_99	520958	521648	gene-Peve_00045203	1	10
Porites_evermani_scaffold_990	4136	4709	gene-Peve_00045233	9.559334769	13
Porites_evermani_scaffold_990	11222	17225	gene-Peve_00045239	40.52716572	43
Porites_evermani_scaffold_990	17609	19517	gene-Peve_00045240	39.70161783	6
Porites_evermani_scaffold_990	23732	24749	gene-Peve_00045241	2.605781323	31
Porites_evermani_scaffold_990	24884	25817	gene-Peve_00045234	9.615384632	19
Porites_evermani_scaffold_990	27462	41073	gene-Peve_00045235	51.23617098	57
Porites_evermani_scaffold_990	51903	70306	gene-Peve_00045236	40.38715906	394
Porites_evermani_scaffold_990	78547	165048	gene-Peve_00045237	2.677614932	1872
Porites_evermani_scaffold_990	122187	125472	gene-Peve_00045238	0.1053740822	73
Porites_evermani_scaffold_991	5751	18426	gene-Peve_00045253	0.5146382532	462
Porites_evermani_scaffold_991	32128	33094	gene-Peve_00045242	0	14
Porites_evermani_scaffold_991	37927	48861	gene-Peve_00045243	1.247460342	272
Porites_evermani_scaffold_991	53991	57088	gene-Peve_00045244	0.6658965937	96
Porites_evermani_scaffold_991	59978	61040	gene-Peve_00045245	2.228906207	29
Porites_evermani_scaffold_991	69140	73008	gene-Peve_00045246	21.7837104	75
Porites_evermani_scaffold_991	73445	95266	gene-Peve_00045247	33.1804557	331
Porites_evermani_scaffold_991	98248	102875	gene-Peve_00045248	0.2523723071	127
Porites_evermani_scaffold_991	109647	113543	gene-Peve_00045249	0.211562629	124
Porites_evermani_scaffold_991	117516	118167	gene-Peve_00045250	0.3795066452	31
Porites_evermani_scaffold_991	124489	125134	gene-Peve_00045251	0	31
Porites_evermani_scaffold_991	132423	133749	gene-Peve_00045252	.	0
Porites_evermani_scaffold_991	137406	139913	gene-Peve_00045254	0.1526782329	73
Porites_evermani_scaffold_991	145594	146257	gene-Peve_00045255	0	32
Porites_evermani_scaffold_991	147791	165154	gene-Peve_00045256	26.48390753	53
Porites_evermani_scaffold_992	3513	12005	gene-Peve_00045257	20.83333325	4
Porites_evermani_scaffold_992	14284	36865	gene-Peve_00045262	26.37765032	63
Porites_evermani_scaffold_992	53074	53470	gene-Peve_00045264	.	0
Porites_evermani_scaffold_992	63223	77649	gene-Peve_00045265	31.53252032	178
Porites_evermani_scaffold_992	78997	79336	gene-Peve_00045258	.	0
Porites_evermani_scaffold_992	105089	112949	gene-Peve_00045259	0.15088037	200
Porites_evermani_scaffold_992	119300	121445	gene-Peve_00045260	0.3550295846	65
Porites_evermani_scaffold_992	121897	164148	gene-Peve_00045261	5.969142568	704
Porites_evermani_scaffold_992	164316	164845	gene-Peve_00045263	0	16
Porites_evermani_scaffold_993	14390	16012	gene-Peve_00045266	0	2
Porites_evermani_scaffold_993	19475	21758	gene-Peve_00045267	.	0
Porites_evermani_scaffold_993	23032	29455	gene-Peve_00045268	34.50892855	20
Porites_evermani_scaffold_993	34451	48777	gene-Peve_00045269	20.36320676	113
Porites_evermani_scaffold_993	56961	85736	gene-Peve_00045270	36.27470701	74
Porites_evermani_scaffold_993	95668	97600	gene-Peve_00045271	.	0
Porites_evermani_scaffold_993	98274	99540	gene-Peve_00045272	.	0
Porites_evermani_scaffold_993	100992	101373	gene-Peve_00045273	4.111952833	18
Porites_evermani_scaffold_993	106241	107150	gene-Peve_00045274	.	0
Porites_evermani_scaffold_993	107880	108552	gene-Peve_00045275	.	0
Porites_evermani_scaffold_993	127851	142557	gene-Peve_00045276	9.26767675	12
Porites_evermani_scaffold_993	148894	164970	gene-Peve_00045277	4.854724075	40
Porites_evermani_scaffold_993	154171	156388	gene-Peve_00045278	3.5714285	2
Porites_evermani_scaffold_994	9654	14445	gene-Peve_00045280	1.912232182	55
Porites_evermani_scaffold_994	24068	24398	gene-Peve_00045283	9.004329	7
Porites_evermani_scaffold_994	33114	42022	gene-Peve_00045285	0	37
Porites_evermani_scaffold_994	45207	45825	gene-Peve_00045288	0	20
Porites_evermani_scaffold_994	47707	53824	gene-Peve_00045294	47.75322186	43
Porites_evermani_scaffold_994	54224	54785	gene-Peve_00045295	0	5
Porites_evermani_scaffold_994	55244	55805	gene-Peve_00045281	.	0
Porites_evermani_scaffold_994	60372	80196	gene-Peve_00045282	0.5447055385	338
Porites_evermani_scaffold_994	88778	90806	gene-Peve_00045284	2.380952333	3
Porites_evermani_scaffold_994	91205	92837	gene-Peve_00045286	.	0
Porites_evermani_scaffold_994	93669	109766	gene-Peve_00045287	22.68493079	113
Porites_evermani_scaffold_994	110267	114772	gene-Peve_00045289	0.289256197	66
Porites_evermani_scaffold_994	116492	122456	gene-Peve_00045290	76.66473748	52
Porites_evermani_scaffold_994	125402	130340	gene-Peve_00045291	38.44249079	85
Porites_evermani_scaffold_994	140129	154336	gene-Peve_00045292	48.45621847	53
Porites_evermani_scaffold_994	156210	159903	gene-Peve_00045293	0	1
Porites_evermani_scaffold_995	2774	3104	gene-Peve_00045300	.	0
Porites_evermani_scaffold_995	6396	16082	gene-Peve_00045305	0.696267287	230
Porites_evermani_scaffold_995	19122	27672	gene-Peve_00045306	0.1458545154	227
Porites_evermani_scaffold_995	44520	46858	gene-Peve_00045307	0.1547987647	34
Porites_evermani_scaffold_995	51778	56750	gene-Peve_00045309	11.46204632	73
Porites_evermani_scaffold_995	56915	61167	gene-Peve_00045308	49.96538715	26
Porites_evermani_scaffold_995	61937	66703	gene-Peve_00045310	67.64041309	22
Porites_evermani_scaffold_995	68788	71728	gene-Peve_00045296	0.2415167253	91
Porites_evermani_scaffold_995	75742	93684	gene-Peve_00045297	0.3574704693	358
Porites_evermani_scaffold_995	96834	124877	gene-Peve_00045298	12.10816177	342
Porites_evermani_scaffold_995	125109	130370	gene-Peve_00045299	0.5281260682	88
Porites_evermani_scaffold_995	133450	135490	gene-Peve_00045302	29.26487093	27
Porites_evermani_scaffold_995	135561	149877	gene-Peve_00045303	0	23
Porites_evermani_scaffold_995	154129	164564	gene-Peve_00045304	.	0
Porites_evermani_scaffold_996	3634	4523	gene-Peve_00045319	.	0
Porites_evermani_scaffold_996	29598	30894	gene-Peve_00045311	.	0
Porites_evermani_scaffold_996	32968	33310	gene-Peve_00045312	.	0
Porites_evermani_scaffold_996	35686	36896	gene-Peve_00045313	0	17
Porites_evermani_scaffold_996	50368	90653	gene-Peve_00045314	1.761558643	361
Porites_evermani_scaffold_996	64494	65190	gene-Peve_00045315	0	12
Porites_evermani_scaffold_996	94277	94580	gene-Peve_00045316	0	1
Porites_evermani_scaffold_996	131724	163035	gene-Peve_00045318	4.372424499	489
Porites_evermani_scaffold_997	4379	10145	gene-Peve_00045320	0.45454545	20
Porites_evermani_scaffold_997	6035	6683	gene-Peve_00045324	0	2
Porites_evermani_scaffold_997	12781	21496	gene-Peve_00045328	0.122100127	63
Porites_evermani_scaffold_997	25444	28840	gene-Peve_00045334	24.0312633	43
Porites_evermani_scaffold_997	30026	53424	gene-Peve_00045335	8.215789031	552
Porites_evermani_scaffold_997	60483	61871	gene-Peve_00045321	.	0
Porites_evermani_scaffold_997	67404	68745	gene-Peve_00045322	1.174626673	52
Porites_evermani_scaffold_997	71298	76459	gene-Peve_00045325	0.3994360965	114
Porites_evermani_scaffold_997	79960	82193	gene-Peve_00045326	84.16389765	23
Porites_evermani_scaffold_997	86451	89255	gene-Peve_00045327	0	66
Porites_evermani_scaffold_997	96498	102633	gene-Peve_00045329	39.57741337	30
Porites_evermani_scaffold_997	108060	112712	gene-Peve_00045330	48.20363578	50
Porites_evermani_scaffold_997	116114	126663	gene-Peve_00045331	1.195792147	197
Porites_evermani_scaffold_997	130178	147462	gene-Peve_00045332	7.781805234	350
Porites_evermani_scaffold_997	153509	161990	gene-Peve_00045333	1.470981386	70
Porites_evermani_scaffold_998	11692	78113	gene-Peve_00045336	1.011329831	1577
Porites_evermani_scaffold_998	15738	16253	gene-Peve_00045344	1.388888917	12
Porites_evermani_scaffold_998	82694	83602	gene-Peve_00045337	0.2839597805	41
Porites_evermani_scaffold_998	107154	111542	gene-Peve_00045339	0.5934639008	121
Porites_evermani_scaffold_998	119592	120618	gene-Peve_00045340	1.1264956	20
Porites_evermani_scaffold_998	121281	125310	gene-Peve_00045341	1.01768295	141
Porites_evermani_scaffold_998	131034	137650	gene-Peve_00045342	0.2495805924	184
Porites_evermani_scaffold_998	155389	164120	gene-Peve_00045343	1.621133986	219
Porites_evermani_scaffold_999	3149	13511	gene-Peve_00045346	34.30335506	146
Porites_evermani_scaffold_999	25255	27076	gene-Peve_00045357	0.6493506364	11
Porites_evermani_scaffold_999	43038	44070	gene-Peve_00045358	0	12
Porites_evermani_scaffold_999	76787	80729	gene-Peve_00045347	62.65952781	16
Porites_evermani_scaffold_999	82464	84640	gene-Peve_00045348	0	4
Porites_evermani_scaffold_999	102184	103198	gene-Peve_00045349	5.926947907	43
Porites_evermani_scaffold_999	109634	110643	gene-Peve_00045350	.	0
Porites_evermani_scaffold_999	117114	117833	gene-Peve_00045351	0	1
Porites_evermani_scaffold_999	118857	119940	gene-Peve_00045352	.	0
Porites_evermani_scaffold_999	120490	120865	gene-Peve_00045353	.	0
Porites_evermani_scaffold_999	124812	125022	gene-Peve_00045355	.	0
Porites_evermani_scaffold_999	156744	159982	gene-Peve_00045356	0	6
